4.649162292480469e-05
5.078315734863281e-05
5.936622619628906e-05
5.91278076171875e-05
4.2438507080078125e-05
5.626678466796875e-05
6.389617919921875e-05
5.245208740234375e-05
4.029273986816406e-05
5.8650970458984375e-05
3.528594970703125e-05
7.343292236328125e-05
6.723403930664062e-05
3.600120544433594e-05
9.202957153320312e-05
4.8160552978515625e-05
5.6743621826171875e-05
7.82012939453125e-05
5.841255187988281e-05
5.459785461425781e-05
3.838539123535156e-05
4.267692565917969e-05
3.409385681152344e-05
4.1961669921875e-05
4.76837158203125e-05
4.220008850097656e-05
5.125999450683594e-05
5.078315734863281e-05
6.222724914550781e-05
3.838539123535156e-05
4.506111145019531e-05
6.103515625e-05
4.363059997558594e-05
5.53131103515625e-05
3.886222839355469e-05
5.793571472167969e-05
4.100799560546875e-05
6.628036499023438e-05
3.695487976074219e-05
4.3392181396484375e-05
3.3855438232421875e-05
6.651878356933594e-05
3.600120544433594e-05
4.1484832763671875e-05
3.4332275390625e-05
4.1484832763671875e-05
4.220008850097656e-05
6.437301635742188e-05
5.245208740234375e-05
3.266334533691406e-05
4.267692565917969e-05
4.1961669921875e-05
3.147125244140625e-05
5.555152893066406e-05
3.24249267578125e-05
3.3855438232421875e-05
4.076957702636719e-05
3.457069396972656e-05
5.1021575927734375e-05
3.266334533691406e-05
2.8371810913085938e-05
3.24249267578125e-05
4.8160552978515625e-05
3.504753112792969e-05
3.504753112792969e-05
5.125999450683594e-05
3.147125244140625e-05
2.765655517578125e-05
5.7220458984375e-05
3.9577484130859375e-05
4.57763671875e-05
3.552436828613281e-05
4.76837158203125e-05
3.838539123535156e-05
3.337860107421875e-05
3.743171691894531e-05
3.695487976074219e-05
3.528594970703125e-05
3.4809112548828125e-05
3.814697265625e-05
4.458427429199219e-05
3.24249267578125e-05
6.628036499023438e-05
3.0517578125e-05
5.6743621826171875e-05
3.361701965332031e-05
4.982948303222656e-05
5.245208740234375e-05
4.696846008300781e-05
5.698204040527344e-05
3.814697265625e-05
2.7894973754882812e-05
3.361701965332031e-05
5.53131103515625e-05
3.123283386230469e-05
5.412101745605469e-05
4.839897155761719e-05
1.3828277587890625e-05
6.628036499023438e-05
3.0040740966796875e-05
4.57763671875e-05
2.7894973754882812e-05
4.673004150390625e-05
3.170967102050781e-05
3.075599670410156e-05
2.7894973754882812e-05
7.748603820800781e-05
2.956390380859375e-05
2.86102294921875e-05
3.933906555175781e-05
3.62396240234375e-05
5.2928924560546875e-05
3.528594970703125e-05
5.698204040527344e-05
4.1484832763671875e-05
4.220008850097656e-05
3.4809112548828125e-05
4.673004150390625e-05
3.600120544433594e-05
3.910064697265625e-05
3.719329833984375e-05
3.504753112792969e-05
7.295608520507812e-05
2.5510787963867188e-05
3.62396240234375e-05
7.295608520507812e-05
4.1961669921875e-05
3.886222839355469e-05
3.719329833984375e-05
4.5299530029296875e-05
5.7697296142578125e-05
4.1961669921875e-05
3.4332275390625e-05
6.866455078125e-05
4.124641418457031e-05
5.507469177246094e-05
4.863739013671875e-05
7.939338684082031e-05
4.1961669921875e-05
3.814697265625e-05
5.0067901611328125e-05
4.601478576660156e-05
3.743171691894531e-05
4.076957702636719e-05
3.2901763916015625e-05
6.508827209472656e-05
4.8160552978515625e-05
4.315376281738281e-05
4.220008850097656e-05
4.506111145019531e-05
4.1484832763671875e-05
5.5789947509765625e-05
4.863739013671875e-05
4.744529724121094e-05
4.76837158203125e-05
5.936622619628906e-05
3.1948089599609375e-05
3.743171691894531e-05
5.1021575927734375e-05
2.9325485229492188e-05
4.410743713378906e-05
3.5762786865234375e-05
3.790855407714844e-05
4.0531158447265625e-05
4.1484832763671875e-05
4.124641418457031e-05
3.266334533691406e-05
4.458427429199219e-05
4.00543212890625e-05
4.57763671875e-05
4.553794860839844e-05
3.6716461181640625e-05
3.600120544433594e-05
5.2928924560546875e-05
4.363059997558594e-05
3.8623809814453125e-05
4.076957702636719e-05
4.506111145019531e-05
4.363059997558594e-05
3.933906555175781e-05
3.3855438232421875e-05
4.553794860839844e-05
3.743171691894531e-05
4.839897155761719e-05
4.1961669921875e-05
3.361701965332031e-05
3.457069396972656e-05
3.695487976074219e-05
3.62396240234375e-05
4.1961669921875e-05
3.552436828613281e-05
3.361701965332031e-05
3.0279159545898438e-05
4.673004150390625e-05
3.1948089599609375e-05
