5.602836608886719e-05
3.814697265625e-05
6.198883056640625e-05
5.3882598876953125e-05
6.0558319091796875e-05
4.6253204345703125e-05
4.553794860839844e-05
4.100799560546875e-05
6.389617919921875e-05
6.079673767089844e-05
3.695487976074219e-05
4.6253204345703125e-05
5.698204040527344e-05
4.410743713378906e-05
5.435943603515625e-05
3.814697265625e-05
4.1961669921875e-05
5.745887756347656e-05
4.482269287109375e-05
4.649162292480469e-05
5.221366882324219e-05
5.7220458984375e-05
4.5299530029296875e-05
5.221366882324219e-05
4.291534423828125e-05
4.0531158447265625e-05
7.009506225585938e-05
8.678436279296875e-05
5.53131103515625e-05
6.818771362304688e-05
6.29425048828125e-05
5.1021575927734375e-05
9.560585021972656e-05
4.696846008300781e-05
5.793571472167969e-05
5.6743621826171875e-05
7.510185241699219e-05
7.128715515136719e-05
5.8650970458984375e-05
3.910064697265625e-05
4.363059997558594e-05
5.8650970458984375e-05
6.604194641113281e-05
4.291534423828125e-05
4.029273986816406e-05
6.699562072753906e-05
0.00014138221740722656
3.504753112792969e-05
3.9577484130859375e-05
4.029273986816406e-05
5.412101745605469e-05
3.504753112792969e-05
8.7738037109375e-05
4.38690185546875e-05
3.409385681152344e-05
4.744529724121094e-05
5.888938903808594e-05
3.981590270996094e-05
4.076957702636719e-05
3.504753112792969e-05
3.62396240234375e-05
5.507469177246094e-05
5.7220458984375e-05
4.124641418457031e-05
4.482269287109375e-05
3.886222839355469e-05
5.14984130859375e-05
3.838539123535156e-05
4.1961669921875e-05
4.172325134277344e-05
5.1021575927734375e-05
3.552436828613281e-05
5.0067901611328125e-05
4.363059997558594e-05
3.981590270996094e-05
5.7697296142578125e-05
4.982948303222656e-05
4.839897155761719e-05
4.100799560546875e-05
5.435943603515625e-05
4.458427429199219e-05
5.9604644775390625e-05
2.9087066650390625e-05
3.695487976074219e-05
4.744529724121094e-05
3.647804260253906e-05
3.7670135498046875e-05
3.24249267578125e-05
5.173683166503906e-05
3.314018249511719e-05
2.9325485229492188e-05
4.220008850097656e-05
3.814697265625e-05
4.8160552978515625e-05
3.361701965332031e-05
3.838539123535156e-05
2.9325485229492188e-05
3.218650817871094e-05
6.842613220214844e-05
4.291534423828125e-05
4.601478576660156e-05
3.3855438232421875e-05
4.076957702636719e-05
3.170967102050781e-05
3.0040740966796875e-05
3.528594970703125e-05
5.626678466796875e-05
3.4809112548828125e-05
3.7670135498046875e-05
4.57763671875e-05
3.3855438232421875e-05
4.410743713378906e-05
5.269050598144531e-05
3.600120544433594e-05
5.435943603515625e-05
5.555152893066406e-05
6.270408630371094e-05
5.078315734863281e-05
7.43865966796875e-05
3.9577484130859375e-05
5.507469177246094e-05
3.2901763916015625e-05
3.814697265625e-05
6.008148193359375e-05
3.457069396972656e-05
3.743171691894531e-05
3.910064697265625e-05
3.2901763916015625e-05
6.437301635742188e-05
6.580352783203125e-05
3.0040740966796875e-05
3.5762786865234375e-05
5.459785461425781e-05
3.5762786865234375e-05
4.220008850097656e-05
6.246566772460938e-05
4.553794860839844e-05
3.4332275390625e-05
5.793571472167969e-05
3.6716461181640625e-05
5.888938903808594e-05
5.1021575927734375e-05
5.0067901611328125e-05
4.7206878662109375e-05
4.363059997558594e-05
3.62396240234375e-05
4.6253204345703125e-05
5.245208740234375e-05
3.790855407714844e-05
7.009506225585938e-05
4.673004150390625e-05
3.62396240234375e-05
5.8650970458984375e-05
4.00543212890625e-05
4.696846008300781e-05
6.723403930664062e-05
5.650520324707031e-05
5.245208740234375e-05
3.528594970703125e-05
5.412101745605469e-05
5.53131103515625e-05
8.630752563476562e-05
4.601478576660156e-05
4.267692565917969e-05
5.2928924560546875e-05
6.103515625e-05
6.008148193359375e-05
6.842613220214844e-05
6.67572021484375e-05
4.9114227294921875e-05
5.3882598876953125e-05
5.245208740234375e-05
4.673004150390625e-05
3.790855407714844e-05
5.888938903808594e-05
7.510185241699219e-05
5.984306335449219e-05
4.57763671875e-05
4.1961669921875e-05
6.246566772460938e-05
3.1948089599609375e-05
5.7220458984375e-05
5.078315734863281e-05
6.198883056640625e-05
4.57763671875e-05
5.507469177246094e-05
