311	id-00000	6	4	2	1	1704.0	1704.0	1704.09	1705.0	1705.0	6.643	EXPIRED
311	id-00001	4	6	6	9	1704.0	1704.0	1704.25	1704.356	1713.0	6.016	COMPLETED
311	id-00002	7	9	4	8	1704.0	1704.0	1704.2	1704.3613	1712.0	21.622	COMPLETED
311	id-00003	9	8	7	4	1705.0	1705.0	1705.29	1705.7895	1709.0	29.372	COMPLETED
311	id-00004	5	3	5	3	1706.0	1706.0	1706.45	1706.9438	1709.0	26.264	COMPLETED
311	id-00005	3	3	1	3	1706.0	1706.0	1706.09	1706.2687	1709.0	4.17	COMPLETED
311	id-00006	3	5	5	6	1707.0	1707.0	1707.23	1707.467	1713.0	6.319	COMPLETED
311	id-00007	7	5	9	3	1708.0	1708.0	1708.41	1708.8071	1711.0	36.593	COMPLETED
311	id-00008	1	2	4	10	1709.0	1709.0	1709.2	1709.6468	1719.0	3.089	COMPLETED
311	id-00009	4	8	6	9	1710.0	1710.0	1710.27	1710.5684	1719.0	11.588	COMPLETED
311	id-00010	10	17	2	8	1710.0	1710.0	1710.09	1710.5172	1718.0	12.203	COMPLETED
311	id-00011	5	8	8	4	1711.0	1711.0	1711.36	1711.8435	1715.0	21.011	COMPLETED
311	id-00012	6	7	6	2	1711.0	1711.0	1711.26	1711.6331	1713.0	16.739	COMPLETED
311	id-00013	4	6	10	5	1712.0	1712.0	1712.45	1712.69	1717.0	19.314	COMPLETED
311	id-00014	7	4	9	2	1713.0	1713.0	1713.41	1713.675	1715.0	36.593	COMPLETED
311	id-00015	5	9	5	3	1713.0	1713.0	1713.22	1713.6935	1716.0	10.766	COMPLETED
311	id-00016	3	6	9	5	1717.0	1717.0	1717.41	1717.7208	1722.0	11.265	COMPLETED
311	id-00017	7	5	7	5	1717.0	1717.0	1717.32	1717.4371	1722.0	28.561	COMPLETED
311	id-00018	1	2	5	1	1718.0	1718.0	1718.25	1719.0	1719.0	3.861	EXPIRED
311	id-00019	4	7	3	5	1719.0	1719.0	1719.14	1719.4978	1724.0	6.009	COMPLETED
311	id-00020	10	11	10	1	1720.0	1720.0	1720.45	1721.0	1721.0	61.013	EXPIRED
311	id-00021	3	2	4	10	1721.0	1721.0	1721.18	1721.4564	1731.0	4.946	COMPLETED
311	id-00022	7	8	9	1	1724.0	1724.0	1724.41	1725.0	1725.0	36.593	EXPIRED
311	id-00023	9	3	3	6	1726.0	1726.0	1726.12	1726.472	1732.0	12.154	COMPLETED
311	id-00024	9	11	7	10	1727.0	1727.0	1727.29	1727.754	1737.0	29.372	COMPLETED
311	id-00025	1	2	4	7	1727.0	1727.0	1727.35	1727.5363	1734.0	2.106	COMPLETED
311	id-00026	9	8	1	7	1727.0	1727.0	1727.09	1727.5551	1734.0	10.813	COMPLETED
311	id-00027	1	2	9	1	1728.0	1728.0	1728.45	1729.0	1729.0	6.95	EXPIRED
311	id-00028	7	10	1	4	1729.0	1729.0	1729.05	1729.205	1733.0	4.934	COMPLETED
311	id-00029	8	16	4	5	1730.0	1730.0	1730.19	1730.3008	1735.0	21.684	COMPLETED
311	id-00030	3	3	4	5	1732.0	1732.0	1732.19	1732.4287	1737.0	7.012	COMPLETED
311	id-00031	10	11	1	5	1734.0	1734.0	1734.04	1734.2362	1739.0	5.046	COMPLETED
311	id-00032	2	2	9	7	1735.0	1735.0	1735.43	1735.8161	1742.0	9.228	COMPLETED
311	id-00033	10	4	1	4	1735.0	1735.0	1735.04	1735.5386	1739.0	5.046	COMPLETED
311	id-00034	3	6	4	2	1736.0	1736.0	1736.19	1736.4751	1738.0	7.012	COMPLETED
311	id-00035	3	3	2	1	1737.0	1737.0	1737.1	1738.0	1738.0	3.69	EXPIRED
311	id-00036	9	8	6	8	1739.0	1739.0	1739.26	1739.4587	1747.0	28.785	COMPLETED
311	id-00037	1	2	10	8	1740.0	1740.0	1740.5	1740.9858	1748.0	7.722	COMPLETED
311	id-00038	7	10	9	7	1741.0	1741.0	1741.43	1741.6163	1748.0	42.432	COMPLETED
311	id-00039	7	7	3	8	1741.0	1741.0	1741.12	1741.2238	1749.0	7.316	COMPLETED
311	id-00040	8	3	9	1	1741.0	1741.0	1741.78	1742.0	1742.0	74.309	EXPIRED
311	id-00041	6	7	6	1	1741.0	1741.0	1741.52	1742.0	1742.0	48.185	EXPIRED
311	id-00042	5	2	7	3	1744.0	1744.0	1744.33	1744.8112	1747.0	22.371	COMPLETED
311	id-00043	6	11	4	1	1746.0	1746.0	1746.19	1747.0	1747.0	15.815	EXPIRED
311	id-00044	10	18	4	6	1747.0	1747.0	1747.17	1747.3772	1753.0	21.447	COMPLETED
311	id-00045	6	7	1	10	1747.0	1747.0	1747.08	1747.439	1757.0	4.396	COMPLETED
311	id-00046	1	2	6	3	1747.0	1747.0	1747.5	1747.852	1750.0	7.722	COMPLETED
311	id-00047	6	4	6	4	1749.0	1749.0	1749.29	1749.7406	1753.0	24.138	COMPLETED
311	id-00048	3	6	1	10	1750.0	1750.0	1750.1	1750.3876	1760.0	3.69	COMPLETED
311	id-00049	1	2	5	2	1750.0	1750.0	1750.48	1750.8609	1752.0	7.413	COMPLETED
311	id-00050	9	8	2	8	1751.0	1751.0	1751.08	1751.5233	1759.0	8.103	COMPLETED
311	id-00051	10	7	7	9	1752.0	1752.0	1752.64	1752.8452	1761.0	86.774	COMPLETED
311	id-00052	5	8	9	3	1752.0	1752.0	1752.82	1752.9278	1755.0	63.32	COMPLETED
311	id-00053	9	11	5	1	1752.0	1752.0	1752.22	1753.0	1753.0	24.357	EXPIRED
311	id-00054	9	5	8	10	1753.0	1753.0	1753.33	1753.4961	1763.0	33.424	COMPLETED
311	id-00055	3	5	2	7	1753.0	1753.0	1753.18	1753.5684	1760.0	4.946	COMPLETED
311	id-00056	2	3	1	10	1753.0	1753.0	1753.09	1753.3244	1763.0	2.78	COMPLETED
311	id-00057	9	10	4	5	1755.0	1755.0	1755.17	1755.6034	1760.0	18.821	COMPLETED
311	id-00058	9	10	7	6	1757.0	1757.0	1757.3	1757.577	1763.0	33.214	COMPLETED
311	id-00059	5	4	4	6	1757.0	1757.0	1757.18	1757.6268	1763.0	10.506	COMPLETED
311	id-00060	9	17	9	10	1758.0	1758.0	1758.39	1758.7503	1768.0	43.178	COMPLETED
311	id-00061	1	2	9	10	1759.0	1759.0	1759.45	1759.8379	1769.0	6.95	COMPLETED
311	id-00062	9	13	8	9	1760.0	1760.0	1760.36	1760.8222	1769.0	43.25	COMPLETED
311	id-00063	6	5	4	4	1761.0	1761.0	1761.18	1761.6354	1765.0	13.285	COMPLETED
311	id-00064	2	2	2	3	1763.0	1763.0	1763.1	1763.2079	1766.0	3.089	COMPLETED
311	id-00065	2	3	9	10	1763.0	1763.0	1763.41	1763.7338	1773.0	4.933	COMPLETED
311	id-00066	5	5	8	4	1765.0	1765.0	1765.35	1765.4686	1769.0	17.128	COMPLETED
311	id-00067	1	2	10	10	1766.0	1766.0	1766.5	1766.8226	1776.0	7.722	COMPLETED
311	id-00068	2	4	6	1	1766.0	1766.0	1766.26	1767.0	1767.0	3.128	EXPIRED
311	id-00069	1	2	9	1	1768.0	1768.0	1768.45	1769.0	1769.0	6.95	EXPIRED
311	id-00070	4	5	9	8	1768.0	1768.0	1768.39	1768.8674	1776.0	13.062	COMPLETED
311	id-00071	4	2	7	4	1770.0	1770.0	1770.32	1770.5541	1774.0	13.734	COMPLETED
311	id-00072	7	13	7	2	1770.0	1770.0	1770.29	1770.5354	1772.0	20.415	COMPLETED
311	id-00073	3	3	5	7	1771.0	1771.0	1771.23	1771.4796	1778.0	6.319	COMPLETED
311	id-00074	1	2	1	7	1772.0	1772.0	1772.05	1772.3941	1779.0	0.772	COMPLETED
311	id-00075	1	2	9	8	1774.0	1774.0	1774.45	1774.713	1782.0	6.95	COMPLETED
311	id-00076	8	7	3	3	1774.0	1774.0	1774.14	1774.6278	1777.0	14.657	COMPLETED
311	id-00077	10	10	10	1	1775.0	1775.0	1775.42	1776.0	1776.0	49.026	EXPIRED
311	id-00078	9	8	2	9	1775.0	1775.0	1775.08	1775.3743	1784.0	7.348	COMPLETED
311	id-00079	1	2	4	3	1776.0	1776.0	1776.2	1776.398	1779.0	3.089	COMPLETED
311	id-00080	2	2	10	2	1776.0	1776.0	1776.95	1777.0681	1778.0	20.387	COMPLETED
311	id-00081	5	6	4	4	1776.0	1776.0	1776.38	1776.6981	1780.0	29.344	COMPLETED
311	id-00082	2	2	6	5	1779.0	1779.0	1779.3	1779.4745	1784.0	9.266	COMPLETED
311	id-00083	10	17	9	9	1780.0	1780.0	1780.39	1780.7647	1789.0	49.201	COMPLETED
311	id-00084	6	9	2	3	1781.0	1781.0	1781.1	1781.5657	1784.0	8.324	COMPLETED
311	id-00085	9	4	9	8	1781.0	1781.0	1781.35	1781.5423	1789.0	28.85	COMPLETED
311	id-00086	3	4	6	2	1782.0	1782.0	1782.29	1782.6167	1784.0	10.702	COMPLETED
311	id-00087	4	5	3	6	1783.0	1783.0	1783.14	1783.2461	1789.0	7.329	COMPLETED
311	id-00088	10	4	10	9	1783.0	1783.0	1783.43	1783.582	1792.0	54.247	COMPLETED
311	id-00089	2	4	1	7	1784.0	1784.0	1784.05	1784.3109	1791.0	1.544	COMPLETED
311	id-00090	10	18	9	8	1785.0	1785.0	1785.38	1785.6228	1793.0	44.357	COMPLETED
311	id-00091	8	13	8	5	1786.0	1786.0	1786.4	1786.5414	1791.0	49.421	COMPLETED
311	id-00092	3	6	10	1	1786.0	1786.0	1786.83	1787.0	1787.0	14.98	EXPIRED
311	id-00093	6	5	1	9	1786.0	1786.0	1786.08	1786.2348	1795.0	6.659	COMPLETED
311	id-00094	7	13	1	2	1789.0	1789.0	1789.05	1789.3723	1791.0	5.405	COMPLETED
311	id-00095	9	5	8	7	1789.0	1789.0	1789.33	1789.7783	1796.0	33.424	COMPLETED
311	id-00096	10	15	3	10	1790.0	1790.0	1790.12	1790.2836	1800.0	12.876	COMPLETED
311	id-00097	6	10	6	5	1793.0	1793.0	1793.3	1793.6312	1798.0	27.799	COMPLETED
311	id-00098	4	4	4	1	1793.0	1793.0	1793.16	1794.0	1794.0	3.85	EXPIRED
311	id-00099	6	6	7	8	1793.0	1793.0	1793.28	1793.6994	1801.0	12.747	COMPLETED
311	id-00100	10	7	7	7	1794.0	1794.0	1794.28	1794.6234	1801.0	30.044	COMPLETED
311	id-00101	8	6	10	4	1795.0	1795.0	1795.5	1795.6616	1799.0	61.776	COMPLETED
311	id-00102	5	3	2	7	1796.0	1796.0	1796.1	1796.2506	1803.0	7.722	COMPLETED
311	id-00103	2	3	10	8	1797.0	1797.0	1797.5	1797.8913	1805.0	15.444	COMPLETED
311	id-00104	2	2	3	6	1798.0	1798.0	1798.15	1798.4541	1804.0	4.633	COMPLETED
311	id-00105	1	2	9	5	1799.0	1799.0	1799.45	1799.6451	1804.0	6.95	COMPLETED
311	id-00106	4	6	8	9	1801.0	1801.0	1801.8	1802.1243	1810.0	49.421	COMPLETED
311	id-00107	3	6	7	7	1801.0	1801.0	1801.7	1802.0214	1808.0	32.432	COMPLETED
311	id-00108	3	3	4	9	1803.0	1803.0	1803.2	1803.4634	1812.0	9.266	COMPLETED
311	id-00109	2	2	6	7	1804.0	1804.0	1804.3	1804.7485	1811.0	9.266	COMPLETED
311	id-00110	2	4	8	2	1804.0	1804.0	1804.4	1804.7105	1806.0	12.355	COMPLETED
311	id-00111	3	2	6	10	1807.0	1807.0	1807.29	1807.6263	1817.0	10.702	COMPLETED
311	id-00112	5	10	6	7	1809.0	1809.0	1809.29	1809.4849	1816.0	19.66	COMPLETED
311	id-00113	5	3	7	6	1809.0	1809.0	1809.26	1809.5606	1815.0	7.821	COMPLETED
311	id-00114	1	2	2	8	1811.0	1811.0	1811.1	1811.549	1819.0	1.544	COMPLETED
311	id-00115	5	3	2	8	1812.0	1812.0	1812.1	1812.5033	1820.0	6.779	COMPLETED
311	id-00116	4	3	1	2	1815.0	1815.0	1815.1	1815.4113	1817.0	5.235	COMPLETED
311	id-00117	4	4	1	9	1815.0	1815.0	1815.1	1815.3691	1824.0	6.178	COMPLETED
311	id-00118	9	11	5	8	1816.0	1816.0	1816.17	1816.5169	1824.0	9.204	COMPLETED
311	id-00119	5	8	4	3	1816.0	1816.0	1816.48	1816.7474	1819.0	14.438	COMPLETED
311	id-00120	1	2	10	6	1816.0	1816.0	1817.2	1817.3378	1822.0	18.533	COMPLETED
311	id-00121	1	2	3	8	1816.0	1816.0	1816.36	1816.5855	1824.0	5.56	COMPLETED
311	id-00122	9	12	1	1	1817.0	1817.0	1817.03	1818.0	1818.0	1.624	EXPIRED
311	id-00123	4	6	3	3	1817.0	1817.0	1817.25	1817.6629	1820.0	6.016	COMPLETED
311	id-00124	8	12	8	1	1817.0	1817.0	1817.67	1818.0	1818.0	76.463	EXPIRED
311	id-00125	4	4	1	8	1817.0	1817.0	1817.04	1817.3736	1825.0	0.963	COMPLETED
311	id-00126	10	7	10	6	1818.0	1818.0	1818.42	1818.9092	1824.0	45.066	COMPLETED
311	id-00127	7	2	5	4	1818.0	1818.0	1818.42	1818.6134	1822.0	29.566	COMPLETED
311	id-00128	4	7	10	10	1818.0	1818.0	1818.83	1819.1151	1828.0	51.274	COMPLETED
311	id-00129	9	17	1	5	1819.0	1819.0	1819.03	1819.1924	1824.0	1.624	COMPLETED
311	id-00130	2	2	2	6	1819.0	1819.0	1819.08	1819.3906	1825.0	0.963	COMPLETED
311	id-00131	5	6	6	6	1820.0	1820.0	1820.3	1820.5918	1826.0	23.166	COMPLETED
311	id-00132	1	2	2	8	1821.0	1821.0	1821.1	1821.378	1829.0	1.544	COMPLETED
311	id-00133	8	5	10	10	1821.0	1821.0	1821.5	1821.661	1831.0	61.776	COMPLETED
311	id-00134	10	16	9	8	1822.0	1822.0	1822.33	1822.4552	1830.0	29.187	COMPLETED
311	id-00135	6	6	2	6	1824.0	1824.0	1824.1	1824.237	1830.0	9.266	COMPLETED
311	id-00136	6	7	1	6	1824.0	1824.0	1824.03	1824.5243	1830.0	1.083	COMPLETED
311	id-00137	8	3	5	2	1824.0	1824.0	1824.19	1824.5524	1826.0	10.936	COMPLETED
311	id-00138	10	3	10	5	1826.0	1826.0	1826.38	1826.6225	1831.0	37.191	COMPLETED
311	id-00139	9	3	7	10	1827.0	1827.0	1827.27	1827.6591	1837.0	22.256	COMPLETED
311	id-00140	3	2	3	7	1827.0	1827.0	1827.35	1827.8464	1834.0	6.317	COMPLETED
311	id-00141	2	3	8	4	1827.0	1827.0	1827.92	1828.3589	1831.0	11.069	COMPLETED
311	id-00142	9	18	6	9	1827.0	1827.0	1827.69	1827.9096	1836.0	89.402	COMPLETED
311	id-00143	5	10	1	9	1827.0	1827.0	1827.04	1827.22	1836.0	1.203	COMPLETED
311	id-00144	3	5	8	10	1828.0	1828.0	1828.4	1828.7475	1838.0	18.533	COMPLETED
311	id-00145	1	2	6	8	1830.0	1830.0	1830.3	1830.5974	1838.0	4.633	COMPLETED
311	id-00146	2	3	2	6	1830.0	1830.0	1830.1	1830.409	1836.0	3.089	COMPLETED
311	id-00147	7	6	2	10	1830.0	1830.0	1830.08	1830.4298	1840.0	5.632	COMPLETED
311	id-00148	4	7	2	4	1834.0	1834.0	1834.1	1834.2401	1838.0	6.178	COMPLETED
311	id-00149	7	3	10	4	1836.0	1836.0	1836.5	1836.6731	1840.0	54.054	COMPLETED
311	id-00150	7	3	9	10	1837.0	1837.0	1837.45	1837.849	1847.0	48.649	COMPLETED
311	id-00151	8	12	10	2	1838.0	1838.0	1838.5	1838.8234	1840.0	61.776	COMPLETED
311	id-00152	5	6	9	6	1839.0	1839.0	1839.9	1840.1571	1845.0	69.498	COMPLETED
311	id-00153	1	2	2	5	1839.0	1839.0	1839.2	1839.6324	1844.0	3.089	COMPLETED
311	id-00154	5	9	8	4	1840.0	1840.0	1840.38	1840.7157	1844.0	25.761	COMPLETED
311	id-00155	10	3	7	10	1840.0	1840.0	1840.26	1840.4276	1850.0	22.995	COMPLETED
311	id-00156	7	3	8	9	1840.0	1840.0	1840.31	1840.5359	1849.0	15.977	COMPLETED
311	id-00157	10	15	1	3	1841.0	1841.0	1841.04	1841.2248	1844.0	3.538	COMPLETED
311	id-00158	9	6	10	1	1841.0	1841.0	1841.77	1842.0	1842.0	63.47	EXPIRED
311	id-00159	7	6	9	6	1841.0	1841.0	1841.69	1841.9367	1847.0	74.595	COMPLETED
311	id-00160	4	3	2	9	1843.0	1843.0	1843.1	1843.2899	1852.0	5.235	COMPLETED
311	id-00161	10	17	8	8	1844.0	1844.0	1844.3	1844.5927	1852.0	26.533	COMPLETED
311	id-00162	5	6	5	7	1845.0	1845.0	1845.25	1845.4676	1852.0	19.305	COMPLETED
311	id-00163	1	2	4	2	1846.0	1846.0	1846.2	1846.6304	1848.0	3.089	COMPLETED
311	id-00164	5	7	3	3	1846.0	1846.0	1846.15	1846.2626	1849.0	11.583	COMPLETED
311	id-00165	2	4	8	6	1847.0	1847.0	1847.4	1847.8162	1853.0	12.355	COMPLETED
311	id-00166	9	7	2	3	1850.0	1850.0	1850.08	1850.3391	1853.0	7.348	COMPLETED
311	id-00167	8	12	4	2	1850.0	1850.0	1850.16	1850.5298	1852.0	12.226	COMPLETED
311	id-00168	8	11	10	8	1850.0	1850.0	1850.83	1851.1336	1858.0	71.247	COMPLETED
311	id-00169	6	6	10	8	1850.0	1850.0	1850.83	1850.9762	1858.0	76.911	COMPLETED
311	id-00170	4	3	4	2	1853.0	1853.0	1853.2	1853.6268	1855.0	12.355	COMPLETED
311	id-00171	10	6	8	3	1853.0	1853.0	1853.32	1853.4569	1856.0	34.336	COMPLETED
311	id-00172	7	11	1	3	1853.0	1853.0	1853.04	1853.3481	1856.0	2.816	COMPLETED
311	id-00173	1	2	8	1	1855.0	1855.0	1855.4	1856.0	1856.0	6.178	EXPIRED
311	id-00174	9	16	2	4	1857.0	1857.0	1857.08	1857.3661	1861.0	7.348	COMPLETED
311	id-00175	4	7	1	2	1858.0	1858.0	1858.05	1858.2616	1860.0	3.089	COMPLETED
311	id-00176	2	2	9	5	1859.0	1859.0	1859.45	1859.8328	1864.0	13.9	COMPLETED
311	id-00177	2	4	5	7	1860.0	1860.0	1860.25	1860.6165	1867.0	7.722	COMPLETED
311	id-00178	6	6	6	4	1860.0	1860.0	1860.3	1860.5049	1864.0	27.799	COMPLETED
311	id-00179	7	12	4	2	1860.0	1860.0	1860.17	1860.408	1862.0	11.967	COMPLETED
311	id-00180	10	16	3	2	1860.0	1860.0	1860.12	1860.4314	1862.0	12.876	COMPLETED
311	id-00181	2	4	5	8	1862.0	1862.0	1862.25	1862.7188	1870.0	7.722	COMPLETED
311	id-00182	9	17	10	9	1863.0	1863.0	1863.42	1863.6061	1872.0	42.539	COMPLETED
311	id-00183	1	2	3	2	1863.0	1863.0	1863.12	1863.274	1865.0	0.722	COMPLETED
311	id-00184	3	6	4	3	1865.0	1865.0	1865.2	1865.3765	1868.0	9.266	COMPLETED
311	id-00185	2	4	1	6	1867.0	1867.0	1867.05	1867.1963	1873.0	1.544	COMPLETED
311	id-00186	3	5	3	4	1868.0	1868.0	1868.15	1868.273	1872.0	6.95	COMPLETED
311	id-00187	8	13	7	8	1868.0	1868.0	1868.3	1868.6296	1876.0	28.58	COMPLETED
311	id-00188	10	7	7	3	1869.0	1869.0	1869.28	1869.4685	1872.0	30.044	COMPLETED
311	id-00189	8	11	5	7	1869.0	1869.0	1869.2	1869.3226	1876.0	15.282	COMPLETED
311	id-00190	9	15	5	1	1870.0	1870.0	1870.2	1871.0	1871.0	18.371	EXPIRED
311	id-00191	7	4	5	1	1870.0	1870.0	1870.19	1871.0	1871.0	9.793	EXPIRED
311	id-00192	9	7	2	7	1870.0	1870.0	1870.15	1870.5997	1877.0	12.364	COMPLETED
311	id-00193	3	5	2	6	1870.0	1870.0	1870.15	1870.3396	1876.0	6.95	COMPLETED
311	id-00194	2	3	4	3	1873.0	1873.0	1873.2	1873.5836	1876.0	6.178	COMPLETED
311	id-00195	9	9	4	6	1873.0	1873.0	1873.16	1873.341	1879.0	14.697	COMPLETED
311	id-00196	7	7	9	1	1873.0	1873.0	1873.35	1874.0	1874.0	18.039	EXPIRED
311	id-00197	4	6	2	9	1874.0	1874.0	1874.09	1874.4316	1883.0	3.863	COMPLETED
311	id-00198	9	7	7	1	1880.0	1880.0	1880.26	1881.0	1881.0	18.98	EXPIRED
311	id-00199	7	11	10	2	1881.0	1881.0	1881.45	1881.7006	1883.0	40.163	COMPLETED
311	id-00200	4	6	4	6	1883.0	1883.0	1883.18	1883.2825	1889.0	7.726	COMPLETED
311	id-00201	3	4	3	4	1885.0	1885.0	1885.12	1885.4942	1889.0	2.166	COMPLETED
311	id-00202	8	16	6	5	1885.0	1885.0	1885.23	1885.3477	1890.0	15.406	COMPLETED
311	id-00203	8	5	10	1	1887.0	1887.0	1887.42	1888.0	1888.0	36.053	EXPIRED
311	id-00204	9	9	6	2	1888.0	1888.0	1888.23	1888.5035	1890.0	18.958	COMPLETED
311	id-00205	9	7	10	7	1889.0	1889.0	1889.38	1889.7712	1896.0	31.323	COMPLETED
311	id-00206	6	9	3	4	1890.0	1890.0	1890.12	1890.4316	1894.0	6.594	COMPLETED
311	id-00207	8	7	3	2	1891.0	1891.0	1891.12	1891.4595	1893.0	10.301	COMPLETED
311	id-00208	2	2	2	10	1894.0	1894.0	1894.1	1894.2737	1904.0	3.089	COMPLETED
311	id-00209	2	2	6	2	1895.0	1895.0	1895.3	1895.5582	1897.0	9.266	COMPLETED
311	id-00210	1	2	2	10	1896.0	1896.0	1896.1	1896.5309	1906.0	1.544	COMPLETED
311	id-00211	5	2	7	10	1897.0	1897.0	1897.29	1897.5219	1907.0	11.457	COMPLETED
311	id-00212	6	5	7	9	1897.0	1897.0	1897.29	1897.4977	1906.0	15.936	COMPLETED
311	id-00213	5	10	8	4	1897.0	1897.0	1897.32	1897.7862	1901.0	9.626	COMPLETED
311	id-00214	3	2	5	1	1898.0	1898.0	1898.21	1899.0	1899.0	3.79	EXPIRED
311	id-00215	6	5	5	4	1899.0	1899.0	1899.42	1899.5874	1903.0	23.08	COMPLETED
311	id-00216	2	2	3	2	1899.0	1899.0	1899.25	1899.3569	1901.0	7.722	COMPLETED
311	id-00217	9	9	2	4	1901.0	1901.0	1901.08	1901.4628	1905.0	6.594	COMPLETED
311	id-00218	4	6	6	10	1901.0	1901.0	1901.46	1901.6774	1911.0	11.069	COMPLETED
311	id-00219	2	2	3	1	1901.0	1901.0	1901.23	1902.0	1902.0	2.767	EXPIRED
311	id-00220	6	7	2	1	1904.0	1904.0	1904.08	1905.0	1905.0	4.396	EXPIRED
311	id-00221	1	2	7	8	1906.0	1906.0	1906.35	1906.6985	1914.0	5.405	COMPLETED
311	id-00222	5	10	9	9	1907.0	1907.0	1907.39	1907.6063	1916.0	19.085	COMPLETED
311	id-00223	4	5	2	3	1907.0	1907.0	1907.08	1907.3058	1910.0	1.925	COMPLETED
311	id-00224	9	2	4	7	1909.0	1909.0	1909.15	1909.628	1916.0	12.364	COMPLETED
311	id-00225	4	7	3	7	1912.0	1912.0	1912.26	1912.6817	1919.0	8.708	COMPLETED
311	id-00226	2	2	3	1	1912.0	1912.0	1912.26	1913.0	1913.0	8.031	EXPIRED
311	id-00227	10	9	9	6	1914.0	1914.0	1914.36	1914.7992	1920.0	38.628	COMPLETED
311	id-00228	4	7	10	1	1915.0	1915.0	1915.91	1916.0	1916.0	39.057	EXPIRED
311	id-00229	1	2	10	2	1915.0	1915.0	1915.91	1916.1398	1917.0	14.054	COMPLETED
311	id-00230	2	4	2	1	1916.0	1916.0	1916.1	1917.0	1917.0	3.089	EXPIRED
311	id-00231	5	4	5	9	1918.0	1918.0	1918.23	1918.3414	1927.0	13.424	COMPLETED
311	id-00232	1	2	1	9	1919.0	1919.0	1919.05	1919.319	1928.0	0.772	COMPLETED
311	id-00233	8	11	3	10	1919.0	1919.0	1919.14	1919.5068	1929.0	14.657	COMPLETED
311	id-00234	3	6	3	3	1919.0	1919.0	1919.13	1919.4206	1922.0	2.346	COMPLETED
311	id-00235	6	7	2	1	1921.0	1921.0	1921.09	1922.0	1922.0	6.643	EXPIRED
311	id-00236	8	15	2	4	1923.0	1923.0	1923.09	1923.5353	1927.0	9.423	COMPLETED
311	id-00237	3	4	3	6	1925.0	1925.0	1925.26	1925.7128	1931.0	4.692	COMPLETED
311	id-00238	3	6	3	2	1925.0	1925.0	1925.26	1925.5073	1927.0	12.046	COMPLETED
311	id-00239	6	5	3	10	1927.0	1927.0	1927.13	1927.5344	1937.0	8.369	COMPLETED
311	id-00240	5	3	6	1	1928.0	1928.0	1928.26	1929.0	1929.0	12.723	EXPIRED
311	id-00241	4	4	3	6	1928.0	1928.0	1928.12	1928.3361	1934.0	2.888	COMPLETED
311	id-00242	9	10	10	6	1931.0	1931.0	1931.42	1931.5652	1937.0	42.539	COMPLETED
311	id-00243	9	3	3	9	1931.0	1931.0	1931.21	1931.5901	1940.0	13.35	COMPLETED
311	id-00244	4	7	9	5	1931.0	1931.0	1931.64	1931.9843	1936.0	39.537	COMPLETED
311	id-00245	1	2	3	2	1932.0	1932.0	1932.15	1932.2988	1934.0	2.317	COMPLETED
311	id-00246	1	2	3	7	1934.0	1934.0	1934.15	1934.3809	1941.0	2.317	COMPLETED
311	id-00247	7	3	1	10	1936.0	1936.0	1936.05	1936.4074	1946.0	4.934	COMPLETED
311	id-00248	5	2	6	2	1937.0	1937.0	1937.29	1937.4039	1939.0	19.66	COMPLETED
311	id-00249	8	3	9	7	1937.0	1937.0	1937.41	1937.5802	1944.0	42.925	COMPLETED
311	id-00250	9	7	2	2	1939.0	1939.0	1939.09	1939.4661	1941.0	10.813	COMPLETED
311	id-00251	1	2	3	6	1939.0	1939.0	1939.12	1939.4692	1945.0	0.722	COMPLETED
311	id-00252	2	3	4	7	1940.0	1940.0	1940.2	1940.6609	1947.0	6.178	COMPLETED
311	id-00253	6	7	10	7	1941.0	1941.0	1941.48	1941.6199	1948.0	39.953	COMPLETED
311	id-00254	6	8	6	10	1942.0	1942.0	1942.57	1942.9168	1952.0	47.445	COMPLETED
311	id-00255	2	3	5	10	1942.0	1942.0	1942.48	1942.8017	1952.0	14.826	COMPLETED
311	id-00256	10	10	8	1	1943.0	1943.0	1943.96	1944.0	1944.0	103.008	EXPIRED
311	id-00257	4	2	3	9	1943.0	1943.0	1943.36	1943.7993	1952.0	22.239	COMPLETED
311	id-00258	1	2	7	6	1943.0	1943.0	1943.84	1944.2423	1949.0	12.973	COMPLETED
311	id-00259	5	3	2	9	1944.0	1944.0	1944.1	1944.3342	1953.0	6.779	COMPLETED
311	id-00260	8	15	7	4	1944.0	1944.0	1944.3	1944.7608	1948.0	28.58	COMPLETED
311	id-00261	10	10	10	8	1944.0	1944.0	1944.4	1944.7142	1952.0	42.92	COMPLETED
311	id-00262	8	15	7	10	1946.0	1946.0	1946.33	1946.7526	1956.0	37.661	COMPLETED
311	id-00263	6	2	8	7	1948.0	1948.0	1948.38	1948.6796	1955.0	31.63	COMPLETED
311	id-00264	4	3	6	2	1950.0	1950.0	1950.78	1950.9472	1952.0	26.124	COMPLETED
311	id-00265	1	2	7	8	1950.0	1950.0	1950.91	1951.3114	1958.0	14.054	COMPLETED
311	id-00266	1	2	6	6	1950.0	1950.0	1950.78	1951.0272	1956.0	12.046	COMPLETED
311	id-00267	9	9	8	4	1952.0	1952.0	1952.36	1952.6078	1956.0	43.25	COMPLETED
311	id-00268	2	4	8	2	1953.0	1953.0	1953.4	1953.9	1955.0	12.355	COMPLETED
311	id-00269	5	8	2	6	1953.0	1953.0	1953.17	1953.4198	1959.0	8.319	COMPLETED
311	id-00270	3	5	4	1	1953.0	1953.0	1953.35	1954.0	1954.0	16.216	EXPIRED
311	id-00271	4	6	3	2	1955.0	1955.0	1955.14	1955.2732	1957.0	6.009	COMPLETED
311	id-00272	9	3	6	4	1956.0	1956.0	1956.26	1956.6292	1960.0	28.785	COMPLETED
311	id-00273	4	4	9	5	1957.0	1957.0	1957.41	1957.7608	1962.0	17.597	COMPLETED
311	id-00274	5	2	7	3	1959.0	1959.0	1959.32	1959.6277	1962.0	18.676	COMPLETED
311	id-00275	9	17	9	4	1959.0	1959.0	1959.39	1959.7147	1963.0	43.178	COMPLETED
311	id-00276	3	5	5	4	1961.0	1961.0	1961.24	1961.6941	1965.0	8.857	COMPLETED
311	id-00277	3	5	4	1	1964.0	1964.0	1964.19	1965.0	1965.0	7.012	EXPIRED
311	id-00278	9	18	9	5	1966.0	1966.0	1966.38	1966.7757	1971.0	38.488	COMPLETED
311	id-00279	7	3	10	9	1966.0	1966.0	1966.74	1966.9545	1975.0	31.163	COMPLETED
311	id-00280	7	8	9	7	1966.0	1966.0	1966.67	1966.8622	1973.0	72.432	COMPLETED
311	id-00281	5	9	5	7	1968.0	1968.0	1968.48	1968.8345	1975.0	32.54	COMPLETED
311	id-00282	2	2	6	10	1968.0	1968.0	1968.57	1968.7132	1978.0	17.606	COMPLETED
311	id-00283	10	11	7	8	1969.0	1969.0	1969.26	1969.6296	1977.0	22.995	COMPLETED
311	id-00284	10	7	3	6	1970.0	1970.0	1970.12	1970.4549	1976.0	12.876	COMPLETED
311	id-00285	5	5	7	2	1972.0	1972.0	1972.35	1972.7316	1974.0	27.027	COMPLETED
311	id-00286	4	5	7	1	1973.0	1973.0	1973.35	1974.0	1974.0	21.622	EXPIRED
311	id-00287	7	3	2	7	1974.0	1974.0	1974.1	1974.2627	1981.0	10.811	COMPLETED
311	id-00288	5	9	3	8	1974.0	1974.0	1974.14	1974.3637	1982.0	8.171	COMPLETED
311	id-00289	6	11	9	6	1976.0	1976.0	1976.45	1976.6427	1982.0	41.699	COMPLETED
311	id-00290	10	18	2	4	1976.0	1976.0	1976.16	1976.3005	1980.0	17.168	COMPLETED
311	id-00291	2	2	4	10	1976.0	1976.0	1976.32	1976.5425	1986.0	9.884	COMPLETED
311	id-00292	2	3	6	5	1978.0	1978.0	1978.3	1978.6865	1983.0	9.266	COMPLETED
311	id-00293	8	10	10	10	1978.0	1978.0	1978.5	1978.863	1988.0	61.776	COMPLETED
311	id-00294	3	5	3	2	1980.0	1980.0	1980.15	1980.2921	1982.0	6.95	COMPLETED
311	id-00295	9	8	3	9	1980.0	1980.0	1980.12	1980.4939	1989.0	12.154	COMPLETED
311	id-00296	3	4	8	3	1981.0	1981.0	1981.4	1981.6405	1984.0	18.533	COMPLETED
311	id-00297	5	4	5	2	1984.0	1984.0	1984.25	1984.5321	1986.0	19.305	COMPLETED
311	id-00298	9	4	3	1	1986.0	1986.0	1986.12	1987.0	1987.0	12.154	EXPIRED
311	id-00299	2	4	2	6	1986.0	1986.0	1986.09	1986.4589	1992.0	1.083	COMPLETED
311	id-00300	10	15	6	10	1987.0	1987.0	1987.52	1987.9703	1997.0	65.601	COMPLETED
311	id-00301	4	3	8	5	1987.0	1987.0	1987.7	1987.9562	1992.0	43.243	COMPLETED
311	id-00302	10	13	4	8	1988.0	1988.0	1988.17	1988.2778	1996.0	21.447	COMPLETED
311	id-00303	5	3	9	10	1991.0	1991.0	1991.45	1991.9216	2001.0	34.749	COMPLETED
311	id-00304	5	9	5	5	1992.0	1992.0	1992.25	1992.6583	1997.0	19.305	COMPLETED
311	id-00305	2	2	10	6	1993.0	1993.0	1993.48	1993.6589	1999.0	10.301	COMPLETED
311	id-00306	4	5	9	7	1993.0	1993.0	1993.45	1993.5709	2000.0	27.799	COMPLETED
311	id-00307	4	3	2	5	1995.0	1995.0	1995.1	1995.3302	2000.0	6.178	COMPLETED
311	id-00308	1	2	9	6	1997.0	1997.0	1997.45	1997.9035	2003.0	6.95	COMPLETED
311	id-00309	10	14	4	10	1998.0	1998.0	1998.16	1998.5497	2008.0	17.168	COMPLETED
311	id-00310	9	16	8	10	1998.0	1998.0	1998.32	1998.5676	2008.0	29.394	COMPLETED
