4.506111145019531e-05
3.647804260253906e-05
3.3855438232421875e-05
6.365776062011719e-05
3.838539123535156e-05
5.435943603515625e-05
4.3392181396484375e-05
5.9604644775390625e-05
5.602836608886719e-05
4.100799560546875e-05
5.555152893066406e-05
7.700920104980469e-05
6.747245788574219e-05
3.933906555175781e-05
4.601478576660156e-05
4.3392181396484375e-05
4.267692565917969e-05
4.315376281738281e-05
6.985664367675781e-05
5.1021575927734375e-05
4.315376281738281e-05
6.151199340820312e-05
5.8650970458984375e-05
8.845329284667969e-05
3.910064697265625e-05
3.933906555175781e-05
4.029273986816406e-05
4.887580871582031e-05
5.91278076171875e-05
4.315376281738281e-05
5.626678466796875e-05
5.269050598144531e-05
8.249282836914062e-05
4.1484832763671875e-05
3.743171691894531e-05
5.269050598144531e-05
9.846687316894531e-05
6.437301635742188e-05
5.364418029785156e-05
5.5789947509765625e-05
5.793571472167969e-05
4.410743713378906e-05
7.176399230957031e-05
7.295608520507812e-05
3.790855407714844e-05
6.413459777832031e-05
0.00012803077697753906
6.866455078125e-05
5.650520324707031e-05
4.267692565917969e-05
5.435943603515625e-05
4.291534423828125e-05
5.793571472167969e-05
5.173683166503906e-05
4.792213439941406e-05
5.054473876953125e-05
4.649162292480469e-05
4.458427429199219e-05
4.76837158203125e-05
4.887580871582031e-05
6.890296936035156e-05
5.888938903808594e-05
6.771087646484375e-05
3.910064697265625e-05
3.790855407714844e-05
3.409385681152344e-05
4.3392181396484375e-05
3.075599670410156e-05
3.170967102050781e-05
2.574920654296875e-05
5.555152893066406e-05
3.743171691894531e-05
3.743171691894531e-05
3.337860107421875e-05
3.3855438232421875e-05
4.76837158203125e-05
0.00016379356384277344
6.246566772460938e-05
6.413459777832031e-05
5.888938903808594e-05
4.363059997558594e-05
5.054473876953125e-05
4.506111145019531e-05
5.125999450683594e-05
4.601478576660156e-05
5.14984130859375e-05
6.651878356933594e-05
3.9577484130859375e-05
4.0531158447265625e-05
4.029273986816406e-05
5.53131103515625e-05
7.700920104980469e-05
4.2438507080078125e-05
4.0531158447265625e-05
9.894371032714844e-05
3.147125244140625e-05
3.337860107421875e-05
3.218650817871094e-05
5.269050598144531e-05
4.792213439941406e-05
5.221366882324219e-05
3.695487976074219e-05
4.3392181396484375e-05
3.4332275390625e-05
3.1948089599609375e-05
4.076957702636719e-05
5.7220458984375e-05
3.9577484130859375e-05
4.172325134277344e-05
4.1484832763671875e-05
3.170967102050781e-05
6.628036499023438e-05
4.410743713378906e-05
4.1484832763671875e-05
5.125999450683594e-05
8.440017700195312e-05
5.698204040527344e-05
3.5762786865234375e-05
5.0067901611328125e-05
4.100799560546875e-05
5.412101745605469e-05
3.0279159545898438e-05
3.743171691894531e-05
7.081031799316406e-05
7.104873657226562e-05
3.6716461181640625e-05
3.2901763916015625e-05
5.936622619628906e-05
5.459785461425781e-05
5.221366882324219e-05
2.8371810913085938e-05
5.817413330078125e-05
4.935264587402344e-05
3.147125244140625e-05
5.3882598876953125e-05
6.198883056640625e-05
4.00543212890625e-05
5.0067901611328125e-05
4.2438507080078125e-05
5.435943603515625e-05
4.553794860839844e-05
6.246566772460938e-05
3.933906555175781e-05
4.291534423828125e-05
3.981590270996094e-05
3.4332275390625e-05
8.487701416015625e-05
5.745887756347656e-05
3.552436828613281e-05
5.1975250244140625e-05
4.220008850097656e-05
4.506111145019531e-05
7.152557373046875e-05
3.790855407714844e-05
6.127357482910156e-05
4.673004150390625e-05
3.9577484130859375e-05
5.7697296142578125e-05
5.3882598876953125e-05
7.009506225585938e-05
5.650520324707031e-05
6.103515625e-05
4.7206878662109375e-05
3.409385681152344e-05
6.437301635742188e-05
5.1021575927734375e-05
4.1484832763671875e-05
4.601478576660156e-05
6.127357482910156e-05
4.887580871582031e-05
6.389617919921875e-05
3.719329833984375e-05
3.266334533691406e-05
2.8371810913085938e-05
3.62396240234375e-05
6.389617919921875e-05
4.9591064453125e-05
3.910064697265625e-05
2.9087066650390625e-05
4.792213439941406e-05
2.9325485229492188e-05
4.649162292480469e-05
4.100799560546875e-05
3.314018249511719e-05
3.647804260253906e-05
4.57763671875e-05
