5.5789947509765625e-05
5.841255187988281e-05
6.175041198730469e-05
5.269050598144531e-05
4.649162292480469e-05
6.175041198730469e-05
5.245208740234375e-05
5.53131103515625e-05
6.628036499023438e-05
6.628036499023438e-05
4.744529724121094e-05
0.00011110305786132812
8.630752563476562e-05
4.7206878662109375e-05
8.749961853027344e-05
4.839897155761719e-05
6.0558319091796875e-05
9.34600830078125e-05
5.841255187988281e-05
8.273124694824219e-05
4.0531158447265625e-05
4.00543212890625e-05
3.409385681152344e-05
3.337860107421875e-05
5.245208740234375e-05
4.553794860839844e-05
4.673004150390625e-05
5.9604644775390625e-05
8.058547973632812e-05
4.744529724121094e-05
4.363059997558594e-05
5.030632019042969e-05
3.933906555175781e-05
4.363059997558594e-05
2.9802322387695312e-05
4.553794860839844e-05
2.7179718017578125e-05
5.507469177246094e-05
4.601478576660156e-05
6.699562072753906e-05
3.8623809814453125e-05
7.963180541992188e-05
4.0531158447265625e-05
5.316734313964844e-05
4.4345855712890625e-05
6.699562072753906e-05
4.696846008300781e-05
0.00012826919555664062
6.651878356933594e-05
5.0067901611328125e-05
5.173683166503906e-05
4.076957702636719e-05
3.2901763916015625e-05
6.985664367675781e-05
2.765655517578125e-05
2.8133392333984375e-05
4.410743713378906e-05
5.698204040527344e-05
3.123283386230469e-05
3.9577484130859375e-05
2.86102294921875e-05
3.504753112792969e-05
4.315376281738281e-05
3.790855407714844e-05
3.409385681152344e-05
4.124641418457031e-05
3.743171691894531e-05
4.410743713378906e-05
6.246566772460938e-05
5.078315734863281e-05
5.650520324707031e-05
4.076957702636719e-05
4.9591064453125e-05
4.482269287109375e-05
3.123283386230469e-05
3.647804260253906e-05
3.0279159545898438e-05
3.719329833984375e-05
2.956390380859375e-05
3.361701965332031e-05
4.5299530029296875e-05
3.1948089599609375e-05
3.886222839355469e-05
2.86102294921875e-05
4.553794860839844e-05
6.556510925292969e-05
5.888938903808594e-05
4.649162292480469e-05
4.1484832763671875e-05
7.43865966796875e-05
4.100799560546875e-05
3.123283386230469e-05
3.504753112792969e-05
4.982948303222656e-05
5.245208740234375e-05
5.841255187988281e-05
6.175041198730469e-05
5.1975250244140625e-05
3.838539123535156e-05
4.291534423828125e-05
2.8133392333984375e-05
4.8160552978515625e-05
3.0517578125e-05
3.695487976074219e-05
4.00543212890625e-05
5.745887756347656e-05
4.124641418457031e-05
3.552436828613281e-05
4.0531158447265625e-05
3.814697265625e-05
6.079673767089844e-05
3.719329833984375e-05
8.559226989746094e-05
5.054473876953125e-05
3.9577484130859375e-05
3.7670135498046875e-05
4.410743713378906e-05
4.291534423828125e-05
3.3855438232421875e-05
4.00543212890625e-05
4.38690185546875e-05
3.361701965332031e-05
3.4809112548828125e-05
3.62396240234375e-05
5.936622619628906e-05
5.0067901611328125e-05
3.790855407714844e-05
3.647804260253906e-05
4.38690185546875e-05
6.4849853515625e-05
4.863739013671875e-05
4.744529724121094e-05
5.7697296142578125e-05
4.6253204345703125e-05
3.0040740966796875e-05
5.6743621826171875e-05
4.553794860839844e-05
3.600120544433594e-05
3.7670135498046875e-05
5.269050598144531e-05
4.3392181396484375e-05
5.221366882324219e-05
4.76837158203125e-05
4.410743713378906e-05
6.842613220214844e-05
5.91278076171875e-05
7.43865966796875e-05
3.457069396972656e-05
3.814697265625e-05
4.029273986816406e-05
4.315376281738281e-05
4.5299530029296875e-05
4.887580871582031e-05
5.245208740234375e-05
7.390975952148438e-05
4.5299530029296875e-05
4.220008850097656e-05
7.581710815429688e-05
3.910064697265625e-05
4.220008850097656e-05
2.956390380859375e-05
6.723403930664062e-05
5.316734313964844e-05
4.482269287109375e-05
6.079673767089844e-05
5.1021575927734375e-05
4.482269287109375e-05
3.743171691894531e-05
5.054473876953125e-05
4.482269287109375e-05
6.437301635742188e-05
4.0531158447265625e-05
8.153915405273438e-05
4.553794860839844e-05
4.7206878662109375e-05
6.4849853515625e-05
4.601478576660156e-05
5.030632019042969e-05
6.556510925292969e-05
6.0558319091796875e-05
4.124641418457031e-05
5.435943603515625e-05
5.030632019042969e-05
3.4809112548828125e-05
4.100799560546875e-05
3.24249267578125e-05
3.528594970703125e-05
4.124641418457031e-05
7.987022399902344e-05
0.00012826919555664062
3.790855407714844e-05
4.4345855712890625e-05
6.604194641113281e-05
3.528594970703125e-05
