326	id-00000	3	3	4	7	1703.0	1703.0	1703.18	1703.4798	1710.0	4.946	COMPLETED
326	id-00001	7	4	4	2	1704.0	1704.0	1704.18	1704.3558	1706.0	16.065	COMPLETED
326	id-00002	4	7	9	6	1704.0	1704.0	1704.75	1705.0272	1710.0	18.048	COMPLETED
326	id-00003	3	2	8	3	1704.0	1704.0	1704.67	1704.8739	1707.0	31.042	COMPLETED
326	id-00004	9	11	4	6	1706.0	1706.0	1706.17	1706.4512	1712.0	17.218	COMPLETED
326	id-00005	9	15	1	1	1706.0	1706.0	1706.05	1707.0	1707.0	6.95	EXPIRED
326	id-00006	10	6	8	4	1708.0	1708.0	1708.4	1708.7548	1712.0	61.776	COMPLETED
326	id-00007	6	11	2	1	1709.0	1709.0	1709.09	1710.0	1710.0	6.643	EXPIRED
326	id-00008	10	3	9	3	1714.0	1714.0	1714.41	1714.7415	1717.0	55.589	COMPLETED
326	id-00009	1	2	2	4	1718.0	1718.0	1718.1	1718.3297	1722.0	1.544	COMPLETED
326	id-00010	1	2	5	1	1719.0	1719.0	1719.25	1720.0	1720.0	3.861	EXPIRED
326	id-00011	8	15	6	4	1722.0	1722.0	1722.27	1722.7381	1726.0	28.268	COMPLETED
326	id-00012	4	2	5	1	1728.0	1728.0	1728.24	1729.0	1729.0	12.564	EXPIRED
326	id-00013	7	3	5	7	1728.0	1728.0	1728.21	1728.6086	1735.0	14.783	COMPLETED
326	id-00014	1	2	9	1	1729.0	1729.0	1729.45	1730.0	1730.0	6.95	EXPIRED
326	id-00015	2	2	2	2	1730.0	1730.0	1730.1	1730.3514	1732.0	3.089	COMPLETED
326	id-00016	9	6	1	1	1731.0	1731.0	1731.04	1732.0	1732.0	4.051	EXPIRED
326	id-00017	5	5	3	4	1731.0	1731.0	1731.13	1731.4217	1735.0	6.362	COMPLETED
326	id-00018	7	7	8	7	1732.0	1732.0	1732.38	1732.7488	1739.0	37.498	COMPLETED
326	id-00019	10	14	2	4	1736.0	1736.0	1736.09	1736.343	1740.0	11.354	COMPLETED
326	id-00020	9	5	5	7	1736.0	1736.0	1736.45	1736.7611	1743.0	54.063	COMPLETED
326	id-00021	6	3	7	2	1736.0	1736.0	1736.64	1736.9298	1738.0	59.305	COMPLETED
326	id-00022	2	3	9	2	1737.0	1737.0	1737.43	1737.9154	1739.0	9.228	COMPLETED
326	id-00023	2	3	8	2	1738.0	1738.0	1738.38	1738.7471	1740.0	8.155	COMPLETED
326	id-00024	3	6	4	6	1738.0	1738.0	1738.19	1738.4019	1744.0	7.012	COMPLETED
326	id-00025	7	7	10	4	1739.0	1739.0	1739.48	1739.9173	1743.0	47.366	COMPLETED
326	id-00026	2	4	10	3	1739.0	1739.0	1739.87	1740.0669	1742.0	10.468	COMPLETED
326	id-00027	6	12	7	5	1739.0	1739.0	1739.61	1739.8654	1744.0	50.774	COMPLETED
326	id-00028	9	17	6	7	1739.0	1739.0	1739.26	1739.5453	1746.0	28.785	COMPLETED
326	id-00029	1	2	2	7	1740.0	1740.0	1740.2	1740.664	1747.0	3.089	COMPLETED
326	id-00030	1	2	8	3	1740.0	1740.0	1740.8	1741.0168	1743.0	12.355	COMPLETED
326	id-00031	10	19	7	3	1740.0	1740.0	1740.61	1740.7915	1743.0	76.955	COMPLETED
326	id-00032	1	2	3	7	1740.0	1740.0	1740.26	1740.5357	1747.0	4.015	COMPLETED
326	id-00033	9	15	3	2	1741.0	1741.0	1741.12	1741.5939	1743.0	11.023	COMPLETED
326	id-00034	3	6	8	7	1742.0	1742.0	1742.38	1742.7507	1749.0	14.024	COMPLETED
326	id-00035	2	2	2	6	1745.0	1745.0	1745.1	1745.2312	1751.0	3.089	COMPLETED
326	id-00036	7	14	4	2	1746.0	1746.0	1746.19	1746.6029	1748.0	18.749	COMPLETED
326	id-00037	9	16	5	2	1747.0	1747.0	1747.23	1747.3347	1749.0	27.632	COMPLETED
326	id-00038	5	9	4	7	1749.0	1749.0	1749.19	1749.6153	1756.0	12.88	COMPLETED
326	id-00039	5	6	5	3	1750.0	1750.0	1750.24	1750.4629	1753.0	16.27	COMPLETED
326	id-00040	6	3	8	1	1751.0	1751.0	1751.38	1752.0	1752.0	31.63	EXPIRED
326	id-00041	8	5	9	6	1751.0	1751.0	1751.38	1751.786	1757.0	32.619	COMPLETED
326	id-00042	2	4	7	7	1752.0	1752.0	1752.35	1752.7606	1759.0	10.811	COMPLETED
326	id-00043	1	2	8	4	1752.0	1752.0	1752.38	1752.624	1756.0	2.286	COMPLETED
326	id-00044	5	5	5	7	1754.0	1754.0	1754.24	1754.5299	1761.0	16.27	COMPLETED
326	id-00045	8	10	10	1	1754.0	1754.0	1754.42	1755.0	1755.0	36.053	EXPIRED
326	id-00046	5	5	7	1	1755.0	1755.0	1755.33	1756.0	1756.0	22.371	EXPIRED
326	id-00047	2	2	6	5	1756.0	1756.0	1756.3	1756.4216	1761.0	9.266	COMPLETED
326	id-00048	7	10	7	5	1756.0	1756.0	1756.33	1756.4584	1761.0	32.564	COMPLETED
326	id-00049	5	5	4	2	1757.0	1757.0	1757.19	1757.3412	1759.0	12.88	COMPLETED
326	id-00050	9	5	8	3	1757.0	1757.0	1757.35	1757.5068	1760.0	38.749	COMPLETED
326	id-00051	6	8	5	1	1758.0	1758.0	1758.24	1759.0	1759.0	19.977	EXPIRED
326	id-00052	5	3	6	4	1758.0	1758.0	1758.26	1758.5514	1762.0	12.723	COMPLETED
326	id-00053	5	10	3	4	1759.0	1759.0	1759.14	1759.2758	1763.0	9.491	COMPLETED
326	id-00054	9	3	8	5	1759.0	1759.0	1759.35	1759.5712	1764.0	38.749	COMPLETED
326	id-00055	6	4	2	6	1759.0	1759.0	1759.09	1759.3611	1765.0	6.643	COMPLETED
326	id-00056	1	2	8	3	1760.0	1760.0	1760.4	1760.7806	1763.0	6.178	COMPLETED
326	id-00057	5	6	3	7	1761.0	1761.0	1761.14	1761.5734	1768.0	8.171	COMPLETED
326	id-00058	6	3	4	3	1761.0	1761.0	1761.18	1761.6198	1764.0	13.285	COMPLETED
326	id-00059	7	10	2	4	1761.0	1761.0	1761.09	1761.3811	1765.0	8.033	COMPLETED
326	id-00060	4	6	8	5	1762.0	1762.0	1762.36	1762.4889	1767.0	15.451	COMPLETED
326	id-00061	4	3	2	6	1763.0	1763.0	1763.09	1763.2537	1769.0	3.863	COMPLETED
326	id-00062	6	3	1	4	1763.0	1763.0	1763.05	1763.3768	1767.0	3.69	COMPLETED
326	id-00063	10	5	1	1	1763.0	1763.0	1763.09	1764.0	1764.0	12.203	EXPIRED
326	id-00064	3	6	7	2	1763.0	1763.0	1763.64	1764.1203	1765.0	29.652	COMPLETED
326	id-00065	2	2	3	6	1764.0	1764.0	1764.15	1764.6306	1770.0	4.633	COMPLETED
326	id-00066	5	9	9	1	1765.0	1765.0	1765.78	1766.0	1766.0	38.17	EXPIRED
326	id-00067	2	2	5	4	1765.0	1765.0	1765.43	1765.6855	1769.0	13.282	COMPLETED
326	id-00068	10	19	10	2	1767.0	1767.0	1767.43	1767.8808	1769.0	54.247	COMPLETED
326	id-00069	8	10	3	2	1768.0	1768.0	1768.13	1768.6254	1770.0	12.385	COMPLETED
326	id-00070	4	2	4	3	1768.0	1768.0	1768.35	1768.7883	1771.0	11.722	COMPLETED
326	id-00071	4	3	7	5	1768.0	1768.0	1768.61	1768.7153	1773.0	37.683	COMPLETED
326	id-00072	9	11	5	4	1770.0	1770.0	1770.21	1770.5041	1774.0	21.27	COMPLETED
326	id-00073	1	2	9	7	1771.0	1771.0	1771.45	1771.785	1778.0	6.95	COMPLETED
326	id-00074	4	3	1	7	1771.0	1771.0	1771.05	1771.2403	1778.0	2.146	COMPLETED
326	id-00075	1	2	2	4	1773.0	1773.0	1773.1	1773.3501	1777.0	1.544	COMPLETED
326	id-00076	10	7	9	2	1775.0	1775.0	1775.38	1775.8741	1777.0	44.357	COMPLETED
326	id-00077	9	7	5	1	1777.0	1777.0	1777.2	1778.0	1778.0	18.371	EXPIRED
326	id-00078	4	7	10	5	1778.0	1778.0	1778.48	1778.7914	1783.0	25.127	COMPLETED
326	id-00079	10	20	5	4	1778.0	1778.0	1778.42	1778.7105	1782.0	49.026	COMPLETED
326	id-00080	5	4	9	4	1778.0	1778.0	1778.75	1779.2295	1782.0	57.915	COMPLETED
326	id-00081	3	2	4	7	1778.0	1778.0	1778.32	1778.4845	1785.0	5.775	COMPLETED
326	id-00082	4	7	7	7	1778.0	1778.0	1778.56	1779.0232	1785.0	24.035	COMPLETED
326	id-00083	10	5	10	2	1782.0	1782.0	1782.43	1782.837	1784.0	54.247	COMPLETED
326	id-00084	9	3	10	5	1782.0	1782.0	1782.42	1782.5591	1787.0	42.539	COMPLETED
326	id-00085	8	14	7	5	1783.0	1783.0	1783.33	1783.7394	1788.0	37.661	COMPLETED
326	id-00086	2	2	3	2	1784.0	1784.0	1784.15	1784.3167	1786.0	4.633	COMPLETED
326	id-00087	5	8	10	5	1784.0	1784.0	1784.48	1784.8881	1789.0	32.54	COMPLETED
326	id-00088	8	9	5	5	1785.0	1785.0	1785.25	1785.5743	1790.0	30.888	COMPLETED
326	id-00089	4	5	9	5	1786.0	1786.0	1786.45	1786.8618	1791.0	27.799	COMPLETED
326	id-00090	6	6	6	3	1788.0	1788.0	1788.6	1788.9397	1791.0	55.598	COMPLETED
326	id-00091	1	2	2	6	1788.0	1788.0	1788.2	1788.5662	1794.0	3.089	COMPLETED
326	id-00092	3	3	2	3	1788.0	1788.0	1788.08	1788.3022	1791.0	1.444	COMPLETED
326	id-00093	6	11	2	4	1789.0	1789.0	1789.1	1789.2081	1793.0	9.266	COMPLETED
326	id-00094	6	9	6	7	1790.0	1790.0	1790.3	1790.6795	1797.0	27.799	COMPLETED
326	id-00095	5	2	8	7	1791.0	1791.0	1791.8	1791.9307	1798.0	61.776	COMPLETED
326	id-00096	3	4	9	1	1791.0	1791.0	1791.9	1792.0	1792.0	41.699	EXPIRED
326	id-00097	8	9	4	7	1791.0	1791.0	1791.16	1791.6109	1798.0	12.226	COMPLETED
326	id-00098	10	11	1	2	1792.0	1792.0	1792.08	1792.4725	1794.0	8.584	COMPLETED
326	id-00099	5	3	7	1	1792.0	1792.0	1792.56	1793.0	1793.0	43.243	EXPIRED
326	id-00100	4	6	4	5	1794.0	1794.0	1794.2	1794.6766	1799.0	12.355	COMPLETED
326	id-00101	4	6	8	4	1796.0	1796.0	1796.4	1796.7255	1800.0	24.71	COMPLETED
326	id-00102	5	8	5	7	1797.0	1797.0	1797.25	1797.433	1804.0	19.305	COMPLETED
326	id-00103	5	3	7	7	1798.0	1798.0	1798.35	1798.7547	1805.0	27.027	COMPLETED
326	id-00104	7	13	7	6	1798.0	1798.0	1798.26	1798.4277	1804.0	10.949	COMPLETED
326	id-00105	6	5	5	6	1799.0	1799.0	1799.25	1799.6989	1805.0	23.166	COMPLETED
326	id-00106	8	3	9	7	1799.0	1799.0	1799.33	1799.5553	1806.0	18.993	COMPLETED
326	id-00107	9	2	1	2	1799.0	1799.0	1799.04	1799.2309	1801.0	4.051	COMPLETED
326	id-00108	9	11	9	6	1799.0	1799.0	1799.41	1799.583	1805.0	49.257	COMPLETED
326	id-00109	7	4	7	3	1800.0	1800.0	1800.35	1800.7068	1803.0	37.838	COMPLETED
326	id-00110	9	12	9	1	1802.0	1802.0	1802.33	1803.0	1803.0	24.09	EXPIRED
326	id-00111	4	4	5	1	1804.0	1804.0	1804.25	1805.0	1805.0	15.444	EXPIRED
326	id-00112	8	8	5	7	1805.0	1805.0	1805.24	1805.5312	1812.0	27.39	COMPLETED
326	id-00113	10	13	10	5	1807.0	1807.0	1807.4	1807.7227	1812.0	42.92	COMPLETED
326	id-00114	2	2	5	6	1809.0	1809.0	1809.25	1809.6339	1815.0	7.722	COMPLETED
326	id-00115	1	2	4	1	1809.0	1809.0	1809.38	1810.0	1810.0	2.286	EXPIRED
326	id-00116	6	8	9	6	1809.0	1809.0	1809.86	1810.0467	1815.0	79.691	COMPLETED
326	id-00117	4	8	8	2	1809.0	1809.0	1809.3	1809.694	1811.0	7.219	COMPLETED
326	id-00118	6	6	3	4	1809.0	1809.0	1809.12	1809.5988	1813.0	5.463	COMPLETED
326	id-00119	8	6	3	3	1810.0	1810.0	1810.14	1810.4106	1813.0	15.977	COMPLETED
326	id-00120	8	5	2	5	1813.0	1813.0	1813.1	1813.4477	1818.0	11.412	COMPLETED
326	id-00121	2	2	5	5	1813.0	1813.0	1813.32	1813.6928	1818.0	3.85	COMPLETED
326	id-00122	5	4	5	5	1813.0	1813.0	1813.32	1813.6411	1818.0	9.626	COMPLETED
326	id-00123	4	8	3	7	1814.0	1814.0	1814.14	1814.3634	1821.0	7.329	COMPLETED
326	id-00124	7	8	10	3	1814.0	1814.0	1814.32	1814.7635	1817.0	13.476	COMPLETED
326	id-00125	4	3	1	2	1816.0	1816.0	1816.05	1816.5234	1818.0	2.617	COMPLETED
326	id-00126	8	12	8	5	1816.0	1816.0	1816.55	1816.9086	1821.0	26.47	COMPLETED
326	id-00127	1	2	1	3	1816.0	1816.0	1816.07	1816.4011	1819.0	0.421	COMPLETED
326	id-00128	6	12	9	2	1820.0	1820.0	1820.45	1820.5842	1822.0	41.699	COMPLETED
326	id-00129	4	2	3	1	1820.0	1820.0	1820.1	1821.0	1821.0	2.406	EXPIRED
326	id-00130	10	5	3	3	1822.0	1822.0	1822.11	1822.3151	1825.0	9.729	COMPLETED
326	id-00131	7	10	4	7	1823.0	1823.0	1823.2	1823.3592	1830.0	21.622	COMPLETED
326	id-00132	9	7	1	7	1823.0	1823.0	1823.03	1823.2611	1830.0	1.624	COMPLETED
326	id-00133	3	6	7	2	1824.0	1824.0	1824.35	1824.7843	1826.0	16.216	COMPLETED
326	id-00134	10	8	1	7	1826.0	1826.0	1826.04	1826.4379	1833.0	3.915	COMPLETED
326	id-00135	2	4	4	5	1828.0	1828.0	1828.2	1828.4443	1833.0	6.178	COMPLETED
326	id-00136	9	7	9	7	1829.0	1829.0	1829.35	1829.697	1836.0	28.85	COMPLETED
326	id-00137	10	20	10	2	1829.0	1829.0	1829.38	1829.507	1831.0	37.191	COMPLETED
326	id-00138	2	4	9	4	1833.0	1833.0	1833.45	1833.8779	1837.0	13.9	COMPLETED
326	id-00139	2	4	10	6	1833.0	1833.0	1833.5	1833.7372	1839.0	15.444	COMPLETED
326	id-00140	1	2	4	5	1834.0	1834.0	1834.2	1834.6618	1839.0	3.089	COMPLETED
326	id-00141	1	2	8	3	1835.0	1835.0	1835.4	1835.8224	1838.0	6.178	COMPLETED
326	id-00142	10	11	2	4	1836.0	1836.0	1836.07	1836.1981	1840.0	6.191	COMPLETED
326	id-00143	10	5	5	6	1838.0	1838.0	1838.56	1838.7665	1844.0	49.529	COMPLETED
326	id-00144	2	3	2	3	1838.0	1838.0	1838.22	1838.4938	1841.0	6.795	COMPLETED
326	id-00145	3	2	5	5	1838.0	1838.0	1838.56	1838.6948	1843.0	25.946	COMPLETED
326	id-00146	9	4	3	4	1839.0	1839.0	1839.12	1839.6038	1843.0	12.154	COMPLETED
326	id-00147	6	12	9	5	1840.0	1840.0	1840.43	1840.582	1845.0	35.791	COMPLETED
326	id-00148	6	12	7	2	1840.0	1840.0	1840.28	1840.765	1842.0	12.747	COMPLETED
326	id-00149	8	13	9	6	1840.0	1840.0	1840.67	1840.8366	1846.0	38.563	COMPLETED
326	id-00150	5	5	8	1	1840.0	1840.0	1840.59	1841.0	1841.0	45.56	EXPIRED
326	id-00151	10	15	10	7	1843.0	1843.0	1843.74	1843.9289	1850.0	65.449	COMPLETED
326	id-00152	1	2	4	3	1843.0	1843.0	1843.3	1843.5027	1846.0	4.633	COMPLETED
326	id-00153	9	16	5	2	1844.0	1844.0	1844.2	1844.6502	1846.0	18.371	COMPLETED
326	id-00154	7	5	8	3	1844.0	1844.0	1844.3	1844.523	1847.0	12.634	COMPLETED
326	id-00155	6	9	1	7	1846.0	1846.0	1846.1	1846.3778	1853.0	9.266	COMPLETED
326	id-00156	2	3	8	4	1846.0	1846.0	1846.8	1847.0344	1850.0	24.71	COMPLETED
326	id-00157	1	2	9	6	1846.0	1846.0	1846.36	1846.6621	1852.0	2.166	COMPLETED
326	id-00158	9	10	4	4	1847.0	1847.0	1847.16	1847.4084	1851.0	14.697	COMPLETED
326	id-00159	8	15	7	1	1847.0	1847.0	1847.26	1848.0	1848.0	14.965	EXPIRED
326	id-00160	8	12	3	7	1848.0	1848.0	1848.15	1848.2772	1855.0	18.533	COMPLETED
326	id-00161	8	6	9	7	1849.0	1849.0	1849.45	1849.9262	1856.0	55.598	COMPLETED
326	id-00162	4	6	3	4	1849.0	1849.0	1849.12	1849.3699	1853.0	2.888	COMPLETED
326	id-00163	3	6	2	6	1850.0	1850.0	1850.1	1850.5514	1856.0	4.633	COMPLETED
326	id-00164	9	13	7	1	1850.0	1850.0	1850.28	1851.0	1851.0	25.72	EXPIRED
326	id-00165	1	2	8	4	1850.0	1850.0	1850.32	1850.8144	1854.0	1.925	COMPLETED
326	id-00166	10	16	10	5	1852.0	1852.0	1852.4	1852.8486	1857.0	42.92	COMPLETED
326	id-00167	9	8	2	6	1853.0	1853.0	1853.08	1853.2418	1859.0	7.348	COMPLETED
326	id-00168	4	4	3	7	1853.0	1853.0	1853.36	1853.8152	1860.0	8.663	COMPLETED
326	id-00169	2	2	3	6	1853.0	1853.0	1853.36	1853.602	1859.0	7.726	COMPLETED
326	id-00170	3	4	9	6	1853.0	1853.0	1854.08	1854.4877	1859.0	50.039	COMPLETED
326	id-00171	8	5	5	2	1853.0	1853.0	1853.21	1853.4035	1855.0	18.026	COMPLETED
326	id-00172	6	3	1	5	1855.0	1855.0	1855.05	1855.4786	1860.0	4.633	COMPLETED
326	id-00173	6	10	10	3	1855.0	1855.0	1855.8	1856.1398	1858.0	36.419	COMPLETED
326	id-00174	2	3	7	4	1855.0	1855.0	1855.56	1855.6953	1859.0	17.297	COMPLETED
326	id-00175	3	4	6	3	1855.0	1855.0	1855.24	1855.6751	1858.0	4.332	COMPLETED
326	id-00176	10	20	5	4	1858.0	1858.0	1858.2	1858.6687	1862.0	21.46	COMPLETED
326	id-00177	6	12	3	2	1858.0	1858.0	1858.25	1858.6589	1860.0	13.738	COMPLETED
326	id-00178	1	2	4	5	1858.0	1858.0	1858.33	1858.6024	1863.0	5.097	COMPLETED
326	id-00179	7	5	2	4	1860.0	1860.0	1860.1	1860.397	1864.0	10.811	COMPLETED
326	id-00180	8	11	6	2	1861.0	1861.0	1861.3	1861.4942	1863.0	37.066	COMPLETED
326	id-00181	9	14	5	5	1861.0	1861.0	1861.21	1861.5798	1866.0	21.27	COMPLETED
326	id-00182	3	5	5	1	1861.0	1861.0	1861.2	1862.0	1862.0	3.61	EXPIRED
326	id-00183	6	9	4	1	1863.0	1863.0	1863.2	1864.0	1864.0	18.533	EXPIRED
326	id-00184	7	12	7	5	1865.0	1865.0	1865.35	1865.6942	1870.0	37.838	COMPLETED
326	id-00185	6	2	2	3	1865.0	1865.0	1865.09	1865.5677	1868.0	5.794	COMPLETED
326	id-00186	5	9	8	5	1867.0	1867.0	1867.4	1867.8045	1872.0	30.888	COMPLETED
326	id-00187	6	11	7	3	1868.0	1868.0	1868.35	1868.8481	1871.0	32.432	COMPLETED
326	id-00188	6	4	4	6	1869.0	1869.0	1869.2	1869.3586	1875.0	18.533	COMPLETED
326	id-00189	1	2	8	5	1870.0	1870.0	1870.4	1870.8761	1875.0	6.178	COMPLETED
326	id-00190	6	7	6	1	1870.0	1870.0	1870.27	1871.0	1871.0	19.928	EXPIRED
326	id-00191	7	7	4	2	1871.0	1871.0	1871.18	1871.507	1873.0	16.065	COMPLETED
326	id-00192	10	14	8	5	1872.0	1872.0	1872.31	1872.5476	1877.0	30.34	COMPLETED
326	id-00193	6	12	7	2	1874.0	1874.0	1874.32	1874.4234	1876.0	23.619	COMPLETED
326	id-00194	4	8	10	3	1875.0	1875.0	1875.45	1875.5912	1878.0	19.314	COMPLETED
326	id-00195	10	17	6	1	1878.0	1878.0	1878.5	1879.0	1879.0	58.364	EXPIRED
326	id-00196	4	5	1	7	1878.0	1878.0	1878.08	1878.5702	1885.0	4.942	COMPLETED
326	id-00197	6	2	7	3	1879.0	1879.0	1879.32	1879.7337	1882.0	23.619	COMPLETED
326	id-00198	1	2	9	3	1882.0	1882.0	1882.45	1882.6801	1885.0	6.95	COMPLETED
326	id-00199	8	15	3	4	1882.0	1882.0	1882.14	1882.25	1886.0	14.657	COMPLETED
326	id-00200	6	4	3	7	1882.0	1882.0	1882.11	1882.334	1889.0	3.971	COMPLETED
326	id-00201	6	6	9	3	1882.0	1882.0	1882.36	1882.6006	1885.0	16.389	COMPLETED
326	id-00202	7	10	4	1	1884.0	1884.0	1884.18	1885.0	1885.0	16.065	EXPIRED
326	id-00203	10	18	10	7	1885.0	1885.0	1885.4	1885.5552	1892.0	42.92	COMPLETED
326	id-00204	6	2	5	5	1886.0	1886.0	1886.21	1886.7012	1891.0	11.54	COMPLETED
326	id-00205	10	19	5	2	1887.0	1887.0	1887.4	1887.5073	1889.0	42.92	COMPLETED
326	id-00206	5	8	2	5	1887.0	1887.0	1887.16	1887.3851	1892.0	12.355	COMPLETED
326	id-00207	6	7	10	2	1889.0	1889.0	1889.42	1889.6252	1891.0	23.08	COMPLETED
326	id-00208	4	4	3	2	1891.0	1891.0	1891.12	1891.5075	1893.0	2.888	COMPLETED
326	id-00209	5	6	4	5	1893.0	1893.0	1893.17	1893.4782	1898.0	6.716	COMPLETED
326	id-00210	4	7	7	2	1894.0	1894.0	1894.29	1894.407	1896.0	6.979	COMPLETED
326	id-00211	5	9	9	7	1894.0	1894.0	1894.35	1894.6539	1901.0	10.528	COMPLETED
326	id-00212	4	3	2	5	1895.0	1895.0	1895.08	1895.5566	1900.0	1.925	COMPLETED
326	id-00213	9	17	7	3	1896.0	1896.0	1896.29	1896.7567	1899.0	29.372	COMPLETED
326	id-00214	3	6	6	7	1898.0	1898.0	1898.25	1898.6623	1905.0	4.512	COMPLETED
326	id-00215	10	2	1	3	1900.0	1900.0	1900.08	1900.5694	1903.0	7.83	COMPLETED
326	id-00216	4	7	2	4	1900.0	1900.0	1900.15	1900.4779	1904.0	9.266	COMPLETED
326	id-00217	7	3	6	2	1901.0	1901.0	1901.25	1901.5256	1903.0	17.599	COMPLETED
326	id-00218	7	4	2	7	1901.0	1901.0	1901.08	1901.2118	1908.0	4.123	COMPLETED
326	id-00219	8	2	2	6	1901.0	1901.0	1901.08	1901.2953	1907.0	5.359	COMPLETED
326	id-00220	9	15	1	2	1903.0	1903.0	1903.04	1903.2107	1905.0	3.297	COMPLETED
326	id-00221	8	16	1	5	1904.0	1904.0	1904.04	1904.1807	1909.0	3.434	COMPLETED
326	id-00222	8	9	4	5	1905.0	1905.0	1905.17	1905.3898	1910.0	16.196	COMPLETED
326	id-00223	4	6	10	3	1908.0	1908.0	1908.87	1909.133	1911.0	29.138	COMPLETED
326	id-00224	4	6	9	7	1908.0	1908.0	1908.78	1909.2082	1915.0	48.185	COMPLETED
326	id-00225	7	13	8	5	1908.0	1908.0	1908.31	1908.696	1913.0	15.977	COMPLETED
326	id-00226	7	12	3	6	1910.0	1910.0	1910.13	1910.2316	1916.0	10.377	COMPLETED
326	id-00227	3	6	7	5	1911.0	1911.0	1911.3	1911.7518	1916.0	5.414	COMPLETED
326	id-00228	6	2	6	1	1911.0	1911.0	1911.24	1912.0	1912.0	10.926	EXPIRED
326	id-00229	1	2	2	5	1913.0	1913.0	1913.1	1913.4375	1918.0	1.544	COMPLETED
326	id-00230	6	4	7	5	1913.0	1913.0	1913.61	1913.9406	1918.0	39.272	COMPLETED
326	id-00231	2	2	1	3	1913.0	1913.0	1913.09	1913.3906	1916.0	2.78	COMPLETED
326	id-00232	8	10	4	6	1918.0	1918.0	1918.18	1918.5571	1924.0	18.845	COMPLETED
326	id-00233	3	4	10	5	1919.0	1919.0	1919.45	1919.8823	1924.0	12.364	COMPLETED
326	id-00234	9	8	2	4	1920.0	1920.0	1920.08	1920.3656	1924.0	8.103	COMPLETED
326	id-00235	2	4	2	7	1920.0	1920.0	1920.07	1920.1914	1927.0	0.842	COMPLETED
326	id-00236	4	7	10	7	1921.0	1921.0	1921.45	1921.9441	1928.0	19.314	COMPLETED
326	id-00237	6	10	4	3	1921.0	1921.0	1921.33	1921.6324	1924.0	18.134	COMPLETED
326	id-00238	1	2	2	3	1921.0	1921.0	1921.17	1921.4267	1924.0	2.625	COMPLETED
326	id-00239	2	3	10	2	1923.0	1923.0	1923.5	1923.6258	1925.0	15.444	COMPLETED
326	id-00240	6	7	7	1	1924.0	1924.0	1924.32	1925.0	1925.0	23.619	EXPIRED
326	id-00241	10	4	2	3	1926.0	1926.0	1926.08	1926.2653	1929.0	7.83	COMPLETED
326	id-00242	7	11	8	5	1926.0	1926.0	1926.67	1927.1425	1931.0	47.165	COMPLETED
326	id-00243	5	6	7	2	1926.0	1926.0	1926.58	1926.8758	1928.0	44.788	COMPLETED
326	id-00244	5	5	10	7	1928.0	1928.0	1928.43	1928.8834	1935.0	21.042	COMPLETED
326	id-00245	7	6	10	5	1928.0	1928.0	1928.42	1928.7842	1933.0	29.566	COMPLETED
326	id-00246	4	8	7	4	1930.0	1930.0	1930.32	1930.6314	1934.0	13.734	COMPLETED
326	id-00247	10	10	10	4	1931.0	1931.0	1931.36	1931.5031	1935.0	28.446	COMPLETED
326	id-00248	6	3	3	2	1931.0	1931.0	1931.12	1931.3856	1933.0	6.594	COMPLETED
326	id-00249	2	3	10	4	1932.0	1932.0	1932.5	1932.719	1936.0	15.444	COMPLETED
326	id-00250	10	15	4	3	1933.0	1933.0	1933.14	1933.54	1936.0	11.062	COMPLETED
326	id-00251	10	20	6	2	1933.0	1933.0	1933.25	1933.608	1935.0	29.182	COMPLETED
326	id-00252	7	6	4	7	1933.0	1933.0	1933.2	1933.6302	1940.0	21.622	COMPLETED
326	id-00253	4	4	7	5	1934.0	1934.0	1934.32	1934.6079	1939.0	13.734	COMPLETED
326	id-00254	8	16	8	6	1934.0	1934.0	1934.33	1934.5989	1940.0	28.327	COMPLETED
326	id-00255	3	5	9	5	1934.0	1934.0	1934.32	1934.4929	1939.0	5.775	COMPLETED
326	id-00256	6	8	9	1	1935.0	1935.0	1935.43	1936.0	1936.0	35.791	EXPIRED
326	id-00257	5	3	6	3	1937.0	1937.0	1937.29	1937.6135	1940.0	19.66	COMPLETED
326	id-00258	5	4	9	4	1938.0	1938.0	1938.86	1939.2874	1942.0	58.301	COMPLETED
326	id-00259	3	4	2	7	1938.0	1938.0	1938.19	1938.5245	1945.0	8.803	COMPLETED
326	id-00260	1	2	10	6	1939.0	1939.0	1939.5	1939.6375	1945.0	7.722	COMPLETED
326	id-00261	1	2	1	5	1940.0	1940.0	1940.05	1940.3343	1945.0	0.772	COMPLETED
326	id-00262	4	5	1	6	1940.0	1940.0	1940.05	1940.268	1946.0	2.617	COMPLETED
326	id-00263	3	6	2	5	1942.0	1942.0	1942.1	1942.4867	1947.0	3.69	COMPLETED
326	id-00264	9	17	3	3	1942.0	1942.0	1942.13	1942.3127	1945.0	14.393	COMPLETED
326	id-00265	1	2	6	1	1943.0	1943.0	1943.3	1944.0	1944.0	4.633	EXPIRED
326	id-00266	6	10	8	2	1943.0	1943.0	1943.38	1943.7645	1945.0	31.63	COMPLETED
326	id-00267	9	14	4	7	1944.0	1944.0	1944.17	1944.626	1951.0	18.821	COMPLETED
326	id-00268	6	12	5	2	1945.0	1945.0	1945.24	1945.6693	1947.0	19.977	COMPLETED
326	id-00269	9	13	5	1	1945.0	1945.0	1945.21	1946.0	1946.0	21.27	EXPIRED
326	id-00270	7	8	6	1	1945.0	1945.0	1945.24	1946.0	1946.0	14.632	EXPIRED
326	id-00271	2	4	10	1	1947.0	1947.0	1947.5	1948.0	1948.0	15.444	EXPIRED
326	id-00272	8	3	1	1	1948.0	1948.0	1948.05	1949.0	1949.0	5.706	EXPIRED
326	id-00273	4	7	7	4	1948.0	1948.0	1948.29	1948.7406	1952.0	6.979	COMPLETED
326	id-00274	7	11	7	6	1949.0	1949.0	1949.33	1949.6296	1955.0	32.564	COMPLETED
326	id-00275	10	14	10	3	1949.0	1949.0	1949.8	1949.9034	1952.0	85.84	COMPLETED
326	id-00276	5	6	10	7	1949.0	1949.0	1949.8	1950.0878	1956.0	61.776	COMPLETED
326	id-00277	9	7	3	2	1950.0	1950.0	1950.14	1950.2758	1952.0	16.82	COMPLETED
326	id-00278	8	10	1	3	1952.0	1952.0	1952.04	1952.2445	1955.0	3.811	COMPLETED
326	id-00279	5	10	1	7	1953.0	1953.0	1953.04	1953.4038	1960.0	1.957	COMPLETED
326	id-00280	10	9	1	1	1954.0	1954.0	1954.04	1955.0	1955.0	4.292	EXPIRED
326	id-00281	9	10	9	5	1956.0	1956.0	1956.39	1956.7281	1961.0	43.178	COMPLETED
326	id-00282	4	6	2	2	1957.0	1957.0	1957.09	1957.2021	1959.0	3.863	COMPLETED
326	id-00283	5	7	8	6	1958.0	1958.0	1958.36	1958.751	1964.0	21.011	COMPLETED
326	id-00284	6	9	7	4	1959.0	1959.0	1959.32	1959.7203	1963.0	23.619	COMPLETED
326	id-00285	6	2	7	3	1961.0	1961.0	1961.33	1961.7066	1964.0	27.468	COMPLETED
326	id-00286	8	10	8	6	1962.0	1962.0	1962.38	1962.5638	1968.0	43.367	COMPLETED
326	id-00287	2	2	10	6	1963.0	1963.0	1963.5	1963.8765	1969.0	15.444	COMPLETED
326	id-00288	9	16	8	1	1963.0	1963.0	1963.35	1964.0	1964.0	38.749	EXPIRED
326	id-00289	5	2	7	1	1964.0	1964.0	1964.33	1965.0	1965.0	22.371	EXPIRED
326	id-00290	9	18	1	1	1964.0	1964.0	1964.04	1965.0	1965.0	4.428	EXPIRED
326	id-00291	4	6	8	1	1965.0	1965.0	1965.38	1966.0	1966.0	19.892	EXPIRED
326	id-00292	10	15	6	1	1966.0	1966.0	1966.22	1967.0	1967.0	19.458	EXPIRED
326	id-00293	3	3	6	2	1967.0	1967.0	1967.57	1967.6786	1969.0	21.035	COMPLETED
326	id-00294	5	2	7	7	1967.0	1967.0	1967.67	1967.8103	1974.0	51.737	COMPLETED
326	id-00295	4	7	4	3	1967.0	1967.0	1967.17	1967.5876	1970.0	4.091	COMPLETED
326	id-00296	6	12	9	4	1969.0	1969.0	1969.43	1969.5611	1973.0	35.791	COMPLETED
326	id-00297	5	2	7	6	1970.0	1970.0	1970.35	1970.5551	1976.0	27.027	COMPLETED
326	id-00298	4	5	8	7	1970.0	1970.0	1970.36	1970.7069	1977.0	15.451	COMPLETED
326	id-00299	9	17	8	1	1971.0	1971.0	1971.36	1972.0	1972.0	43.25	EXPIRED
326	id-00300	10	16	8	2	1971.0	1971.0	1971.32	1971.6676	1973.0	34.336	COMPLETED
326	id-00301	9	10	5	2	1972.0	1972.0	1972.23	1972.479	1974.0	27.632	COMPLETED
326	id-00302	5	7	9	5	1972.0	1972.0	1972.36	1972.5473	1977.0	10.829	COMPLETED
326	id-00303	1	2	5	7	1977.0	1977.0	1977.25	1977.6302	1984.0	3.861	COMPLETED
326	id-00304	9	17	7	7	1978.0	1978.0	1978.33	1978.475	1985.0	42.757	COMPLETED
326	id-00305	10	5	2	3	1979.0	1979.0	1979.08	1979.4967	1982.0	8.584	COMPLETED
326	id-00306	8	15	3	2	1980.0	1980.0	1980.15	1980.3273	1982.0	18.533	COMPLETED
326	id-00307	6	8	8	7	1980.0	1980.0	1980.33	1980.4771	1987.0	18.134	COMPLETED
326	id-00308	7	6	9	6	1981.0	1981.0	1981.45	1981.7224	1987.0	48.649	COMPLETED
326	id-00309	3	4	8	5	1981.0	1981.0	1981.33	1981.7671	1986.0	5.956	COMPLETED
326	id-00310	10	3	4	5	1982.0	1982.0	1982.17	1982.2864	1987.0	21.447	COMPLETED
326	id-00311	10	19	5	6	1982.0	1982.0	1982.2	1982.6896	1988.0	21.46	COMPLETED
326	id-00312	9	17	10	1	1983.0	1983.0	1983.42	1984.0	1984.0	42.539	EXPIRED
326	id-00313	6	4	7	2	1984.0	1984.0	1984.35	1984.588	1986.0	32.432	COMPLETED
326	id-00314	3	2	8	7	1985.0	1985.0	1985.4	1985.836	1992.0	18.533	COMPLETED
326	id-00315	1	2	8	4	1987.0	1987.0	1987.4	1987.8344	1991.0	6.178	COMPLETED
326	id-00316	9	2	6	3	1989.0	1989.0	1989.25	1989.5229	1992.0	25.321	COMPLETED
326	id-00317	3	5	10	6	1993.0	1993.0	1994.0	1994.3509	1999.0	46.332	COMPLETED
326	id-00318	4	8	3	4	1993.0	1993.0	1993.3	1993.7813	1997.0	18.533	COMPLETED
326	id-00319	3	4	9	6	1995.0	1995.0	1995.45	1995.8493	2001.0	20.849	COMPLETED
326	id-00320	6	2	5	2	1997.0	1997.0	1997.25	1997.653	1999.0	23.166	COMPLETED
326	id-00321	10	12	2	4	1998.0	1998.0	1998.08	1998.4055	2002.0	8.584	COMPLETED
326	id-00322	2	4	3	5	1999.0	1999.0	1999.15	1999.382	2004.0	4.633	COMPLETED
326	id-00323	5	7	4	3	1999.0	1999.0	1999.4	1999.5481	2002.0	30.888	COMPLETED
326	id-00324	2	3	9	3	1999.0	1999.0	1999.9	2000.1579	2002.0	27.799	COMPLETED
326	id-00325	3	3	2	6	2000.0	2000.0	2000.1	2000.5643	2006.0	3.69	COMPLETED
