6.103515625e-05
4.410743713378906e-05
4.935264587402344e-05
0.00012564659118652344
5.8650970458984375e-05
6.413459777832031e-05
7.677078247070312e-05
4.863739013671875e-05
4.267692565917969e-05
5.9604644775390625e-05
4.792213439941406e-05
5.14984130859375e-05
4.220008850097656e-05
5.3882598876953125e-05
5.841255187988281e-05
6.628036499023438e-05
5.7220458984375e-05
5.7697296142578125e-05
5.817413330078125e-05
3.0040740966796875e-05
5.555152893066406e-05
9.059906005859375e-05
3.8623809814453125e-05
4.935264587402344e-05
5.9604644775390625e-05
8.988380432128906e-05
4.410743713378906e-05
4.482269287109375e-05
4.8160552978515625e-05
3.528594970703125e-05
5.054473876953125e-05
4.982948303222656e-05
5.412101745605469e-05
5.173683166503906e-05
5.340576171875e-05
8.678436279296875e-05
6.270408630371094e-05
5.626678466796875e-05
4.601478576660156e-05
3.814697265625e-05
3.790855407714844e-05
6.0558319091796875e-05
5.7220458984375e-05
4.315376281738281e-05
4.029273986816406e-05
4.7206878662109375e-05
9.059906005859375e-05
5.6743621826171875e-05
4.029273986816406e-05
4.0531158447265625e-05
3.361701965332031e-05
6.937980651855469e-05
5.412101745605469e-05
4.863739013671875e-05
5.1975250244140625e-05
4.1484832763671875e-05
4.291534423828125e-05
4.172325134277344e-05
4.7206878662109375e-05
5.1975250244140625e-05
5.125999450683594e-05
5.245208740234375e-05
8.106231689453125e-05
4.4345855712890625e-05
5.555152893066406e-05
4.076957702636719e-05
5.245208740234375e-05
4.2438507080078125e-05
3.123283386230469e-05
3.790855407714844e-05
4.1961669921875e-05
4.220008850097656e-05
7.2479248046875e-05
6.318092346191406e-05
5.14984130859375e-05
2.6464462280273438e-05
5.1021575927734375e-05
3.7670135498046875e-05
2.8133392333984375e-05
5.030632019042969e-05
3.719329833984375e-05
2.6464462280273438e-05
5.6743621826171875e-05
3.314018249511719e-05
5.173683166503906e-05
3.647804260253906e-05
4.6253204345703125e-05
3.7670135498046875e-05
3.743171691894531e-05
2.7418136596679688e-05
3.9577484130859375e-05
4.6253204345703125e-05
2.8371810913085938e-05
4.220008850097656e-05
3.4809112548828125e-05
2.7894973754882812e-05
3.361701965332031e-05
3.147125244140625e-05
4.696846008300781e-05
3.409385681152344e-05
3.528594970703125e-05
4.38690185546875e-05
4.5299530029296875e-05
4.4345855712890625e-05
4.482269287109375e-05
4.220008850097656e-05
3.910064697265625e-05
2.6226043701171875e-05
2.7894973754882812e-05
3.886222839355469e-05
2.765655517578125e-05
3.147125244140625e-05
5.459785461425781e-05
3.170967102050781e-05
6.556510925292969e-05
4.0531158447265625e-05
4.029273986816406e-05
5.054473876953125e-05
5.6743621826171875e-05
4.220008850097656e-05
3.910064697265625e-05
5.030632019042969e-05
3.504753112792969e-05
2.8133392333984375e-05
4.172325134277344e-05
3.695487976074219e-05
4.7206878662109375e-05
6.842613220214844e-05
3.62396240234375e-05
3.743171691894531e-05
4.5299530029296875e-05
4.506111145019531e-05
3.528594970703125e-05
3.337860107421875e-05
5.4836273193359375e-05
5.412101745605469e-05
7.271766662597656e-05
4.57763671875e-05
8.344650268554688e-05
4.291534423828125e-05
6.127357482910156e-05
5.507469177246094e-05
4.935264587402344e-05
4.76837158203125e-05
7.987022399902344e-05
4.76837158203125e-05
5.125999450683594e-05
4.839897155761719e-05
5.221366882324219e-05
6.103515625e-05
6.4849853515625e-05
7.796287536621094e-05
8.296966552734375e-05
3.6716461181640625e-05
5.9604644775390625e-05
4.291534423828125e-05
3.6716461181640625e-05
4.4345855712890625e-05
4.00543212890625e-05
7.2479248046875e-05
7.581710815429688e-05
5.173683166503906e-05
6.341934204101562e-05
4.887580871582031e-05
5.0067901611328125e-05
6.103515625e-05
6.556510925292969e-05
5.650520324707031e-05
4.291534423828125e-05
4.839897155761719e-05
5.626678466796875e-05
5.054473876953125e-05
0.00011587142944335938
5.626678466796875e-05
5.340576171875e-05
5.14984130859375e-05
5.650520324707031e-05
4.887580871582031e-05
4.935264587402344e-05
4.124641418457031e-05
3.4809112548828125e-05
4.2438507080078125e-05
7.772445678710938e-05
5.078315734863281e-05
5.9604644775390625e-05
5.459785461425781e-05
5.5789947509765625e-05
5.030632019042969e-05
5.841255187988281e-05
3.647804260253906e-05
9.322166442871094e-05
3.4332275390625e-05
3.886222839355469e-05
4.2438507080078125e-05
5.340576171875e-05
4.363059997558594e-05
6.4849853515625e-05
4.00543212890625e-05
4.315376281738281e-05
