0.00010704994201660156
5.340576171875e-05
5.340576171875e-05
4.3392181396484375e-05
5.888938903808594e-05
4.4345855712890625e-05
5.269050598144531e-05
7.05718994140625e-05
3.504753112792969e-05
4.6253204345703125e-05
4.935264587402344e-05
2.8848648071289062e-05
2.956390380859375e-05
3.910064697265625e-05
2.9325485229492188e-05
4.220008850097656e-05
4.4345855712890625e-05
9.584426879882812e-05
5.459785461425781e-05
5.7220458984375e-05
4.458427429199219e-05
4.553794860839844e-05
7.200241088867188e-05
5.1975250244140625e-05
4.220008850097656e-05
4.267692565917969e-05
7.62939453125e-05
3.075599670410156e-05
5.173683166503906e-05
4.363059997558594e-05
4.2438507080078125e-05
4.982948303222656e-05
4.458427429199219e-05
4.76837158203125e-05
3.933906555175781e-05
5.507469177246094e-05
5.125999450683594e-05
4.839897155761719e-05
6.0558319091796875e-05
3.838539123535156e-05
3.695487976074219e-05
4.6253204345703125e-05
3.6716461181640625e-05
4.506111145019531e-05
4.5299530029296875e-05
4.76837158203125e-05
6.604194641113281e-05
5.793571472167969e-05
6.008148193359375e-05
3.0994415283203125e-05
5.125999450683594e-05
6.532669067382812e-05
7.009506225585938e-05
3.838539123535156e-05
4.792213439941406e-05
4.649162292480469e-05
2.956390380859375e-05
4.649162292480469e-05
2.7894973754882812e-05
3.409385681152344e-05
4.291534423828125e-05
5.0067901611328125e-05
3.24249267578125e-05
4.673004150390625e-05
3.218650817871094e-05
3.8623809814453125e-05
3.0040740966796875e-05
2.5987625122070312e-05
3.981590270996094e-05
2.5272369384765625e-05
4.5299530029296875e-05
3.3855438232421875e-05
3.62396240234375e-05
4.076957702636719e-05
4.2438507080078125e-05
3.0994415283203125e-05
2.8371810913085938e-05
4.410743713378906e-05
4.482269287109375e-05
6.914138793945312e-05
4.6253204345703125e-05
3.790855407714844e-05
5.340576171875e-05
3.552436828613281e-05
3.147125244140625e-05
5.459785461425781e-05
3.62396240234375e-05
5.14984130859375e-05
3.2901763916015625e-05
5.221366882324219e-05
4.1484832763671875e-05
3.695487976074219e-05
2.8848648071289062e-05
2.8133392333984375e-05
3.170967102050781e-05
5.364418029785156e-05
4.649162292480469e-05
3.886222839355469e-05
6.389617919921875e-05
3.933906555175781e-05
4.1484832763671875e-05
3.0517578125e-05
6.29425048828125e-05
5.2928924560546875e-05
3.4809112548828125e-05
4.506111145019531e-05
3.0279159545898438e-05
2.765655517578125e-05
6.67572021484375e-05
3.2901763916015625e-05
4.0531158447265625e-05
3.457069396972656e-05
3.075599670410156e-05
4.3392181396484375e-05
4.57763671875e-05
5.698204040527344e-05
6.771087646484375e-05
2.9802322387695312e-05
4.1484832763671875e-05
3.123283386230469e-05
3.409385681152344e-05
6.127357482910156e-05
4.57763671875e-05
4.935264587402344e-05
5.626678466796875e-05
5.1975250244140625e-05
3.2901763916015625e-05
3.647804260253906e-05
3.0040740966796875e-05
2.8133392333984375e-05
4.38690185546875e-05
4.100799560546875e-05
3.337860107421875e-05
4.792213439941406e-05
4.2438507080078125e-05
3.695487976074219e-05
4.673004150390625e-05
4.4345855712890625e-05
6.818771362304688e-05
6.556510925292969e-05
4.291534423828125e-05
4.863739013671875e-05
5.269050598144531e-05
6.437301635742188e-05
4.6253204345703125e-05
3.886222839355469e-05
5.030632019042969e-05
3.695487976074219e-05
4.00543212890625e-05
5.7697296142578125e-05
2.8133392333984375e-05
3.3855438232421875e-05
3.933906555175781e-05
5.269050598144531e-05
5.1975250244140625e-05
5.030632019042969e-05
3.266334533691406e-05
3.552436828613281e-05
4.4345855712890625e-05
5.507469177246094e-05
4.887580871582031e-05
3.933906555175781e-05
5.1975250244140625e-05
4.57763671875e-05
4.839897155761719e-05
4.57763671875e-05
4.100799560546875e-05
3.790855407714844e-05
6.580352783203125e-05
4.3392181396484375e-05
5.507469177246094e-05
6.532669067382812e-05
4.291534423828125e-05
3.886222839355469e-05
4.506111145019531e-05
4.482269287109375e-05
3.62396240234375e-05
7.128715515136719e-05
9.131431579589844e-05
6.67572021484375e-05
5.602836608886719e-05
4.6253204345703125e-05
6.175041198730469e-05
4.8160552978515625e-05
6.222724914550781e-05
5.1975250244140625e-05
4.100799560546875e-05
4.172325134277344e-05
5.221366882324219e-05
6.985664367675781e-05
4.1484832763671875e-05
6.818771362304688e-05
