8.20159912109375e-05
3.528594970703125e-05
9.179115295410156e-05
3.814697265625e-05
3.337860107421875e-05
8.177757263183594e-05
4.649162292480469e-05
3.24249267578125e-05
5.8650970458984375e-05
3.814697265625e-05
5.269050598144531e-05
5.4836273193359375e-05
4.6253204345703125e-05
5.269050598144531e-05
3.9577484130859375e-05
4.00543212890625e-05
4.9114227294921875e-05
9.083747863769531e-05
4.9591064453125e-05
5.8650970458984375e-05
4.7206878662109375e-05
5.3882598876953125e-05
3.123283386230469e-05
5.14984130859375e-05
4.7206878662109375e-05
3.5762786865234375e-05
7.05718994140625e-05
4.100799560546875e-05
3.8623809814453125e-05
3.504753112792969e-05
4.0531158447265625e-05
6.866455078125e-05
4.3392181396484375e-05
7.319450378417969e-05
5.316734313964844e-05
4.744529724121094e-05
4.863739013671875e-05
4.9114227294921875e-05
3.0040740966796875e-05
3.790855407714844e-05
4.076957702636719e-05
3.0994415283203125e-05
3.552436828613281e-05
5.3882598876953125e-05
4.57763671875e-05
3.7670135498046875e-05
3.886222839355469e-05
5.14984130859375e-05
4.291534423828125e-05
5.888938903808594e-05
3.552436828613281e-05
6.723403930664062e-05
3.409385681152344e-05
9.584426879882812e-05
4.887580871582031e-05
6.151199340820312e-05
4.601478576660156e-05
4.482269287109375e-05
3.4809112548828125e-05
3.147125244140625e-05
4.57763671875e-05
4.100799560546875e-05
3.790855407714844e-05
4.935264587402344e-05
2.9802322387695312e-05
2.7418136596679688e-05
7.295608520507812e-05
5.626678466796875e-05
4.458427429199219e-05
4.1484832763671875e-05
8.463859558105469e-05
5.555152893066406e-05
3.790855407714844e-05
4.124641418457031e-05
4.291534423828125e-05
2.9325485229492188e-05
3.6716461181640625e-05
7.104873657226562e-05
4.57763671875e-05
3.3855438232421875e-05
3.457069396972656e-05
5.14984130859375e-05
4.267692565917969e-05
4.506111145019531e-05
2.8848648071289062e-05
5.745887756347656e-05
3.600120544433594e-05
5.221366882324219e-05
4.673004150390625e-05
4.291534423828125e-05
3.7670135498046875e-05
4.887580871582031e-05
3.7670135498046875e-05
4.935264587402344e-05
3.7670135498046875e-05
6.031990051269531e-05
9.417533874511719e-05
4.0531158447265625e-05
2.8848648071289062e-05
4.410743713378906e-05
3.695487976074219e-05
5.745887756347656e-05
4.744529724121094e-05
2.6464462280273438e-05
6.556510925292969e-05
3.528594970703125e-05
4.9114227294921875e-05
9.107589721679688e-05
5.173683166503906e-05
5.14984130859375e-05
6.341934204101562e-05
4.38690185546875e-05
3.8623809814453125e-05
3.075599670410156e-05
3.838539123535156e-05
6.461143493652344e-05
6.818771362304688e-05
3.8623809814453125e-05
4.410743713378906e-05
2.8848648071289062e-05
4.553794860839844e-05
3.075599670410156e-05
7.104873657226562e-05
3.266334533691406e-05
4.100799560546875e-05
3.743171691894531e-05
6.0558319091796875e-05
4.267692565917969e-05
4.553794860839844e-05
5.221366882324219e-05
4.267692565917969e-05
6.198883056640625e-05
6.151199340820312e-05
5.245208740234375e-05
4.100799560546875e-05
4.6253204345703125e-05
3.910064697265625e-05
3.457069396972656e-05
6.365776062011719e-05
4.9591064453125e-05
4.935264587402344e-05
3.4332275390625e-05
5.173683166503906e-05
3.337860107421875e-05
6.4849853515625e-05
6.0558319091796875e-05
3.409385681152344e-05
6.270408630371094e-05
7.009506225585938e-05
3.147125244140625e-05
2.956390380859375e-05
5.269050598144531e-05
4.172325134277344e-05
3.719329833984375e-05
3.337860107421875e-05
7.677078247070312e-05
3.981590270996094e-05
5.412101745605469e-05
4.8160552978515625e-05
5.078315734863281e-05
3.9577484130859375e-05
6.389617919921875e-05
3.4809112548828125e-05
4.38690185546875e-05
7.486343383789062e-05
3.7670135498046875e-05
6.890296936035156e-05
3.7670135498046875e-05
6.222724914550781e-05
3.5762786865234375e-05
2.9087066650390625e-05
7.43865966796875e-05
3.647804260253906e-05
4.57763671875e-05
7.677078247070312e-05
5.745887756347656e-05
4.2438507080078125e-05
3.719329833984375e-05
2.8133392333984375e-05
5.125999450683594e-05
6.794929504394531e-05
6.413459777832031e-05
4.00543212890625e-05
6.151199340820312e-05
3.4809112548828125e-05
