6.914138793945312e-05
3.790855407714844e-05
5.1975250244140625e-05
4.9114227294921875e-05
3.337860107421875e-05
4.315376281738281e-05
5.125999450683594e-05
3.552436828613281e-05
4.863739013671875e-05
4.1961669921875e-05
3.886222839355469e-05
3.981590270996094e-05
5.1975250244140625e-05
6.341934204101562e-05
6.103515625e-05
3.647804260253906e-05
5.1975250244140625e-05
2.47955322265625e-05
4.863739013671875e-05
3.9577484130859375e-05
0.00010919570922851562
3.933906555175781e-05
4.9114227294921875e-05
3.2901763916015625e-05
5.125999450683594e-05
5.173683166503906e-05
3.838539123535156e-05
5.269050598144531e-05
4.649162292480469e-05
9.822845458984375e-05
5.3882598876953125e-05
5.555152893066406e-05
6.771087646484375e-05
4.57763671875e-05
4.6253204345703125e-05
4.553794860839844e-05
5.817413330078125e-05
4.3392181396484375e-05
4.7206878662109375e-05
4.76837158203125e-05
4.673004150390625e-05
4.410743713378906e-05
3.5762786865234375e-05
5.626678466796875e-05
4.57763671875e-05
4.220008850097656e-05
4.601478576660156e-05
4.363059997558594e-05
3.910064697265625e-05
4.0531158447265625e-05
5.316734313964844e-05
4.076957702636719e-05
4.601478576660156e-05
4.291534423828125e-05
4.1961669921875e-05
5.5789947509765625e-05
5.078315734863281e-05
3.933906555175781e-05
5.173683166503906e-05
3.170967102050781e-05
3.2901763916015625e-05
3.147125244140625e-05
4.553794860839844e-05
3.6716461181640625e-05
4.458427429199219e-05
3.814697265625e-05
3.218650817871094e-05
4.100799560546875e-05
4.649162292480469e-05
3.552436828613281e-05
4.38690185546875e-05
5.221366882324219e-05
6.532669067382812e-05
3.790855407714844e-05
6.556510925292969e-05
3.790855407714844e-05
3.147125244140625e-05
3.552436828613281e-05
3.8623809814453125e-05
4.100799560546875e-05
3.0040740966796875e-05
3.528594970703125e-05
3.218650817871094e-05
3.337860107421875e-05
3.695487976074219e-05
2.86102294921875e-05
6.246566772460938e-05
3.3855438232421875e-05
4.4345855712890625e-05
3.647804260253906e-05
3.790855407714844e-05
3.528594970703125e-05
0.00010061264038085938
3.314018249511719e-05
3.337860107421875e-05
2.765655517578125e-05
3.1948089599609375e-05
6.0558319091796875e-05
2.9802322387695312e-05
2.9087066650390625e-05
4.267692565917969e-05
3.647804260253906e-05
3.528594970703125e-05
4.100799560546875e-05
2.9325485229492188e-05
5.078315734863281e-05
4.458427429199219e-05
3.552436828613281e-05
6.866455078125e-05
4.744529724121094e-05
3.790855407714844e-05
4.315376281738281e-05
2.9087066650390625e-05
3.552436828613281e-05
3.4332275390625e-05
4.601478576660156e-05
4.124641418457031e-05
5.340576171875e-05
3.814697265625e-05
4.601478576660156e-05
3.147125244140625e-05
3.743171691894531e-05
2.5272369384765625e-05
4.887580871582031e-05
3.337860107421875e-05
3.314018249511719e-05
4.696846008300781e-05
4.363059997558594e-05
4.363059997558594e-05
4.863739013671875e-05
3.695487976074219e-05
4.220008850097656e-05
4.410743713378906e-05
3.981590270996094e-05
5.555152893066406e-05
4.410743713378906e-05
5.817413330078125e-05
5.316734313964844e-05
4.0531158447265625e-05
7.05718994140625e-05
5.221366882324219e-05
4.5299530029296875e-05
3.314018249511719e-05
5.078315734863281e-05
4.458427429199219e-05
3.838539123535156e-05
4.601478576660156e-05
3.910064697265625e-05
4.7206878662109375e-05
4.00543212890625e-05
7.271766662597656e-05
4.4345855712890625e-05
7.748603820800781e-05
5.793571472167969e-05
5.888938903808594e-05
2.8848648071289062e-05
5.078315734863281e-05
3.910064697265625e-05
4.220008850097656e-05
5.1021575927734375e-05
5.936622619628906e-05
4.863739013671875e-05
6.318092346191406e-05
3.0517578125e-05
3.8623809814453125e-05
4.887580871582031e-05
7.05718994140625e-05
6.198883056640625e-05
3.695487976074219e-05
5.364418029785156e-05
4.291534423828125e-05
3.62396240234375e-05
9.1552734375e-05
3.3855438232421875e-05
3.814697265625e-05
5.435943603515625e-05
4.124641418457031e-05
4.982948303222656e-05
7.605552673339844e-05
3.814697265625e-05
4.4345855712890625e-05
4.2438507080078125e-05
4.1961669921875e-05
6.198883056640625e-05
4.1961669921875e-05
3.814697265625e-05
