303	id-00000	8	10	1	3	1700.0	1700.0	1700.05	1700.2348	1703.0	5.235	COMPLETED
303	id-00001	10	12	1	1	1700.0	1700.0	1700.05	1701.0	1701.0	7.722	EXPIRED
303	id-00002	6	11	1	5	1702.0	1702.0	1702.05	1702.3016	1707.0	3.69	COMPLETED
303	id-00003	9	15	1	3	1703.0	1703.0	1703.04	1703.3278	1706.0	4.051	COMPLETED
303	id-00004	4	2	2	1	1703.0	1703.0	1703.2	1704.0	1704.0	12.355	EXPIRED
303	id-00005	5	9	7	2	1703.0	1703.0	1703.7	1703.9146	1705.0	54.054	COMPLETED
303	id-00006	9	4	6	2	1705.0	1705.0	1705.25	1705.3612	1707.0	25.321	COMPLETED
303	id-00007	5	8	4	3	1706.0	1706.0	1706.18	1706.3597	1709.0	10.506	COMPLETED
303	id-00008	4	7	10	1	1709.0	1709.0	1709.45	1710.0	1710.0	19.314	EXPIRED
303	id-00009	3	6	9	1	1711.0	1711.0	1711.41	1712.0	1712.0	11.265	EXPIRED
303	id-00010	8	2	5	4	1711.0	1711.0	1711.22	1711.5702	1715.0	20.959	COMPLETED
303	id-00011	4	6	2	2	1712.0	1712.0	1712.09	1712.5422	1714.0	3.863	COMPLETED
303	id-00012	7	6	5	5	1714.0	1714.0	1714.23	1714.5212	1719.0	20.528	COMPLETED
303	id-00013	3	5	9	3	1715.0	1715.0	1715.82	1715.9353	1718.0	22.53	COMPLETED
303	id-00014	2	3	9	4	1715.0	1715.0	1715.82	1716.2657	1719.0	25.328	COMPLETED
303	id-00015	1	2	10	1	1717.0	1717.0	1717.5	1718.0	1718.0	7.722	EXPIRED
303	id-00016	6	10	4	4	1719.0	1719.0	1719.18	1719.4063	1723.0	13.285	COMPLETED
303	id-00017	10	5	4	1	1720.0	1720.0	1720.36	1721.0	1721.0	48.81	EXPIRED
303	id-00018	5	4	10	3	1720.0	1720.0	1720.91	1721.0114	1723.0	70.27	COMPLETED
303	id-00019	7	8	8	1	1722.0	1722.0	1722.36	1723.0	1723.0	32.131	EXPIRED
303	id-00020	2	2	1	4	1722.0	1722.0	1722.04	1722.4379	1726.0	0.481	COMPLETED
303	id-00021	8	11	3	1	1722.0	1722.0	1722.14	1723.0	1723.0	14.657	EXPIRED
303	id-00022	5	9	4	5	1724.0	1724.0	1724.18	1724.3804	1729.0	10.506	COMPLETED
303	id-00023	5	2	6	5	1725.0	1725.0	1725.29	1725.4474	1730.0	19.66	COMPLETED
303	id-00024	10	7	7	2	1726.0	1726.0	1726.91	1727.2602	1728.0	114.802	COMPLETED
303	id-00025	2	4	10	5	1726.0	1726.0	1727.3	1727.4953	1731.0	40.154	COMPLETED
303	id-00026	3	5	3	1	1726.0	1726.0	1726.39	1727.0	1727.0	18.069	EXPIRED
303	id-00027	9	7	6	2	1728.0	1728.0	1728.25	1728.5212	1730.0	25.321	COMPLETED
303	id-00028	5	4	1	4	1728.0	1728.0	1728.04	1728.1815	1732.0	1.957	COMPLETED
303	id-00029	10	17	1	1	1729.0	1729.0	1729.04	1730.0	1730.0	5.046	EXPIRED
303	id-00030	5	2	5	3	1732.0	1732.0	1732.24	1732.423	1735.0	16.27	COMPLETED
303	id-00031	9	11	9	1	1732.0	1732.0	1732.38	1733.0	1733.0	38.488	EXPIRED
303	id-00032	4	4	7	5	1732.0	1732.0	1732.3	1732.4826	1737.0	10.048	COMPLETED
303	id-00033	8	9	2	5	1733.0	1733.0	1733.1	1733.5381	1738.0	11.412	COMPLETED
303	id-00034	7	2	4	2	1735.0	1735.0	1735.19	1735.6067	1737.0	18.749	COMPLETED
303	id-00035	3	5	3	3	1735.0	1735.0	1735.13	1735.5615	1738.0	2.346	COMPLETED
303	id-00036	3	4	7	3	1736.0	1736.0	1736.33	1736.5325	1739.0	12.178	COMPLETED
303	id-00037	10	16	2	5	1739.0	1739.0	1739.09	1739.5636	1744.0	11.354	COMPLETED
303	id-00038	10	11	5	1	1740.0	1740.0	1740.43	1741.0	1741.0	54.247	EXPIRED
303	id-00039	3	3	4	2	1740.0	1740.0	1740.35	1740.5539	1742.0	16.216	COMPLETED
303	id-00040	6	7	9	4	1740.0	1740.0	1740.41	1740.5963	1744.0	30.261	COMPLETED
303	id-00041	9	10	6	1	1741.0	1741.0	1741.24	1742.0	1742.0	22.045	EXPIRED
303	id-00042	1	2	3	3	1743.0	1743.0	1743.15	1743.6212	1746.0	2.317	COMPLETED
303	id-00043	2	3	6	2	1743.0	1743.0	1743.29	1743.6757	1745.0	6.223	COMPLETED
303	id-00044	9	11	2	4	1747.0	1747.0	1747.09	1747.3943	1751.0	10.813	COMPLETED
303	id-00045	10	15	7	1	1748.0	1748.0	1748.3	1749.0	1749.0	37.847	EXPIRED
303	id-00046	7	12	9	1	1748.0	1748.0	1748.38	1749.0	1749.0	26.75	EXPIRED
303	id-00047	3	5	7	4	1750.0	1750.0	1750.33	1750.784	1754.0	12.178	COMPLETED
303	id-00048	3	2	10	2	1753.0	1753.0	1753.48	1753.7946	1755.0	17.714	COMPLETED
303	id-00049	4	3	7	1	1754.0	1754.0	1754.33	1755.0	1755.0	17.275	EXPIRED
303	id-00050	9	17	2	2	1754.0	1754.0	1754.08	1754.2977	1756.0	8.103	COMPLETED
303	id-00051	1	2	10	4	1755.0	1755.0	1755.5	1755.7278	1759.0	7.722	COMPLETED
303	id-00052	9	4	9	5	1755.0	1755.0	1755.39	1755.8507	1760.0	43.178	COMPLETED
303	id-00053	9	12	4	1	1757.0	1757.0	1757.17	1758.0	1758.0	18.821	EXPIRED
303	id-00054	9	2	10	4	1757.0	1757.0	1757.45	1757.9095	1761.0	54.063	COMPLETED
303	id-00055	6	8	7	1	1759.0	1759.0	1759.33	1760.0	1760.0	27.468	EXPIRED
303	id-00056	3	6	10	5	1759.0	1759.0	1759.43	1759.5427	1764.0	7.761	COMPLETED
303	id-00057	1	2	8	1	1760.0	1760.0	1760.4	1761.0	1761.0	6.178	EXPIRED
303	id-00058	3	5	6	3	1760.0	1760.0	1760.27	1760.5879	1763.0	7.419	COMPLETED
303	id-00059	5	5	3	5	1763.0	1763.0	1763.14	1763.2761	1768.0	8.171	COMPLETED
303	id-00060	10	11	10	3	1764.0	1764.0	1764.45	1764.7175	1767.0	61.013	COMPLETED
303	id-00061	5	5	1	1	1765.0	1765.0	1765.04	1766.0	1766.0	1.957	EXPIRED
303	id-00062	2	3	2	3	1767.0	1767.0	1767.1	1767.5148	1770.0	3.089	COMPLETED
303	id-00063	10	6	9	5	1768.0	1768.0	1768.78	1769.1501	1773.0	98.402	COMPLETED
303	id-00064	4	4	2	4	1768.0	1768.0	1768.17	1768.6629	1772.0	10.502	COMPLETED
303	id-00065	5	6	3	4	1769.0	1769.0	1769.13	1769.629	1773.0	6.362	COMPLETED
303	id-00066	1	2	10	5	1770.0	1770.0	1770.5	1770.7224	1775.0	7.722	COMPLETED
303	id-00067	7	4	6	4	1773.0	1773.0	1773.27	1773.559	1777.0	24.098	COMPLETED
303	id-00068	4	7	3	2	1774.0	1774.0	1774.27	1774.7646	1776.0	11.588	COMPLETED
303	id-00069	4	6	10	4	1774.0	1774.0	1774.91	1775.3606	1778.0	56.216	COMPLETED
303	id-00070	3	4	5	5	1775.0	1775.0	1775.24	1775.3927	1780.0	8.857	COMPLETED
303	id-00071	5	4	10	2	1777.0	1777.0	1777.48	1777.7248	1779.0	32.54	COMPLETED
303	id-00072	5	6	10	1	1778.0	1778.0	1778.48	1779.0	1779.0	32.54	EXPIRED
303	id-00073	10	6	7	2	1779.0	1779.0	1779.29	1779.4376	1781.0	33.851	COMPLETED
303	id-00074	9	6	7	3	1780.0	1780.0	1780.27	1780.6552	1783.0	22.256	COMPLETED
303	id-00075	9	15	1	4	1780.0	1780.0	1780.09	1780.3472	1784.0	9.964	COMPLETED
303	id-00076	3	6	6	4	1780.0	1780.0	1780.52	1780.8088	1784.0	24.093	COMPLETED
303	id-00077	10	9	7	3	1782.0	1782.0	1782.3	1782.4293	1785.0	37.847	COMPLETED
303	id-00078	6	3	5	4	1783.0	1783.0	1783.24	1783.369	1787.0	19.977	COMPLETED
303	id-00079	3	3	8	5	1783.0	1783.0	1783.31	1783.4197	1788.0	5.595	COMPLETED
303	id-00080	7	13	10	4	1783.0	1783.0	1783.43	1783.5985	1787.0	34.324	COMPLETED
303	id-00081	9	10	7	2	1785.0	1785.0	1785.29	1785.4311	1787.0	29.372	COMPLETED
303	id-00082	5	2	9	1	1787.0	1787.0	1787.45	1788.0	1788.0	34.749	EXPIRED
303	id-00083	8	15	1	2	1787.0	1787.0	1787.04	1787.4327	1789.0	3.434	COMPLETED
303	id-00084	2	2	5	1	1788.0	1788.0	1788.25	1789.0	1789.0	7.722	EXPIRED
303	id-00085	1	2	3	1	1788.0	1788.0	1788.15	1789.0	1789.0	2.317	EXPIRED
303	id-00086	1	2	9	4	1792.0	1792.0	1792.45	1792.7044	1796.0	6.95	COMPLETED
303	id-00087	8	12	9	4	1792.0	1792.0	1792.45	1792.6442	1796.0	55.598	COMPLETED
303	id-00088	6	12	9	1	1792.0	1792.0	1792.36	1793.0	1793.0	16.389	EXPIRED
303	id-00089	10	3	9	2	1794.0	1794.0	1794.36	1794.7246	1796.0	38.628	COMPLETED
303	id-00090	10	14	6	1	1795.0	1795.0	1795.25	1796.0	1796.0	29.182	EXPIRED
303	id-00091	8	10	8	3	1795.0	1795.0	1795.36	1795.5329	1798.0	37.691	COMPLETED
303	id-00092	6	3	7	1	1796.0	1796.0	1796.7	1797.0	1797.0	64.865	EXPIRED
303	id-00093	1	2	1	5	1796.0	1796.0	1796.1	1796.5141	1801.0	1.544	COMPLETED
303	id-00094	9	2	6	1	1798.0	1798.0	1798.22	1799.0	1799.0	16.06	EXPIRED
303	id-00095	9	9	5	1	1799.0	1799.0	1799.19	1800.0	1800.0	13.87	EXPIRED
303	id-00096	3	6	7	5	1802.0	1802.0	1802.7	1803.0478	1807.0	32.432	COMPLETED
303	id-00097	4	5	5	4	1802.0	1802.0	1802.5	1802.6998	1806.0	30.888	COMPLETED
303	id-00098	6	10	5	2	1803.0	1803.0	1803.5	1803.7075	1805.0	46.332	COMPLETED
303	id-00099	2	2	1	5	1803.0	1803.0	1803.1	1803.2564	1808.0	3.089	COMPLETED
303	id-00100	9	12	5	1	1805.0	1805.0	1805.19	1806.0	1806.0	13.87	EXPIRED
303	id-00101	10	9	8	4	1806.0	1806.0	1806.32	1806.6074	1810.0	34.336	COMPLETED
303	id-00102	3	3	4	5	1807.0	1807.0	1807.19	1807.4152	1812.0	7.012	COMPLETED
303	id-00103	5	3	5	4	1808.0	1808.0	1808.24	1808.3846	1812.0	16.27	COMPLETED
303	id-00104	5	3	7	5	1808.0	1808.0	1808.26	1808.5411	1813.0	7.821	COMPLETED
303	id-00105	2	2	7	3	1813.0	1813.0	1813.35	1813.5887	1816.0	10.811	COMPLETED
303	id-00106	2	4	3	4	1813.0	1813.0	1813.14	1813.3838	1817.0	3.004	COMPLETED
303	id-00107	10	2	1	2	1814.0	1814.0	1814.04	1814.1726	1816.0	4.292	COMPLETED
303	id-00108	10	14	8	3	1822.0	1822.0	1822.3	1822.6077	1825.0	26.533	COMPLETED
303	id-00109	8	3	7	3	1824.0	1824.0	1824.35	1824.6422	1827.0	43.243	COMPLETED
303	id-00110	7	11	4	2	1824.0	1824.0	1824.14	1824.2752	1826.0	5.896	COMPLETED
303	id-00111	5	9	9	4	1824.0	1824.0	1824.33	1824.4662	1828.0	9.926	COMPLETED
303	id-00112	7	5	6	2	1827.0	1827.0	1827.3	1827.4946	1829.0	32.432	COMPLETED
303	id-00113	5	10	3	3	1827.0	1827.0	1827.12	1827.3256	1830.0	3.61	COMPLETED
303	id-00114	10	9	10	5	1827.0	1827.0	1827.38	1827.6435	1832.0	37.191	COMPLETED
303	id-00115	3	3	10	2	1828.0	1828.0	1828.5	1828.7321	1830.0	23.166	COMPLETED
303	id-00116	7	2	9	1	1828.0	1828.0	1828.35	1829.0	1829.0	18.039	EXPIRED
303	id-00117	10	13	6	1	1829.0	1829.0	1829.23	1830.0	1830.0	22.511	EXPIRED
303	id-00118	8	14	6	2	1829.0	1829.0	1829.46	1829.9527	1831.0	30.813	COMPLETED
303	id-00119	8	7	1	5	1829.0	1829.0	1829.08	1829.3548	1834.0	9.884	COMPLETED
303	id-00120	3	5	5	5	1830.0	1830.0	1830.25	1830.6797	1835.0	11.583	COMPLETED
303	id-00121	7	7	1	1	1830.0	1830.0	1830.04	1831.0	1831.0	2.816	EXPIRED
303	id-00122	7	7	4	2	1831.0	1831.0	1831.2	1831.3754	1833.0	21.622	COMPLETED
303	id-00123	10	8	10	3	1832.0	1832.0	1832.74	1833.1598	1835.0	65.449	COMPLETED
303	id-00124	5	2	10	5	1832.0	1832.0	1832.74	1833.1425	1837.0	57.143	COMPLETED
303	id-00125	3	3	8	3	1833.0	1833.0	1833.8	1834.2684	1836.0	37.066	COMPLETED
303	id-00126	3	2	10	4	1833.0	1833.0	1834.0	1834.385	1837.0	46.332	COMPLETED
303	id-00127	3	2	1	1	1833.0	1833.0	1833.04	1834.0	1834.0	0.722	EXPIRED
303	id-00128	9	10	10	5	1835.0	1835.0	1835.42	1835.6866	1840.0	42.539	COMPLETED
303	id-00129	2	3	5	3	1836.0	1836.0	1836.25	1836.53	1839.0	7.722	COMPLETED
303	id-00130	2	2	1	2	1837.0	1837.0	1837.05	1837.4269	1839.0	1.544	COMPLETED
303	id-00131	1	2	8	2	1837.0	1837.0	1837.4	1837.5319	1839.0	6.178	COMPLETED
303	id-00132	6	11	7	2	1838.0	1838.0	1838.35	1838.7018	1840.0	32.432	COMPLETED
303	id-00133	9	16	7	3	1839.0	1839.0	1839.29	1839.7078	1842.0	29.372	COMPLETED
303	id-00134	5	7	5	5	1841.0	1841.0	1841.24	1841.7368	1846.0	16.27	COMPLETED
303	id-00135	5	6	5	3	1842.0	1842.0	1842.24	1842.5804	1845.0	16.27	COMPLETED
303	id-00136	10	19	3	3	1845.0	1845.0	1845.22	1845.4444	1848.0	19.458	COMPLETED
303	id-00137	2	2	4	4	1845.0	1845.0	1845.3	1845.7779	1849.0	9.266	COMPLETED
303	id-00138	10	16	7	4	1845.0	1845.0	1845.28	1845.5938	1849.0	30.044	COMPLETED
303	id-00139	7	11	1	4	1845.0	1845.0	1845.1	1845.5263	1849.0	9.868	COMPLETED
303	id-00140	6	3	5	1	1845.0	1845.0	1845.48	1846.0	1846.0	44.479	EXPIRED
303	id-00141	3	4	10	1	1846.0	1846.0	1846.5	1847.0	1847.0	23.166	EXPIRED
303	id-00142	9	12	3	1	1848.0	1848.0	1848.12	1849.0	1849.0	11.023	EXPIRED
303	id-00143	2	3	9	2	1849.0	1849.0	1849.45	1849.7999	1851.0	13.9	COMPLETED
303	id-00144	4	4	10	1	1850.0	1850.0	1851.0	1851.0	1851.0	61.776	EXPIRED
303	id-00145	4	3	9	1	1850.0	1850.0	1850.9	1851.0	1851.0	55.598	EXPIRED
303	id-00146	9	8	8	3	1851.0	1851.0	1851.32	1851.7201	1854.0	29.394	COMPLETED
303	id-00147	2	2	3	2	1852.0	1852.0	1852.15	1852.6166	1854.0	4.633	COMPLETED
303	id-00148	10	7	9	4	1852.0	1852.0	1852.36	1852.5941	1856.0	38.628	COMPLETED
303	id-00149	7	5	9	3	1852.0	1852.0	1852.38	1852.6653	1855.0	26.75	COMPLETED
303	id-00150	8	8	8	3	1853.0	1853.0	1853.4	1853.6061	1856.0	49.421	COMPLETED
303	id-00151	5	8	5	1	1855.0	1855.0	1855.25	1856.0	1856.0	19.305	EXPIRED
303	id-00152	3	3	3	5	1856.0	1856.0	1856.15	1856.4701	1861.0	6.95	COMPLETED
303	id-00153	5	3	7	2	1858.0	1858.0	1858.35	1858.5271	1860.0	27.027	COMPLETED
303	id-00154	3	2	1	5	1861.0	1861.0	1861.05	1861.3751	1866.0	2.317	COMPLETED
303	id-00155	8	5	10	2	1861.0	1861.0	1861.42	1861.5877	1863.0	36.053	COMPLETED
303	id-00156	8	11	2	5	1861.0	1861.0	1861.08	1861.5596	1866.0	6.113	COMPLETED
303	id-00157	8	16	7	5	1861.0	1861.0	1861.27	1861.6212	1866.0	18.086	COMPLETED
303	id-00158	9	2	4	2	1862.0	1862.0	1862.17	1862.3669	1864.0	17.218	COMPLETED
303	id-00159	8	5	1	5	1863.0	1863.0	1863.05	1863.2615	1868.0	6.178	COMPLETED
303	id-00160	10	9	5	1	1865.0	1865.0	1865.2	1866.0	1866.0	21.46	EXPIRED
303	id-00161	5	9	2	3	1866.0	1866.0	1866.1	1866.258	1869.0	7.722	COMPLETED
303	id-00162	9	2	7	3	1866.0	1866.0	1866.3	1866.6504	1869.0	33.214	COMPLETED
303	id-00163	9	4	10	2	1868.0	1868.0	1868.43	1868.8468	1870.0	47.606	COMPLETED
303	id-00164	2	2	1	3	1871.0	1871.0	1871.05	1871.3774	1874.0	1.544	COMPLETED
303	id-00165	1	2	7	2	1871.0	1871.0	1871.32	1871.6339	1873.0	1.925	COMPLETED
303	id-00166	4	6	6	2	1872.0	1872.0	1872.27	1872.4027	1874.0	11.588	COMPLETED
303	id-00167	9	12	5	1	1874.0	1874.0	1874.2	1875.0	1875.0	18.371	EXPIRED
303	id-00168	9	15	6	3	1874.0	1874.0	1874.23	1874.6541	1877.0	18.958	COMPLETED
303	id-00169	7	9	9	3	1875.0	1875.0	1875.41	1875.6058	1878.0	36.593	COMPLETED
303	id-00170	6	11	8	2	1876.0	1876.0	1876.36	1876.4743	1878.0	26.571	COMPLETED
303	id-00171	7	10	4	5	1878.0	1878.0	1878.18	1878.5411	1883.0	16.065	COMPLETED
303	id-00172	2	2	9	3	1878.0	1878.0	1878.36	1878.8145	1881.0	4.332	COMPLETED
303	id-00173	10	13	4	3	1878.0	1878.0	1878.33	1878.7623	1881.0	38.52	COMPLETED
303	id-00174	2	3	8	5	1878.0	1878.0	1878.67	1879.1331	1883.0	20.695	COMPLETED
303	id-00175	9	2	1	2	1880.0	1880.0	1880.04	1880.4886	1882.0	2.92	COMPLETED
303	id-00176	1	2	7	1	1880.0	1880.0	1880.56	1881.0	1881.0	3.369	EXPIRED
303	id-00177	9	11	3	4	1880.0	1880.0	1880.24	1880.6084	1884.0	24.308	COMPLETED
303	id-00178	1	2	1	5	1881.0	1881.0	1881.05	1881.3731	1886.0	0.772	COMPLETED
303	id-00179	4	2	8	5	1881.0	1881.0	1881.73	1882.033	1886.0	31.332	COMPLETED
303	id-00180	3	2	10	4	1881.0	1881.0	1881.91	1882.2552	1885.0	42.162	COMPLETED
303	id-00181	7	8	2	4	1885.0	1885.0	1885.17	1885.5199	1889.0	11.967	COMPLETED
303	id-00182	1	2	8	2	1885.0	1885.0	1885.67	1885.8122	1887.0	10.347	COMPLETED
303	id-00183	4	5	6	4	1886.0	1886.0	1886.25	1886.5724	1890.0	6.016	COMPLETED
303	id-00184	1	2	1	4	1887.0	1887.0	1887.05	1887.4316	1891.0	0.772	COMPLETED
303	id-00185	2	3	6	2	1887.0	1887.0	1887.25	1887.3647	1889.0	3.008	COMPLETED
303	id-00186	3	5	3	1	1888.0	1888.0	1888.12	1889.0	1889.0	2.166	EXPIRED
303	id-00187	4	8	7	3	1890.0	1890.0	1890.58	1890.6928	1893.0	13.957	COMPLETED
303	id-00188	1	2	4	2	1890.0	1890.0	1890.33	1890.8195	1892.0	5.097	COMPLETED
303	id-00189	8	10	2	5	1893.0	1893.0	1893.08	1893.401	1898.0	6.867	COMPLETED
303	id-00190	1	2	9	4	1895.0	1895.0	1895.45	1895.9484	1899.0	6.95	COMPLETED
303	id-00191	8	14	5	4	1895.0	1895.0	1895.21	1895.694	1899.0	18.026	COMPLETED
303	id-00192	1	2	10	1	1895.0	1895.0	1895.42	1896.0	1896.0	2.527	EXPIRED
303	id-00193	9	9	1	4	1896.0	1896.0	1896.04	1896.2663	1900.0	4.051	COMPLETED
303	id-00194	1	2	2	5	1898.0	1898.0	1898.1	1898.2277	1903.0	1.544	COMPLETED
303	id-00195	10	17	9	5	1898.0	1898.0	1898.36	1898.8157	1903.0	38.628	COMPLETED
303	id-00196	9	7	6	2	1899.0	1899.0	1899.25	1899.5885	1901.0	25.321	COMPLETED
303	id-00197	3	6	9	1	1900.0	1900.0	1900.38	1901.0	1901.0	6.858	EXPIRED
303	id-00198	8	3	5	1	1900.0	1900.0	1900.19	1901.0	1901.0	12.727	EXPIRED
303	id-00199	1	2	5	4	1901.0	1901.0	1901.25	1901.5529	1905.0	3.861	COMPLETED
303	id-00200	1	2	1	4	1903.0	1903.0	1903.05	1903.167	1907.0	0.772	COMPLETED
303	id-00201	7	13	7	5	1903.0	1903.0	1903.29	1903.7229	1908.0	20.415	COMPLETED
303	id-00202	1	2	4	1	1904.0	1904.0	1904.2	1905.0	1905.0	3.089	EXPIRED
303	id-00203	1	2	1	1	1905.0	1905.0	1905.05	1906.0	1906.0	0.772	EXPIRED
303	id-00204	9	11	5	5	1906.0	1906.0	1906.19	1906.5203	1911.0	15.661	COMPLETED
303	id-00205	10	16	7	3	1906.0	1906.0	1906.26	1906.6943	1909.0	22.995	COMPLETED
303	id-00206	8	6	3	4	1909.0	1909.0	1909.13	1909.611	1913.0	12.385	COMPLETED
303	id-00207	8	9	5	4	1910.0	1910.0	1910.22	1910.7141	1914.0	20.959	COMPLETED
303	id-00208	9	2	2	3	1913.0	1913.0	1913.08	1913.2959	1916.0	7.348	COMPLETED
303	id-00209	4	7	8	3	1914.0	1914.0	1914.35	1914.5115	1917.0	11.722	COMPLETED
303	id-00210	5	9	10	5	1917.0	1917.0	1917.45	1917.7203	1922.0	26.264	COMPLETED
303	id-00211	3	6	6	1	1918.0	1918.0	1918.27	1919.0	1919.0	7.419	EXPIRED
303	id-00212	7	2	2	1	1918.0	1918.0	1918.09	1919.0	1919.0	7.184	EXPIRED
303	id-00213	8	9	7	4	1919.0	1919.0	1919.32	1919.5928	1923.0	33.503	COMPLETED
303	id-00214	8	6	1	4	1920.0	1920.0	1920.05	1920.3705	1924.0	5.235	COMPLETED
303	id-00215	6	10	5	5	1920.0	1920.0	1920.21	1920.472	1925.0	11.54	COMPLETED
303	id-00216	3	6	3	5	1922.0	1922.0	1922.14	1922.3962	1927.0	3.847	COMPLETED
303	id-00217	7	13	8	2	1923.0	1923.0	1923.36	1923.7878	1925.0	32.131	COMPLETED
303	id-00218	9	9	1	3	1923.0	1923.0	1923.04	1923.1637	1926.0	4.051	COMPLETED
303	id-00219	8	7	3	2	1925.0	1925.0	1925.13	1925.6036	1927.0	12.385	COMPLETED
303	id-00220	3	3	10	1	1926.0	1926.0	1926.43	1927.0	1927.0	7.761	EXPIRED
303	id-00221	7	13	6	3	1927.0	1927.0	1927.26	1927.7436	1930.0	20.754	COMPLETED
303	id-00222	7	2	4	4	1927.0	1927.0	1927.17	1927.2906	1931.0	11.967	COMPLETED
303	id-00223	8	10	4	4	1927.0	1927.0	1927.31	1927.5332	1931.0	20.765	COMPLETED
303	id-00224	6	10	9	5	1927.0	1927.0	1927.69	1927.8439	1932.0	63.938	COMPLETED
303	id-00225	8	8	3	1	1927.0	1927.0	1927.12	1928.0	1928.0	10.301	EXPIRED
303	id-00226	3	3	9	5	1928.0	1928.0	1928.78	1929.0185	1933.0	14.077	COMPLETED
303	id-00227	5	10	1	4	1928.0	1928.0	1928.09	1928.577	1932.0	6.95	COMPLETED
303	id-00228	3	6	10	4	1928.0	1928.0	1928.42	1928.572	1932.0	7.58	COMPLETED
303	id-00229	2	2	10	2	1929.0	1929.0	1929.5	1929.8461	1931.0	15.444	COMPLETED
303	id-00230	5	8	9	4	1929.0	1929.0	1929.39	1929.6572	1933.0	19.085	COMPLETED
303	id-00231	1	2	5	5	1930.0	1930.0	1930.25	1930.4596	1935.0	3.861	COMPLETED
303	id-00232	2	2	3	4	1934.0	1934.0	1934.15	1934.6479	1938.0	4.633	COMPLETED
303	id-00233	10	15	7	4	1935.0	1935.0	1935.27	1935.5039	1939.0	26.425	COMPLETED
303	id-00234	8	4	10	2	1937.0	1937.0	1937.48	1937.9624	1939.0	54.78	COMPLETED
303	id-00235	9	12	4	4	1938.0	1938.0	1938.18	1938.3831	1942.0	21.625	COMPLETED
303	id-00236	2	2	6	3	1938.0	1938.0	1938.23	1938.7045	1941.0	2.767	COMPLETED
303	id-00237	3	3	4	4	1941.0	1941.0	1941.19	1941.4754	1945.0	7.012	COMPLETED
303	id-00238	10	15	1	4	1943.0	1943.0	1943.04	1943.2682	1947.0	4.292	COMPLETED
303	id-00239	10	3	7	3	1943.0	1943.0	1943.27	1943.4358	1946.0	26.425	COMPLETED
303	id-00240	1	2	1	5	1944.0	1944.0	1944.05	1944.4741	1949.0	0.772	COMPLETED
303	id-00241	10	20	8	1	1944.0	1944.0	1944.32	1945.0	1945.0	34.336	EXPIRED
303	id-00242	9	11	5	4	1945.0	1945.0	1945.21	1945.3402	1949.0	21.27	COMPLETED
303	id-00243	2	4	3	4	1946.0	1946.0	1946.15	1946.5601	1950.0	4.633	COMPLETED
303	id-00244	7	13	9	2	1948.0	1948.0	1948.43	1948.891	1950.0	42.432	COMPLETED
303	id-00245	3	4	8	1	1949.0	1949.0	1949.76	1950.0	1950.0	28.047	EXPIRED
303	id-00246	2	4	2	2	1949.0	1949.0	1949.19	1949.3727	1951.0	5.869	COMPLETED
303	id-00247	5	8	3	3	1949.0	1949.0	1949.12	1949.3319	1952.0	4.741	COMPLETED
303	id-00248	8	14	10	4	1950.0	1950.0	1950.43	1950.8024	1954.0	40.965	COMPLETED
303	id-00249	1	2	5	5	1951.0	1951.0	1951.25	1951.5001	1956.0	3.861	COMPLETED
303	id-00250	9	10	5	3	1953.0	1953.0	1953.23	1953.702	1956.0	27.632	COMPLETED
303	id-00251	6	7	6	3	1953.0	1953.0	1953.24	1953.6176	1956.0	10.926	COMPLETED
303	id-00252	2	4	5	1	1956.0	1956.0	1956.25	1957.0	1957.0	7.722	EXPIRED
303	id-00253	1	2	4	1	1958.0	1958.0	1958.2	1959.0	1959.0	3.089	EXPIRED
303	id-00254	3	5	9	5	1960.0	1960.0	1960.86	1961.2477	1965.0	31.737	COMPLETED
303	id-00255	5	8	4	2	1960.0	1960.0	1960.38	1960.7177	1962.0	29.344	COMPLETED
303	id-00256	1	2	7	5	1962.0	1962.0	1962.35	1962.723	1967.0	5.405	COMPLETED
303	id-00257	2	3	8	3	1962.0	1962.0	1962.38	1962.7761	1965.0	8.155	COMPLETED
303	id-00258	6	8	8	2	1963.0	1963.0	1963.38	1963.5992	1965.0	31.63	COMPLETED
303	id-00259	4	3	3	4	1963.0	1963.0	1963.13	1963.4021	1967.0	4.354	COMPLETED
303	id-00260	7	2	8	3	1965.0	1965.0	1965.38	1965.8146	1968.0	37.498	COMPLETED
303	id-00261	6	9	2	2	1965.0	1965.0	1965.08	1965.2169	1967.0	4.396	COMPLETED
303	id-00262	1	2	2	2	1966.0	1966.0	1966.1	1966.475	1968.0	1.544	COMPLETED
303	id-00263	3	2	6	3	1967.0	1967.0	1967.29	1967.6557	1970.0	10.702	COMPLETED
303	id-00264	7	2	5	3	1969.0	1969.0	1969.24	1969.5143	1972.0	23.683	COMPLETED
303	id-00265	8	13	6	5	1969.0	1969.0	1969.25	1969.7279	1974.0	21.46	COMPLETED
303	id-00266	9	4	9	5	1970.0	1970.0	1970.41	1970.6494	1975.0	49.257	COMPLETED
303	id-00267	7	14	7	2	1973.0	1973.0	1973.35	1973.5578	1975.0	37.838	COMPLETED
303	id-00268	6	8	7	5	1973.0	1973.0	1973.32	1973.7516	1978.0	23.619	COMPLETED
303	id-00269	4	4	8	2	1973.0	1973.0	1973.32	1973.4625	1975.0	7.7	COMPLETED
303	id-00270	9	7	9	3	1974.0	1974.0	1974.41	1974.897	1977.0	49.257	COMPLETED
303	id-00271	2	3	7	2	1975.0	1975.0	1975.35	1975.8169	1977.0	10.811	COMPLETED
303	id-00272	4	2	4	4	1975.0	1975.0	1975.2	1975.3206	1979.0	12.355	COMPLETED
303	id-00273	6	4	10	5	1976.0	1976.0	1976.5	1976.9519	1981.0	46.332	COMPLETED
303	id-00274	7	5	6	5	1976.0	1976.0	1976.29	1976.6602	1981.0	28.617	COMPLETED
303	id-00275	10	5	10	4	1977.0	1977.0	1977.4	1977.8143	1981.0	42.92	COMPLETED
303	id-00276	5	5	10	5	1979.0	1979.0	1979.5	1979.7544	1984.0	38.61	COMPLETED
303	id-00277	6	9	1	1	1979.0	1979.0	1979.05	1980.0	1980.0	4.162	EXPIRED
303	id-00278	5	10	3	5	1979.0	1979.0	1979.12	1979.2368	1984.0	3.61	COMPLETED
303	id-00279	3	6	1	3	1980.0	1980.0	1980.05	1980.2942	1983.0	2.317	COMPLETED
303	id-00280	4	6	10	2	1981.0	1981.0	1981.5	1981.9883	1983.0	30.888	COMPLETED
303	id-00281	7	12	6	1	1981.0	1981.0	1981.25	1982.0	1982.0	17.599	EXPIRED
303	id-00282	3	2	8	3	1984.0	1984.0	1984.4	1984.5593	1987.0	18.533	COMPLETED
303	id-00283	10	9	8	2	1984.0	1984.0	1984.35	1984.6769	1986.0	44.155	COMPLETED
303	id-00284	10	18	10	5	1984.0	1984.0	1984.4	1984.6245	1989.0	42.92	COMPLETED
303	id-00285	9	7	3	4	1988.0	1988.0	1988.12	1988.2375	1992.0	12.154	COMPLETED
303	id-00286	6	11	10	4	1990.0	1990.0	1990.5	1990.7971	1994.0	46.332	COMPLETED
303	id-00287	7	10	2	3	1990.0	1990.0	1990.08	1990.4606	1993.0	5.632	COMPLETED
303	id-00288	7	6	3	4	1990.0	1990.0	1990.13	1990.5143	1994.0	10.377	COMPLETED
303	id-00289	8	6	6	2	1991.0	1991.0	1991.3	1991.6491	1993.0	37.066	COMPLETED
303	id-00290	8	10	10	1	1991.0	1991.0	1991.42	1992.0	1992.0	36.053	EXPIRED
303	id-00291	2	3	2	3	1992.0	1992.0	1992.1	1992.4996	1995.0	2.146	COMPLETED
303	id-00292	8	5	1	1	1993.0	1993.0	1993.05	1994.0	1994.0	6.178	EXPIRED
303	id-00293	8	14	1	4	1997.0	1997.0	1997.05	1997.3538	2001.0	6.178	COMPLETED
303	id-00294	5	6	7	2	1997.0	1997.0	1997.29	1997.504	1999.0	11.457	COMPLETED
303	id-00295	1	2	1	5	1998.0	1998.0	1998.05	1998.1511	2003.0	0.772	COMPLETED
303	id-00296	4	7	9	5	1998.0	1998.0	1998.45	1998.9294	2003.0	27.799	COMPLETED
303	id-00297	8	9	6	3	1998.0	1998.0	1998.25	1998.5365	2001.0	21.46	COMPLETED
303	id-00298	6	10	2	3	1999.0	1999.0	1999.1	1999.5479	2002.0	9.266	COMPLETED
303	id-00299	9	8	4	3	1999.0	1999.0	1999.17	1999.2998	2002.0	17.218	COMPLETED
303	id-00300	8	12	5	1	2000.0	2000.0	2000.24	2001.0	2001.0	27.39	EXPIRED
303	id-00301	1	2	1	5	2000.0	2000.0	2000.04	2000.428	2005.0	0.241	COMPLETED
303	id-00302	8	3	8	2	2001.0	2001.0	2001.38	2003.0	2003.0	None	SUBMITTED
