6.079673767089844e-05
5.0067901611328125e-05
5.269050598144531e-05
8.082389831542969e-05
2.9325485229492188e-05
4.1484832763671875e-05
8.58306884765625e-05
4.220008850097656e-05
4.172325134277344e-05
5.555152893066406e-05
4.2438507080078125e-05
3.600120544433594e-05
3.62396240234375e-05
5.4836273193359375e-05
4.172325134277344e-05
4.172325134277344e-05
4.1484832763671875e-05
5.0067901611328125e-05
5.459785461425781e-05
3.8623809814453125e-05
6.175041198730469e-05
5.316734313964844e-05
3.9577484130859375e-05
3.719329833984375e-05
8.0108642578125e-05
4.458427429199219e-05
3.123283386230469e-05
4.1961669921875e-05
3.647804260253906e-05
3.314018249511719e-05
4.2438507080078125e-05
4.76837158203125e-05
4.982948303222656e-05
4.38690185546875e-05
4.863739013671875e-05
6.651878356933594e-05
5.745887756347656e-05
5.507469177246094e-05
4.4345855712890625e-05
3.170967102050781e-05
4.744529724121094e-05
4.4345855712890625e-05
6.246566772460938e-05
3.600120544433594e-05
4.506111145019531e-05
4.506111145019531e-05
5.030632019042969e-05
4.0531158447265625e-05
5.1021575927734375e-05
3.361701965332031e-05
4.792213439941406e-05
5.7697296142578125e-05
3.933906555175781e-05
3.504753112792969e-05
2.956390380859375e-05
4.076957702636719e-05
3.600120544433594e-05
4.4345855712890625e-05
5.0067901611328125e-05
4.267692565917969e-05
3.4332275390625e-05
4.506111145019531e-05
6.222724914550781e-05
3.3855438232421875e-05
5.125999450683594e-05
3.6716461181640625e-05
3.790855407714844e-05
2.9325485229492188e-05
3.0994415283203125e-05
3.5762786865234375e-05
3.4809112548828125e-05
2.8133392333984375e-05
4.291534423828125e-05
4.172325134277344e-05
3.314018249511719e-05
2.9325485229492188e-05
5.269050598144531e-05
4.9591064453125e-05
2.8848648071289062e-05
4.935264587402344e-05
4.3392181396484375e-05
7.319450378417969e-05
4.696846008300781e-05
5.8650970458984375e-05
5.817413330078125e-05
4.3392181396484375e-05
3.886222839355469e-05
4.029273986816406e-05
2.86102294921875e-05
6.532669067382812e-05
4.00543212890625e-05
3.8623809814453125e-05
3.933906555175781e-05
4.029273986816406e-05
2.7894973754882812e-05
3.886222839355469e-05
2.9325485229492188e-05
3.62396240234375e-05
4.100799560546875e-05
3.0994415283203125e-05
6.961822509765625e-05
4.100799560546875e-05
3.933906555175781e-05
2.7894973754882812e-05
3.743171691894531e-05
3.314018249511719e-05
3.0040740966796875e-05
3.1948089599609375e-05
7.104873657226562e-05
3.409385681152344e-05
3.075599670410156e-05
4.792213439941406e-05
3.0994415283203125e-05
5.2928924560546875e-05
4.291534423828125e-05
3.266334533691406e-05
5.054473876953125e-05
6.0558319091796875e-05
4.1961669921875e-05
5.507469177246094e-05
4.649162292480469e-05
4.076957702636719e-05
3.24249267578125e-05
3.743171691894531e-05
2.6941299438476562e-05
3.314018249511719e-05
4.220008850097656e-05
3.6716461181640625e-05
3.695487976074219e-05
4.100799560546875e-05
4.172325134277344e-05
3.743171691894531e-05
3.7670135498046875e-05
4.863739013671875e-05
4.124641418457031e-05
5.340576171875e-05
3.7670135498046875e-05
4.649162292480469e-05
4.029273986816406e-05
4.2438507080078125e-05
3.504753112792969e-05
7.43865966796875e-05
4.792213439941406e-05
5.936622619628906e-05
4.8160552978515625e-05
4.673004150390625e-05
3.314018249511719e-05
3.6716461181640625e-05
5.507469177246094e-05
4.1961669921875e-05
5.841255187988281e-05
5.364418029785156e-05
3.337860107421875e-05
3.8623809814453125e-05
4.1961669921875e-05
3.7670135498046875e-05
2.9802322387695312e-05
4.124641418457031e-05
5.626678466796875e-05
5.602836608886719e-05
4.982948303222656e-05
6.604194641113281e-05
4.220008850097656e-05
4.029273986816406e-05
5.698204040527344e-05
6.437301635742188e-05
3.3855438232421875e-05
4.076957702636719e-05
3.981590270996094e-05
4.38690185546875e-05
3.695487976074219e-05
4.9114227294921875e-05
4.124641418457031e-05
4.553794860839844e-05
4.0531158447265625e-05
2.8371810913085938e-05
3.552436828613281e-05
3.2901763916015625e-05
4.410743713378906e-05
3.7670135498046875e-05
3.600120544433594e-05
3.361701965332031e-05
4.267692565917969e-05
5.125999450683594e-05
3.886222839355469e-05
4.1961669921875e-05
3.337860107421875e-05
4.744529724121094e-05
3.647804260253906e-05
5.125999450683594e-05
3.8623809814453125e-05
2.6702880859375e-05
4.291534423828125e-05
2.5987625122070312e-05
2.5033950805664062e-05
3.075599670410156e-05
3.504753112792969e-05
