7.104873657226562e-05
4.3392181396484375e-05
5.555152893066406e-05
8.177757263183594e-05
5.936622619628906e-05
4.744529724121094e-05
7.200241088867188e-05
6.246566772460938e-05
4.458427429199219e-05
5.435943603515625e-05
5.6743621826171875e-05
5.364418029785156e-05
3.600120544433594e-05
5.1975250244140625e-05
6.556510925292969e-05
5.364418029785156e-05
5.650520324707031e-05
5.2928924560546875e-05
4.601478576660156e-05
4.8160552978515625e-05
8.58306884765625e-05
5.53131103515625e-05
6.270408630371094e-05
4.6253204345703125e-05
7.724761962890625e-05
4.601478576660156e-05
2.5272369384765625e-05
5.602836608886719e-05
3.3855438232421875e-05
2.956390380859375e-05
4.267692565917969e-05
4.029273986816406e-05
4.076957702636719e-05
4.696846008300781e-05
4.1484832763671875e-05
6.937980651855469e-05
4.8160552978515625e-05
4.029273986816406e-05
4.076957702636719e-05
3.123283386230469e-05
3.838539123535156e-05
3.9577484130859375e-05
7.176399230957031e-05
3.3855438232421875e-05
4.482269287109375e-05
5.412101745605469e-05
4.482269287109375e-05
3.6716461181640625e-05
4.100799560546875e-05
3.4809112548828125e-05
5.5789947509765625e-05
4.0531158447265625e-05
3.8623809814453125e-05
3.719329833984375e-05
3.0517578125e-05
3.9577484130859375e-05
3.0279159545898438e-05
5.316734313964844e-05
3.933906555175781e-05
3.981590270996094e-05
3.266334533691406e-05
4.172325134277344e-05
4.863739013671875e-05
3.337860107421875e-05
4.458427429199219e-05
3.695487976074219e-05
3.647804260253906e-05
3.361701965332031e-05
3.123283386230469e-05
3.814697265625e-05
4.673004150390625e-05
2.6702880859375e-05
3.9577484130859375e-05
4.076957702636719e-05
3.981590270996094e-05
2.956390380859375e-05
5.1975250244140625e-05
3.814697265625e-05
3.0517578125e-05
4.1484832763671875e-05
6.771087646484375e-05
5.316734313964844e-05
3.2901763916015625e-05
4.7206878662109375e-05
3.910064697265625e-05
3.886222839355469e-05
5.125999450683594e-05
3.62396240234375e-05
2.5510787963867188e-05
4.38690185546875e-05
6.4849853515625e-05
3.170967102050781e-05
3.0994415283203125e-05
3.123283386230469e-05
3.0994415283203125e-05
5.7697296142578125e-05
3.0040740966796875e-05
4.00543212890625e-05
3.361701965332031e-05
3.075599670410156e-05
5.1975250244140625e-05
5.91278076171875e-05
4.649162292480469e-05
6.222724914550781e-05
4.863739013671875e-05
6.175041198730469e-05
4.3392181396484375e-05
5.269050598144531e-05
6.222724914550781e-05
5.1021575927734375e-05
4.363059997558594e-05
6.532669067382812e-05
2.7179718017578125e-05
5.53131103515625e-05
4.1961669921875e-05
4.172325134277344e-05
5.459785461425781e-05
4.792213439941406e-05
6.270408630371094e-05
5.245208740234375e-05
6.079673767089844e-05
6.461143493652344e-05
4.4345855712890625e-05
5.793571472167969e-05
4.363059997558594e-05
5.650520324707031e-05
4.76837158203125e-05
4.00543212890625e-05
5.078315734863281e-05
6.365776062011719e-05
4.2438507080078125e-05
3.0040740966796875e-05
5.364418029785156e-05
5.173683166503906e-05
3.361701965332031e-05
4.124641418457031e-05
4.363059997558594e-05
5.340576171875e-05
3.4809112548828125e-05
5.316734313964844e-05
3.838539123535156e-05
6.961822509765625e-05
3.2901763916015625e-05
7.104873657226562e-05
4.7206878662109375e-05
6.031990051269531e-05
4.863739013671875e-05
6.175041198730469e-05
7.414817810058594e-05
5.936622619628906e-05
7.915496826171875e-05
5.364418029785156e-05
3.5762786865234375e-05
4.363059997558594e-05
4.00543212890625e-05
3.9577484130859375e-05
3.5762786865234375e-05
3.933906555175781e-05
3.361701965332031e-05
4.363059997558594e-05
4.291534423828125e-05
5.7697296142578125e-05
5.14984130859375e-05
4.7206878662109375e-05
5.412101745605469e-05
5.888938903808594e-05
3.910064697265625e-05
3.361701965332031e-05
3.9577484130859375e-05
5.078315734863281e-05
3.2901763916015625e-05
4.935264587402344e-05
3.838539123535156e-05
4.6253204345703125e-05
4.267692565917969e-05
3.457069396972656e-05
3.409385681152344e-05
3.552436828613281e-05
4.00543212890625e-05
3.170967102050781e-05
2.9802322387695312e-05
3.409385681152344e-05
3.910064697265625e-05
4.863739013671875e-05
3.7670135498046875e-05
4.8160552978515625e-05
2.956390380859375e-05
4.8160552978515625e-05
3.5762786865234375e-05
4.9591064453125e-05
7.081031799316406e-05
4.1961669921875e-05
3.7670135498046875e-05
2.9802322387695312e-05
2.7894973754882812e-05
2.8371810913085938e-05
9.036064147949219e-05
