326	id-00000	10	18	8	3	1703.0	1703.0	1703.4	1703.735	1706.0	61.776	COMPLETED
326	id-00001	7	2	8	10	1704.0	1704.0	1704.36	1704.7525	1714.0	32.131	COMPLETED
326	id-00002	9	17	6	2	1704.0	1704.0	1704.25	1704.701	1706.0	25.321	COMPLETED
326	id-00003	7	11	5	12	1704.0	1704.0	1704.25	1704.6518	1716.0	27.027	COMPLETED
326	id-00004	2	3	7	11	1706.0	1706.0	1706.35	1706.7438	1717.0	10.811	COMPLETED
326	id-00005	7	10	6	11	1706.0	1706.0	1706.27	1706.5506	1717.0	24.098	COMPLETED
326	id-00006	9	4	4	3	1708.0	1708.0	1708.17	1708.3652	1711.0	17.218	COMPLETED
326	id-00007	2	3	4	10	1709.0	1709.0	1709.2	1709.6415	1719.0	6.178	COMPLETED
326	id-00008	5	6	8	8	1714.0	1714.0	1714.36	1714.6207	1722.0	21.011	COMPLETED
326	id-00009	9	11	6	11	1718.0	1718.0	1718.27	1718.5689	1729.0	32.438	COMPLETED
326	id-00010	1	2	1	1	1719.0	1719.0	1719.05	1720.0	1720.0	0.772	EXPIRED
326	id-00011	4	8	3	8	1722.0	1722.0	1722.14	1722.5196	1730.0	6.009	COMPLETED
326	id-00012	7	14	3	6	1728.0	1728.0	1728.14	1728.4824	1734.0	13.815	COMPLETED
326	id-00013	7	5	3	6	1728.0	1728.0	1728.12	1728.2559	1734.0	8.448	COMPLETED
326	id-00014	10	17	9	4	1729.0	1729.0	1729.39	1729.5976	1733.0	49.201	COMPLETED
326	id-00015	7	4	3	6	1730.0	1730.0	1730.14	1730.5057	1736.0	13.815	COMPLETED
326	id-00016	1	2	5	4	1731.0	1731.0	1731.25	1731.5297	1735.0	3.861	COMPLETED
326	id-00017	5	6	8	5	1731.0	1731.0	1731.38	1731.8523	1736.0	25.761	COMPLETED
326	id-00018	1	2	4	3	1732.0	1732.0	1732.2	1732.5309	1735.0	3.089	COMPLETED
326	id-00019	10	6	6	12	1736.0	1736.0	1736.52	1736.6601	1748.0	65.601	COMPLETED
326	id-00020	5	10	4	13	1736.0	1736.0	1736.35	1736.5905	1749.0	27.027	COMPLETED
326	id-00021	3	6	3	11	1736.0	1736.0	1736.14	1736.6391	1747.0	3.847	COMPLETED
326	id-00022	9	4	8	11	1737.0	1737.0	1737.35	1737.7772	1748.0	38.749	COMPLETED
326	id-00023	4	2	8	13	1738.0	1738.0	1738.38	1738.6687	1751.0	19.892	COMPLETED
326	id-00024	10	7	4	4	1738.0	1738.0	1738.17	1738.6314	1742.0	21.447	COMPLETED
326	id-00025	5	6	1	4	1739.0	1739.0	1739.14	1739.6163	1743.0	9.491	COMPLETED
326	id-00026	1	2	8	12	1739.0	1739.0	1740.14	1740.3623	1751.0	17.606	COMPLETED
326	id-00027	1	2	9	3	1739.0	1739.0	1740.29	1740.7814	1742.0	19.923	COMPLETED
326	id-00028	5	5	6	6	1739.0	1739.0	1739.26	1739.6601	1745.0	12.723	COMPLETED
326	id-00029	3	4	6	12	1740.0	1740.0	1740.63	1741.0675	1752.0	23.25	COMPLETED
326	id-00030	3	5	10	2	1740.0	1740.0	1741.05	1742.0	1742.0	48.649	EXPIRED
326	id-00031	4	7	6	10	1740.0	1740.0	1740.24	1740.6501	1750.0	5.775	COMPLETED
326	id-00032	9	13	1	1	1740.0	1740.0	1740.04	1741.0	1741.0	4.428	EXPIRED
326	id-00033	8	15	3	10	1741.0	1741.0	1741.19	1741.6446	1751.0	21.684	COMPLETED
326	id-00034	9	18	4	3	1742.0	1742.0	1742.16	1742.5858	1745.0	14.697	COMPLETED
326	id-00035	10	6	5	8	1745.0	1745.0	1745.22	1745.567	1753.0	27.754	COMPLETED
326	id-00036	8	8	2	11	1746.0	1746.0	1746.1	1746.5726	1757.0	11.412	COMPLETED
326	id-00037	5	10	4	6	1747.0	1747.0	1747.19	1747.3504	1753.0	12.88	COMPLETED
326	id-00038	10	2	3	6	1749.0	1749.0	1749.13	1749.5873	1755.0	16.4	COMPLETED
326	id-00039	7	7	2	14	1750.0	1750.0	1750.1	1750.4604	1764.0	9.868	COMPLETED
326	id-00040	3	2	3	10	1751.0	1751.0	1751.14	1751.4658	1761.0	5.167	COMPLETED
326	id-00041	9	6	4	5	1751.0	1751.0	1751.17	1751.5437	1756.0	17.218	COMPLETED
326	id-00042	2	3	2	13	1752.0	1752.0	1752.1	1752.5306	1765.0	3.089	COMPLETED
326	id-00043	2	4	8	9	1752.0	1752.0	1752.38	1752.6851	1761.0	8.155	COMPLETED
326	id-00044	4	5	4	6	1754.0	1754.0	1754.19	1754.516	1760.0	9.946	COMPLETED
326	id-00045	8	6	10	5	1754.0	1754.0	1754.42	1754.8861	1759.0	36.053	COMPLETED
326	id-00046	3	6	1	15	1755.0	1755.0	1755.05	1755.181	1770.0	1.845	COMPLETED
326	id-00047	4	8	6	9	1756.0	1756.0	1756.29	1756.397	1765.0	15.181	COMPLETED
326	id-00048	10	12	6	9	1756.0	1756.0	1756.27	1756.7471	1765.0	36.608	COMPLETED
326	id-00049	1	2	6	6	1757.0	1757.0	1757.3	1757.4709	1763.0	4.633	COMPLETED
326	id-00050	7	8	4	12	1757.0	1757.0	1757.19	1757.3067	1769.0	18.749	COMPLETED
326	id-00051	10	8	1	8	1758.0	1758.0	1758.09	1758.5669	1766.0	12.203	COMPLETED
326	id-00052	2	4	7	12	1758.0	1758.0	1758.64	1759.1112	1770.0	19.768	COMPLETED
326	id-00053	5	10	7	9	1759.0	1759.0	1759.33	1759.6071	1768.0	22.371	COMPLETED
326	id-00054	8	7	1	8	1759.0	1759.0	1759.04	1759.2991	1767.0	3.811	COMPLETED
326	id-00055	8	12	8	6	1759.0	1759.0	1759.36	1759.7626	1765.0	37.691	COMPLETED
326	id-00056	10	13	5	9	1760.0	1760.0	1760.23	1760.5152	1769.0	31.184	COMPLETED
326	id-00057	8	11	9	7	1761.0	1761.0	1761.41	1761.8233	1768.0	42.925	COMPLETED
326	id-00058	1	2	6	7	1761.0	1761.0	1761.55	1761.7334	1768.0	3.309	COMPLETED
326	id-00059	6	2	1	12	1761.0	1761.0	1761.09	1761.5738	1773.0	7.491	COMPLETED
326	id-00060	1	2	5	3	1762.0	1762.0	1762.25	1762.5537	1765.0	3.861	COMPLETED
326	id-00061	2	3	2	12	1763.0	1763.0	1763.1	1763.4223	1775.0	3.089	COMPLETED
326	id-00062	9	6	9	15	1763.0	1763.0	1763.41	1763.7375	1778.0	49.257	COMPLETED
326	id-00063	5	9	4	3	1763.0	1763.0	1763.36	1763.5376	1766.0	21.011	COMPLETED
326	id-00064	7	11	4	8	1763.0	1763.0	1763.36	1763.5571	1771.0	38.919	COMPLETED
326	id-00065	6	6	6	9	1764.0	1764.0	1764.27	1764.5446	1773.0	19.928	COMPLETED
326	id-00066	4	3	5	12	1765.0	1765.0	1765.22	1765.5845	1777.0	7.368	COMPLETED
326	id-00067	8	3	5	8	1765.0	1765.0	1765.22	1765.527	1773.0	20.959	COMPLETED
326	id-00068	7	9	10	6	1767.0	1767.0	1767.43	1767.5956	1773.0	34.324	COMPLETED
326	id-00069	4	6	9	9	1768.0	1768.0	1768.78	1769.1509	1777.0	26.124	COMPLETED
326	id-00070	1	2	2	1	1768.0	1768.0	1768.17	1769.0	1769.0	2.625	EXPIRED
326	id-00071	6	11	1	6	1768.0	1768.0	1768.04	1768.1769	1774.0	2.575	COMPLETED
326	id-00072	6	3	7	8	1770.0	1770.0	1770.32	1770.7909	1778.0	23.619	COMPLETED
326	id-00073	5	7	8	3	1771.0	1771.0	1771.73	1772.0951	1774.0	42.606	COMPLETED
326	id-00074	1	2	9	13	1771.0	1771.0	1771.82	1772.1617	1784.0	12.664	COMPLETED
326	id-00075	3	2	5	3	1773.0	1773.0	1773.23	1773.5824	1776.0	6.319	COMPLETED
326	id-00076	7	3	6	2	1775.0	1775.0	1775.29	1775.6438	1777.0	28.617	COMPLETED
326	id-00077	6	10	3	11	1777.0	1777.0	1777.14	1777.4747	1788.0	11.653	COMPLETED
326	id-00078	5	10	3	14	1778.0	1778.0	1778.29	1778.5454	1792.0	19.66	COMPLETED
326	id-00079	3	3	4	10	1778.0	1778.0	1778.38	1778.6064	1788.0	17.606	COMPLETED
326	id-00080	8	9	4	12	1778.0	1778.0	1778.16	1778.3456	1790.0	12.226	COMPLETED
326	id-00081	3	2	3	15	1778.0	1778.0	1778.25	1778.6035	1793.0	4.512	COMPLETED
326	id-00082	2	3	2	14	1778.0	1778.0	1778.17	1778.6011	1792.0	3.648	COMPLETED
326	id-00083	9	7	4	4	1782.0	1782.0	1782.15	1782.5988	1786.0	12.364	COMPLETED
326	id-00084	6	7	2	10	1782.0	1782.0	1782.09	1782.3739	1792.0	5.794	COMPLETED
326	id-00085	8	2	9	10	1783.0	1783.0	1783.43	1783.8156	1793.0	49.073	COMPLETED
326	id-00086	3	4	5	10	1784.0	1784.0	1784.24	1784.4285	1794.0	8.857	COMPLETED
326	id-00087	7	4	10	8	1784.0	1784.0	1784.38	1784.7577	1792.0	19.585	COMPLETED
326	id-00088	6	6	9	2	1785.0	1785.0	1785.45	1785.6357	1787.0	41.699	COMPLETED
326	id-00089	10	20	9	4	1786.0	1786.0	1786.38	1786.4823	1790.0	44.357	COMPLETED
326	id-00090	2	2	1	3	1788.0	1788.0	1788.05	1788.1911	1791.0	1.544	COMPLETED
326	id-00091	3	3	7	5	1788.0	1788.0	1788.7	1788.8954	1793.0	32.432	COMPLETED
326	id-00092	4	2	3	8	1788.0	1788.0	1788.3	1788.7173	1796.0	18.533	COMPLETED
326	id-00093	3	5	8	7	1789.0	1789.0	1789.4	1789.6289	1796.0	18.533	COMPLETED
326	id-00094	3	3	4	3	1790.0	1790.0	1790.2	1790.5224	1793.0	9.266	COMPLETED
326	id-00095	5	9	7	6	1791.0	1791.0	1791.35	1791.7774	1797.0	27.027	COMPLETED
326	id-00096	10	17	7	15	1791.0	1791.0	1791.56	1792.0474	1806.0	60.088	COMPLETED
326	id-00097	1	2	2	3	1791.0	1791.0	1791.16	1791.2612	1794.0	2.471	COMPLETED
326	id-00098	2	3	6	2	1792.0	1792.0	1792.3	1792.6791	1794.0	9.266	COMPLETED
326	id-00099	4	2	10	15	1792.0	1792.0	1792.5	1792.934	1807.0	30.888	COMPLETED
326	id-00100	8	10	7	5	1794.0	1794.0	1794.35	1794.7846	1799.0	43.243	COMPLETED
326	id-00101	1	2	6	6	1796.0	1796.0	1796.3	1796.6299	1802.0	4.633	COMPLETED
326	id-00102	1	2	1	14	1797.0	1797.0	1797.05	1797.2714	1811.0	0.772	COMPLETED
326	id-00103	10	20	1	8	1798.0	1798.0	1798.04	1798.4611	1806.0	4.669	COMPLETED
326	id-00104	6	11	5	1	1798.0	1798.0	1798.23	1799.0	1799.0	16.976	EXPIRED
326	id-00105	6	11	10	8	1799.0	1799.0	1799.5	1799.6091	1807.0	46.332	COMPLETED
326	id-00106	8	2	8	11	1799.0	1799.0	1799.3	1799.4634	1810.0	17.267	COMPLETED
326	id-00107	5	3	3	3	1799.0	1799.0	1799.25	1799.4206	1802.0	9.877	COMPLETED
326	id-00108	4	3	6	13	1799.0	1799.0	1799.5	1799.7877	1812.0	30.888	COMPLETED
326	id-00109	6	4	6	2	1800.0	1800.0	1800.3	1800.6956	1802.0	27.799	COMPLETED
326	id-00110	2	2	4	14	1802.0	1802.0	1802.2	1802.5507	1816.0	6.178	COMPLETED
326	id-00111	9	5	9	1	1804.0	1804.0	1804.33	1805.0	1805.0	24.09	EXPIRED
326	id-00112	8	4	2	10	1805.0	1805.0	1805.1	1805.3444	1815.0	11.412	COMPLETED
326	id-00113	2	2	6	6	1807.0	1807.0	1807.3	1807.4559	1813.0	9.266	COMPLETED
326	id-00114	9	13	10	6	1809.0	1809.0	1809.37	1809.7862	1815.0	27.01	COMPLETED
326	id-00115	3	3	5	11	1809.0	1809.0	1809.6	1809.9608	1820.0	10.829	COMPLETED
326	id-00116	3	2	10	7	1809.0	1809.0	1810.2	1810.5993	1816.0	32.971	COMPLETED
326	id-00117	5	4	2	1	1809.0	1809.0	1809.24	1810.0	1810.0	18.533	EXPIRED
326	id-00118	8	14	6	13	1809.0	1809.0	1809.3	1809.5464	1822.0	37.066	COMPLETED
326	id-00119	1	2	5	1	1810.0	1810.0	1810.25	1811.0	1811.0	3.861	EXPIRED
326	id-00120	5	6	9	3	1813.0	1813.0	1813.86	1814.033	1816.0	58.301	COMPLETED
326	id-00121	2	4	6	9	1813.0	1813.0	1813.57	1813.7463	1822.0	17.606	COMPLETED
326	id-00122	4	3	6	7	1813.0	1813.0	1813.19	1813.6548	1820.0	4.572	COMPLETED
326	id-00123	9	6	7	8	1814.0	1814.0	1814.23	1814.4094	1822.0	12.453	COMPLETED
326	id-00124	1	2	4	15	1814.0	1814.0	1814.16	1814.5639	1829.0	0.963	COMPLETED
326	id-00125	8	6	9	2	1816.0	1816.0	1816.43	1816.6492	1818.0	49.073	COMPLETED
326	id-00126	9	4	3	5	1816.0	1816.0	1816.1	1816.2283	1821.0	5.414	COMPLETED
326	id-00127	5	3	4	11	1816.0	1816.0	1816.16	1816.3779	1827.0	4.813	COMPLETED
326	id-00128	10	17	7	6	1820.0	1820.0	1820.52	1820.6523	1826.0	45.991	COMPLETED
326	id-00129	3	5	5	12	1820.0	1820.0	1820.37	1820.5304	1832.0	17.143	COMPLETED
326	id-00130	6	10	9	2	1822.0	1822.0	1822.45	1822.7753	1824.0	41.699	COMPLETED
326	id-00131	5	9	10	4	1823.0	1823.0	1823.5	1823.7338	1827.0	38.61	COMPLETED
326	id-00132	5	7	3	14	1823.0	1823.0	1823.1	1823.5752	1837.0	3.008	COMPLETED
326	id-00133	8	3	2	12	1824.0	1824.0	1824.1	1824.2466	1836.0	12.355	COMPLETED
326	id-00134	1	2	6	5	1826.0	1826.0	1826.3	1826.6987	1831.0	4.633	COMPLETED
326	id-00135	9	17	10	7	1828.0	1828.0	1828.38	1828.8182	1835.0	31.323	COMPLETED
326	id-00136	7	8	2	14	1829.0	1829.0	1829.1	1829.4743	1843.0	10.811	COMPLETED
326	id-00137	5	9	1	7	1829.0	1829.0	1829.04	1829.2743	1836.0	1.203	COMPLETED
326	id-00138	1	2	7	9	1833.0	1833.0	1833.35	1833.7721	1842.0	5.405	COMPLETED
326	id-00139	9	7	2	5	1833.0	1833.0	1833.08	1833.4977	1838.0	8.103	COMPLETED
326	id-00140	1	2	10	9	1834.0	1834.0	1834.5	1834.6961	1843.0	7.722	COMPLETED
326	id-00141	5	3	2	13	1835.0	1835.0	1835.1	1835.3617	1848.0	7.722	COMPLETED
326	id-00142	10	4	9	4	1836.0	1836.0	1836.33	1836.5473	1840.0	29.187	COMPLETED
326	id-00143	8	5	2	2	1838.0	1838.0	1838.1	1838.3296	1840.0	12.355	COMPLETED
326	id-00144	3	2	4	4	1838.0	1838.0	1838.17	1838.6503	1842.0	3.068	COMPLETED
326	id-00145	7	2	4	12	1838.0	1838.0	1838.15	1838.5166	1850.0	6.317	COMPLETED
326	id-00146	7	3	5	2	1839.0	1839.0	1839.25	1839.3555	1841.0	27.027	COMPLETED
326	id-00147	7	6	1	11	1840.0	1840.0	1840.05	1840.4661	1851.0	4.934	COMPLETED
326	id-00148	2	3	5	4	1840.0	1840.0	1840.4	1840.7819	1844.0	4.813	COMPLETED
326	id-00149	1	2	5	2	1840.0	1840.0	1840.4	1840.8366	1842.0	2.406	COMPLETED
326	id-00150	8	15	5	6	1840.0	1840.0	1840.19	1840.503	1846.0	10.936	COMPLETED
326	id-00151	10	12	6	11	1843.0	1843.0	1843.44	1843.8111	1854.0	38.915	COMPLETED
326	id-00152	2	3	8	1	1843.0	1843.0	1843.59	1844.0	1844.0	18.224	EXPIRED
326	id-00153	2	4	6	8	1844.0	1844.0	1844.3	1844.6406	1852.0	9.266	COMPLETED
326	id-00154	6	12	10	15	1844.0	1844.0	1844.48	1844.7435	1859.0	39.953	COMPLETED
326	id-00155	4	8	7	1	1846.0	1846.0	1846.35	1847.0	1847.0	21.622	EXPIRED
326	id-00156	9	13	1	4	1846.0	1846.0	1846.04	1846.2083	1850.0	3.674	COMPLETED
326	id-00157	8	12	7	9	1846.0	1846.0	1846.26	1846.7172	1855.0	14.965	COMPLETED
326	id-00158	6	3	3	9	1847.0	1847.0	1847.15	1847.4715	1856.0	13.9	COMPLETED
326	id-00159	6	3	4	14	1847.0	1847.0	1847.16	1847.4571	1861.0	7.284	COMPLETED
326	id-00160	1	2	3	15	1848.0	1848.0	1848.15	1848.5577	1863.0	2.317	COMPLETED
326	id-00161	1	2	8	3	1849.0	1849.0	1849.8	1850.0773	1852.0	12.355	COMPLETED
326	id-00162	1	2	2	14	1849.0	1849.0	1849.2	1849.6343	1863.0	3.089	COMPLETED
326	id-00163	7	4	2	13	1850.0	1850.0	1850.1	1850.5279	1863.0	10.811	COMPLETED
326	id-00164	2	2	8	1	1850.0	1850.0	1850.64	1851.0	1851.0	7.7	EXPIRED
326	id-00165	1	2	1	14	1850.0	1850.0	1850.08	1850.5396	1864.0	0.481	COMPLETED
326	id-00166	4	5	2	6	1852.0	1852.0	1852.1	1852.3806	1858.0	6.178	COMPLETED
326	id-00167	7	10	4	4	1853.0	1853.0	1853.2	1853.6015	1857.0	21.622	COMPLETED
326	id-00168	7	5	3	4	1853.0	1853.0	1853.12	1853.294	1857.0	7.316	COMPLETED
326	id-00169	6	4	4	10	1853.0	1853.0	1853.32	1853.4957	1863.0	14.568	COMPLETED
326	id-00170	9	9	6	8	1853.0	1853.0	1853.48	1853.962	1861.0	66.718	COMPLETED
326	id-00171	1	2	4	7	1853.0	1853.0	1853.17	1853.5365	1860.0	1.023	COMPLETED
326	id-00172	3	5	1	3	1855.0	1855.0	1855.15	1855.6407	1858.0	6.95	COMPLETED
326	id-00173	2	2	5	9	1855.0	1855.0	1855.75	1856.1339	1864.0	23.166	COMPLETED
326	id-00174	2	3	3	10	1855.0	1855.0	1855.45	1855.8112	1865.0	13.9	COMPLETED
326	id-00175	5	4	8	6	1855.0	1855.0	1855.32	1855.6611	1861.0	9.626	COMPLETED
326	id-00176	5	8	9	9	1858.0	1858.0	1858.9	1859.0132	1867.0	69.498	COMPLETED
326	id-00177	2	4	9	1	1858.0	1858.0	1858.9	1859.0	1859.0	27.799	EXPIRED
326	id-00178	10	13	8	14	1858.0	1858.0	1858.32	1858.4694	1872.0	34.336	COMPLETED
326	id-00179	7	4	7	1	1860.0	1860.0	1860.35	1861.0	1861.0	37.838	EXPIRED
326	id-00180	2	2	1	6	1861.0	1861.0	1861.05	1861.3425	1867.0	1.544	COMPLETED
326	id-00181	10	17	2	10	1861.0	1861.0	1861.16	1861.6159	1871.0	17.168	COMPLETED
326	id-00182	3	3	9	14	1861.0	1861.0	1861.72	1861.9247	1875.0	33.359	COMPLETED
326	id-00183	5	7	5	11	1863.0	1863.0	1863.25	1863.5141	1874.0	19.305	COMPLETED
326	id-00184	3	5	8	9	1865.0	1865.0	1865.8	1866.1984	1874.0	37.066	COMPLETED
326	id-00185	2	3	6	4	1865.0	1865.0	1865.6	1866.0068	1869.0	18.533	COMPLETED
326	id-00186	4	2	3	10	1867.0	1867.0	1867.15	1867.292	1877.0	9.266	COMPLETED
326	id-00187	2	4	5	4	1868.0	1868.0	1868.25	1868.6253	1872.0	7.722	COMPLETED
326	id-00188	7	5	9	4	1869.0	1869.0	1869.45	1869.7723	1873.0	48.649	COMPLETED
326	id-00189	1	2	7	5	1870.0	1870.0	1870.35	1870.7687	1875.0	5.405	COMPLETED
326	id-00190	5	8	4	5	1870.0	1870.0	1870.18	1870.3808	1875.0	10.506	COMPLETED
326	id-00191	1	2	4	14	1871.0	1871.0	1871.2	1871.4694	1885.0	3.089	COMPLETED
326	id-00192	7	6	5	9	1872.0	1872.0	1872.23	1872.4611	1881.0	20.528	COMPLETED
326	id-00193	9	13	3	11	1874.0	1874.0	1874.12	1874.4384	1885.0	11.023	COMPLETED
326	id-00194	8	8	7	7	1875.0	1875.0	1875.32	1875.5668	1882.0	33.503	COMPLETED
326	id-00195	10	7	6	12	1878.0	1878.0	1878.5	1878.6732	1890.0	58.364	COMPLETED
326	id-00196	1	2	4	1	1878.0	1878.0	1878.33	1879.0	1879.0	5.097	EXPIRED
326	id-00197	4	3	10	11	1879.0	1879.0	1879.45	1879.9216	1890.0	19.314	COMPLETED
326	id-00198	8	7	5	2	1882.0	1882.0	1882.23	1882.3815	1884.0	24.08	COMPLETED
326	id-00199	10	2	9	12	1882.0	1882.0	1883.08	1883.1929	1894.0	115.884	COMPLETED
326	id-00200	2	3	10	15	1882.0	1882.0	1883.2	1883.4863	1897.0	37.066	COMPLETED
326	id-00201	1	2	1	3	1882.0	1882.0	1882.12	1882.4319	1885.0	1.853	COMPLETED
326	id-00202	6	3	4	11	1884.0	1884.0	1884.18	1884.5438	1895.0	13.285	COMPLETED
326	id-00203	2	2	10	7	1885.0	1885.0	1885.5	1885.837	1892.0	15.444	COMPLETED
326	id-00204	6	9	7	10	1886.0	1886.0	1886.29	1886.4707	1896.0	15.936	COMPLETED
326	id-00205	10	7	10	1	1887.0	1887.0	1887.4	1888.0	1888.0	42.92	EXPIRED
326	id-00206	9	12	3	2	1887.0	1887.0	1887.13	1887.4335	1889.0	14.393	COMPLETED
326	id-00207	9	18	1	11	1889.0	1889.0	1889.04	1889.4436	1900.0	3.297	COMPLETED
326	id-00208	1	2	7	1	1891.0	1891.0	1891.35	1892.0	1892.0	5.405	EXPIRED
326	id-00209	9	17	3	12	1893.0	1893.0	1893.12	1893.5472	1905.0	9.891	COMPLETED
326	id-00210	7	11	5	2	1894.0	1894.0	1894.21	1894.4935	1896.0	14.783	COMPLETED
326	id-00211	2	4	10	8	1894.0	1894.0	1894.38	1894.8178	1902.0	4.572	COMPLETED
326	id-00212	5	7	2	12	1895.0	1895.0	1895.08	1895.3326	1907.0	3.161	COMPLETED
326	id-00213	1	2	7	6	1896.0	1896.0	1896.35	1896.6367	1902.0	5.405	COMPLETED
326	id-00214	5	3	4	12	1898.0	1898.0	1898.17	1898.4441	1910.0	6.716	COMPLETED
326	id-00215	3	2	2	11	1900.0	1900.0	1900.08	1900.239	1911.0	1.444	COMPLETED
326	id-00216	10	9	1	1	1900.0	1900.0	1900.04	1901.0	1901.0	3.915	EXPIRED
326	id-00217	4	7	3	1	1901.0	1901.0	1901.38	1902.0	1902.0	9.144	EXPIRED
326	id-00218	3	3	7	7	1901.0	1901.0	1901.88	1901.9919	1908.0	40.772	COMPLETED
326	id-00219	1	2	9	14	1901.0	1901.0	1902.12	1902.402	1915.0	17.297	COMPLETED
326	id-00220	6	10	2	10	1903.0	1903.0	1903.08	1903.2108	1913.0	4.396	COMPLETED
326	id-00221	7	3	4	13	1904.0	1904.0	1904.17	1904.5131	1917.0	11.967	COMPLETED
326	id-00222	4	2	3	5	1905.0	1905.0	1905.13	1905.4915	1910.0	4.354	COMPLETED
326	id-00223	4	8	9	4	1908.0	1908.0	1908.78	1908.9754	1912.0	26.124	COMPLETED
326	id-00224	3	5	3	12	1908.0	1908.0	1908.26	1908.603	1920.0	12.046	COMPLETED
326	id-00225	5	3	4	7	1908.0	1908.0	1908.15	1908.3529	1915.0	4.512	COMPLETED
326	id-00226	2	4	2	9	1910.0	1910.0	1910.1	1910.5978	1919.0	3.089	COMPLETED
326	id-00227	4	6	8	5	1911.0	1911.0	1911.35	1911.4976	1916.0	11.722	COMPLETED
326	id-00228	6	2	1	4	1911.0	1911.0	1911.04	1911.1955	1915.0	1.821	COMPLETED
326	id-00229	6	12	9	6	1913.0	1913.0	1913.78	1914.1673	1919.0	50.216	COMPLETED
326	id-00230	1	2	9	12	1913.0	1913.0	1913.78	1914.0248	1925.0	12.046	COMPLETED
326	id-00231	7	12	3	5	1913.0	1913.0	1913.12	1913.415	1918.0	7.316	COMPLETED
326	id-00232	8	10	4	5	1918.0	1918.0	1918.18	1918.4853	1923.0	18.845	COMPLETED
326	id-00233	2	2	1	2	1919.0	1919.0	1919.05	1919.5155	1921.0	1.544	COMPLETED
326	id-00234	3	5	6	7	1920.0	1920.0	1920.27	1920.553	1927.0	7.419	COMPLETED
326	id-00235	6	5	9	11	1920.0	1920.0	1920.38	1920.702	1931.0	20.882	COMPLETED
326	id-00236	4	4	8	6	1921.0	1921.0	1921.73	1921.876	1927.0	31.332	COMPLETED
326	id-00237	4	7	9	11	1921.0	1921.0	1921.82	1922.0969	1932.0	50.656	COMPLETED
326	id-00238	3	2	5	15	1921.0	1921.0	1921.21	1921.5188	1936.0	3.79	COMPLETED
326	id-00239	8	2	2	5	1923.0	1923.0	1923.09	1923.2507	1928.0	9.423	COMPLETED
326	id-00240	1	2	8	1	1924.0	1924.0	1924.4	1925.0	1925.0	6.178	EXPIRED
326	id-00241	4	2	8	5	1926.0	1926.0	1926.7	1927.1285	1931.0	23.444	COMPLETED
326	id-00242	1	2	9	7	1926.0	1926.0	1926.78	1926.9459	1933.0	12.046	COMPLETED
326	id-00243	5	4	4	5	1926.0	1926.0	1926.17	1926.6284	1931.0	6.716	COMPLETED
326	id-00244	9	3	6	14	1928.0	1928.0	1928.25	1928.6624	1942.0	25.321	COMPLETED
326	id-00245	4	5	8	14	1928.0	1928.0	1928.31	1928.669	1942.0	7.46	COMPLETED
326	id-00246	9	16	8	2	1930.0	1930.0	1930.33	1930.5548	1932.0	33.424	COMPLETED
326	id-00247	3	6	6	8	1931.0	1931.0	1931.55	1931.7157	1939.0	15.112	COMPLETED
326	id-00248	1	2	10	13	1931.0	1931.0	1931.91	1932.3146	1944.0	14.054	COMPLETED
326	id-00249	9	14	8	2	1932.0	1932.0	1932.33	1932.7469	1934.0	33.424	COMPLETED
326	id-00250	6	6	7	4	1933.0	1933.0	1933.32	1933.739	1937.0	23.619	COMPLETED
326	id-00251	5	7	9	10	1933.0	1933.0	1933.38	1933.6163	1943.0	15.013	COMPLETED
326	id-00252	7	6	10	13	1933.0	1933.0	1933.36	1933.5154	1946.0	15.16	COMPLETED
326	id-00253	10	19	7	14	1934.0	1934.0	1934.25	1934.6168	1948.0	19.754	COMPLETED
326	id-00254	7	11	2	15	1934.0	1934.0	1934.17	1934.3196	1949.0	11.967	COMPLETED
326	id-00255	6	8	10	14	1934.0	1934.0	1934.83	1934.9732	1948.0	76.911	COMPLETED
326	id-00256	7	14	7	10	1935.0	1935.0	1935.33	1935.7592	1945.0	32.564	COMPLETED
326	id-00257	8	7	2	2	1937.0	1937.0	1937.1	1937.4713	1939.0	11.412	COMPLETED
326	id-00258	7	8	5	1	1938.0	1938.0	1938.24	1939.0	1939.0	23.683	EXPIRED
326	id-00259	8	4	4	12	1938.0	1938.0	1938.18	1938.5225	1950.0	18.845	COMPLETED
326	id-00260	2	4	4	10	1939.0	1939.0	1939.2	1939.5696	1949.0	6.178	COMPLETED
326	id-00261	9	6	3	3	1940.0	1940.0	1940.13	1940.2736	1943.0	14.393	COMPLETED
326	id-00262	7	10	7	7	1940.0	1940.0	1940.28	1940.502	1947.0	17.071	COMPLETED
326	id-00263	4	5	8	11	1942.0	1942.0	1942.76	1943.2253	1953.0	39.784	COMPLETED
326	id-00264	3	3	6	1	1942.0	1942.0	1942.57	1943.0	1943.0	26.409	EXPIRED
326	id-00265	7	11	10	15	1943.0	1943.0	1943.48	1943.6942	1958.0	47.366	COMPLETED
326	id-00266	3	5	3	10	1943.0	1943.0	1943.13	1943.3527	1953.0	2.346	COMPLETED
326	id-00267	2	3	8	15	1944.0	1944.0	1944.4	1944.849	1959.0	12.355	COMPLETED
326	id-00268	1	2	7	8	1945.0	1945.0	1945.7	1946.0257	1953.0	10.811	COMPLETED
326	id-00269	1	2	9	1	1945.0	1945.0	1945.9	1946.0	1946.0	13.9	EXPIRED
326	id-00270	1	2	10	14	1945.0	1945.0	1945.48	1945.5987	1959.0	2.888	COMPLETED
326	id-00271	6	2	8	14	1947.0	1947.0	1947.38	1947.7942	1961.0	31.63	COMPLETED
326	id-00272	8	15	6	15	1948.0	1948.0	1948.29	1948.7051	1963.0	33.096	COMPLETED
326	id-00273	2	4	3	11	1948.0	1948.0	1948.12	1948.5085	1959.0	1.444	COMPLETED
326	id-00274	1	2	4	1	1949.0	1949.0	1949.2	1950.0	1950.0	3.089	EXPIRED
326	id-00275	9	14	6	10	1949.0	1949.0	1949.25	1949.5242	1959.0	25.321	COMPLETED
326	id-00276	5	4	8	6	1949.0	1949.0	1949.32	1949.6057	1955.0	9.626	COMPLETED
326	id-00277	1	2	9	5	1950.0	1950.0	1950.45	1950.5554	1955.0	6.95	COMPLETED
326	id-00278	9	3	8	14	1952.0	1952.0	1952.36	1952.7357	1966.0	43.25	COMPLETED
326	id-00279	9	15	2	3	1953.0	1953.0	1953.09	1953.2302	1956.0	10.813	COMPLETED
326	id-00280	10	18	7	4	1954.0	1954.0	1954.28	1954.4957	1958.0	30.044	COMPLETED
326	id-00281	9	15	9	9	1956.0	1956.0	1956.39	1956.7117	1965.0	43.178	COMPLETED
326	id-00282	5	10	4	15	1957.0	1957.0	1957.18	1957.2866	1972.0	10.506	COMPLETED
326	id-00283	6	4	6	7	1958.0	1958.0	1958.27	1958.6988	1965.0	19.928	COMPLETED
326	id-00284	6	4	10	9	1959.0	1959.0	1959.45	1959.8968	1968.0	33.214	COMPLETED
326	id-00285	10	7	1	3	1961.0	1961.0	1961.04	1961.3037	1964.0	3.538	COMPLETED
326	id-00286	6	6	1	14	1962.0	1962.0	1962.05	1962.215	1976.0	4.162	COMPLETED
326	id-00287	8	4	5	10	1963.0	1963.0	1963.24	1963.344	1973.0	27.39	COMPLETED
326	id-00288	1	2	10	3	1963.0	1963.0	1963.43	1963.6686	1966.0	2.587	COMPLETED
326	id-00289	9	2	3	3	1964.0	1964.0	1964.13	1964.3807	1967.0	14.393	COMPLETED
326	id-00290	4	5	2	6	1964.0	1964.0	1964.07	1964.2118	1970.0	1.684	COMPLETED
326	id-00291	5	2	9	15	1965.0	1965.0	1965.43	1965.9225	1980.0	29.151	COMPLETED
326	id-00292	2	3	5	12	1966.0	1966.0	1966.25	1966.6833	1978.0	7.722	COMPLETED
326	id-00293	6	12	2	6	1967.0	1967.0	1967.1	1967.3997	1973.0	8.324	COMPLETED
326	id-00294	8	16	2	13	1967.0	1967.0	1967.08	1967.3222	1980.0	6.867	COMPLETED
326	id-00295	9	9	5	3	1967.0	1967.0	1967.19	1967.6636	1970.0	13.87	COMPLETED
326	id-00296	8	16	2	6	1969.0	1969.0	1969.1	1969.401	1975.0	11.412	COMPLETED
326	id-00297	9	11	1	11	1970.0	1970.0	1970.05	1970.3394	1981.0	6.007	COMPLETED
326	id-00298	3	3	9	6	1970.0	1970.0	1970.36	1970.6562	1976.0	6.497	COMPLETED
326	id-00299	3	2	9	12	1971.0	1971.0	1971.9	1972.1729	1983.0	41.699	COMPLETED
326	id-00300	3	5	4	9	1971.0	1971.0	1971.4	1971.8371	1980.0	18.533	COMPLETED
326	id-00301	4	3	1	1	1972.0	1972.0	1972.05	1973.0	1973.0	3.089	EXPIRED
326	id-00302	9	13	5	1	1972.0	1972.0	1972.23	1973.0	1973.0	27.632	EXPIRED
326	id-00303	9	2	9	2	1977.0	1977.0	1977.43	1977.5314	1979.0	55.714	COMPLETED
326	id-00304	4	6	3	10	1978.0	1978.0	1978.15	1978.4219	1988.0	9.266	COMPLETED
326	id-00305	6	5	2	5	1979.0	1979.0	1979.1	1979.3658	1984.0	9.266	COMPLETED
326	id-00306	4	7	10	4	1980.0	1980.0	1980.5	1980.8651	1984.0	30.888	COMPLETED
326	id-00307	9	6	1	6	1980.0	1980.0	1980.04	1980.3249	1986.0	4.051	COMPLETED
326	id-00308	3	2	10	15	1981.0	1981.0	1982.0	1982.2089	1996.0	46.332	COMPLETED
326	id-00309	1	2	5	2	1981.0	1981.0	1981.5	1981.6592	1983.0	7.722	COMPLETED
326	id-00310	5	7	1	11	1982.0	1982.0	1982.05	1982.2494	1993.0	3.861	COMPLETED
326	id-00311	9	11	10	10	1982.0	1982.0	1982.42	1982.6917	1992.0	42.539	COMPLETED
326	id-00312	7	5	7	13	1983.0	1983.0	1983.35	1983.7737	1996.0	37.838	COMPLETED
326	id-00313	4	8	5	5	1984.0	1984.0	1984.25	1984.7303	1989.0	15.444	COMPLETED
326	id-00314	9	9	1	14	1985.0	1985.0	1985.04	1985.2439	1999.0	4.051	COMPLETED
326	id-00315	6	10	3	14	1987.0	1987.0	1987.15	1987.5129	2001.0	13.9	COMPLETED
326	id-00316	7	6	4	12	1989.0	1989.0	1989.2	1989.679	2001.0	21.622	COMPLETED
326	id-00317	7	7	9	3	1993.0	1993.0	1993.45	1993.827	1996.0	48.649	COMPLETED
326	id-00318	6	2	6	10	1993.0	1993.0	1993.25	1993.6089	2003.0	13.738	COMPLETED
326	id-00319	10	14	9	4	1995.0	1995.0	1995.36	1995.8362	1999.0	38.628	COMPLETED
326	id-00320	1	2	1	2	1997.0	1997.0	1997.05	1997.2824	1999.0	0.772	COMPLETED
326	id-00321	8	3	10	5	1998.0	1998.0	1998.5	1998.6816	2003.0	61.776	COMPLETED
326	id-00322	6	6	9	4	1999.0	1999.0	1999.9	2000.1796	2003.0	83.398	COMPLETED
326	id-00323	1	2	4	8	1999.0	1999.0	1999.4	1999.7183	2007.0	6.178	COMPLETED
326	id-00324	7	9	5	2	1999.0	1999.0	1999.21	1999.3305	2001.0	14.783	COMPLETED
326	id-00325	5	10	4	5	2000.0	2000.0	2000.19	2000.4978	2005.0	12.88	COMPLETED
