6.651878356933594e-05
5.9604644775390625e-05
8.20159912109375e-05
5.8650970458984375e-05
6.175041198730469e-05
5.4836273193359375e-05
7.319450378417969e-05
4.2438507080078125e-05
0.00019669532775878906
7.224082946777344e-05
6.771087646484375e-05
6.0558319091796875e-05
5.14984130859375e-05
5.650520324707031e-05
3.790855407714844e-05
4.38690185546875e-05
5.5789947509765625e-05
6.341934204101562e-05
4.839897155761719e-05
5.745887756347656e-05
4.9591064453125e-05
5.269050598144531e-05
3.719329833984375e-05
3.695487976074219e-05
5.316734313964844e-05
5.555152893066406e-05
8.20159912109375e-05
5.6743621826171875e-05
6.4849853515625e-05
4.744529724121094e-05
5.269050598144531e-05
8.58306884765625e-05
4.887580871582031e-05
4.839897155761719e-05
7.486343383789062e-05
5.078315734863281e-05
5.173683166503906e-05
4.5299530029296875e-05
4.220008850097656e-05
3.0517578125e-05
3.5762786865234375e-05
5.14984130859375e-05
3.314018249511719e-05
5.1975250244140625e-05
8.511543273925781e-05
4.029273986816406e-05
5.984306335449219e-05
6.008148193359375e-05
5.6743621826171875e-05
5.173683166503906e-05
4.863739013671875e-05
6.937980651855469e-05
1.5020370483398438e-05
3.9577484130859375e-05
4.57763671875e-05
5.9604644775390625e-05
4.076957702636719e-05
2.6702880859375e-05
6.985664367675781e-05
4.7206878662109375e-05
4.982948303222656e-05
8.702278137207031e-05
3.743171691894531e-05
4.887580871582031e-05
7.05718994140625e-05
3.814697265625e-05
3.1948089599609375e-05
5.53131103515625e-05
7.772445678710938e-05
7.128715515136719e-05
4.839897155761719e-05
3.9577484130859375e-05
5.4836273193359375e-05
5.888938903808594e-05
6.961822509765625e-05
9.703636169433594e-05
6.413459777832031e-05
3.790855407714844e-05
5.316734313964844e-05
9.72747802734375e-05
4.863739013671875e-05
3.838539123535156e-05
7.271766662597656e-05
4.863739013671875e-05
5.269050598144531e-05
5.53131103515625e-05
3.9577484130859375e-05
6.127357482910156e-05
3.743171691894531e-05
3.552436828613281e-05
3.7670135498046875e-05
6.389617919921875e-05
3.0279159545898438e-05
6.699562072753906e-05
4.1961669921875e-05
4.0531158447265625e-05
3.24249267578125e-05
4.458427429199219e-05
9.107589721679688e-05
4.291534423828125e-05
4.863739013671875e-05
4.029273986816406e-05
5.316734313964844e-05
3.552436828613281e-05
6.175041198730469e-05
4.100799560546875e-05
5.626678466796875e-05
4.4345855712890625e-05
4.744529724121094e-05
5.507469177246094e-05
5.650520324707031e-05
4.839897155761719e-05
4.649162292480469e-05
4.649162292480469e-05
4.7206878662109375e-05
4.0531158447265625e-05
5.984306335449219e-05
5.53131103515625e-05
6.29425048828125e-05
3.5762786865234375e-05
3.695487976074219e-05
3.886222839355469e-05
3.790855407714844e-05
2.9325485229492188e-05
6.198883056640625e-05
3.600120544433594e-05
7.295608520507812e-05
4.124641418457031e-05
3.7670135498046875e-05
4.291534423828125e-05
4.029273986816406e-05
3.528594970703125e-05
5.340576171875e-05
4.220008850097656e-05
3.2901763916015625e-05
4.172325134277344e-05
3.790855407714844e-05
6.866455078125e-05
6.4849853515625e-05
4.744529724121094e-05
5.53131103515625e-05
4.57763671875e-05
5.340576171875e-05
6.842613220214844e-05
5.316734313964844e-05
3.4809112548828125e-05
5.793571472167969e-05
4.38690185546875e-05
3.528594970703125e-05
4.601478576660156e-05
6.771087646484375e-05
4.8160552978515625e-05
2.765655517578125e-05
3.457069396972656e-05
7.2479248046875e-05
3.695487976074219e-05
4.00543212890625e-05
4.863739013671875e-05
4.410743713378906e-05
4.2438507080078125e-05
7.319450378417969e-05
5.125999450683594e-05
4.601478576660156e-05
5.125999450683594e-05
4.744529724121094e-05
3.314018249511719e-05
5.4836273193359375e-05
4.220008850097656e-05
5.698204040527344e-05
3.6716461181640625e-05
5.698204040527344e-05
3.886222839355469e-05
3.981590270996094e-05
7.367134094238281e-05
3.7670135498046875e-05
6.270408630371094e-05
5.316734313964844e-05
3.814697265625e-05
5.340576171875e-05
3.814697265625e-05
2.6702880859375e-05
2.47955322265625e-05
4.696846008300781e-05
4.291534423828125e-05
3.0040740966796875e-05
4.315376281738281e-05
3.695487976074219e-05
