5.412101745605469e-05
3.933906555175781e-05
3.528594970703125e-05
6.318092346191406e-05
4.982948303222656e-05
6.532669067382812e-05
4.7206878662109375e-05
5.745887756347656e-05
7.534027099609375e-05
6.0558319091796875e-05
3.790855407714844e-05
4.673004150390625e-05
6.222724914550781e-05
4.863739013671875e-05
4.935264587402344e-05
3.528594970703125e-05
4.9114227294921875e-05
5.459785461425781e-05
4.4345855712890625e-05
5.435943603515625e-05
4.9114227294921875e-05
6.532669067382812e-05
7.271766662597656e-05
5.435943603515625e-05
5.316734313964844e-05
3.695487976074219e-05
5.316734313964844e-05
3.933906555175781e-05
4.553794860839844e-05
5.364418029785156e-05
5.602836608886719e-05
4.1484832763671875e-05
5.5789947509765625e-05
4.2438507080078125e-05
3.337860107421875e-05
4.506111145019531e-05
8.821487426757812e-05
5.221366882324219e-05
6.556510925292969e-05
3.361701965332031e-05
4.172325134277344e-05
5.698204040527344e-05
5.91278076171875e-05
4.029273986816406e-05
3.62396240234375e-05
5.7220458984375e-05
0.00011157989501953125
4.601478576660156e-05
4.4345855712890625e-05
5.412101745605469e-05
6.747245788574219e-05
4.7206878662109375e-05
7.05718994140625e-05
5.841255187988281e-05
3.910064697265625e-05
5.14984130859375e-05
5.1021575927734375e-05
4.673004150390625e-05
3.814697265625e-05
4.6253204345703125e-05
5.817413330078125e-05
6.818771362304688e-05
6.794929504394531e-05
4.9591064453125e-05
3.9577484130859375e-05
5.364418029785156e-05
7.152557373046875e-05
3.218650817871094e-05
2.5987625122070312e-05
2.8133392333984375e-05
3.361701965332031e-05
2.7179718017578125e-05
4.76837158203125e-05
4.7206878662109375e-05
4.2438507080078125e-05
8.630752563476562e-05
5.2928924560546875e-05
7.987022399902344e-05
5.14984130859375e-05
5.91278076171875e-05
5.245208740234375e-05
6.866455078125e-05
4.8160552978515625e-05
4.863739013671875e-05
5.030632019042969e-05
3.981590270996094e-05
5.125999450683594e-05
3.6716461181640625e-05
6.365776062011719e-05
3.790855407714844e-05
4.100799560546875e-05
4.887580871582031e-05
4.506111145019531e-05
5.1975250244140625e-05
5.269050598144531e-05
4.315376281738281e-05
5.3882598876953125e-05
4.482269287109375e-05
7.581710815429688e-05
4.744529724121094e-05
5.269050598144531e-05
5.841255187988281e-05
4.982948303222656e-05
3.2901763916015625e-05
4.220008850097656e-05
7.104873657226562e-05
5.173683166503906e-05
5.078315734863281e-05
5.459785461425781e-05
4.6253204345703125e-05
4.601478576660156e-05
4.649162292480469e-05
5.507469177246094e-05
4.601478576660156e-05
4.100799560546875e-05
6.866455078125e-05
9.107589721679688e-05
5.269050598144531e-05
5.125999450683594e-05
5.793571472167969e-05
4.38690185546875e-05
4.363059997558594e-05
5.054473876953125e-05
4.553794860839844e-05
4.410743713378906e-05
5.3882598876953125e-05
4.267692565917969e-05
5.173683166503906e-05
5.5789947509765625e-05
5.2928924560546875e-05
3.790855407714844e-05
3.361701965332031e-05
5.245208740234375e-05
3.24249267578125e-05
5.507469177246094e-05
5.7697296142578125e-05
4.124641418457031e-05
4.172325134277344e-05
4.5299530029296875e-05
5.817413330078125e-05
5.6743621826171875e-05
3.9577484130859375e-05
6.842613220214844e-05
4.649162292480469e-05
4.982948303222656e-05
5.078315734863281e-05
9.584426879882812e-05
7.653236389160156e-05
5.2928924560546875e-05
6.604194641113281e-05
2.765655517578125e-05
3.528594970703125e-05
4.863739013671875e-05
3.743171691894531e-05
6.389617919921875e-05
5.555152893066406e-05
4.482269287109375e-05
5.7220458984375e-05
5.412101745605469e-05
5.340576171875e-05
6.246566772460938e-05
6.008148193359375e-05
4.1961669921875e-05
2.7894973754882812e-05
5.3882598876953125e-05
5.0067901611328125e-05
3.814697265625e-05
4.38690185546875e-05
5.507469177246094e-05
4.887580871582031e-05
4.982948303222656e-05
5.2928924560546875e-05
2.9325485229492188e-05
2.6702880859375e-05
4.00543212890625e-05
4.935264587402344e-05
4.506111145019531e-05
3.266334533691406e-05
2.7418136596679688e-05
4.029273986816406e-05
2.47955322265625e-05
4.38690185546875e-05
4.124641418457031e-05
8.177757263183594e-05
2.9325485229492188e-05
5.269050598144531e-05
