322	id-00000	2	4	2	2	1700.0	1700.0	1700.1	1700.3599	1702.0	3.089	COMPLETED
322	id-00001	8	13	8	15	1701.0	1701.0	1701.36	1701.76	1716.0	37.691	COMPLETED
322	id-00002	6	5	5	4	1702.0	1702.0	1702.23	1702.6696	1706.0	16.976	COMPLETED
322	id-00003	1	2	7	4	1704.0	1704.0	1704.35	1704.5243	1708.0	5.405	COMPLETED
322	id-00004	8	9	3	2	1704.0	1704.0	1704.14	1704.5348	1706.0	14.657	COMPLETED
322	id-00005	3	2	8	3	1704.0	1704.0	1704.33	1704.7575	1707.0	5.956	COMPLETED
322	id-00006	5	2	7	5	1705.0	1705.0	1705.32	1705.439	1710.0	18.676	COMPLETED
322	id-00007	6	4	1	4	1708.0	1708.0	1708.05	1708.2907	1712.0	3.69	COMPLETED
322	id-00008	9	9	6	15	1712.0	1712.0	1712.26	1712.6753	1727.0	28.785	COMPLETED
322	id-00009	9	18	10	5	1714.0	1714.0	1714.43	1714.7351	1719.0	47.606	COMPLETED
322	id-00010	5	3	1	7	1715.0	1715.0	1715.05	1715.208	1722.0	2.918	COMPLETED
322	id-00011	8	7	4	3	1715.0	1715.0	1715.18	1715.4583	1718.0	18.845	COMPLETED
322	id-00012	3	3	2	7	1715.0	1715.0	1715.17	1715.5405	1722.0	3.068	COMPLETED
322	id-00013	6	12	4	10	1715.0	1715.0	1715.35	1715.5089	1725.0	32.432	COMPLETED
322	id-00014	7	4	8	14	1717.0	1717.0	1717.36	1717.4797	1731.0	32.131	COMPLETED
322	id-00015	9	14	1	7	1718.0	1718.0	1718.05	1718.2035	1725.0	6.007	COMPLETED
322	id-00016	8	15	5	5	1719.0	1719.0	1719.23	1719.35	1724.0	24.08	COMPLETED
322	id-00017	10	11	3	2	1719.0	1719.0	1719.13	1719.5873	1721.0	16.4	COMPLETED
322	id-00018	8	11	1	9	1720.0	1720.0	1720.05	1720.2901	1729.0	5.235	COMPLETED
322	id-00019	3	3	8	11	1720.0	1720.0	1720.7	1721.0853	1731.0	12.634	COMPLETED
322	id-00020	3	6	2	3	1720.0	1720.0	1720.17	1720.6454	1723.0	7.876	COMPLETED
322	id-00021	9	16	3	3	1722.0	1722.0	1722.13	1722.2875	1725.0	14.393	COMPLETED
322	id-00022	10	8	9	7	1725.0	1725.0	1725.78	1725.9775	1732.0	98.402	COMPLETED
322	id-00023	4	5	2	2	1725.0	1725.0	1725.17	1725.5344	1727.0	10.502	COMPLETED
322	id-00024	10	17	4	7	1727.0	1727.0	1727.17	1727.2705	1734.0	21.447	COMPLETED
322	id-00025	7	7	10	14	1730.0	1730.0	1730.48	1730.8631	1744.0	47.366	COMPLETED
322	id-00026	1	2	4	3	1732.0	1732.0	1732.2	1732.6814	1735.0	3.089	COMPLETED
322	id-00027	3	3	4	11	1732.0	1732.0	1732.19	1732.4137	1743.0	7.012	COMPLETED
322	id-00028	7	10	1	9	1733.0	1733.0	1733.05	1733.4732	1742.0	4.934	COMPLETED
322	id-00029	5	5	3	15	1733.0	1733.0	1733.12	1733.4154	1748.0	4.741	COMPLETED
322	id-00030	3	3	9	10	1735.0	1735.0	1735.86	1736.1184	1745.0	31.737	COMPLETED
322	id-00031	5	8	8	4	1735.0	1735.0	1735.76	1736.2048	1739.0	58.687	COMPLETED
322	id-00032	7	4	8	6	1736.0	1736.0	1736.38	1736.7815	1742.0	37.498	COMPLETED
322	id-00033	3	3	7	7	1736.0	1736.0	1736.61	1736.9754	1743.0	11.009	COMPLETED
322	id-00034	3	5	4	12	1736.0	1736.0	1736.35	1736.6792	1748.0	16.216	COMPLETED
322	id-00035	1	2	2	4	1737.0	1737.0	1737.1	1737.475	1741.0	0.602	COMPLETED
322	id-00036	5	2	2	7	1737.0	1737.0	1737.1	1737.5247	1744.0	6.779	COMPLETED
322	id-00037	6	3	6	9	1737.0	1737.0	1737.26	1737.5388	1746.0	16.739	COMPLETED
322	id-00038	8	3	10	1	1737.0	1737.0	1737.87	1738.0	1738.0	82.883	EXPIRED
322	id-00039	6	3	10	6	1737.0	1737.0	1737.87	1738.2032	1743.0	80.618	COMPLETED
322	id-00040	4	8	6	1	1737.0	1737.0	1737.27	1738.0	1738.0	11.588	EXPIRED
322	id-00041	5	5	5	8	1738.0	1738.0	1738.24	1738.4949	1746.0	16.27	COMPLETED
322	id-00042	5	10	6	14	1738.0	1738.0	1738.26	1738.5333	1752.0	12.723	COMPLETED
322	id-00043	1	2	2	1	1739.0	1739.0	1739.1	1740.0	1740.0	0.602	EXPIRED
322	id-00044	6	9	8	11	1739.0	1739.0	1739.38	1739.8243	1750.0	31.63	COMPLETED
322	id-00045	4	3	7	1	1739.0	1739.0	1739.3	1740.0	1740.0	10.048	EXPIRED
322	id-00046	7	4	7	3	1739.0	1739.0	1739.3	1739.4405	1742.0	23.947	COMPLETED
322	id-00047	3	2	5	3	1740.0	1740.0	1740.24	1740.425	1743.0	8.857	COMPLETED
322	id-00048	9	13	9	9	1741.0	1741.0	1741.36	1741.7217	1750.0	33.068	COMPLETED
322	id-00049	5	4	6	4	1742.0	1742.0	1742.29	1742.6401	1746.0	19.66	COMPLETED
322	id-00050	4	6	5	10	1742.0	1742.0	1742.2	1742.463	1752.0	4.813	COMPLETED
322	id-00051	7	4	9	6	1743.0	1743.0	1743.43	1743.7685	1749.0	42.432	COMPLETED
322	id-00052	2	3	5	10	1744.0	1744.0	1744.25	1744.5165	1754.0	7.722	COMPLETED
322	id-00053	2	4	9	10	1744.0	1744.0	1744.43	1744.6199	1754.0	9.228	COMPLETED
322	id-00054	2	4	8	6	1746.0	1746.0	1746.4	1746.7978	1752.0	12.355	COMPLETED
322	id-00055	4	4	2	15	1746.0	1746.0	1746.1	1746.4019	1761.0	5.235	COMPLETED
322	id-00056	1	2	1	9	1750.0	1750.0	1750.05	1750.3886	1759.0	0.772	COMPLETED
322	id-00057	10	18	9	5	1750.0	1750.0	1750.41	1750.8177	1755.0	55.589	COMPLETED
322	id-00058	8	16	5	10	1750.0	1750.0	1750.22	1750.695	1760.0	20.959	COMPLETED
322	id-00059	3	5	6	4	1753.0	1753.0	1753.29	1753.5031	1757.0	10.702	COMPLETED
322	id-00060	1	2	4	2	1754.0	1754.0	1754.2	1754.4242	1756.0	3.089	COMPLETED
322	id-00061	4	5	6	1	1754.0	1754.0	1754.29	1755.0	1755.0	15.181	EXPIRED
322	id-00062	10	2	2	6	1754.0	1754.0	1754.09	1754.4826	1760.0	12.203	COMPLETED
322	id-00063	10	17	8	2	1755.0	1755.0	1755.36	1755.5898	1757.0	48.81	COMPLETED
322	id-00064	9	17	5	5	1756.0	1756.0	1756.22	1756.5429	1761.0	24.357	COMPLETED
322	id-00065	9	6	1	2	1757.0	1757.0	1757.04	1757.2854	1759.0	4.428	COMPLETED
322	id-00066	8	7	2	9	1757.0	1757.0	1757.09	1757.5006	1766.0	9.423	COMPLETED
322	id-00067	10	6	3	2	1757.0	1757.0	1757.12	1757.3515	1759.0	14.007	COMPLETED
322	id-00068	10	20	10	1	1758.0	1758.0	1758.45	1759.0	1759.0	61.013	EXPIRED
322	id-00069	8	8	5	8	1758.0	1758.0	1758.42	1758.7803	1766.0	36.053	COMPLETED
322	id-00070	5	2	10	11	1758.0	1758.0	1758.83	1759.2409	1769.0	64.093	COMPLETED
322	id-00071	1	2	5	7	1759.0	1759.0	1759.25	1759.4053	1766.0	3.861	COMPLETED
322	id-00072	7	13	4	8	1759.0	1759.0	1759.19	1759.4337	1767.0	18.749	COMPLETED
322	id-00073	5	3	1	11	1760.0	1760.0	1760.05	1760.492	1771.0	2.918	COMPLETED
322	id-00074	10	15	5	10	1760.0	1760.0	1760.23	1760.3617	1770.0	31.184	COMPLETED
322	id-00075	1	2	4	1	1766.0	1766.0	1766.2	1767.0	1767.0	3.089	EXPIRED
322	id-00076	5	6	6	14	1768.0	1768.0	1768.26	1768.7008	1782.0	12.723	COMPLETED
322	id-00077	9	7	5	7	1770.0	1770.0	1770.21	1770.3675	1777.0	21.27	COMPLETED
322	id-00078	9	12	9	15	1772.0	1772.0	1772.38	1772.4927	1787.0	38.488	COMPLETED
322	id-00079	7	14	9	6	1772.0	1772.0	1772.39	1772.7779	1778.0	31.131	COMPLETED
322	id-00080	9	17	4	6	1772.0	1772.0	1772.17	1772.3424	1778.0	18.821	COMPLETED
322	id-00081	8	10	4	8	1773.0	1773.0	1773.18	1773.6551	1781.0	18.845	COMPLETED
322	id-00082	4	3	4	6	1773.0	1773.0	1773.17	1773.3683	1779.0	4.091	COMPLETED
322	id-00083	2	2	7	11	1774.0	1774.0	1774.35	1774.4671	1785.0	10.811	COMPLETED
322	id-00084	9	15	8	7	1775.0	1775.0	1775.32	1775.4737	1782.0	29.394	COMPLETED
322	id-00085	2	2	9	13	1775.0	1775.0	1775.38	1775.528	1788.0	4.572	COMPLETED
322	id-00086	9	2	7	12	1776.0	1776.0	1776.28	1776.7207	1788.0	25.72	COMPLETED
322	id-00087	2	2	7	6	1776.0	1776.0	1777.17	1777.523	1782.0	14.077	COMPLETED
322	id-00088	9	15	8	5	1776.0	1776.0	1777.33	1777.5163	1781.0	159.786	COMPLETED
322	id-00089	2	3	7	10	1776.0	1776.0	1777.17	1777.5968	1786.0	36.139	COMPLETED
322	id-00090	1	2	8	11	1776.0	1776.0	1777.33	1777.6896	1787.0	20.541	COMPLETED
322	id-00091	2	4	5	4	1776.0	1776.0	1776.4	1776.6484	1780.0	4.813	COMPLETED
322	id-00092	3	2	2	5	1776.0	1776.0	1776.16	1776.5989	1781.0	2.888	COMPLETED
322	id-00093	10	8	6	2	1777.0	1777.0	1777.6	1777.8041	1779.0	92.664	COMPLETED
322	id-00094	8	13	2	14	1778.0	1778.0	1778.1	1778.4572	1792.0	11.412	COMPLETED
322	id-00095	2	3	3	11	1779.0	1779.0	1779.15	1779.5591	1790.0	4.633	COMPLETED
322	id-00096	1	2	2	11	1780.0	1780.0	1780.1	1780.2007	1791.0	1.544	COMPLETED
322	id-00097	9	10	10	4	1780.0	1780.0	1780.38	1780.4921	1784.0	31.323	COMPLETED
322	id-00098	4	6	7	5	1781.0	1781.0	1781.33	1781.777	1786.0	17.275	COMPLETED
322	id-00099	2	4	1	9	1784.0	1784.0	1784.05	1784.1848	1793.0	1.544	COMPLETED
322	id-00100	6	3	9	3	1784.0	1784.0	1784.43	1784.7282	1787.0	35.791	COMPLETED
322	id-00101	10	15	10	12	1788.0	1788.0	1788.42	1788.7335	1800.0	49.026	COMPLETED
322	id-00102	5	10	1	9	1789.0	1789.0	1789.05	1789.1717	1798.0	3.861	COMPLETED
322	id-00103	1	2	8	4	1791.0	1791.0	1791.4	1791.8431	1795.0	6.178	COMPLETED
322	id-00104	7	4	7	9	1791.0	1791.0	1791.35	1791.5608	1800.0	37.838	COMPLETED
322	id-00105	4	8	8	5	1795.0	1795.0	1795.4	1795.6645	1800.0	24.71	COMPLETED
322	id-00106	7	3	6	11	1795.0	1795.0	1795.22	1795.5315	1806.0	9.265	COMPLETED
322	id-00107	6	7	5	11	1796.0	1796.0	1796.25	1796.7457	1807.0	23.166	COMPLETED
322	id-00108	8	9	6	13	1797.0	1797.0	1797.3	1797.5094	1810.0	37.066	COMPLETED
322	id-00109	9	17	10	13	1798.0	1798.0	1798.37	1798.6127	1811.0	27.01	COMPLETED
322	id-00110	3	2	9	1	1799.0	1799.0	1799.45	1800.0	1800.0	20.849	EXPIRED
322	id-00111	8	11	6	4	1799.0	1799.0	1799.22	1799.5076	1803.0	12.662	COMPLETED
322	id-00112	9	3	9	1	1800.0	1800.0	1800.33	1801.0	1801.0	24.09	EXPIRED
322	id-00113	2	3	2	9	1800.0	1800.0	1800.08	1800.2754	1809.0	0.963	COMPLETED
322	id-00114	5	5	6	1	1806.0	1806.0	1806.29	1807.0	1807.0	19.66	EXPIRED
322	id-00115	4	8	8	10	1806.0	1806.0	1806.59	1807.0532	1816.0	14.198	COMPLETED
322	id-00116	1	2	2	5	1806.0	1806.0	1806.15	1806.4872	1811.0	0.902	COMPLETED
322	id-00117	8	16	6	7	1812.0	1812.0	1812.29	1812.5523	1819.0	33.096	COMPLETED
322	id-00118	2	2	5	13	1813.0	1813.0	1813.25	1813.6547	1826.0	7.722	COMPLETED
322	id-00119	9	15	9	10	1813.0	1813.0	1813.29	1813.4372	1823.0	15.702	COMPLETED
322	id-00120	6	3	4	8	1814.0	1814.0	1814.38	1814.5315	1822.0	31.63	COMPLETED
322	id-00121	2	4	4	9	1814.0	1814.0	1814.38	1814.8485	1823.0	11.737	COMPLETED
322	id-00122	10	15	9	2	1815.0	1815.0	1815.36	1815.6223	1817.0	38.628	COMPLETED
322	id-00123	9	12	4	2	1815.0	1815.0	1815.17	1815.5247	1817.0	17.218	COMPLETED
322	id-00124	10	4	7	6	1816.0	1816.0	1816.28	1816.6133	1822.0	30.044	COMPLETED
322	id-00125	10	15	4	11	1817.0	1817.0	1817.16	1817.3174	1828.0	17.168	COMPLETED
322	id-00126	2	3	3	15	1818.0	1818.0	1818.15	1818.4535	1833.0	4.633	COMPLETED
322	id-00127	2	2	10	12	1819.0	1819.0	1819.5	1819.9337	1831.0	15.444	COMPLETED
322	id-00128	7	9	7	3	1819.0	1819.0	1819.33	1819.645	1822.0	32.564	COMPLETED
322	id-00129	9	8	9	5	1820.0	1820.0	1820.31	1820.7091	1825.0	16.785	COMPLETED
322	id-00130	6	5	4	12	1824.0	1824.0	1824.2	1824.4151	1836.0	18.533	COMPLETED
322	id-00131	6	12	6	2	1825.0	1825.0	1825.3	1825.5265	1827.0	27.799	COMPLETED
322	id-00132	3	5	9	3	1828.0	1828.0	1828.45	1828.6134	1831.0	20.849	COMPLETED
322	id-00133	9	5	3	10	1829.0	1829.0	1829.12	1829.5791	1839.0	9.891	COMPLETED
322	id-00134	10	14	3	12	1829.0	1829.0	1829.12	1829.3948	1841.0	11.745	COMPLETED
322	id-00135	8	10	5	10	1829.0	1829.0	1829.19	1829.2991	1839.0	12.727	COMPLETED
322	id-00136	9	2	4	12	1830.0	1830.0	1830.17	1830.4583	1842.0	17.218	COMPLETED
322	id-00137	4	7	8	1	1830.0	1830.0	1830.3	1831.0	1831.0	7.219	EXPIRED
322	id-00138	3	3	5	12	1832.0	1832.0	1832.5	1832.8566	1844.0	23.166	COMPLETED
322	id-00139	3	6	5	4	1832.0	1832.0	1832.5	1832.8612	1836.0	23.166	COMPLETED
322	id-00140	3	6	3	10	1832.0	1832.0	1832.12	1832.4437	1842.0	2.166	COMPLETED
322	id-00141	7	3	10	4	1833.0	1833.0	1833.5	1833.6104	1837.0	54.054	COMPLETED
322	id-00142	7	8	10	11	1833.0	1833.0	1833.42	1833.9063	1844.0	29.566	COMPLETED
322	id-00143	8	4	1	15	1836.0	1836.0	1836.05	1836.3155	1851.0	6.178	COMPLETED
322	id-00144	9	6	2	8	1836.0	1836.0	1836.08	1836.4253	1844.0	8.103	COMPLETED
322	id-00145	2	4	1	4	1836.0	1836.0	1836.04	1836.2643	1840.0	0.481	COMPLETED
322	id-00146	3	3	4	9	1839.0	1839.0	1839.2	1839.3565	1848.0	9.266	COMPLETED
322	id-00147	1	2	4	9	1842.0	1842.0	1842.2	1842.6218	1851.0	3.089	COMPLETED
322	id-00148	10	3	3	15	1842.0	1842.0	1842.11	1842.3212	1857.0	9.729	COMPLETED
322	id-00149	9	8	8	2	1843.0	1843.0	1843.32	1843.7097	1845.0	29.394	COMPLETED
322	id-00150	8	2	2	6	1844.0	1844.0	1844.1	1844.2475	1850.0	11.412	COMPLETED
322	id-00151	1	2	4	8	1845.0	1845.0	1845.2	1845.4161	1853.0	3.089	COMPLETED
322	id-00152	3	3	5	4	1847.0	1847.0	1847.25	1847.626	1851.0	11.583	COMPLETED
322	id-00153	8	9	2	5	1848.0	1848.0	1848.1	1848.5391	1853.0	12.355	COMPLETED
322	id-00154	3	3	8	3	1848.0	1848.0	1848.32	1848.8141	1851.0	5.775	COMPLETED
322	id-00155	1	2	2	7	1849.0	1849.0	1849.1	1849.3895	1856.0	1.544	COMPLETED
322	id-00156	2	4	5	12	1850.0	1850.0	1850.25	1850.5737	1862.0	7.722	COMPLETED
322	id-00157	5	8	4	7	1851.0	1851.0	1851.2	1851.4183	1858.0	15.444	COMPLETED
322	id-00158	1	2	3	9	1852.0	1852.0	1852.15	1852.5266	1861.0	2.317	COMPLETED
322	id-00159	9	17	6	9	1855.0	1855.0	1855.24	1855.7295	1864.0	22.045	COMPLETED
322	id-00160	1	2	6	5	1855.0	1855.0	1855.24	1855.7244	1860.0	1.444	COMPLETED
322	id-00161	10	20	3	3	1857.0	1857.0	1857.12	1857.3711	1860.0	12.876	COMPLETED
322	id-00162	3	3	8	4	1858.0	1858.0	1858.4	1858.5109	1862.0	18.533	COMPLETED
322	id-00163	9	4	10	1	1860.0	1860.0	1860.42	1861.0	1861.0	42.539	EXPIRED
322	id-00164	7	6	3	1	1861.0	1861.0	1861.15	1862.0	1862.0	16.216	EXPIRED
322	id-00165	4	8	8	9	1863.0	1863.0	1863.4	1863.6819	1872.0	24.71	COMPLETED
322	id-00166	10	8	6	11	1864.0	1864.0	1864.24	1864.544	1875.0	25.752	COMPLETED
322	id-00167	8	5	1	4	1865.0	1865.0	1865.05	1865.5197	1869.0	6.178	COMPLETED
322	id-00168	10	15	4	13	1865.0	1865.0	1865.32	1865.6604	1878.0	34.336	COMPLETED
322	id-00169	2	3	9	7	1865.0	1865.0	1865.72	1865.9584	1872.0	22.239	COMPLETED
322	id-00170	10	2	1	11	1867.0	1867.0	1867.04	1867.2051	1878.0	4.292	COMPLETED
322	id-00171	6	11	4	5	1867.0	1867.0	1867.16	1867.4093	1872.0	7.284	COMPLETED
322	id-00172	4	3	2	15	1868.0	1868.0	1868.1	1868.5912	1883.0	6.178	COMPLETED
322	id-00173	9	4	7	15	1868.0	1868.0	1868.3	1868.44	1883.0	33.214	COMPLETED
322	id-00174	1	2	1	8	1869.0	1869.0	1869.05	1869.4443	1877.0	0.772	COMPLETED
322	id-00175	4	3	4	3	1869.0	1869.0	1869.2	1869.5065	1872.0	12.355	COMPLETED
322	id-00176	9	3	6	9	1872.0	1872.0	1872.24	1872.4111	1881.0	22.045	COMPLETED
322	id-00177	4	2	1	15	1873.0	1873.0	1873.05	1873.2787	1888.0	2.146	COMPLETED
322	id-00178	5	3	3	15	1874.0	1874.0	1874.14	1874.6142	1889.0	8.171	COMPLETED
322	id-00179	5	6	9	9	1875.0	1875.0	1875.41	1875.5907	1884.0	23.929	COMPLETED
322	id-00180	5	8	1	2	1877.0	1877.0	1877.05	1877.3887	1879.0	2.918	COMPLETED
322	id-00181	9	8	3	6	1877.0	1877.0	1877.12	1877.4968	1883.0	11.023	COMPLETED
322	id-00182	9	16	3	15	1878.0	1878.0	1878.12	1878.3154	1893.0	11.023	COMPLETED
322	id-00183	1	2	6	4	1879.0	1879.0	1879.3	1879.5138	1883.0	4.633	COMPLETED
322	id-00184	1	2	3	5	1880.0	1880.0	1880.15	1880.5571	1885.0	2.317	COMPLETED
322	id-00185	8	3	9	8	1880.0	1880.0	1880.41	1880.7604	1888.0	42.925	COMPLETED
322	id-00186	8	9	8	13	1881.0	1881.0	1881.36	1881.7752	1894.0	37.691	COMPLETED
322	id-00187	3	2	5	9	1884.0	1884.0	1884.23	1884.6001	1893.0	6.319	COMPLETED
322	id-00188	7	11	1	10	1885.0	1885.0	1885.04	1885.5087	1895.0	2.816	COMPLETED
322	id-00189	4	5	1	1	1885.0	1885.0	1885.04	1886.0	1886.0	0.963	EXPIRED
322	id-00190	10	9	9	1	1886.0	1886.0	1886.36	1887.0	1887.0	38.628	EXPIRED
322	id-00191	7	2	1	7	1887.0	1887.0	1887.08	1887.5651	1894.0	5.632	COMPLETED
322	id-00192	1	2	9	9	1887.0	1887.0	1887.75	1887.9965	1896.0	11.583	COMPLETED
322	id-00193	10	10	6	11	1888.0	1888.0	1888.24	1888.4255	1899.0	25.752	COMPLETED
322	id-00194	6	3	5	6	1888.0	1888.0	1888.43	1888.5405	1894.0	27.683	COMPLETED
322	id-00195	6	9	3	13	1888.0	1888.0	1888.26	1888.5963	1901.0	24.093	COMPLETED
322	id-00196	4	8	9	8	1889.0	1889.0	1889.75	1890.2204	1897.0	18.048	COMPLETED
322	id-00197	3	6	5	12	1889.0	1889.0	1889.42	1889.5741	1901.0	19.459	COMPLETED
322	id-00198	10	7	4	4	1889.0	1889.0	1889.32	1889.4277	1893.0	34.336	COMPLETED
322	id-00199	2	4	1	9	1889.0	1889.0	1889.08	1889.2855	1898.0	2.471	COMPLETED
322	id-00200	5	8	10	13	1890.0	1890.0	1890.83	1891.1137	1903.0	32.792	COMPLETED
322	id-00201	2	2	10	2	1890.0	1890.0	1890.83	1891.0643	1892.0	25.637	COMPLETED
322	id-00202	8	3	2	15	1892.0	1892.0	1892.08	1892.4679	1907.0	6.867	COMPLETED
322	id-00203	9	11	8	13	1892.0	1892.0	1892.31	1892.596	1905.0	25.553	COMPLETED
322	id-00204	3	5	7	6	1892.0	1892.0	1892.29	1892.4399	1898.0	5.234	COMPLETED
322	id-00205	5	9	10	2	1893.0	1893.0	1893.42	1893.5374	1895.0	16.593	COMPLETED
322	id-00206	8	5	2	6	1893.0	1893.0	1893.08	1893.5499	1899.0	5.359	COMPLETED
322	id-00207	8	3	6	1	1895.0	1895.0	1895.25	1896.0	1896.0	21.46	EXPIRED
322	id-00208	9	5	7	10	1895.0	1895.0	1895.29	1895.6665	1905.0	29.372	COMPLETED
322	id-00209	10	6	9	15	1895.0	1895.0	1895.36	1895.846	1910.0	38.628	COMPLETED
322	id-00210	9	17	7	11	1896.0	1896.0	1896.29	1896.508	1907.0	29.372	COMPLETED
322	id-00211	8	12	3	3	1897.0	1897.0	1897.12	1897.4875	1900.0	10.301	COMPLETED
322	id-00212	4	2	9	3	1897.0	1897.0	1897.38	1897.5674	1900.0	9.144	COMPLETED
322	id-00213	3	6	5	13	1899.0	1899.0	1899.21	1899.3414	1912.0	3.79	COMPLETED
322	id-00214	9	14	7	1	1899.0	1899.0	1899.29	1900.0	1900.0	29.372	EXPIRED
322	id-00215	3	5	5	8	1899.0	1899.0	1899.2	1899.5242	1907.0	3.61	COMPLETED
322	id-00216	5	9	2	8	1900.0	1900.0	1900.08	1900.2613	1908.0	3.161	COMPLETED
322	id-00217	9	13	3	4	1901.0	1901.0	1901.12	1901.462	1905.0	9.891	COMPLETED
322	id-00218	9	11	6	5	1901.0	1901.0	1901.23	1901.7011	1906.0	18.958	COMPLETED
322	id-00219	4	7	8	5	1902.0	1902.0	1902.33	1902.4822	1907.0	7.941	COMPLETED
322	id-00220	8	12	4	1	1902.0	1902.0	1902.15	1903.0	1903.0	10.048	EXPIRED
322	id-00221	6	9	10	6	1903.0	1903.0	1903.42	1903.7326	1909.0	23.08	COMPLETED
322	id-00222	5	2	5	5	1904.0	1904.0	1904.21	1904.6511	1909.0	8.297	COMPLETED
322	id-00223	5	5	6	2	1904.0	1904.0	1904.46	1904.7328	1906.0	13.837	COMPLETED
322	id-00224	3	3	8	8	1904.0	1904.0	1904.62	1904.8519	1912.0	22.88	COMPLETED
322	id-00225	2	4	5	14	1904.0	1904.0	1904.19	1904.507	1918.0	2.286	COMPLETED
322	id-00226	3	2	4	6	1905.0	1905.0	1905.35	1905.7508	1911.0	6.317	COMPLETED
322	id-00227	3	3	5	15	1905.0	1905.0	1905.43	1905.6899	1920.0	19.923	COMPLETED
322	id-00228	9	8	3	7	1905.0	1905.0	1905.12	1905.5597	1912.0	9.891	COMPLETED
322	id-00229	8	16	8	8	1905.0	1905.0	1905.3	1905.5494	1913.0	17.267	COMPLETED
322	id-00230	1	2	8	7	1906.0	1906.0	1906.4	1906.8679	1913.0	6.178	COMPLETED
322	id-00231	10	9	10	5	1907.0	1907.0	1907.37	1907.7869	1912.0	32.724	COMPLETED
322	id-00232	6	4	7	4	1911.0	1911.0	1911.3	1911.6146	1915.0	19.314	COMPLETED
322	id-00233	5	6	4	5	1911.0	1911.0	1911.16	1911.6443	1916.0	4.813	COMPLETED
322	id-00234	2	4	9	8	1912.0	1912.0	1912.45	1912.9101	1920.0	13.9	COMPLETED
322	id-00235	4	4	2	10	1914.0	1914.0	1914.09	1914.5167	1924.0	3.014	COMPLETED
322	id-00236	3	5	2	6	1916.0	1916.0	1916.09	1916.3769	1922.0	2.473	COMPLETED
322	id-00237	6	10	5	1	1916.0	1916.0	1916.22	1917.0	1917.0	14.164	EXPIRED
322	id-00238	4	5	6	9	1916.0	1916.0	1916.23	1916.4138	1925.0	5.535	COMPLETED
322	id-00239	8	4	6	5	1917.0	1917.0	1917.27	1917.5844	1922.0	28.268	COMPLETED
322	id-00240	4	5	5	3	1917.0	1917.0	1917.22	1917.427	1920.0	7.368	COMPLETED
322	id-00241	4	5	10	11	1918.0	1918.0	1918.45	1918.6118	1929.0	19.314	COMPLETED
322	id-00242	7	13	6	7	1922.0	1922.0	1922.27	1922.5055	1929.0	24.098	COMPLETED
322	id-00243	6	7	7	13	1923.0	1923.0	1923.32	1923.8108	1936.0	23.619	COMPLETED
322	id-00244	6	11	8	14	1925.0	1925.0	1925.35	1925.6735	1939.0	22.533	COMPLETED
322	id-00245	6	3	6	10	1925.0	1925.0	1925.25	1925.4715	1935.0	13.738	COMPLETED
322	id-00246	4	8	1	11	1928.0	1928.0	1928.04	1928.4157	1939.0	1.34	COMPLETED
322	id-00247	5	10	7	13	1928.0	1928.0	1928.29	1928.5228	1941.0	11.457	COMPLETED
322	id-00248	5	6	8	12	1931.0	1931.0	1931.36	1931.6753	1943.0	21.011	COMPLETED
322	id-00249	9	6	7	4	1932.0	1932.0	1932.29	1932.4146	1936.0	29.372	COMPLETED
322	id-00250	5	5	9	11	1932.0	1932.0	1932.32	1932.4232	1943.0	9.626	COMPLETED
322	id-00251	5	10	7	15	1936.0	1936.0	1936.33	1936.7137	1951.0	22.371	COMPLETED
322	id-00252	7	6	3	10	1937.0	1937.0	1937.14	1937.559	1947.0	13.815	COMPLETED
322	id-00253	8	9	1	6	1938.0	1938.0	1938.05	1938.4939	1944.0	5.706	COMPLETED
322	id-00254	7	7	1	15	1938.0	1938.0	1938.09	1938.2901	1953.0	8.033	COMPLETED
322	id-00255	1	2	4	12	1938.0	1938.0	1938.36	1938.5275	1950.0	5.56	COMPLETED
322	id-00256	9	8	4	7	1942.0	1942.0	1942.17	1942.3038	1949.0	18.821	COMPLETED
322	id-00257	9	10	1	9	1942.0	1942.0	1942.04	1942.1672	1951.0	3.674	COMPLETED
322	id-00258	8	13	8	10	1942.0	1942.0	1942.31	1942.4369	1952.0	20.765	COMPLETED
322	id-00259	7	5	3	4	1944.0	1944.0	1944.14	1944.4682	1948.0	13.815	COMPLETED
322	id-00260	10	16	10	1	1947.0	1947.0	1947.4	1948.0	1948.0	42.92	EXPIRED
322	id-00261	8	5	6	6	1947.0	1947.0	1947.26	1947.3819	1953.0	24.77	COMPLETED
322	id-00262	4	5	10	6	1948.0	1948.0	1948.48	1948.6538	1954.0	25.127	COMPLETED
322	id-00263	7	3	2	14	1949.0	1949.0	1949.1	1949.432	1963.0	9.868	COMPLETED
322	id-00264	9	10	7	12	1950.0	1950.0	1950.32	1950.5432	1962.0	38.445	COMPLETED
322	id-00265	6	8	9	9	1950.0	1950.0	1950.72	1951.1498	1959.0	32.777	COMPLETED
322	id-00266	3	4	2	13	1950.0	1950.0	1950.16	1950.3525	1963.0	7.413	COMPLETED
322	id-00267	9	5	1	10	1951.0	1951.0	1951.05	1951.4329	1961.0	6.007	COMPLETED
322	id-00268	8	7	10	13	1954.0	1954.0	1954.43	1954.9003	1967.0	40.965	COMPLETED
322	id-00269	1	2	7	14	1956.0	1956.0	1956.7	1956.8236	1970.0	10.811	COMPLETED
322	id-00270	1	2	9	7	1956.0	1956.0	1956.9	1957.3252	1963.0	13.9	COMPLETED
322	id-00271	2	3	6	15	1956.0	1956.0	1956.27	1956.7207	1971.0	3.249	COMPLETED
322	id-00272	4	4	1	7	1957.0	1957.0	1957.09	1957.3055	1964.0	3.863	COMPLETED
322	id-00273	3	2	1	3	1957.0	1957.0	1957.09	1957.3151	1960.0	4.17	COMPLETED
322	id-00274	3	5	8	7	1958.0	1958.0	1958.73	1958.8982	1965.0	20.057	COMPLETED
322	id-00275	3	4	2	7	1958.0	1958.0	1958.18	1958.5868	1965.0	8.34	COMPLETED
322	id-00276	5	4	5	5	1959.0	1959.0	1959.23	1959.4504	1964.0	13.424	COMPLETED
322	id-00277	10	13	3	10	1962.0	1962.0	1962.11	1962.5015	1972.0	9.729	COMPLETED
322	id-00278	7	14	9	9	1962.0	1962.0	1962.41	1962.8432	1971.0	36.593	COMPLETED
322	id-00279	4	7	6	3	1964.0	1964.0	1964.29	1964.4582	1967.0	15.181	COMPLETED
322	id-00280	6	4	4	9	1965.0	1965.0	1965.19	1965.4715	1974.0	15.815	COMPLETED
322	id-00281	5	10	3	2	1965.0	1965.0	1965.25	1965.7354	1967.0	9.877	COMPLETED
322	id-00282	3	2	2	2	1965.0	1965.0	1965.17	1965.5069	1967.0	7.876	COMPLETED
322	id-00283	10	12	9	10	1966.0	1966.0	1966.33	1966.6315	1976.0	29.187	COMPLETED
322	id-00284	6	2	8	15	1966.0	1966.0	1966.36	1966.489	1981.0	26.571	COMPLETED
322	id-00285	6	6	8	2	1967.0	1967.0	1967.38	1967.5853	1969.0	31.63	COMPLETED
322	id-00286	1	2	10	4	1968.0	1968.0	1968.5	1968.974	1972.0	7.722	COMPLETED
322	id-00287	9	7	3	6	1968.0	1968.0	1968.12	1968.3609	1974.0	12.154	COMPLETED
322	id-00288	7	12	1	3	1969.0	1969.0	1969.05	1969.2101	1972.0	4.934	COMPLETED
322	id-00289	6	2	4	2	1970.0	1970.0	1970.2	1970.4389	1972.0	18.533	COMPLETED
322	id-00290	1	2	7	2	1972.0	1972.0	1972.35	1972.7292	1974.0	5.405	COMPLETED
322	id-00291	3	6	3	1	1972.0	1972.0	1972.15	1973.0	1973.0	6.95	EXPIRED
322	id-00292	9	10	6	14	1973.0	1973.0	1973.27	1973.5355	1987.0	32.438	COMPLETED
322	id-00293	6	4	8	11	1974.0	1974.0	1974.4	1974.6282	1985.0	37.066	COMPLETED
322	id-00294	7	6	3	2	1978.0	1978.0	1978.15	1978.6209	1980.0	16.216	COMPLETED
322	id-00295	3	6	1	1	1979.0	1979.0	1979.1	1980.0	1980.0	4.633	EXPIRED
322	id-00296	3	5	9	9	1979.0	1979.0	1979.9	1980.3076	1988.0	41.699	COMPLETED
322	id-00297	4	3	6	4	1980.0	1980.0	1980.3	1980.4844	1984.0	18.533	COMPLETED
322	id-00298	2	4	6	9	1981.0	1981.0	1981.3	1981.6223	1990.0	9.266	COMPLETED
322	id-00299	4	5	9	15	1982.0	1982.0	1982.45	1982.6764	1997.0	27.799	COMPLETED
322	id-00300	5	2	1	10	1982.0	1982.0	1982.04	1982.1479	1992.0	1.58	COMPLETED
322	id-00301	4	6	5	2	1983.0	1983.0	1983.5	1983.6586	1985.0	30.888	COMPLETED
322	id-00302	4	4	4	1	1983.0	1983.0	1983.4	1984.0	1984.0	24.71	EXPIRED
322	id-00303	2	3	1	12	1983.0	1983.0	1983.04	1983.3032	1995.0	0.481	COMPLETED
322	id-00304	6	5	1	12	1984.0	1984.0	1984.05	1984.3695	1996.0	4.633	COMPLETED
322	id-00305	10	15	3	5	1984.0	1984.0	1984.13	1984.5871	1989.0	16.4	COMPLETED
322	id-00306	7	10	1	14	1984.0	1984.0	1984.04	1984.5086	1998.0	2.439	COMPLETED
322	id-00307	4	2	1	8	1985.0	1985.0	1985.05	1985.3563	1993.0	3.089	COMPLETED
322	id-00308	7	11	5	7	1986.0	1986.0	1986.25	1986.6171	1993.0	27.027	COMPLETED
322	id-00309	9	8	2	5	1990.0	1990.0	1990.08	1990.373	1995.0	8.103	COMPLETED
322	id-00310	4	3	5	13	1990.0	1990.0	1990.22	1990.3606	2003.0	7.368	COMPLETED
322	id-00311	10	19	3	3	1991.0	1991.0	1991.13	1991.3253	1994.0	16.4	COMPLETED
322	id-00312	2	2	6	9	1992.0	1992.0	1992.29	1992.4525	2001.0	6.223	COMPLETED
322	id-00313	7	13	2	9	1992.0	1992.0	1992.1	1992.2341	2001.0	10.811	COMPLETED
322	id-00314	8	3	5	11	1992.0	1992.0	1992.21	1992.3421	2003.0	18.026	COMPLETED
322	id-00315	8	10	8	8	1992.0	1992.0	1992.35	1992.6655	2000.0	33.344	COMPLETED
322	id-00316	6	8	8	9	1993.0	1993.0	1993.4	1993.6062	2002.0	37.066	COMPLETED
322	id-00317	8	11	10	13	1995.0	1995.0	1995.5	1995.8331	2008.0	61.776	COMPLETED
322	id-00318	8	15	2	15	1997.0	1997.0	1997.1	1997.4816	2012.0	12.355	COMPLETED
322	id-00319	4	8	6	5	2000.0	2000.0	2000.57	2000.6785	2005.0	29.838	COMPLETED
322	id-00320	2	2	6	6	2000.0	2000.0	2000.57	2000.9869	2006.0	17.606	COMPLETED
322	id-00321	3	6	5	15	2000.0	2000.0	2000.2	2000.4136	2015.0	3.61	COMPLETED
