326	id-00000	1	2	5	5	1703.0	1703.0	1703.25	1703.5334	1708.0	3.861	COMPLETED
326	id-00001	4	8	2	3	1704.0	1704.0	1704.18	1704.6258	1707.0	7.726	COMPLETED
326	id-00002	2	3	2	4	1704.0	1704.0	1704.18	1704.4759	1708.0	5.56	COMPLETED
326	id-00003	6	5	2	2	1704.0	1704.0	1704.08	1704.4526	1706.0	4.396	COMPLETED
326	id-00004	10	14	10	2	1706.0	1706.0	1707.0	1707.1736	1708.0	154.44	COMPLETED
326	id-00005	5	3	9	5	1706.0	1706.0	1706.9	1707.0583	1711.0	69.498	COMPLETED
326	id-00006	10	12	9	1	1708.0	1708.0	1708.45	1709.0	1709.0	69.498	EXPIRED
326	id-00007	7	7	6	5	1709.0	1709.0	1709.27	1709.5414	1714.0	24.098	COMPLETED
326	id-00008	10	4	5	3	1714.0	1714.0	1714.23	1714.4739	1717.0	31.184	COMPLETED
326	id-00009	7	7	3	5	1718.0	1718.0	1718.14	1718.5403	1723.0	12.495	COMPLETED
326	id-00010	1	2	5	3	1719.0	1719.0	1719.25	1719.5486	1722.0	3.861	COMPLETED
326	id-00011	10	13	8	4	1722.0	1722.0	1722.36	1722.7977	1726.0	48.81	COMPLETED
326	id-00012	1	2	1	4	1728.0	1728.0	1728.05	1728.1577	1732.0	0.772	COMPLETED
326	id-00013	3	4	6	2	1728.0	1728.0	1728.29	1728.6048	1730.0	10.702	COMPLETED
326	id-00014	4	2	9	1	1729.0	1729.0	1729.43	1730.0	1730.0	22.51	EXPIRED
326	id-00015	7	2	10	4	1730.0	1730.0	1730.48	1730.9322	1734.0	47.366	COMPLETED
326	id-00016	9	4	9	3	1731.0	1731.0	1731.38	1731.6724	1734.0	38.488	COMPLETED
326	id-00017	5	5	4	3	1731.0	1731.0	1731.17	1731.592	1734.0	8.319	COMPLETED
326	id-00018	5	5	8	4	1732.0	1732.0	1732.38	1732.4878	1736.0	25.761	COMPLETED
326	id-00019	1	2	6	4	1736.0	1736.0	1736.29	1736.6805	1740.0	1.745	COMPLETED
326	id-00020	5	2	10	3	1736.0	1736.0	1736.48	1736.9763	1739.0	32.54	COMPLETED
326	id-00021	5	3	2	3	1736.0	1736.0	1736.09	1736.51	1739.0	4.404	COMPLETED
326	id-00022	7	11	1	4	1737.0	1737.0	1737.05	1737.4717	1741.0	4.934	COMPLETED
326	id-00023	6	6	10	4	1738.0	1738.0	1738.95	1739.2765	1742.0	79.074	COMPLETED
326	id-00024	2	3	5	2	1738.0	1738.0	1738.48	1738.8246	1740.0	14.826	COMPLETED
326	id-00025	8	3	1	3	1739.0	1739.0	1739.05	1739.2942	1742.0	5.706	COMPLETED
326	id-00026	4	6	5	3	1739.0	1739.0	1739.43	1739.9132	1742.0	14.402	COMPLETED
326	id-00027	2	3	1	3	1739.0	1739.0	1739.09	1739.3533	1742.0	2.78	COMPLETED
326	id-00028	7	2	3	5	1739.0	1739.0	1739.13	1739.3113	1744.0	10.377	COMPLETED
326	id-00029	2	4	5	3	1740.0	1740.0	1740.25	1740.3659	1743.0	7.722	COMPLETED
326	id-00030	10	3	10	3	1740.0	1740.0	1740.43	1740.9264	1743.0	54.247	COMPLETED
326	id-00031	7	5	3	1	1740.0	1740.0	1740.27	1741.0	1741.0	24.098	EXPIRED
326	id-00032	3	3	4	2	1740.0	1740.0	1740.36	1740.5018	1742.0	16.68	COMPLETED
326	id-00033	6	2	6	1	1741.0	1741.0	1741.29	1742.0	1742.0	24.138	EXPIRED
326	id-00034	8	13	5	1	1742.0	1742.0	1742.24	1743.0	1743.0	27.39	EXPIRED
326	id-00035	4	5	5	1	1745.0	1745.0	1745.24	1746.0	1746.0	12.564	EXPIRED
326	id-00036	3	3	5	1	1746.0	1746.0	1746.24	1747.0	1747.0	8.857	EXPIRED
326	id-00037	5	3	6	4	1747.0	1747.0	1747.29	1747.6933	1751.0	19.66	COMPLETED
326	id-00038	8	15	2	5	1749.0	1749.0	1749.1	1749.4937	1754.0	11.412	COMPLETED
326	id-00039	7	7	9	5	1750.0	1750.0	1750.43	1750.9177	1755.0	42.432	COMPLETED
326	id-00040	5	4	2	3	1751.0	1751.0	1751.19	1751.5722	1754.0	12.88	COMPLETED
326	id-00041	1	2	3	4	1751.0	1751.0	1751.29	1751.6669	1755.0	4.479	COMPLETED
326	id-00042	9	4	4	1	1752.0	1752.0	1752.17	1753.0	1753.0	17.218	EXPIRED
326	id-00043	5	2	3	3	1752.0	1752.0	1752.14	1752.502	1755.0	8.171	COMPLETED
326	id-00044	4	5	5	4	1754.0	1754.0	1754.24	1754.517	1758.0	12.564	COMPLETED
326	id-00045	5	8	2	5	1754.0	1754.0	1754.08	1754.4885	1759.0	3.161	COMPLETED
326	id-00046	6	6	1	4	1755.0	1755.0	1755.05	1755.238	1759.0	4.162	COMPLETED
326	id-00047	5	2	2	2	1756.0	1756.0	1756.1	1756.4198	1758.0	6.779	COMPLETED
326	id-00048	5	7	8	1	1756.0	1756.0	1756.35	1757.0	1757.0	17.128	EXPIRED
326	id-00049	8	8	10	4	1757.0	1757.0	1757.48	1757.8138	1761.0	54.78	COMPLETED
326	id-00050	8	12	7	2	1757.0	1757.0	1757.3	1757.6258	1759.0	28.58	COMPLETED
326	id-00051	6	12	3	3	1758.0	1758.0	1758.14	1758.5022	1761.0	11.653	COMPLETED
326	id-00052	8	3	2	2	1758.0	1758.0	1758.09	1758.4177	1760.0	8.574	COMPLETED
326	id-00053	6	2	10	1	1759.0	1759.0	1759.48	1760.0	1760.0	39.953	EXPIRED
326	id-00054	4	2	6	1	1759.0	1759.0	1759.52	1760.0	1760.0	17.416	EXPIRED
326	id-00055	1	2	2	1	1759.0	1759.0	1759.17	1760.0	1760.0	2.625	EXPIRED
326	id-00056	9	5	1	5	1760.0	1760.0	1760.05	1760.4192	1765.0	6.007	COMPLETED
326	id-00057	5	8	6	3	1761.0	1761.0	1761.55	1762.0262	1764.0	32.1	COMPLETED
326	id-00058	1	2	9	5	1761.0	1761.0	1761.82	1762.1625	1766.0	12.664	COMPLETED
326	id-00059	5	9	2	2	1761.0	1761.0	1761.09	1761.283	1763.0	5.253	COMPLETED
326	id-00060	6	9	8	4	1762.0	1762.0	1762.36	1762.8583	1766.0	26.571	COMPLETED
326	id-00061	7	12	3	1	1763.0	1763.0	1763.14	1764.0	1764.0	12.495	EXPIRED
326	id-00062	9	17	7	4	1763.0	1763.0	1763.32	1763.5053	1767.0	38.445	COMPLETED
326	id-00063	8	10	1	2	1763.0	1763.0	1763.09	1763.575	1765.0	9.423	COMPLETED
326	id-00064	2	2	4	1	1763.0	1763.0	1763.36	1764.0	1764.0	11.12	EXPIRED
326	id-00065	10	18	6	5	1764.0	1764.0	1764.27	1764.7663	1769.0	36.608	COMPLETED
326	id-00066	4	3	7	1	1765.0	1765.0	1765.3	1766.0	1766.0	10.048	EXPIRED
326	id-00067	8	12	10	3	1765.0	1765.0	1765.43	1765.758	1768.0	40.965	COMPLETED
326	id-00068	6	6	2	1	1767.0	1767.0	1767.09	1768.0	1768.0	5.794	EXPIRED
326	id-00069	2	2	2	1	1768.0	1768.0	1768.1	1769.0	1769.0	3.089	EXPIRED
326	id-00070	10	17	10	4	1768.0	1768.0	1768.87	1769.1321	1772.0	109.756	COMPLETED
326	id-00071	2	4	7	3	1768.0	1768.0	1768.61	1769.0688	1771.0	18.842	COMPLETED
326	id-00072	8	13	2	4	1770.0	1770.0	1770.09	1770.1979	1774.0	9.423	COMPLETED
326	id-00073	9	4	10	1	1771.0	1771.0	1771.42	1772.0	1772.0	42.539	EXPIRED
326	id-00074	5	5	5	3	1771.0	1771.0	1771.22	1771.3684	1774.0	10.766	COMPLETED
326	id-00075	5	6	9	1	1773.0	1773.0	1773.41	1774.0	1774.0	23.929	EXPIRED
326	id-00076	9	8	2	3	1775.0	1775.0	1775.08	1775.4301	1778.0	7.348	COMPLETED
326	id-00077	6	11	3	4	1777.0	1777.0	1777.14	1777.5285	1781.0	11.653	COMPLETED
326	id-00078	7	10	7	4	1778.0	1778.0	1778.33	1778.6119	1782.0	32.564	COMPLETED
326	id-00079	10	3	9	2	1778.0	1778.0	1778.75	1779.0862	1780.0	87.546	COMPLETED
326	id-00080	4	5	10	1	1778.0	1778.0	1778.83	1779.0	1779.0	51.274	EXPIRED
326	id-00081	8	4	6	1	1778.0	1778.0	1778.48	1779.0	1779.0	36.678	EXPIRED
326	id-00082	3	6	3	4	1778.0	1778.0	1778.24	1778.6001	1782.0	11.12	COMPLETED
326	id-00083	9	17	8	2	1782.0	1782.0	1782.31	1782.5685	1784.0	25.553	COMPLETED
326	id-00084	4	8	1	2	1782.0	1782.0	1782.04	1782.4776	1784.0	1.34	COMPLETED
326	id-00085	6	8	3	4	1783.0	1783.0	1783.14	1783.3478	1787.0	11.653	COMPLETED
326	id-00086	5	3	5	5	1784.0	1784.0	1784.24	1784.3917	1789.0	16.27	COMPLETED
326	id-00087	5	8	9	2	1784.0	1784.0	1784.35	1784.7784	1786.0	10.528	COMPLETED
326	id-00088	8	14	3	2	1785.0	1785.0	1785.15	1785.3502	1787.0	18.533	COMPLETED
326	id-00089	5	10	7	2	1786.0	1786.0	1786.35	1786.7818	1788.0	27.027	COMPLETED
326	id-00090	7	7	9	3	1788.0	1788.0	1788.45	1788.6382	1791.0	48.649	COMPLETED
326	id-00091	7	6	10	1	1788.0	1788.0	1788.83	1789.0	1789.0	58.429	EXPIRED
326	id-00092	1	2	6	3	1788.0	1788.0	1788.5	1788.9217	1791.0	7.722	COMPLETED
326	id-00093	5	8	1	2	1789.0	1789.0	1789.05	1789.2004	1791.0	3.861	COMPLETED
326	id-00094	8	10	5	3	1790.0	1790.0	1790.25	1790.6841	1793.0	30.888	COMPLETED
326	id-00095	9	18	9	3	1791.0	1791.0	1791.36	1791.4652	1794.0	33.068	COMPLETED
326	id-00096	5	5	2	2	1791.0	1791.0	1791.16	1791.5797	1793.0	4.813	COMPLETED
326	id-00097	6	11	7	5	1791.0	1791.0	1791.56	1792.031	1796.0	51.892	COMPLETED
326	id-00098	4	3	5	2	1792.0	1792.0	1792.25	1792.6345	1794.0	15.444	COMPLETED
326	id-00099	9	18	5	1	1792.0	1792.0	1792.2	1793.0	1793.0	18.371	EXPIRED
326	id-00100	5	2	10	5	1794.0	1794.0	1794.5	1794.7927	1799.0	38.61	COMPLETED
326	id-00101	9	6	7	5	1796.0	1796.0	1796.26	1796.6582	1801.0	18.98	COMPLETED
326	id-00102	1	2	4	1	1797.0	1797.0	1797.2	1798.0	1798.0	3.089	EXPIRED
326	id-00103	1	2	3	4	1798.0	1798.0	1798.15	1798.4574	1802.0	2.317	COMPLETED
326	id-00104	4	4	8	1	1798.0	1798.0	1798.4	1799.0	1799.0	24.71	EXPIRED
326	id-00105	5	6	6	2	1799.0	1799.0	1799.3	1799.7975	1801.0	23.166	COMPLETED
326	id-00106	8	16	8	2	1799.0	1799.0	1799.59	1799.698	1801.0	33.958	COMPLETED
326	id-00107	1	2	8	2	1799.0	1799.0	1799.59	1799.7868	1801.0	9.112	COMPLETED
326	id-00108	3	3	2	5	1799.0	1799.0	1799.08	1799.3385	1804.0	1.444	COMPLETED
326	id-00109	7	9	4	5	1800.0	1800.0	1800.2	1800.3243	1805.0	21.622	COMPLETED
326	id-00110	3	4	9	5	1802.0	1802.0	1802.45	1802.6838	1807.0	20.849	COMPLETED
326	id-00111	5	6	4	2	1804.0	1804.0	1804.2	1804.4789	1806.0	15.444	COMPLETED
326	id-00112	6	7	2	4	1805.0	1805.0	1805.1	1805.2627	1809.0	8.324	COMPLETED
326	id-00113	7	2	6	3	1807.0	1807.0	1807.29	1807.4305	1810.0	28.617	COMPLETED
326	id-00114	10	18	5	1	1809.0	1809.0	1809.2	1810.0	1810.0	21.46	EXPIRED
326	id-00115	9	13	9	2	1809.0	1809.0	1810.35	1811.0	1811.0	187.645	EXPIRED
326	id-00116	4	3	10	2	1809.0	1809.0	1810.5	1811.0	1811.0	92.664	EXPIRED
326	id-00117	2	4	7	5	1809.0	1809.0	1810.05	1810.4934	1814.0	32.432	COMPLETED
326	id-00118	6	3	10	1	1809.0	1809.0	1809.5	1810.0	1810.0	46.332	EXPIRED
326	id-00119	1	2	10	4	1810.0	1810.0	1810.5	1810.9368	1814.0	7.722	COMPLETED
326	id-00120	2	3	2	5	1813.0	1813.0	1813.1	1813.5308	1818.0	3.089	COMPLETED
326	id-00121	8	6	2	5	1813.0	1813.0	1813.1	1813.2454	1818.0	11.412	COMPLETED
326	id-00122	3	5	9	1	1813.0	1813.0	1813.29	1814.0	1814.0	5.234	EXPIRED
326	id-00123	2	3	3	1	1814.0	1814.0	1814.15	1815.0	1815.0	4.633	EXPIRED
326	id-00124	6	11	6	1	1814.0	1814.0	1814.29	1815.0	1815.0	24.138	EXPIRED
326	id-00125	10	9	4	3	1816.0	1816.0	1816.16	1816.5659	1819.0	17.168	COMPLETED
326	id-00126	8	12	2	1	1816.0	1816.0	1816.17	1817.0	1817.0	14.593	EXPIRED
326	id-00127	2	4	8	5	1816.0	1816.0	1816.67	1817.1219	1821.0	20.695	COMPLETED
326	id-00128	3	3	6	4	1820.0	1820.0	1820.3	1820.4975	1824.0	13.9	COMPLETED
326	id-00129	10	10	4	3	1820.0	1820.0	1820.15	1820.3999	1823.0	13.267	COMPLETED
326	id-00130	9	16	8	1	1822.0	1822.0	1822.28	1823.0	1823.0	15.16	EXPIRED
326	id-00131	2	3	9	1	1823.0	1823.0	1823.45	1824.0	1824.0	13.9	EXPIRED
326	id-00132	1	2	8	5	1823.0	1823.0	1823.4	1823.8052	1828.0	6.178	COMPLETED
326	id-00133	2	3	10	3	1824.0	1824.0	1824.5	1824.7312	1827.0	15.444	COMPLETED
326	id-00134	1	2	10	3	1826.0	1826.0	1826.5	1826.7861	1829.0	7.722	COMPLETED
326	id-00135	1	2	9	1	1828.0	1828.0	1828.45	1829.0	1829.0	6.95	EXPIRED
326	id-00136	10	11	5	1	1829.0	1829.0	1829.19	1830.0	1830.0	18.596	EXPIRED
326	id-00137	9	7	6	3	1829.0	1829.0	1829.23	1829.5229	1832.0	18.958	COMPLETED
326	id-00138	6	10	8	2	1833.0	1833.0	1833.4	1833.8087	1835.0	37.066	COMPLETED
326	id-00139	5	6	3	3	1833.0	1833.0	1833.12	1833.3873	1836.0	4.741	COMPLETED
326	id-00140	2	2	8	1	1834.0	1834.0	1834.4	1835.0	1835.0	12.355	EXPIRED
326	id-00141	10	18	5	5	1835.0	1835.0	1835.19	1835.6616	1840.0	16.804	COMPLETED
326	id-00142	3	2	10	3	1836.0	1836.0	1836.5	1836.795	1839.0	23.166	COMPLETED
326	id-00143	8	5	10	1	1838.0	1838.0	1838.5	1839.0	1839.0	61.776	EXPIRED
326	id-00144	1	2	5	3	1838.0	1838.0	1838.21	1838.3542	1841.0	1.263	COMPLETED
326	id-00145	10	11	3	2	1838.0	1838.0	1838.11	1838.3309	1840.0	9.729	COMPLETED
326	id-00146	9	12	5	4	1839.0	1839.0	1839.21	1839.3175	1843.0	21.27	COMPLETED
326	id-00147	8	16	5	1	1840.0	1840.0	1840.24	1841.0	1841.0	27.39	EXPIRED
326	id-00148	10	8	2	4	1840.0	1840.0	1840.15	1840.2637	1844.0	13.267	COMPLETED
326	id-00149	5	2	6	5	1840.0	1840.0	1840.44	1840.9043	1845.0	33.977	COMPLETED
326	id-00150	2	2	4	3	1840.0	1840.0	1840.15	1840.3552	1843.0	1.805	COMPLETED
326	id-00151	6	7	3	4	1843.0	1843.0	1843.14	1843.4245	1847.0	11.653	COMPLETED
326	id-00152	8	16	4	2	1843.0	1843.0	1843.16	1843.6388	1845.0	12.226	COMPLETED
326	id-00153	6	4	6	4	1844.0	1844.0	1844.57	1844.9226	1848.0	47.445	COMPLETED
326	id-00154	1	2	8	2	1844.0	1844.0	1844.76	1845.0508	1846.0	11.737	COMPLETED
326	id-00155	8	2	7	1	1846.0	1846.0	1846.35	1847.0	1847.0	43.243	EXPIRED
326	id-00156	9	16	6	3	1846.0	1846.0	1846.24	1846.5045	1849.0	22.045	COMPLETED
326	id-00157	5	7	3	5	1846.0	1846.0	1846.11	1846.2433	1851.0	3.309	COMPLETED
326	id-00158	2	4	6	1	1847.0	1847.0	1847.3	1848.0	1848.0	9.266	EXPIRED
326	id-00159	1	2	7	4	1847.0	1847.0	1847.35	1847.5409	1851.0	5.405	COMPLETED
326	id-00160	6	5	1	4	1848.0	1848.0	1848.05	1848.3161	1852.0	4.633	COMPLETED
326	id-00161	3	6	9	1	1849.0	1849.0	1849.45	1850.0	1850.0	20.849	EXPIRED
326	id-00162	6	5	10	4	1849.0	1849.0	1849.4	1849.5071	1853.0	18.21	COMPLETED
326	id-00163	5	7	6	5	1850.0	1850.0	1850.3	1850.5418	1855.0	23.166	COMPLETED
326	id-00164	4	4	6	2	1850.0	1850.0	1850.24	1850.5032	1852.0	5.775	COMPLETED
326	id-00165	8	8	6	1	1850.0	1850.0	1850.24	1851.0	1851.0	18.339	EXPIRED
326	id-00166	2	4	1	2	1852.0	1852.0	1852.05	1852.465	1854.0	1.544	COMPLETED
326	id-00167	9	2	4	3	1853.0	1853.0	1853.16	1853.3118	1856.0	14.697	COMPLETED
326	id-00168	7	8	7	4	1853.0	1853.0	1854.12	1854.3007	1857.0	68.284	COMPLETED
326	id-00169	1	2	8	5	1853.0	1853.0	1854.28	1854.5832	1858.0	19.768	COMPLETED
326	id-00170	2	3	10	4	1853.0	1853.0	1854.6	1854.9033	1857.0	49.421	COMPLETED
326	id-00171	1	2	4	4	1853.0	1853.0	1853.64	1853.8637	1857.0	9.884	COMPLETED
326	id-00172	5	6	7	1	1855.0	1855.0	1855.35	1856.0	1856.0	27.027	EXPIRED
326	id-00173	10	14	5	2	1855.0	1855.0	1855.2	1855.4343	1857.0	21.46	COMPLETED
326	id-00174	9	18	6	4	1855.0	1855.0	1855.5	1855.8069	1859.0	50.642	COMPLETED
326	id-00175	2	4	4	5	1855.0	1855.0	1855.33	1855.4498	1860.0	10.193	COMPLETED
326	id-00176	9	12	10	3	1858.0	1858.0	1858.4	1858.6886	1861.0	36.742	COMPLETED
326	id-00177	9	4	2	5	1858.0	1858.0	1858.16	1858.2762	1863.0	14.697	COMPLETED
326	id-00178	3	6	1	5	1858.0	1858.0	1858.08	1858.2172	1863.0	3.707	COMPLETED
326	id-00179	5	9	9	4	1860.0	1860.0	1860.45	1860.933	1864.0	34.749	COMPLETED
326	id-00180	4	7	8	5	1861.0	1861.0	1861.4	1861.6655	1866.0	24.71	COMPLETED
326	id-00181	6	6	10	3	1861.0	1861.0	1861.83	1862.325	1864.0	45.61	COMPLETED
326	id-00182	2	3	5	4	1861.0	1861.0	1861.42	1861.5943	1865.0	12.973	COMPLETED
326	id-00183	7	12	1	4	1863.0	1863.0	1863.05	1863.2873	1867.0	5.405	COMPLETED
326	id-00184	5	2	9	5	1865.0	1865.0	1865.45	1865.7158	1870.0	34.749	COMPLETED
326	id-00185	5	8	6	4	1865.0	1865.0	1865.26	1865.6225	1869.0	12.723	COMPLETED
326	id-00186	8	15	2	3	1867.0	1867.0	1867.1	1867.2822	1870.0	12.355	COMPLETED
326	id-00187	6	9	10	1	1868.0	1868.0	1868.5	1869.0	1869.0	46.332	EXPIRED
326	id-00188	1	2	6	1	1869.0	1869.0	1869.3	1870.0	1870.0	4.633	EXPIRED
326	id-00189	6	10	8	2	1870.0	1870.0	1870.36	1870.7424	1872.0	26.571	COMPLETED
326	id-00190	4	4	1	5	1870.0	1870.0	1870.04	1870.3337	1875.0	0.963	COMPLETED
326	id-00191	2	4	5	4	1871.0	1871.0	1871.25	1871.4863	1875.0	7.722	COMPLETED
326	id-00192	10	8	10	4	1872.0	1872.0	1872.38	1872.7219	1876.0	37.191	COMPLETED
326	id-00193	8	2	6	2	1874.0	1874.0	1874.27	1874.6833	1876.0	28.268	COMPLETED
326	id-00194	6	5	2	3	1875.0	1875.0	1875.09	1875.262	1878.0	6.643	COMPLETED
326	id-00195	9	12	1	1	1878.0	1878.0	1878.04	1879.0	1879.0	3.674	EXPIRED
326	id-00196	6	12	6	2	1878.0	1878.0	1878.25	1878.4029	1880.0	13.738	COMPLETED
326	id-00197	10	15	9	1	1879.0	1879.0	1879.38	1880.0	1880.0	44.357	EXPIRED
326	id-00198	8	12	3	4	1882.0	1882.0	1882.14	1882.4219	1886.0	14.657	COMPLETED
326	id-00199	8	11	9	5	1882.0	1882.0	1882.33	1882.7829	1887.0	18.993	COMPLETED
326	id-00200	10	11	5	5	1882.0	1882.0	1882.4	1882.8637	1887.0	42.92	COMPLETED
326	id-00201	1	2	5	2	1882.0	1882.0	1882.4	1882.8951	1884.0	6.178	COMPLETED
326	id-00202	4	3	2	4	1884.0	1884.0	1884.09	1884.247	1888.0	3.863	COMPLETED
326	id-00203	4	4	4	1	1885.0	1885.0	1885.17	1886.0	1886.0	4.091	EXPIRED
326	id-00204	3	6	3	1	1886.0	1886.0	1886.12	1887.0	1887.0	2.166	EXPIRED
326	id-00205	7	13	4	4	1887.0	1887.0	1887.17	1887.5868	1891.0	11.967	COMPLETED
326	id-00206	4	5	10	4	1887.0	1887.0	1887.38	1887.836	1891.0	9.144	COMPLETED
326	id-00207	1	2	1	5	1889.0	1889.0	1889.05	1889.1573	1894.0	0.772	COMPLETED
326	id-00208	3	6	6	4	1891.0	1891.0	1891.25	1891.6857	1895.0	4.512	COMPLETED
326	id-00209	7	11	8	2	1893.0	1893.0	1893.33	1893.4638	1895.0	23.231	COMPLETED
326	id-00210	1	2	9	4	1894.0	1894.0	1894.45	1894.902	1898.0	6.95	COMPLETED
326	id-00211	6	4	1	2	1894.0	1894.0	1894.04	1894.5257	1896.0	2.198	COMPLETED
326	id-00212	9	5	1	5	1895.0	1895.0	1895.04	1895.4559	1900.0	4.051	COMPLETED
326	id-00213	1	2	5	5	1896.0	1896.0	1896.25	1896.6746	1901.0	3.861	COMPLETED
326	id-00214	10	8	2	2	1898.0	1898.0	1898.08	1898.4923	1900.0	8.584	COMPLETED
326	id-00215	5	4	9	5	1900.0	1900.0	1900.38	1900.7799	1905.0	15.013	COMPLETED
326	id-00216	9	15	7	5	1900.0	1900.0	1900.27	1900.5539	1905.0	22.256	COMPLETED
326	id-00217	10	7	2	4	1901.0	1901.0	1901.15	1901.3641	1905.0	14.681	COMPLETED
326	id-00218	4	4	4	2	1901.0	1901.0	1901.31	1901.4686	1903.0	19.151	COMPLETED
326	id-00219	2	3	3	3	1901.0	1901.0	1901.14	1901.3993	1904.0	1.684	COMPLETED
326	id-00220	4	3	4	4	1903.0	1903.0	1903.17	1903.5749	1907.0	4.091	COMPLETED
326	id-00221	2	3	2	4	1904.0	1904.0	1904.1	1904.3287	1908.0	3.089	COMPLETED
326	id-00222	4	3	6	4	1905.0	1905.0	1905.26	1905.6382	1909.0	8.708	COMPLETED
326	id-00223	2	4	5	3	1908.0	1908.0	1908.25	1908.358	1911.0	7.722	COMPLETED
326	id-00224	2	4	2	5	1908.0	1908.0	1908.09	1908.4006	1913.0	1.083	COMPLETED
326	id-00225	9	8	1	5	1908.0	1908.0	1908.04	1908.165	1913.0	3.297	COMPLETED
326	id-00226	4	5	9	1	1910.0	1910.0	1910.39	1911.0	1911.0	13.062	EXPIRED
326	id-00227	3	5	8	2	1911.0	1911.0	1911.7	1912.1542	1913.0	12.634	COMPLETED
326	id-00228	2	3	10	2	1911.0	1911.0	1911.87	1912.1864	1913.0	26.873	COMPLETED
326	id-00229	3	5	2	3	1913.0	1913.0	1913.09	1913.3356	1916.0	1.624	COMPLETED
326	id-00230	8	14	6	4	1913.0	1913.0	1913.24	1913.6303	1917.0	18.339	COMPLETED
326	id-00231	5	10	9	4	1913.0	1913.0	1913.36	1913.7177	1917.0	10.829	COMPLETED
326	id-00232	4	4	3	1	1918.0	1918.0	1918.14	1919.0	1919.0	6.009	EXPIRED
326	id-00233	8	8	6	4	1919.0	1919.0	1919.27	1919.4402	1923.0	28.268	COMPLETED
326	id-00234	10	14	3	5	1920.0	1920.0	1920.22	1920.4382	1925.0	19.458	COMPLETED
326	id-00235	5	5	9	5	1920.0	1920.0	1920.67	1920.9898	1925.0	51.737	COMPLETED
326	id-00236	6	10	2	1	1921.0	1921.0	1921.09	1922.0	1922.0	6.643	EXPIRED
326	id-00237	4	7	2	4	1921.0	1921.0	1921.17	1921.3785	1925.0	4.091	COMPLETED
326	id-00238	2	2	5	4	1921.0	1921.0	1921.42	1921.609	1925.0	12.973	COMPLETED
326	id-00239	1	2	10	3	1923.0	1923.0	1923.5	1923.8958	1926.0	7.722	COMPLETED
326	id-00240	1	2	6	3	1924.0	1924.0	1924.3	1924.689	1927.0	4.633	COMPLETED
326	id-00241	8	9	4	1	1926.0	1926.0	1926.17	1927.0	1927.0	16.196	EXPIRED
326	id-00242	1	2	7	1	1926.0	1926.0	1926.58	1927.0	1927.0	3.489	EXPIRED
326	id-00243	7	13	2	1	1926.0	1926.0	1926.17	1927.0	1927.0	13.57	EXPIRED
326	id-00244	6	6	2	1	1928.0	1928.0	1928.09	1929.0	1929.0	5.794	EXPIRED
326	id-00245	8	12	4	4	1928.0	1928.0	1928.17	1928.5003	1932.0	14.593	COMPLETED
326	id-00246	6	12	2	4	1930.0	1930.0	1930.09	1930.266	1934.0	6.643	COMPLETED
326	id-00247	10	3	6	2	1931.0	1931.0	1931.43	1931.8393	1933.0	33.977	COMPLETED
326	id-00248	4	5	6	3	1931.0	1931.0	1931.43	1931.8907	1934.0	26.564	COMPLETED
326	id-00249	4	4	6	2	1932.0	1932.0	1932.27	1932.6335	1934.0	11.588	COMPLETED
326	id-00250	9	2	10	3	1933.0	1933.0	1933.42	1933.819	1936.0	42.539	COMPLETED
326	id-00251	6	3	8	4	1933.0	1933.0	1933.57	1933.8617	1937.0	20.575	COMPLETED
326	id-00252	4	8	1	1	1933.0	1933.0	1933.07	1934.0	1934.0	3.004	EXPIRED
326	id-00253	10	6	9	2	1934.0	1934.0	1934.64	1935.1262	1936.0	50.57	COMPLETED
326	id-00254	2	2	4	4	1934.0	1934.0	1934.29	1934.4015	1938.0	8.958	COMPLETED
326	id-00255	5	6	1	4	1934.0	1934.0	1934.04	1934.2063	1938.0	1.58	COMPLETED
326	id-00256	7	14	4	1	1935.0	1935.0	1935.19	1936.0	1936.0	18.749	EXPIRED
326	id-00257	3	3	6	1	1937.0	1937.0	1937.29	1938.0	1938.0	10.702	EXPIRED
326	id-00258	4	5	8	2	1938.0	1938.0	1938.76	1939.155	1940.0	39.784	COMPLETED
326	id-00259	2	4	6	5	1938.0	1938.0	1938.57	1938.8174	1943.0	17.606	COMPLETED
326	id-00260	1	2	10	4	1939.0	1939.0	1939.5	1939.6718	1943.0	7.722	COMPLETED
326	id-00261	2	4	9	5	1940.0	1940.0	1940.45	1940.7296	1945.0	13.9	COMPLETED
326	id-00262	1	2	9	3	1940.0	1940.0	1940.43	1940.7773	1943.0	2.587	COMPLETED
326	id-00263	1	2	1	2	1942.0	1942.0	1942.1	1942.3024	1944.0	1.544	COMPLETED
326	id-00264	1	2	8	4	1942.0	1942.0	1942.8	1942.9357	1946.0	12.355	COMPLETED
326	id-00265	8	9	10	5	1943.0	1943.0	1943.48	1943.9353	1948.0	54.78	COMPLETED
326	id-00266	1	2	6	2	1943.0	1943.0	1943.26	1943.5467	1945.0	1.564	COMPLETED
326	id-00267	9	13	5	2	1944.0	1944.0	1944.22	1944.3944	1946.0	24.357	COMPLETED
326	id-00268	3	2	8	5	1945.0	1945.0	1945.76	1945.9455	1950.0	28.047	COMPLETED
326	id-00269	3	6	8	1	1945.0	1945.0	1945.76	1946.0	1946.0	35.212	EXPIRED
326	id-00270	3	2	8	5	1945.0	1945.0	1945.33	1945.7107	1950.0	5.956	COMPLETED
326	id-00271	10	5	9	4	1947.0	1947.0	1947.36	1947.6517	1951.0	38.628	COMPLETED
326	id-00272	8	2	5	1	1948.0	1948.0	1948.24	1949.0	1949.0	27.39	EXPIRED
326	id-00273	9	4	9	3	1948.0	1948.0	1948.38	1948.7944	1951.0	38.488	COMPLETED
326	id-00274	9	13	2	3	1949.0	1949.0	1949.08	1949.3083	1952.0	8.103	COMPLETED
326	id-00275	8	12	7	3	1949.0	1949.0	1949.28	1949.5783	1952.0	21.395	COMPLETED
326	id-00276	8	3	9	4	1949.0	1949.0	1949.39	1949.5038	1953.0	37.155	COMPLETED
326	id-00277	5	3	7	4	1950.0	1950.0	1950.3	1950.5185	1954.0	14.681	COMPLETED
326	id-00278	7	5	8	2	1952.0	1952.0	1952.35	1952.5052	1954.0	27.938	COMPLETED
326	id-00279	10	18	4	1	1953.0	1953.0	1953.16	1954.0	1954.0	17.168	EXPIRED
326	id-00280	2	4	9	3	1954.0	1954.0	1954.45	1954.8992	1957.0	13.9	COMPLETED
326	id-00281	8	13	9	2	1956.0	1956.0	1956.41	1956.5764	1958.0	42.925	COMPLETED
326	id-00282	9	7	10	4	1957.0	1957.0	1957.43	1957.8365	1961.0	47.606	COMPLETED
326	id-00283	3	6	10	2	1958.0	1958.0	1958.45	1958.8517	1960.0	12.364	COMPLETED
326	id-00284	8	14	7	5	1959.0	1959.0	1959.32	1959.5509	1964.0	33.503	COMPLETED
326	id-00285	7	3	7	1	1961.0	1961.0	1961.33	1962.0	1962.0	32.564	EXPIRED
326	id-00286	3	2	10	5	1962.0	1962.0	1962.48	1962.8741	1967.0	17.714	COMPLETED
326	id-00287	10	4	1	2	1963.0	1963.0	1963.04	1963.3245	1965.0	3.538	COMPLETED
326	id-00288	8	2	9	4	1963.0	1963.0	1963.41	1963.5173	1967.0	42.925	COMPLETED
326	id-00289	4	7	5	3	1964.0	1964.0	1964.48	1964.8777	1967.0	25.127	COMPLETED
326	id-00290	1	2	6	5	1964.0	1964.0	1964.57	1964.7961	1969.0	8.803	COMPLETED
326	id-00291	10	17	3	3	1965.0	1965.0	1965.11	1965.2701	1968.0	9.729	COMPLETED
326	id-00292	1	2	8	2	1966.0	1966.0	1966.4	1966.7898	1968.0	6.178	COMPLETED
326	id-00293	8	7	1	4	1967.0	1967.0	1967.05	1967.501	1971.0	5.706	COMPLETED
326	id-00294	6	3	9	5	1967.0	1967.0	1967.38	1967.6807	1972.0	20.882	COMPLETED
326	id-00295	10	11	10	2	1967.0	1967.0	1967.37	1967.5428	1969.0	32.724	COMPLETED
326	id-00296	8	16	7	4	1969.0	1969.0	1969.33	1969.5037	1973.0	37.661	COMPLETED
326	id-00297	1	2	3	5	1970.0	1970.0	1970.15	1970.6153	1975.0	2.317	COMPLETED
326	id-00298	6	10	5	5	1970.0	1970.0	1970.25	1970.6638	1975.0	23.166	COMPLETED
326	id-00299	8	10	4	1	1971.0	1971.0	1971.2	1972.0	1972.0	24.71	EXPIRED
326	id-00300	9	10	3	1	1971.0	1971.0	1971.14	1972.0	1972.0	16.82	EXPIRED
326	id-00301	8	7	8	5	1972.0	1972.0	1972.4	1972.7919	1977.0	49.421	COMPLETED
326	id-00302	8	6	6	5	1972.0	1972.0	1972.27	1972.7385	1977.0	28.268	COMPLETED
326	id-00303	1	2	4	1	1977.0	1977.0	1977.2	1978.0	1978.0	3.089	EXPIRED
326	id-00304	7	13	5	1	1978.0	1978.0	1978.25	1979.0	1979.0	27.027	EXPIRED
326	id-00305	10	15	4	2	1979.0	1979.0	1979.16	1979.4141	1981.0	17.168	COMPLETED
326	id-00306	4	5	5	5	1980.0	1980.0	1980.25	1980.3994	1985.0	15.444	COMPLETED
326	id-00307	9	6	3	1	1980.0	1980.0	1980.12	1981.0	1981.0	12.154	EXPIRED
326	id-00308	5	10	2	2	1981.0	1981.0	1981.1	1981.3498	1983.0	7.722	COMPLETED
326	id-00309	7	12	3	2	1981.0	1981.0	1981.12	1981.447	1983.0	8.448	COMPLETED
326	id-00310	3	4	1	3	1982.0	1982.0	1982.05	1982.3928	1985.0	2.317	COMPLETED
326	id-00311	8	6	4	3	1982.0	1982.0	1982.17	1982.4441	1985.0	14.593	COMPLETED
326	id-00312	4	4	2	2	1983.0	1983.0	1983.1	1983.5093	1985.0	6.178	COMPLETED
326	id-00313	8	11	7	1	1984.0	1984.0	1984.35	1985.0	1985.0	43.243	EXPIRED
326	id-00314	4	2	4	3	1985.0	1985.0	1985.2	1985.6283	1988.0	12.355	COMPLETED
326	id-00315	10	11	2	3	1987.0	1987.0	1987.09	1987.2089	1990.0	11.354	COMPLETED
326	id-00316	7	8	10	4	1989.0	1989.0	1989.5	1989.7769	1993.0	54.054	COMPLETED
326	id-00317	2	3	5	4	1993.0	1993.0	1993.24	1993.7136	1997.0	5.15	COMPLETED
326	id-00318	5	4	5	2	1993.0	1993.0	1993.25	1993.4393	1995.0	19.305	COMPLETED
326	id-00319	1	2	2	3	1995.0	1995.0	1995.1	1995.4663	1998.0	1.544	COMPLETED
326	id-00320	5	4	6	1	1997.0	1997.0	1997.3	1998.0	1998.0	23.166	EXPIRED
326	id-00321	9	13	5	4	1998.0	1998.0	1998.21	1998.4546	2002.0	21.27	COMPLETED
326	id-00322	1	2	7	1	1999.0	1999.0	1999.35	2000.0	2000.0	5.405	EXPIRED
326	id-00323	9	10	7	1	1999.0	1999.0	1999.29	2000.0	2000.0	29.372	EXPIRED
326	id-00324	5	3	1	1	1999.0	1999.0	1999.04	2000.0	2000.0	1.203	EXPIRED
326	id-00325	1	2	10	4	2000.0	2000.0	2000.5	2000.972	2004.0	7.722	COMPLETED
