6.127357482910156e-05
4.315376281738281e-05
4.172325134277344e-05
3.790855407714844e-05
3.62396240234375e-05
3.647804260253906e-05
6.127357482910156e-05
4.7206878662109375e-05
3.7670135498046875e-05
4.291534423828125e-05
5.1975250244140625e-05
4.1484832763671875e-05
3.218650817871094e-05
4.792213439941406e-05
4.220008850097656e-05
6.651878356933594e-05
4.696846008300781e-05
6.771087646484375e-05
4.124641418457031e-05
4.506111145019531e-05
3.933906555175781e-05
3.528594970703125e-05
3.910064697265625e-05
4.363059997558594e-05
3.314018249511719e-05
3.4332275390625e-05
3.910064697265625e-05
3.552436828613281e-05
7.414817810058594e-05
5.507469177246094e-05
4.506111145019531e-05
6.246566772460938e-05
4.029273986816406e-05
4.696846008300781e-05
2.8371810913085938e-05
6.437301635742188e-05
4.601478576660156e-05
5.793571472167969e-05
4.792213439941406e-05
3.266334533691406e-05
3.457069396972656e-05
4.363059997558594e-05
3.4809112548828125e-05
4.7206878662109375e-05
3.504753112792969e-05
4.744529724121094e-05
5.9604644775390625e-05
4.3392181396484375e-05
2.956390380859375e-05
3.337860107421875e-05
5.53131103515625e-05
3.647804260253906e-05
4.8160552978515625e-05
6.151199340820312e-05
3.457069396972656e-05
4.076957702636719e-05
3.457069396972656e-05
7.224082946777344e-05
4.172325134277344e-05
3.457069396972656e-05
6.461143493652344e-05
3.9577484130859375e-05
3.4809112548828125e-05
5.1975250244140625e-05
3.24249267578125e-05
2.9802322387695312e-05
2.6464462280273438e-05
2.8371810913085938e-05
3.552436828613281e-05
4.124641418457031e-05
4.410743713378906e-05
2.8371810913085938e-05
5.7220458984375e-05
3.5762786865234375e-05
6.0558319091796875e-05
3.170967102050781e-05
2.86102294921875e-05
3.8623809814453125e-05
4.792213439941406e-05
4.100799560546875e-05
6.413459777832031e-05
3.719329833984375e-05
5.2928924560546875e-05
6.532669067382812e-05
4.1484832763671875e-05
4.38690185546875e-05
3.552436828613281e-05
5.602836608886719e-05
3.9577484130859375e-05
5.3882598876953125e-05
4.172325134277344e-05
4.315376281738281e-05
3.6716461181640625e-05
4.744529724121094e-05
6.270408630371094e-05
6.365776062011719e-05
8.678436279296875e-05
4.6253204345703125e-05
6.437301635742188e-05
4.792213439941406e-05
4.3392181396484375e-05
5.650520324707031e-05
6.270408630371094e-05
6.29425048828125e-05
5.91278076171875e-05
5.8650970458984375e-05
3.743171691894531e-05
4.4345855712890625e-05
5.793571472167969e-05
4.029273986816406e-05
3.910064697265625e-05
5.030632019042969e-05
4.124641418457031e-05
7.033348083496094e-05
3.7670135498046875e-05
6.914138793945312e-05
5.53131103515625e-05
5.53131103515625e-05
5.340576171875e-05
3.600120544433594e-05
5.435943603515625e-05
5.745887756347656e-05
5.459785461425781e-05
7.677078247070312e-05
3.314018249511719e-05
5.340576171875e-05
4.4345855712890625e-05
6.031990051269531e-05
5.936622619628906e-05
3.933906555175781e-05
8.273124694824219e-05
4.267692565917969e-05
4.553794860839844e-05
5.650520324707031e-05
5.91278076171875e-05
5.4836273193359375e-05
4.076957702636719e-05
5.0067901611328125e-05
5.53131103515625e-05
3.4332275390625e-05
4.696846008300781e-05
4.220008850097656e-05
5.626678466796875e-05
5.221366882324219e-05
6.222724914550781e-05
6.031990051269531e-05
5.364418029785156e-05
5.269050598144531e-05
7.2479248046875e-05
6.365776062011719e-05
2.9802322387695312e-05
5.221366882324219e-05
5.316734313964844e-05
4.220008850097656e-05
6.389617919921875e-05
5.8650970458984375e-05
5.936622619628906e-05
8.7738037109375e-05
9.131431579589844e-05
4.267692565917969e-05
3.3855438232421875e-05
4.38690185546875e-05
5.650520324707031e-05
4.8160552978515625e-05
7.43865966796875e-05
4.0531158447265625e-05
3.266334533691406e-05
4.601478576660156e-05
6.556510925292969e-05
4.863739013671875e-05
5.173683166503906e-05
6.866455078125e-05
7.963180541992188e-05
3.409385681152344e-05
3.361701965332031e-05
3.981590270996094e-05
5.030632019042969e-05
4.2438507080078125e-05
5.221366882324219e-05
7.152557373046875e-05
4.458427429199219e-05
3.147125244140625e-05
5.650520324707031e-05
3.886222839355469e-05
6.580352783203125e-05
3.838539123535156e-05
3.600120544433594e-05
4.363059997558594e-05
3.790855407714844e-05
3.8623809814453125e-05
2.9325485229492188e-05
3.4332275390625e-05
