0.00010323524475097656
5.14984130859375e-05
5.459785461425781e-05
5.054473876953125e-05
5.4836273193359375e-05
3.600120544433594e-05
6.079673767089844e-05
5.841255187988281e-05
4.673004150390625e-05
5.8650970458984375e-05
6.794929504394531e-05
4.029273986816406e-05
3.552436828613281e-05
4.076957702636719e-05
3.24249267578125e-05
5.555152893066406e-05
4.57763671875e-05
5.936622619628906e-05
6.222724914550781e-05
5.340576171875e-05
6.461143493652344e-05
5.6743621826171875e-05
5.412101745605469e-05
5.507469177246094e-05
3.719329833984375e-05
4.887580871582031e-05
4.792213439941406e-05
4.744529724121094e-05
0.00011992454528808594
4.839897155761719e-05
6.747245788574219e-05
7.390975952148438e-05
5.221366882324219e-05
6.556510925292969e-05
5.841255187988281e-05
8.177757263183594e-05
7.295608520507812e-05
5.650520324707031e-05
5.5789947509765625e-05
5.14984130859375e-05
5.817413330078125e-05
6.747245788574219e-05
5.078315734863281e-05
6.67572021484375e-05
5.078315734863281e-05
5.6743621826171875e-05
7.748603820800781e-05
4.6253204345703125e-05
4.982948303222656e-05
3.933906555175781e-05
9.846687316894531e-05
5.626678466796875e-05
5.7697296142578125e-05
6.031990051269531e-05
3.981590270996094e-05
3.719329833984375e-05
3.62396240234375e-05
4.2438507080078125e-05
4.482269287109375e-05
7.367134094238281e-05
4.9591064453125e-05
4.482269287109375e-05
0.00012874603271484375
4.9114227294921875e-05
5.626678466796875e-05
9.989738464355469e-05
3.933906555175781e-05
3.695487976074219e-05
4.601478576660156e-05
4.553794860839844e-05
6.079673767089844e-05
5.698204040527344e-05
7.271766662597656e-05
5.698204040527344e-05
6.866455078125e-05
5.936622619628906e-05
4.792213439941406e-05
6.818771362304688e-05
6.0558319091796875e-05
5.8650970458984375e-05
5.5789947509765625e-05
5.7220458984375e-05
8.702278137207031e-05
3.4809112548828125e-05
4.57763671875e-05
8.58306884765625e-05
5.8650970458984375e-05
9.274482727050781e-05
5.507469177246094e-05
5.6743621826171875e-05
5.650520324707031e-05
4.935264587402344e-05
4.1961669921875e-05
4.57763671875e-05
5.221366882324219e-05
5.435943603515625e-05
4.839897155761719e-05
4.2438507080078125e-05
4.172325134277344e-05
4.887580871582031e-05
5.2928924560546875e-05
4.4345855712890625e-05
6.318092346191406e-05
9.489059448242188e-05
5.078315734863281e-05
4.1961669921875e-05
4.38690185546875e-05
3.8623809814453125e-05
5.6743621826171875e-05
5.459785461425781e-05
5.841255187988281e-05
5.340576171875e-05
3.337860107421875e-05
4.0531158447265625e-05
3.504753112792969e-05
4.839897155761719e-05
9.512901306152344e-05
5.650520324707031e-05
3.7670135498046875e-05
4.029273986816406e-05
3.4332275390625e-05
5.14984130859375e-05
3.600120544433594e-05
4.482269287109375e-05
2.765655517578125e-05
3.886222839355469e-05
3.0279159545898438e-05
3.886222839355469e-05
5.53131103515625e-05
3.170967102050781e-05
3.62396240234375e-05
3.528594970703125e-05
3.9577484130859375e-05
5.340576171875e-05
4.887580871582031e-05
6.270408630371094e-05
4.6253204345703125e-05
4.124641418457031e-05
5.936622619628906e-05
4.8160552978515625e-05
5.745887756347656e-05
3.24249267578125e-05
4.3392181396484375e-05
5.340576171875e-05
4.100799560546875e-05
3.695487976074219e-05
5.602836608886719e-05
4.220008850097656e-05
4.7206878662109375e-05
6.747245788574219e-05
3.933906555175781e-05
4.863739013671875e-05
4.1961669921875e-05
4.8160552978515625e-05
5.078315734863281e-05
4.506111145019531e-05
3.647804260253906e-05
4.0531158447265625e-05
5.435943603515625e-05
5.173683166503906e-05
3.4809112548828125e-05
3.1948089599609375e-05
6.079673767089844e-05
4.100799560546875e-05
7.581710815429688e-05
4.38690185546875e-05
4.100799560546875e-05
3.9577484130859375e-05
5.459785461425781e-05
4.4345855712890625e-05
5.221366882324219e-05
7.081031799316406e-05
5.650520324707031e-05
4.124641418457031e-05
4.3392181396484375e-05
4.744529724121094e-05
6.866455078125e-05
5.435943603515625e-05
7.2479248046875e-05
4.029273986816406e-05
4.3392181396484375e-05
3.695487976074219e-05
8.559226989746094e-05
6.747245788574219e-05
5.745887756347656e-05
4.76837158203125e-05
4.8160552978515625e-05
4.744529724121094e-05
5.054473876953125e-05
5.412101745605469e-05
4.649162292480469e-05
4.076957702636719e-05
