6.175041198730469e-05
4.410743713378906e-05
5.173683166503906e-05
4.935264587402344e-05
3.2901763916015625e-05
4.57763671875e-05
5.173683166503906e-05
3.409385681152344e-05
4.124641418457031e-05
5.030632019042969e-05
3.5762786865234375e-05
4.8160552978515625e-05
6.771087646484375e-05
5.793571472167969e-05
6.341934204101562e-05
4.792213439941406e-05
5.0067901611328125e-05
6.079673767089844e-05
5.698204040527344e-05
7.82012939453125e-05
5.2928924560546875e-05
4.0531158447265625e-05
3.314018249511719e-05
4.3392181396484375e-05
4.7206878662109375e-05
3.719329833984375e-05
7.128715515136719e-05
3.981590270996094e-05
6.866455078125e-05
4.2438507080078125e-05
5.555152893066406e-05
8.559226989746094e-05
4.887580871582031e-05
4.410743713378906e-05
5.173683166503906e-05
4.9114227294921875e-05
6.771087646484375e-05
4.410743713378906e-05
3.981590270996094e-05
6.651878356933594e-05
4.291534423828125e-05
3.1948089599609375e-05
3.0040740966796875e-05
6.389617919921875e-05
7.152557373046875e-05
3.457069396972656e-05
6.127357482910156e-05
5.435943603515625e-05
5.316734313964844e-05
6.246566772460938e-05
3.838539123535156e-05
8.130073547363281e-05
3.8623809814453125e-05
6.198883056640625e-05
5.841255187988281e-05
5.14984130859375e-05
4.2438507080078125e-05
3.528594970703125e-05
5.030632019042969e-05
4.792213439941406e-05
6.103515625e-05
6.222724914550781e-05
4.220008850097656e-05
4.506111145019531e-05
3.838539123535156e-05
3.0279159545898438e-05
6.437301635742188e-05
7.748603820800781e-05
4.291534423828125e-05
4.267692565917969e-05
0.00011110305786132812
7.271766662597656e-05
6.008148193359375e-05
9.5367431640625e-05
3.695487976074219e-05
2.8848648071289062e-05
4.363059997558594e-05
7.62939453125e-05
7.534027099609375e-05
2.8371810913085938e-05
4.076957702636719e-05
2.7894973754882812e-05
4.673004150390625e-05
4.4345855712890625e-05
3.457069396972656e-05
6.246566772460938e-05
4.124641418457031e-05
0.00024271011352539062
3.981590270996094e-05
4.0531158447265625e-05
4.3392181396484375e-05
4.220008850097656e-05
3.910064697265625e-05
3.719329833984375e-05
4.7206878662109375e-05
5.340576171875e-05
6.0558319091796875e-05
5.91278076171875e-05
5.5789947509765625e-05
3.5762786865234375e-05
4.696846008300781e-05
5.340576171875e-05
6.461143493652344e-05
5.364418029785156e-05
6.580352783203125e-05
4.267692565917969e-05
4.1484832763671875e-05
9.369850158691406e-05
5.7220458984375e-05
8.368492126464844e-05
7.081031799316406e-05
3.814697265625e-05
4.2438507080078125e-05
4.6253204345703125e-05
6.29425048828125e-05
6.628036499023438e-05
5.745887756347656e-05
4.5299530029296875e-05
5.078315734863281e-05
3.695487976074219e-05
8.273124694824219e-05
3.4332275390625e-05
5.1021575927734375e-05
4.124641418457031e-05
4.935264587402344e-05
4.982948303222656e-05
5.054473876953125e-05
4.6253204345703125e-05
7.367134094238281e-05
4.935264587402344e-05
5.626678466796875e-05
6.67572021484375e-05
4.5299530029296875e-05
5.054473876953125e-05
5.9604644775390625e-05
7.700920104980469e-05
4.220008850097656e-05
4.4345855712890625e-05
6.222724914550781e-05
0.00013208389282226562
7.677078247070312e-05
3.3855438232421875e-05
4.38690185546875e-05
3.3855438232421875e-05
3.814697265625e-05
4.220008850097656e-05
5.7220458984375e-05
4.6253204345703125e-05
5.888938903808594e-05
3.981590270996094e-05
3.361701965332031e-05
4.2438507080078125e-05
5.984306335449219e-05
4.029273986816406e-05
3.075599670410156e-05
7.390975952148438e-05
5.793571472167969e-05
6.771087646484375e-05
5.984306335449219e-05
6.914138793945312e-05
7.43865966796875e-05
7.867813110351562e-05
3.504753112792969e-05
4.982948303222656e-05
7.081031799316406e-05
5.1975250244140625e-05
8.606910705566406e-05
3.981590270996094e-05
5.316734313964844e-05
5.245208740234375e-05
4.124641418457031e-05
7.534027099609375e-05
3.4809112548828125e-05
3.9577484130859375e-05
5.555152893066406e-05
4.3392181396484375e-05
6.008148193359375e-05
4.315376281738281e-05
3.7670135498046875e-05
3.7670135498046875e-05
4.601478576660156e-05
7.2479248046875e-05
5.91278076171875e-05
6.461143493652344e-05
4.2438507080078125e-05
