7.700920104980469e-05
5.7697296142578125e-05
6.127357482910156e-05
0.00010561943054199219
5.745887756347656e-05
6.461143493652344e-05
6.818771362304688e-05
6.0558319091796875e-05
8.7738037109375e-05
5.53131103515625e-05
7.390975952148438e-05
6.461143493652344e-05
6.604194641113281e-05
4.76837158203125e-05
5.841255187988281e-05
5.078315734863281e-05
6.079673767089844e-05
5.340576171875e-05
5.9604644775390625e-05
5.125999450683594e-05
7.462501525878906e-05
0.00010800361633300781
6.127357482910156e-05
6.723403930664062e-05
4.410743713378906e-05
4.863739013671875e-05
5.245208740234375e-05
8.034706115722656e-05
4.839897155761719e-05
7.62939453125e-05
8.940696716308594e-05
4.76837158203125e-05
0.000125885009765625
4.7206878662109375e-05
4.3392181396484375e-05
8.916854858398438e-05
5.841255187988281e-05
5.2928924560546875e-05
5.626678466796875e-05
5.817413330078125e-05
5.245208740234375e-05
5.459785461425781e-05
9.417533874511719e-05
8.177757263183594e-05
6.771087646484375e-05
5.269050598144531e-05
0.00012946128845214844
5.936622619628906e-05
3.62396240234375e-05
3.3855438232421875e-05
5.030632019042969e-05
5.435943603515625e-05
7.581710815429688e-05
4.9114227294921875e-05
4.00543212890625e-05
5.173683166503906e-05
4.57763671875e-05
3.0279159545898438e-05
2.9087066650390625e-05
3.1948089599609375e-05
4.076957702636719e-05
7.081031799316406e-05
5.221366882324219e-05
3.4809112548828125e-05
3.266334533691406e-05
4.792213439941406e-05
4.5299530029296875e-05
2.765655517578125e-05
2.8848648071289062e-05
2.956390380859375e-05
3.719329833984375e-05
3.409385681152344e-05
4.291534423828125e-05
4.315376281738281e-05
7.176399230957031e-05
6.127357482910156e-05
5.817413330078125e-05
9.012222290039062e-05
5.054473876953125e-05
5.3882598876953125e-05
4.673004150390625e-05
5.125999450683594e-05
3.123283386230469e-05
3.5762786865234375e-05
3.886222839355469e-05
5.650520324707031e-05
5.9604644775390625e-05
4.57763671875e-05
6.604194641113281e-05
2.8848648071289062e-05
5.221366882324219e-05
5.340576171875e-05
4.220008850097656e-05
4.458427429199219e-05
6.0558319091796875e-05
4.267692565917969e-05
4.506111145019531e-05
4.57763671875e-05
4.6253204345703125e-05
7.748603820800781e-05
4.076957702636719e-05
6.651878356933594e-05
4.553794860839844e-05
4.506111145019531e-05
4.887580871582031e-05
5.435943603515625e-05
5.698204040527344e-05
5.8650970458984375e-05
4.839897155761719e-05
5.173683166503906e-05
5.245208740234375e-05
6.508827209472656e-05
5.626678466796875e-05
4.7206878662109375e-05
6.270408630371094e-05
6.437301635742188e-05
7.390975952148438e-05
4.9114227294921875e-05
5.650520324707031e-05
6.651878356933594e-05
6.103515625e-05
4.696846008300781e-05
4.410743713378906e-05
8.821487426757812e-05
3.7670135498046875e-05
3.981590270996094e-05
4.291534423828125e-05
5.7697296142578125e-05
7.62939453125e-05
9.369850158691406e-05
5.3882598876953125e-05
3.2901763916015625e-05
5.7220458984375e-05
4.458427429199219e-05
5.0067901611328125e-05
6.723403930664062e-05
4.649162292480469e-05
3.337860107421875e-05
4.57763671875e-05
3.600120544433594e-05
4.029273986816406e-05
4.863739013671875e-05
4.291534423828125e-05
4.8160552978515625e-05
4.220008850097656e-05
4.1484832763671875e-05
5.841255187988281e-05
5.459785461425781e-05
4.410743713378906e-05
5.221366882324219e-05
2.9802322387695312e-05
2.7894973754882812e-05
6.103515625e-05
3.409385681152344e-05
5.745887756347656e-05
5.555152893066406e-05
4.220008850097656e-05
4.744529724121094e-05
3.314018249511719e-05
5.53131103515625e-05
4.649162292480469e-05
5.364418029785156e-05
4.315376281738281e-05
3.4332275390625e-05
4.1484832763671875e-05
3.600120544433594e-05
4.5299530029296875e-05
5.459785461425781e-05
5.14984130859375e-05
3.409385681152344e-05
3.9577484130859375e-05
4.38690185546875e-05
4.982948303222656e-05
3.409385681152344e-05
4.649162292480469e-05
4.673004150390625e-05
5.269050598144531e-05
5.507469177246094e-05
2.9802322387695312e-05
5.6743621826171875e-05
2.8848648071289062e-05
5.078315734863281e-05
2.7418136596679688e-05
4.00543212890625e-05
3.123283386230469e-05
4.839897155761719e-05
