311	id-00000	3	6	7	1	1704.0	1704.0	1704.64	1705.0	1705.0	17.585	EXPIRED
311	id-00001	3	4	2	5	1704.0	1704.0	1704.18	1704.4769	1709.0	8.34	COMPLETED
311	id-00002	7	9	7	5	1704.0	1704.0	1704.29	1704.5463	1709.0	20.415	COMPLETED
311	id-00003	6	10	4	1	1705.0	1705.0	1705.18	1706.0	1706.0	13.285	EXPIRED
311	id-00004	9	14	2	1	1706.0	1706.0	1706.08	1707.0	1707.0	8.103	EXPIRED
311	id-00005	2	4	6	1	1706.0	1706.0	1706.3	1707.0	1707.0	9.266	EXPIRED
311	id-00006	6	10	10	3	1707.0	1707.0	1707.45	1707.6263	1710.0	33.214	COMPLETED
311	id-00007	7	2	3	2	1708.0	1708.0	1708.14	1708.4124	1710.0	12.495	COMPLETED
311	id-00008	6	11	5	5	1709.0	1709.0	1709.23	1709.4341	1714.0	16.976	COMPLETED
311	id-00009	5	7	10	1	1710.0	1710.0	1710.45	1711.0	1711.0	26.264	EXPIRED
311	id-00010	6	3	7	1	1710.0	1710.0	1710.3	1711.0	1711.0	19.314	EXPIRED
311	id-00011	5	6	10	2	1711.0	1711.0	1711.45	1711.638	1713.0	26.264	COMPLETED
311	id-00012	9	10	10	4	1711.0	1711.0	1711.43	1711.5683	1715.0	47.606	COMPLETED
311	id-00013	9	18	7	2	1712.0	1712.0	1712.3	1712.5818	1714.0	33.214	COMPLETED
311	id-00014	9	12	9	5	1713.0	1713.0	1713.39	1713.7296	1718.0	43.178	COMPLETED
311	id-00015	5	8	2	4	1713.0	1713.0	1713.09	1713.5541	1717.0	5.253	COMPLETED
311	id-00016	1	2	4	1	1717.0	1717.0	1717.2	1718.0	1718.0	3.089	EXPIRED
311	id-00017	4	6	7	2	1717.0	1717.0	1717.32	1717.4712	1719.0	13.734	COMPLETED
311	id-00018	8	15	3	5	1718.0	1718.0	1718.14	1718.5497	1723.0	14.657	COMPLETED
311	id-00019	5	5	5	2	1719.0	1719.0	1719.23	1719.4405	1721.0	13.424	COMPLETED
311	id-00020	6	2	3	4	1720.0	1720.0	1720.14	1720.3064	1724.0	10.333	COMPLETED
311	id-00021	10	2	10	4	1721.0	1721.0	1721.45	1721.8502	1725.0	61.013	COMPLETED
311	id-00022	5	2	8	1	1724.0	1724.0	1724.36	1725.0	1725.0	21.011	EXPIRED
311	id-00023	1	2	6	3	1726.0	1726.0	1726.3	1726.6127	1729.0	4.633	COMPLETED
311	id-00024	4	8	10	4	1727.0	1727.0	1727.48	1727.8529	1731.0	25.127	COMPLETED
311	id-00025	7	9	7	2	1727.0	1727.0	1727.58	1727.7389	1729.0	40.83	COMPLETED
311	id-00026	1	2	6	3	1727.0	1727.0	1727.5	1727.9944	1730.0	7.722	COMPLETED
311	id-00027	5	3	2	3	1728.0	1728.0	1728.1	1728.3854	1731.0	6.779	COMPLETED
311	id-00028	7	9	9	2	1729.0	1729.0	1729.43	1729.5652	1731.0	42.432	COMPLETED
311	id-00029	10	15	9	2	1730.0	1730.0	1730.39	1730.5358	1732.0	49.201	COMPLETED
311	id-00030	6	8	7	4	1732.0	1732.0	1732.33	1732.7031	1736.0	27.468	COMPLETED
311	id-00031	3	2	2	1	1734.0	1734.0	1734.1	1735.0	1735.0	3.69	EXPIRED
311	id-00032	4	2	8	1	1735.0	1735.0	1735.76	1736.0	1736.0	39.784	EXPIRED
311	id-00033	2	2	9	1	1735.0	1735.0	1735.86	1736.0	1736.0	26.564	EXPIRED
311	id-00034	6	4	10	1	1736.0	1736.0	1736.48	1737.0	1737.0	39.953	EXPIRED
311	id-00035	3	2	1	3	1737.0	1737.0	1737.05	1737.3044	1740.0	1.845	COMPLETED
311	id-00036	3	4	4	5	1739.0	1739.0	1739.19	1739.4991	1744.0	7.012	COMPLETED
311	id-00037	1	2	5	1	1740.0	1740.0	1740.25	1741.0	1741.0	3.861	EXPIRED
311	id-00038	3	5	2	3	1741.0	1741.0	1741.19	1741.3343	1744.0	7.012	COMPLETED
311	id-00039	2	2	10	4	1741.0	1741.0	1741.95	1742.0942	1745.0	29.344	COMPLETED
311	id-00040	8	14	10	1	1741.0	1741.0	1741.8	1742.0	1742.0	61.13	EXPIRED
311	id-00041	1	2	4	4	1741.0	1741.0	1741.32	1741.6952	1745.0	4.942	COMPLETED
311	id-00042	6	3	5	1	1744.0	1744.0	1744.24	1745.0	1745.0	19.977	EXPIRED
311	id-00043	1	2	10	4	1746.0	1746.0	1746.5	1746.7428	1750.0	7.722	COMPLETED
311	id-00044	2	2	4	5	1747.0	1747.0	1747.2	1747.4951	1752.0	6.178	COMPLETED
311	id-00045	1	2	1	2	1747.0	1747.0	1747.1	1747.4885	1749.0	0.602	COMPLETED
311	id-00046	6	7	7	1	1747.0	1747.0	1747.67	1748.0	1748.0	62.085	EXPIRED
311	id-00047	10	19	8	2	1749.0	1749.0	1749.35	1749.6035	1751.0	44.155	COMPLETED
311	id-00048	10	4	5	2	1750.0	1750.0	1750.23	1750.6721	1752.0	31.184	COMPLETED
311	id-00049	7	11	9	3	1750.0	1750.0	1750.39	1750.5559	1753.0	31.131	COMPLETED
311	id-00050	4	4	7	3	1751.0	1751.0	1751.33	1751.8296	1754.0	17.275	COMPLETED
311	id-00051	8	11	1	4	1752.0	1752.0	1752.05	1752.5319	1756.0	5.706	COMPLETED
311	id-00052	3	6	4	3	1752.0	1752.0	1752.33	1752.7106	1755.0	5.956	COMPLETED
311	id-00053	4	3	9	4	1752.0	1752.0	1752.75	1753.1275	1756.0	39.261	COMPLETED
311	id-00054	9	2	4	1	1753.0	1753.0	1753.17	1754.0	1754.0	17.218	EXPIRED
311	id-00055	4	8	10	1	1753.0	1753.0	1753.91	1754.0	1754.0	39.057	EXPIRED
311	id-00056	1	2	3	5	1753.0	1753.0	1753.27	1753.7589	1758.0	4.17	COMPLETED
311	id-00057	3	3	5	2	1755.0	1755.0	1755.24	1755.3525	1757.0	8.857	COMPLETED
311	id-00058	4	6	1	5	1757.0	1757.0	1757.05	1757.5426	1762.0	2.617	COMPLETED
311	id-00059	9	8	10	1	1757.0	1757.0	1757.43	1758.0	1758.0	47.606	EXPIRED
311	id-00060	7	8	7	5	1758.0	1758.0	1758.33	1758.5804	1763.0	32.564	COMPLETED
311	id-00061	5	5	10	3	1759.0	1759.0	1759.48	1759.6712	1762.0	32.54	COMPLETED
311	id-00062	8	6	5	4	1760.0	1760.0	1760.23	1760.3326	1764.0	24.08	COMPLETED
311	id-00063	1	2	2	4	1761.0	1761.0	1761.1	1761.4063	1765.0	1.544	COMPLETED
311	id-00064	1	2	8	3	1763.0	1763.0	1763.4	1763.5575	1766.0	6.178	COMPLETED
311	id-00065	5	10	7	5	1763.0	1763.0	1763.32	1763.4842	1768.0	18.676	COMPLETED
311	id-00066	7	12	1	5	1765.0	1765.0	1765.04	1765.3858	1770.0	3.193	COMPLETED
311	id-00067	5	5	10	3	1766.0	1766.0	1766.87	1767.2956	1769.0	42.574	COMPLETED
311	id-00068	1	2	6	4	1766.0	1766.0	1766.52	1766.6518	1770.0	8.031	COMPLETED
311	id-00069	2	2	4	4	1768.0	1768.0	1768.2	1768.542	1772.0	6.178	COMPLETED
311	id-00070	8	8	3	1	1768.0	1768.0	1768.13	1769.0	1769.0	12.385	EXPIRED
311	id-00071	3	2	10	3	1770.0	1770.0	1770.45	1770.809	1773.0	12.364	COMPLETED
311	id-00072	9	16	10	5	1770.0	1770.0	1770.42	1770.6185	1775.0	42.539	COMPLETED
311	id-00073	9	14	1	5	1771.0	1771.0	1771.04	1771.4385	1776.0	4.051	COMPLETED
311	id-00074	2	2	5	5	1772.0	1772.0	1772.25	1772.5837	1777.0	7.722	COMPLETED
311	id-00075	8	15	5	4	1774.0	1774.0	1774.23	1774.603	1778.0	24.08	COMPLETED
311	id-00076	2	2	3	2	1774.0	1774.0	1774.12	1774.3645	1776.0	1.444	COMPLETED
311	id-00077	4	6	10	2	1775.0	1775.0	1775.95	1776.2107	1777.0	49.731	COMPLETED
311	id-00078	1	2	7	4	1775.0	1775.0	1775.67	1776.1374	1779.0	10.347	COMPLETED
311	id-00079	8	2	7	4	1776.0	1776.0	1776.33	1776.4962	1780.0	37.661	COMPLETED
311	id-00080	2	4	8	2	1776.0	1776.0	1776.64	1776.7426	1778.0	7.7	COMPLETED
311	id-00081	4	8	9	3	1776.0	1776.0	1776.72	1777.2069	1779.0	24.114	COMPLETED
311	id-00082	8	5	8	5	1779.0	1779.0	1779.38	1779.816	1784.0	43.367	COMPLETED
311	id-00083	9	13	2	3	1780.0	1780.0	1780.08	1780.2283	1783.0	6.594	COMPLETED
311	id-00084	6	11	2	2	1781.0	1781.0	1781.1	1781.2189	1783.0	8.324	COMPLETED
311	id-00085	4	3	6	4	1781.0	1781.0	1781.23	1781.4099	1785.0	5.535	COMPLETED
311	id-00086	8	2	4	5	1782.0	1782.0	1782.19	1782.5326	1787.0	21.684	COMPLETED
311	id-00087	5	4	10	3	1783.0	1783.0	1783.95	1784.2158	1786.0	64.402	COMPLETED
311	id-00088	2	4	1	1	1783.0	1783.0	1783.1	1784.0	1784.0	3.089	EXPIRED
311	id-00089	7	13	5	5	1784.0	1784.0	1784.24	1784.4387	1789.0	23.683	COMPLETED
311	id-00090	7	4	8	1	1785.0	1785.0	1785.4	1786.0	1786.0	43.243	EXPIRED
311	id-00091	5	2	1	5	1786.0	1786.0	1786.05	1786.4491	1791.0	3.861	COMPLETED
311	id-00092	5	2	3	5	1786.0	1786.0	1786.25	1786.68	1791.0	9.877	COMPLETED
311	id-00093	2	3	2	5	1786.0	1786.0	1786.17	1786.6671	1791.0	5.251	COMPLETED
311	id-00094	6	9	9	2	1789.0	1789.0	1789.45	1789.7763	1791.0	41.699	COMPLETED
311	id-00095	6	10	9	5	1789.0	1789.0	1789.38	1789.5754	1794.0	20.882	COMPLETED
311	id-00096	9	4	2	3	1790.0	1790.0	1790.08	1790.3481	1793.0	7.348	COMPLETED
311	id-00097	8	8	5	3	1793.0	1793.0	1793.25	1793.6983	1796.0	30.888	COMPLETED
311	id-00098	4	6	3	3	1793.0	1793.0	1793.24	1793.7101	1796.0	5.775	COMPLETED
311	id-00099	3	5	10	1	1793.0	1793.0	1793.8	1794.0	1794.0	29.523	EXPIRED
311	id-00100	3	3	1	5	1794.0	1794.0	1794.05	1794.3039	1799.0	2.317	COMPLETED
311	id-00101	9	4	8	3	1795.0	1795.0	1795.3	1795.6188	1798.0	21.9	COMPLETED
311	id-00102	1	2	10	4	1796.0	1796.0	1796.5	1796.8691	1800.0	7.722	COMPLETED
311	id-00103	9	11	10	4	1797.0	1797.0	1797.37	1797.5436	1801.0	27.01	COMPLETED
311	id-00104	3	2	5	5	1798.0	1798.0	1798.25	1798.5318	1803.0	11.583	COMPLETED
311	id-00105	2	2	5	1	1799.0	1799.0	1799.25	1800.0	1800.0	7.722	EXPIRED
311	id-00106	5	10	10	2	1801.0	1801.0	1801.5	1801.8516	1803.0	38.61	COMPLETED
311	id-00107	6	7	10	5	1801.0	1801.0	1801.37	1801.5561	1806.0	13.356	COMPLETED
311	id-00108	10	16	5	3	1803.0	1803.0	1803.2	1803.5566	1806.0	21.46	COMPLETED
311	id-00109	2	3	10	1	1804.0	1804.0	1804.5	1805.0	1805.0	15.444	EXPIRED
311	id-00110	6	7	1	3	1804.0	1804.0	1804.05	1804.1542	1807.0	4.633	COMPLETED
311	id-00111	4	3	6	1	1807.0	1807.0	1807.29	1808.0	1808.0	15.181	EXPIRED
311	id-00112	10	12	8	1	1809.0	1809.0	1809.64	1810.0	1810.0	68.672	EXPIRED
311	id-00113	4	7	8	1	1809.0	1809.0	1809.64	1810.0	1810.0	39.537	EXPIRED
311	id-00114	5	7	5	2	1811.0	1811.0	1811.24	1811.6879	1813.0	16.27	COMPLETED
311	id-00115	4	7	1	4	1812.0	1812.0	1812.05	1812.2191	1816.0	2.617	COMPLETED
311	id-00116	10	7	8	3	1815.0	1815.0	1815.32	1815.7563	1818.0	34.336	COMPLETED
311	id-00117	7	6	4	5	1815.0	1815.0	1815.17	1815.4521	1820.0	11.967	COMPLETED
311	id-00118	9	5	10	3	1816.0	1816.0	1816.34	1816.5498	1819.0	18.409	COMPLETED
311	id-00119	4	6	3	5	1816.0	1816.0	1816.36	1816.7229	1821.0	8.663	COMPLETED
311	id-00120	7	11	4	2	1816.0	1816.0	1816.48	1816.9646	1818.0	47.366	COMPLETED
311	id-00121	2	3	3	3	1816.0	1816.0	1816.36	1816.6538	1819.0	11.12	COMPLETED
311	id-00122	4	7	8	5	1817.0	1817.0	1817.38	1817.8267	1822.0	19.892	COMPLETED
311	id-00123	5	4	9	3	1817.0	1817.0	1817.62	1817.8478	1820.0	18.65	COMPLETED
311	id-00124	2	4	5	3	1817.0	1817.0	1817.34	1817.7772	1820.0	4.091	COMPLETED
311	id-00125	7	9	7	2	1817.0	1817.0	1817.28	1817.5398	1819.0	17.071	COMPLETED
311	id-00126	2	3	2	5	1818.0	1818.0	1818.1	1818.4533	1823.0	3.089	COMPLETED
311	id-00127	1	2	8	2	1818.0	1818.0	1818.76	1819.1712	1820.0	4.572	COMPLETED
311	id-00128	2	3	1	4	1818.0	1818.0	1818.1	1818.3821	1822.0	3.089	COMPLETED
311	id-00129	2	3	1	5	1819.0	1819.0	1819.05	1819.5122	1824.0	1.544	COMPLETED
311	id-00130	4	7	2	3	1819.0	1819.0	1819.1	1819.239	1822.0	5.235	COMPLETED
311	id-00131	7	6	10	5	1820.0	1820.0	1820.5	1820.9843	1825.0	54.054	COMPLETED
311	id-00132	9	9	7	2	1821.0	1821.0	1821.24	1821.3668	1823.0	12.995	COMPLETED
311	id-00133	8	5	10	3	1821.0	1821.0	1821.37	1821.5107	1824.0	21.296	COMPLETED
311	id-00134	9	6	8	5	1822.0	1822.0	1822.28	1822.5376	1827.0	15.16	COMPLETED
311	id-00135	7	11	8	2	1824.0	1824.0	1824.4	1824.7452	1826.0	43.243	COMPLETED
311	id-00136	5	10	1	4	1824.0	1824.0	1824.07	1824.4815	1828.0	2.106	COMPLETED
311	id-00137	2	4	10	5	1824.0	1824.0	1824.69	1825.0613	1829.0	8.302	COMPLETED
311	id-00138	10	3	9	1	1826.0	1826.0	1826.35	1827.0	1827.0	34.255	EXPIRED
311	id-00139	5	7	1	5	1827.0	1827.0	1827.05	1827.5189	1832.0	3.861	COMPLETED
311	id-00140	10	3	9	1	1827.0	1827.0	1827.35	1828.0	1828.0	34.255	EXPIRED
311	id-00141	8	3	1	1	1827.0	1827.0	1827.08	1828.0	1828.0	5.359	EXPIRED
311	id-00142	4	8	9	2	1827.0	1827.0	1827.69	1828.094	1829.0	42.625	COMPLETED
311	id-00143	9	5	6	1	1827.0	1827.0	1827.3	1828.0	1828.0	41.699	EXPIRED
311	id-00144	1	2	7	5	1828.0	1828.0	1828.35	1828.5192	1833.0	5.405	COMPLETED
311	id-00145	10	8	3	4	1830.0	1830.0	1830.11	1830.2731	1834.0	9.729	COMPLETED
311	id-00146	10	3	8	5	1830.0	1830.0	1830.7	1831.0528	1835.0	88.309	COMPLETED
311	id-00147	5	3	4	1	1830.0	1830.0	1830.35	1831.0	1831.0	27.027	EXPIRED
311	id-00148	10	10	5	4	1834.0	1834.0	1834.19	1834.6575	1838.0	16.804	COMPLETED
311	id-00149	7	11	10	5	1836.0	1836.0	1836.5	1836.6806	1841.0	54.054	COMPLETED
311	id-00150	4	7	4	3	1837.0	1837.0	1837.2	1837.4873	1840.0	12.355	COMPLETED
311	id-00151	4	6	1	1	1838.0	1838.0	1838.05	1839.0	1839.0	3.089	EXPIRED
311	id-00152	6	10	7	4	1839.0	1839.0	1839.35	1839.5925	1843.0	32.432	COMPLETED
311	id-00153	8	9	4	1	1839.0	1839.0	1839.17	1840.0	1840.0	14.593	EXPIRED
311	id-00154	2	3	2	1	1840.0	1840.0	1840.1	1841.0	1841.0	3.089	EXPIRED
311	id-00155	6	2	5	3	1840.0	1840.0	1840.24	1840.7172	1843.0	19.977	COMPLETED
311	id-00156	10	11	7	2	1840.0	1840.0	1840.26	1840.4326	1842.0	22.995	COMPLETED
311	id-00157	2	4	1	4	1841.0	1841.0	1841.05	1841.3584	1845.0	1.544	COMPLETED
311	id-00158	2	3	9	2	1841.0	1841.0	1841.43	1841.5606	1843.0	9.228	COMPLETED
311	id-00159	8	7	4	3	1841.0	1841.0	1841.16	1841.4205	1844.0	12.226	COMPLETED
311	id-00160	1	2	7	4	1843.0	1843.0	1843.35	1843.6135	1847.0	5.405	COMPLETED
311	id-00161	4	6	8	2	1844.0	1844.0	1844.38	1844.8126	1846.0	19.892	COMPLETED
311	id-00162	1	2	9	3	1845.0	1845.0	1845.45	1845.8646	1848.0	6.95	COMPLETED
311	id-00163	9	13	4	2	1846.0	1846.0	1846.16	1846.5186	1848.0	14.697	COMPLETED
311	id-00164	6	4	5	3	1846.0	1846.0	1846.19	1846.3637	1849.0	6.858	COMPLETED
311	id-00165	8	16	5	5	1847.0	1847.0	1847.25	1847.543	1852.0	30.888	COMPLETED
311	id-00166	8	6	2	5	1850.0	1850.0	1850.1	1850.5353	1855.0	12.355	COMPLETED
311	id-00167	7	11	10	3	1850.0	1850.0	1850.4	1850.6043	1853.0	24.387	COMPLETED
311	id-00168	6	10	10	1	1850.0	1850.0	1850.8	1851.0	1851.0	36.419	EXPIRED
311	id-00169	1	2	2	1	1850.0	1850.0	1850.16	1851.0	1851.0	2.471	EXPIRED
311	id-00170	9	4	2	5	1853.0	1853.0	1853.08	1853.4387	1858.0	7.348	COMPLETED
311	id-00171	6	2	1	4	1853.0	1853.0	1853.08	1853.484	1857.0	3.642	COMPLETED
311	id-00172	4	5	9	4	1853.0	1853.0	1853.72	1854.0049	1857.0	44.479	COMPLETED
311	id-00173	8	2	4	2	1855.0	1855.0	1855.2	1855.4624	1857.0	24.71	COMPLETED
311	id-00174	3	2	8	5	1857.0	1857.0	1857.4	1857.6714	1862.0	18.533	COMPLETED
311	id-00175	3	6	10	3	1858.0	1858.0	1858.5	1858.7873	1861.0	23.166	COMPLETED
311	id-00176	5	9	6	1	1859.0	1859.0	1859.3	1860.0	1860.0	23.166	EXPIRED
311	id-00177	7	12	3	3	1860.0	1860.0	1860.15	1860.444	1863.0	16.216	COMPLETED
311	id-00178	4	6	1	4	1860.0	1860.0	1860.08	1860.4467	1864.0	1.925	COMPLETED
311	id-00179	1	2	9	1	1860.0	1860.0	1860.75	1861.0	1861.0	11.583	EXPIRED
311	id-00180	7	10	10	4	1860.0	1860.0	1860.4	1860.5594	1864.0	24.387	COMPLETED
311	id-00181	5	9	4	3	1862.0	1862.0	1862.2	1862.3424	1865.0	15.444	COMPLETED
311	id-00182	10	14	4	4	1863.0	1863.0	1863.16	1863.4917	1867.0	17.168	COMPLETED
311	id-00183	10	13	9	3	1863.0	1863.0	1863.35	1863.7781	1866.0	34.255	COMPLETED
311	id-00184	7	13	1	4	1865.0	1865.0	1865.05	1865.4546	1869.0	5.405	COMPLETED
311	id-00185	10	11	10	3	1867.0	1867.0	1867.4	1867.6247	1870.0	42.92	COMPLETED
311	id-00186	1	2	5	2	1868.0	1868.0	1868.25	1868.6144	1870.0	3.861	COMPLETED
311	id-00187	6	5	7	2	1868.0	1868.0	1868.35	1868.7717	1870.0	32.432	COMPLETED
311	id-00188	3	6	4	4	1869.0	1869.0	1869.4	1869.6045	1873.0	18.533	COMPLETED
311	id-00189	4	5	2	4	1869.0	1869.0	1869.2	1869.6216	1873.0	12.355	COMPLETED
311	id-00190	4	7	5	5	1870.0	1870.0	1870.45	1870.7738	1875.0	19.314	COMPLETED
311	id-00191	2	2	8	3	1870.0	1870.0	1870.73	1870.9327	1873.0	22.548	COMPLETED
311	id-00192	3	3	1	4	1870.0	1870.0	1870.08	1870.2704	1874.0	1.444	COMPLETED
311	id-00193	6	5	8	3	1870.0	1870.0	1870.64	1870.7783	1873.0	47.237	COMPLETED
311	id-00194	1	2	7	2	1873.0	1873.0	1873.35	1873.6409	1875.0	5.405	COMPLETED
311	id-00195	2	4	4	3	1873.0	1873.0	1873.36	1873.7866	1876.0	4.332	COMPLETED
311	id-00196	4	5	1	4	1873.0	1873.0	1873.09	1873.5533	1877.0	5.56	COMPLETED
311	id-00197	7	8	10	3	1874.0	1874.0	1874.45	1874.5583	1877.0	40.163	COMPLETED
311	id-00198	6	10	4	2	1880.0	1880.0	1880.18	1880.4901	1882.0	13.285	COMPLETED
311	id-00199	7	6	5	2	1881.0	1881.0	1881.23	1881.372	1883.0	20.528	COMPLETED
311	id-00200	5	9	9	5	1883.0	1883.0	1883.41	1883.6821	1888.0	23.929	COMPLETED
311	id-00201	1	2	3	2	1885.0	1885.0	1885.15	1885.5846	1887.0	2.317	COMPLETED
311	id-00202	10	5	2	3	1885.0	1885.0	1885.08	1885.4371	1888.0	8.584	COMPLETED
311	id-00203	2	3	2	3	1887.0	1887.0	1887.1	1887.5296	1890.0	3.089	COMPLETED
311	id-00204	7	10	2	2	1888.0	1888.0	1888.08	1888.3613	1890.0	5.632	COMPLETED
311	id-00205	1	2	4	4	1889.0	1889.0	1889.2	1889.3777	1893.0	3.089	COMPLETED
311	id-00206	2	3	8	2	1890.0	1890.0	1890.4	1890.5548	1892.0	12.355	COMPLETED
311	id-00207	8	7	2	3	1891.0	1891.0	1891.08	1891.5375	1894.0	6.867	COMPLETED
311	id-00208	3	3	10	4	1894.0	1894.0	1894.42	1894.8393	1898.0	7.58	COMPLETED
311	id-00209	3	4	2	4	1895.0	1895.0	1895.08	1895.2854	1899.0	1.444	COMPLETED
311	id-00210	3	2	7	2	1896.0	1896.0	1896.29	1896.77	1898.0	5.234	COMPLETED
311	id-00211	6	3	6	3	1897.0	1897.0	1897.25	1897.4688	1900.0	13.738	COMPLETED
311	id-00212	3	2	4	3	1897.0	1897.0	1897.17	1897.6077	1900.0	3.068	COMPLETED
311	id-00213	10	7	5	1	1897.0	1897.0	1897.2	1898.0	1898.0	21.46	EXPIRED
311	id-00214	3	4	8	2	1898.0	1898.0	1898.33	1898.5765	1900.0	5.956	COMPLETED
311	id-00215	7	5	4	5	1899.0	1899.0	1899.17	1899.2784	1904.0	11.967	COMPLETED
311	id-00216	10	8	6	1	1899.0	1899.0	1899.24	1900.0	1900.0	25.752	EXPIRED
311	id-00217	6	12	4	5	1901.0	1901.0	1901.17	1901.6428	1906.0	9.342	COMPLETED
311	id-00218	10	9	6	3	1901.0	1901.0	1901.23	1901.4481	1904.0	22.511	COMPLETED
311	id-00219	6	7	9	5	1901.0	1901.0	1901.41	1901.7679	1906.0	30.261	COMPLETED
311	id-00220	3	5	9	4	1904.0	1904.0	1904.38	1904.6594	1908.0	6.858	COMPLETED
311	id-00221	7	12	8	1	1906.0	1906.0	1906.35	1907.0	1907.0	27.938	EXPIRED
311	id-00222	6	5	8	5	1907.0	1907.0	1907.35	1907.7885	1912.0	22.533	COMPLETED
311	id-00223	4	3	9	2	1907.0	1907.0	1907.35	1907.715	1909.0	8.422	COMPLETED
311	id-00224	8	4	9	2	1909.0	1909.0	1909.39	1909.6686	1911.0	37.155	COMPLETED
311	id-00225	1	2	10	4	1912.0	1912.0	1912.5	1912.8977	1916.0	7.722	COMPLETED
311	id-00226	8	12	8	2	1912.0	1912.0	1912.35	1912.5899	1914.0	33.344	COMPLETED
311	id-00227	7	6	4	3	1914.0	1914.0	1914.17	1914.3423	1917.0	13.57	COMPLETED
311	id-00228	9	13	3	2	1915.0	1915.0	1915.13	1915.462	1917.0	14.393	COMPLETED
311	id-00229	6	6	4	2	1915.0	1915.0	1915.15	1915.2887	1917.0	5.414	COMPLETED
311	id-00230	8	8	6	3	1916.0	1916.0	1916.27	1916.6169	1919.0	28.268	COMPLETED
311	id-00231	1	2	1	3	1918.0	1918.0	1918.05	1918.3858	1921.0	0.772	COMPLETED
311	id-00232	4	3	4	3	1919.0	1919.0	1919.36	1919.7264	1922.0	15.451	COMPLETED
311	id-00233	3	3	6	1	1919.0	1919.0	1919.55	1920.0	1920.0	25.483	EXPIRED
311	id-00234	5	4	1	2	1919.0	1919.0	1919.04	1919.2065	1921.0	1.957	COMPLETED
311	id-00235	1	2	5	4	1921.0	1921.0	1921.25	1921.5794	1925.0	3.861	COMPLETED
311	id-00236	2	4	1	1	1923.0	1923.0	1923.05	1924.0	1924.0	1.544	EXPIRED
311	id-00237	7	2	6	5	1925.0	1925.0	1925.26	1925.3883	1930.0	20.754	COMPLETED
311	id-00238	4	3	3	1	1925.0	1925.0	1925.12	1926.0	1926.0	2.888	EXPIRED
311	id-00239	10	14	1	1	1927.0	1927.0	1927.04	1928.0	1928.0	3.915	EXPIRED
311	id-00240	7	5	7	3	1928.0	1928.0	1928.61	1928.9113	1931.0	48.693	COMPLETED
311	id-00241	1	2	10	3	1928.0	1928.0	1928.87	1928.9809	1931.0	13.436	COMPLETED
311	id-00242	6	12	9	4	1931.0	1931.0	1931.41	1931.6597	1935.0	30.261	COMPLETED
311	id-00243	8	12	10	4	1931.0	1931.0	1931.42	1931.7501	1935.0	36.053	COMPLETED
311	id-00244	7	10	3	4	1931.0	1931.0	1931.11	1931.227	1935.0	4.632	COMPLETED
311	id-00245	1	2	10	2	1932.0	1932.0	1932.5	1932.8909	1934.0	7.722	COMPLETED
311	id-00246	7	4	8	4	1934.0	1934.0	1934.36	1934.5332	1938.0	32.131	COMPLETED
311	id-00247	4	5	4	5	1936.0	1936.0	1936.19	1936.349	1941.0	9.946	COMPLETED
311	id-00248	4	2	6	2	1937.0	1937.0	1937.57	1937.9036	1939.0	29.838	COMPLETED
311	id-00249	3	2	3	3	1937.0	1937.0	1937.29	1937.5363	1940.0	13.436	COMPLETED
311	id-00250	2	4	8	1	1939.0	1939.0	1939.4	1940.0	1940.0	12.355	EXPIRED
311	id-00251	3	3	9	1	1939.0	1939.0	1939.43	1940.0	1940.0	15.869	EXPIRED
311	id-00252	4	8	2	5	1940.0	1940.0	1940.1	1940.5188	1945.0	5.235	COMPLETED
311	id-00253	5	9	7	3	1941.0	1941.0	1941.33	1941.5341	1944.0	22.371	COMPLETED
311	id-00254	10	3	5	5	1942.0	1942.0	1942.4	1942.8176	1947.0	42.92	COMPLETED
311	id-00255	3	4	6	5	1942.0	1942.0	1942.48	1942.9053	1947.0	22.239	COMPLETED
311	id-00256	7	5	8	4	1943.0	1943.0	1943.38	1943.5937	1947.0	37.498	COMPLETED
311	id-00257	9	18	7	2	1943.0	1943.0	1943.3	1943.4179	1945.0	33.214	COMPLETED
311	id-00258	10	10	9	3	1943.0	1943.0	1943.36	1943.5716	1946.0	38.628	COMPLETED
311	id-00259	4	7	1	3	1944.0	1944.0	1944.14	1944.342	1947.0	7.329	COMPLETED
311	id-00260	1	2	9	1	1944.0	1944.0	1945.29	1945.0	1945.0	19.923	EXPIRED
311	id-00261	3	5	4	5	1944.0	1944.0	1944.57	1944.7811	1949.0	26.409	COMPLETED
311	id-00262	10	2	1	5	1946.0	1946.0	1946.04	1946.1584	1951.0	4.292	COMPLETED
311	id-00263	7	11	4	3	1948.0	1948.0	1948.19	1948.4513	1951.0	18.749	COMPLETED
311	id-00264	9	4	8	1	1950.0	1950.0	1950.36	1951.0	1951.0	43.25	EXPIRED
311	id-00265	7	5	1	4	1950.0	1950.0	1950.08	1950.2493	1954.0	4.877	COMPLETED
311	id-00266	6	4	7	1	1950.0	1950.0	1950.56	1951.0	1951.0	51.892	EXPIRED
311	id-00267	2	3	8	2	1952.0	1952.0	1952.4	1952.8636	1954.0	12.355	COMPLETED
311	id-00268	9	3	10	2	1953.0	1953.0	1953.45	1953.6404	1955.0	54.063	COMPLETED
311	id-00269	3	6	10	3	1953.0	1953.0	1953.8	1953.9224	1956.0	14.438	COMPLETED
311	id-00270	8	4	7	5	1953.0	1953.0	1953.56	1953.6853	1958.0	58.63	COMPLETED
311	id-00271	10	19	1	2	1955.0	1955.0	1955.04	1955.4404	1957.0	3.538	COMPLETED
311	id-00272	7	8	9	2	1956.0	1956.0	1956.41	1956.8909	1958.0	36.593	COMPLETED
311	id-00273	1	2	8	4	1957.0	1957.0	1957.4	1957.5826	1961.0	6.178	COMPLETED
311	id-00274	9	18	3	3	1959.0	1959.0	1959.13	1959.2352	1962.0	14.393	COMPLETED
311	id-00275	3	3	8	4	1959.0	1959.0	1959.3	1959.7996	1963.0	5.414	COMPLETED
311	id-00276	3	2	4	4	1961.0	1961.0	1961.19	1961.4434	1965.0	7.012	COMPLETED
311	id-00277	7	12	8	5	1964.0	1964.0	1964.38	1964.5122	1969.0	37.498	COMPLETED
311	id-00278	2	4	7	2	1966.0	1966.0	1966.35	1966.4797	1968.0	10.811	COMPLETED
311	id-00279	10	3	3	3	1966.0	1966.0	1966.22	1966.41	1969.0	19.458	COMPLETED
311	id-00280	4	3	3	4	1966.0	1966.0	1966.22	1966.4571	1970.0	13.591	COMPLETED
311	id-00281	7	10	1	2	1968.0	1968.0	1968.05	1968.3475	1970.0	4.934	COMPLETED
311	id-00282	9	14	2	3	1968.0	1968.0	1968.08	1968.2693	1971.0	8.103	COMPLETED
311	id-00283	10	7	5	3	1969.0	1969.0	1969.19	1969.6282	1972.0	16.804	COMPLETED
311	id-00284	8	11	3	5	1970.0	1970.0	1970.15	1970.3546	1975.0	18.533	COMPLETED
311	id-00285	3	6	1	2	1972.0	1972.0	1972.05	1972.1753	1974.0	2.317	COMPLETED
311	id-00286	8	9	7	2	1973.0	1973.0	1973.35	1973.489	1975.0	43.243	COMPLETED
311	id-00287	4	7	10	1	1974.0	1974.0	1975.0	1975.0	1975.0	61.776	EXPIRED
311	id-00288	3	3	10	5	1974.0	1974.0	1975.0	1975.4184	1979.0	46.332	COMPLETED
311	id-00289	6	3	8	4	1976.0	1976.0	1976.4	1976.5187	1980.0	37.066	COMPLETED
311	id-00290	10	17	10	3	1976.0	1976.0	1976.4	1976.6047	1979.0	42.92	COMPLETED
311	id-00291	8	6	9	2	1976.0	1976.0	1976.36	1976.8028	1978.0	27.508	COMPLETED
311	id-00292	1	2	5	3	1978.0	1978.0	1978.5	1978.829	1981.0	7.722	COMPLETED
311	id-00293	1	2	6	5	1978.0	1978.0	1978.6	1979.0024	1983.0	9.266	COMPLETED
311	id-00294	2	2	4	4	1980.0	1980.0	1980.2	1980.3193	1984.0	6.178	COMPLETED
311	id-00295	8	8	7	3	1980.0	1980.0	1980.35	1980.6372	1983.0	43.243	COMPLETED
311	id-00296	8	13	1	3	1981.0	1981.0	1981.05	1981.4231	1984.0	6.178	COMPLETED
311	id-00297	6	2	3	1	1984.0	1984.0	1984.15	1985.0	1985.0	13.9	EXPIRED
311	id-00298	2	3	1	4	1986.0	1986.0	1986.05	1986.1889	1990.0	1.544	COMPLETED
311	id-00299	5	7	3	3	1986.0	1986.0	1986.15	1986.3287	1989.0	11.583	COMPLETED
311	id-00300	2	2	6	3	1987.0	1987.0	1987.3	1987.724	1990.0	9.266	COMPLETED
311	id-00301	8	6	5	4	1987.0	1987.0	1987.25	1987.3897	1991.0	30.888	COMPLETED
311	id-00302	5	8	4	3	1988.0	1988.0	1988.2	1988.3409	1991.0	15.444	COMPLETED
311	id-00303	2	3	4	4	1991.0	1991.0	1991.19	1991.3705	1995.0	4.077	COMPLETED
311	id-00304	10	9	8	5	1992.0	1992.0	1992.35	1992.4585	1997.0	44.155	COMPLETED
311	id-00305	7	10	10	2	1993.0	1993.0	1993.5	1993.9425	1995.0	54.054	COMPLETED
311	id-00306	6	11	5	3	1993.0	1993.0	1993.21	1993.369	1996.0	11.54	COMPLETED
311	id-00307	6	11	9	5	1995.0	1995.0	1995.45	1995.8387	2000.0	41.699	COMPLETED
311	id-00308	6	2	2	3	1997.0	1997.0	1997.1	1997.4101	2000.0	9.266	COMPLETED
311	id-00309	9	10	4	2	1998.0	1998.0	1998.17	1998.6565	2000.0	17.218	COMPLETED
311	id-00310	2	2	7	4	1998.0	1998.0	1998.28	1998.6185	2002.0	3.369	COMPLETED
