8.106231689453125e-05
4.267692565917969e-05
4.9114227294921875e-05
3.719329833984375e-05
4.38690185546875e-05
9.72747802734375e-05
5.698204040527344e-05
5.1975250244140625e-05
4.506111145019531e-05
4.649162292480469e-05
5.817413330078125e-05
3.9577484130859375e-05
3.62396240234375e-05
3.528594970703125e-05
2.956390380859375e-05
5.984306335449219e-05
4.2438507080078125e-05
5.698204040527344e-05
4.100799560546875e-05
3.8623809814453125e-05
4.291534423828125e-05
3.647804260253906e-05
7.462501525878906e-05
5.435943603515625e-05
4.76837158203125e-05
6.103515625e-05
5.0067901611328125e-05
4.4345855712890625e-05
8.344650268554688e-05
4.9591064453125e-05
5.125999450683594e-05
8.654594421386719e-05
6.985664367675781e-05
4.363059997558594e-05
4.00543212890625e-05
4.649162292480469e-05
4.482269287109375e-05
3.910064697265625e-05
5.7697296142578125e-05
3.361701965332031e-05
3.7670135498046875e-05
4.696846008300781e-05
4.00543212890625e-05
5.91278076171875e-05
4.172325134277344e-05
4.482269287109375e-05
4.9591064453125e-05
4.506111145019531e-05
3.886222839355469e-05
3.7670135498046875e-05
4.649162292480469e-05
4.506111145019531e-05
4.696846008300781e-05
4.76837158203125e-05
6.818771362304688e-05
5.793571472167969e-05
6.008148193359375e-05
5.793571472167969e-05
5.125999450683594e-05
5.078315734863281e-05
6.198883056640625e-05
4.5299530029296875e-05
2.8371810913085938e-05
5.435943603515625e-05
3.24249267578125e-05
3.790855407714844e-05
2.9802322387695312e-05
2.8371810913085938e-05
2.47955322265625e-05
2.7179718017578125e-05
5.221366882324219e-05
3.337860107421875e-05
3.4332275390625e-05
3.981590270996094e-05
4.1961669921875e-05
5.1021575927734375e-05
2.8133392333984375e-05
4.553794860839844e-05
4.4345855712890625e-05
4.7206878662109375e-05
4.1484832763671875e-05
3.6716461181640625e-05
4.9591064453125e-05
3.719329833984375e-05
3.075599670410156e-05
4.601478576660156e-05
3.62396240234375e-05
4.935264587402344e-05
3.075599670410156e-05
4.8160552978515625e-05
4.076957702636719e-05
4.100799560546875e-05
2.8848648071289062e-05
3.1948089599609375e-05
3.4332275390625e-05
5.054473876953125e-05
5.936622619628906e-05
3.266334533691406e-05
3.1948089599609375e-05
3.0994415283203125e-05
5.555152893066406e-05
3.147125244140625e-05
6.604194641113281e-05
4.8160552978515625e-05
3.981590270996094e-05
3.62396240234375e-05
3.170967102050781e-05
3.0040740966796875e-05
5.1975250244140625e-05
3.552436828613281e-05
4.1484832763671875e-05
3.695487976074219e-05
5.269050598144531e-05
5.221366882324219e-05
5.7220458984375e-05
4.7206878662109375e-05
6.389617919921875e-05
3.409385681152344e-05
3.910064697265625e-05
3.8623809814453125e-05
4.4345855712890625e-05
5.1975250244140625e-05
4.482269287109375e-05
4.5299530029296875e-05
3.5762786865234375e-05
4.673004150390625e-05
2.86102294921875e-05
4.8160552978515625e-05
3.933906555175781e-05
2.7418136596679688e-05
4.4345855712890625e-05
2.8371810913085938e-05
3.457069396972656e-05
4.839897155761719e-05
4.839897155761719e-05
4.4345855712890625e-05
5.221366882324219e-05
5.316734313964844e-05
7.319450378417969e-05
5.841255187988281e-05
7.557868957519531e-05
5.0067901611328125e-05
3.6716461181640625e-05
5.245208740234375e-05
4.482269287109375e-05
5.173683166503906e-05
5.125999450683594e-05
5.364418029785156e-05
4.291534423828125e-05
6.389617919921875e-05
3.981590270996094e-05
5.1021575927734375e-05
4.863739013671875e-05
6.628036499023438e-05
3.9577484130859375e-05
4.410743713378906e-05
3.457069396972656e-05
3.337860107421875e-05
4.553794860839844e-05
4.100799560546875e-05
3.4332275390625e-05
3.910064697265625e-05
6.103515625e-05
4.553794860839844e-05
5.841255187988281e-05
4.673004150390625e-05
5.6743621826171875e-05
4.649162292480469e-05
9.918212890625e-05
6.556510925292969e-05
5.793571472167969e-05
5.245208740234375e-05
7.486343383789062e-05
5.5789947509765625e-05
4.76837158203125e-05
7.343292236328125e-05
4.792213439941406e-05
6.985664367675781e-05
5.555152893066406e-05
4.506111145019531e-05
5.91278076171875e-05
3.981590270996094e-05
6.723403930664062e-05
5.4836273193359375e-05
5.698204040527344e-05
3.0279159545898438e-05
3.3855438232421875e-05
2.574920654296875e-05
5.3882598876953125e-05
3.6716461181640625e-05
3.933906555175781e-05
5.888938903808594e-05
