302	id-00000	6	12	3	4	1700.0	1700.0	1700.14	1700.6178	1704.0	10.333	COMPLETED
302	id-00001	5	4	10	4	1700.0	1700.0	1700.42	1700.908	1704.0	16.593	COMPLETED
302	id-00002	7	4	1	5	1701.0	1701.0	1701.05	1701.2152	1706.0	4.463	COMPLETED
302	id-00003	4	3	4	2	1704.0	1704.0	1704.18	1704.6612	1706.0	7.726	COMPLETED
302	id-00004	10	19	3	2	1705.0	1705.0	1705.15	1705.4098	1707.0	23.166	COMPLETED
302	id-00005	7	9	1	2	1705.0	1705.0	1705.1	1705.3763	1707.0	9.868	COMPLETED
302	id-00006	9	2	5	2	1705.0	1705.0	1705.48	1705.9059	1707.0	66.718	COMPLETED
302	id-00007	5	6	3	3	1705.0	1705.0	1705.3	1705.4378	1708.0	23.166	COMPLETED
302	id-00008	4	4	3	1	1705.0	1705.0	1705.3	1706.0	1706.0	18.533	EXPIRED
302	id-00009	9	6	5	3	1705.0	1705.0	1705.23	1705.5793	1708.0	27.632	COMPLETED
302	id-00010	3	4	9	3	1706.0	1706.0	1706.41	1706.5683	1709.0	11.265	COMPLETED
302	id-00011	8	3	7	4	1710.0	1710.0	1710.32	1710.6408	1714.0	33.503	COMPLETED
302	id-00012	9	9	3	2	1713.0	1713.0	1713.13	1713.3486	1715.0	14.393	COMPLETED
302	id-00013	1	2	1	3	1713.0	1713.0	1713.05	1713.5086	1716.0	0.301	COMPLETED
302	id-00014	5	5	10	4	1715.0	1715.0	1715.45	1715.7683	1719.0	26.264	COMPLETED
302	id-00015	4	5	2	4	1716.0	1716.0	1716.09	1716.3546	1720.0	3.863	COMPLETED
302	id-00016	9	16	2	3	1718.0	1718.0	1718.09	1718.5313	1721.0	10.813	COMPLETED
302	id-00017	1	2	9	4	1718.0	1718.0	1718.39	1718.7889	1722.0	2.346	COMPLETED
302	id-00018	10	17	1	1	1722.0	1722.0	1722.05	1723.0	1723.0	6.779	EXPIRED
302	id-00019	9	15	4	5	1723.0	1723.0	1723.17	1723.3348	1728.0	18.821	COMPLETED
302	id-00020	9	3	3	4	1724.0	1724.0	1724.13	1724.235	1728.0	14.393	COMPLETED
302	id-00021	4	3	2	3	1725.0	1725.0	1725.1	1725.5782	1728.0	5.235	COMPLETED
302	id-00022	6	7	9	3	1725.0	1725.0	1725.38	1725.6921	1728.0	20.882	COMPLETED
302	id-00023	1	2	10	3	1727.0	1727.0	1727.5	1727.8529	1730.0	7.722	COMPLETED
302	id-00024	3	2	7	5	1729.0	1729.0	1729.33	1729.8112	1734.0	12.178	COMPLETED
302	id-00025	8	14	5	5	1730.0	1730.0	1730.24	1730.611	1735.0	27.39	COMPLETED
302	id-00026	7	14	9	5	1733.0	1733.0	1733.43	1733.7463	1738.0	42.432	COMPLETED
302	id-00027	6	8	1	1	1736.0	1736.0	1736.05	1737.0	1737.0	4.162	EXPIRED
302	id-00028	5	10	6	4	1736.0	1736.0	1736.26	1736.5208	1740.0	12.723	COMPLETED
302	id-00029	7	9	6	3	1737.0	1737.0	1737.29	1737.6159	1740.0	28.617	COMPLETED
302	id-00030	1	2	6	3	1738.0	1738.0	1738.29	1738.6241	1741.0	1.745	COMPLETED
302	id-00031	10	19	4	4	1738.0	1738.0	1738.35	1738.455	1742.0	44.155	COMPLETED
302	id-00032	1	2	10	2	1738.0	1738.0	1738.87	1739.2641	1740.0	13.436	COMPLETED
302	id-00033	7	7	9	2	1739.0	1739.0	1739.43	1739.6051	1741.0	42.432	COMPLETED
302	id-00034	6	10	3	3	1739.0	1739.0	1739.13	1739.2304	1742.0	8.369	COMPLETED
302	id-00035	6	3	6	3	1740.0	1740.0	1740.29	1740.6222	1743.0	24.138	COMPLETED
302	id-00036	10	12	8	4	1741.0	1741.0	1741.35	1741.7061	1745.0	44.155	COMPLETED
302	id-00037	7	6	3	1	1742.0	1742.0	1742.14	1743.0	1743.0	13.815	EXPIRED
302	id-00038	9	17	5	2	1742.0	1742.0	1742.2	1742.4601	1744.0	18.371	COMPLETED
302	id-00039	5	2	8	4	1742.0	1742.0	1742.7	1743.0496	1746.0	34.255	COMPLETED
302	id-00040	3	4	3	3	1742.0	1742.0	1742.26	1742.6192	1745.0	12.046	COMPLETED
302	id-00041	6	10	2	4	1743.0	1743.0	1743.1	1743.2387	1747.0	8.324	COMPLETED
302	id-00042	10	19	8	1	1743.0	1743.0	1743.7	1744.0	1744.0	88.309	EXPIRED
302	id-00043	2	4	2	5	1743.0	1743.0	1743.17	1743.3904	1748.0	5.251	COMPLETED
302	id-00044	9	10	5	3	1744.0	1744.0	1744.2	1744.5084	1747.0	18.371	COMPLETED
302	id-00045	3	3	3	5	1745.0	1745.0	1745.14	1745.4211	1750.0	5.167	COMPLETED
302	id-00046	4	3	1	5	1746.0	1746.0	1746.05	1746.371	1751.0	2.617	COMPLETED
302	id-00047	4	4	9	1	1747.0	1747.0	1747.43	1748.0	1748.0	22.51	EXPIRED
302	id-00048	7	12	3	5	1749.0	1749.0	1749.14	1749.4101	1754.0	13.815	COMPLETED
302	id-00049	10	16	9	3	1751.0	1751.0	1751.41	1751.9044	1754.0	55.589	COMPLETED
302	id-00050	10	9	9	5	1754.0	1754.0	1754.41	1754.9052	1759.0	55.589	COMPLETED
302	id-00051	4	6	8	1	1756.0	1756.0	1756.38	1757.0	1757.0	19.892	EXPIRED
302	id-00052	8	2	3	4	1759.0	1759.0	1759.14	1759.5188	1763.0	15.977	COMPLETED
302	id-00053	10	20	8	1	1760.0	1760.0	1760.36	1761.0	1761.0	48.81	EXPIRED
302	id-00054	10	7	1	3	1760.0	1760.0	1760.08	1760.2404	1763.0	9.338	COMPLETED
302	id-00055	3	5	3	5	1760.0	1760.0	1760.25	1760.3766	1765.0	11.583	COMPLETED
302	id-00056	5	5	3	2	1762.0	1762.0	1762.27	1762.4955	1764.0	15.758	COMPLETED
302	id-00057	3	3	5	5	1762.0	1762.0	1762.45	1762.9222	1767.0	20.849	COMPLETED
302	id-00058	9	10	6	4	1767.0	1767.0	1767.26	1767.5759	1771.0	28.785	COMPLETED
302	id-00059	10	3	5	3	1768.0	1768.0	1768.43	1768.6734	1771.0	54.247	COMPLETED
302	id-00060	3	5	3	4	1768.0	1768.0	1768.26	1768.6278	1772.0	12.046	COMPLETED
302	id-00061	7	2	10	4	1769.0	1769.0	1769.43	1769.9048	1773.0	34.324	COMPLETED
302	id-00062	4	5	3	5	1770.0	1770.0	1770.27	1770.6007	1775.0	11.588	COMPLETED
302	id-00063	3	3	5	3	1770.0	1770.0	1770.45	1770.672	1773.0	20.849	COMPLETED
302	id-00064	9	9	1	3	1772.0	1772.0	1772.04	1772.3241	1775.0	4.051	COMPLETED
302	id-00065	9	11	4	4	1774.0	1774.0	1774.17	1774.617	1778.0	17.218	COMPLETED
302	id-00066	4	4	1	5	1774.0	1774.0	1774.09	1774.2516	1779.0	3.014	COMPLETED
302	id-00067	8	3	1	3	1774.0	1774.0	1774.09	1774.3082	1777.0	11.12	COMPLETED
302	id-00068	10	6	6	2	1775.0	1775.0	1775.25	1775.6642	1777.0	29.182	COMPLETED
302	id-00069	10	8	10	4	1777.0	1777.0	1777.42	1777.6685	1781.0	49.026	COMPLETED
302	id-00070	10	4	5	1	1778.0	1778.0	1778.21	1779.0	1779.0	24.513	EXPIRED
302	id-00071	4	8	4	2	1779.0	1779.0	1779.19	1779.6455	1781.0	9.946	COMPLETED
302	id-00072	6	12	7	3	1779.0	1779.0	1779.28	1779.669	1782.0	12.747	COMPLETED
302	id-00073	2	4	7	4	1780.0	1780.0	1780.35	1780.7765	1784.0	10.811	COMPLETED
302	id-00074	10	20	8	3	1781.0	1781.0	1781.35	1781.8351	1784.0	44.155	COMPLETED
302	id-00075	9	14	4	3	1781.0	1781.0	1781.17	1781.5812	1784.0	17.218	COMPLETED
302	id-00076	7	13	10	2	1782.0	1782.0	1782.48	1782.7896	1784.0	47.366	COMPLETED
302	id-00077	8	14	7	5	1783.0	1783.0	1783.33	1783.6081	1788.0	37.661	COMPLETED
302	id-00078	8	9	9	1	1783.0	1783.0	1783.35	1784.0	1784.0	23.444	EXPIRED
302	id-00079	6	3	9	5	1784.0	1784.0	1784.43	1784.8142	1789.0	35.791	COMPLETED
302	id-00080	7	13	6	1	1784.0	1784.0	1784.23	1785.0	1785.0	11.854	EXPIRED
302	id-00081	6	2	1	4	1786.0	1786.0	1786.05	1786.4491	1790.0	4.633	COMPLETED
302	id-00082	8	9	2	2	1787.0	1787.0	1787.1	1787.5358	1789.0	12.355	COMPLETED
302	id-00083	9	10	4	4	1788.0	1788.0	1788.17	1788.3481	1792.0	17.218	COMPLETED
302	id-00084	4	7	6	2	1792.0	1792.0	1792.3	1792.7049	1794.0	18.533	COMPLETED
302	id-00085	10	5	1	1	1794.0	1794.0	1794.04	1795.0	1795.0	4.292	EXPIRED
302	id-00086	6	7	3	5	1798.0	1798.0	1798.15	1798.5039	1803.0	13.9	COMPLETED
302	id-00087	8	8	8	2	1800.0	1800.0	1800.4	1800.8943	1802.0	49.421	COMPLETED
302	id-00088	4	8	9	2	1802.0	1802.0	1802.45	1802.6243	1804.0	27.799	COMPLETED
302	id-00089	10	14	10	5	1803.0	1803.0	1803.4	1803.8389	1808.0	42.92	COMPLETED
302	id-00090	2	4	5	5	1806.0	1806.0	1806.25	1806.3625	1811.0	7.722	COMPLETED
302	id-00091	1	2	1	4	1807.0	1807.0	1807.1	1807.3316	1811.0	1.544	COMPLETED
302	id-00092	1	2	8	3	1807.0	1807.0	1807.8	1808.1694	1810.0	12.355	COMPLETED
302	id-00093	3	6	6	1	1807.0	1807.0	1807.57	1808.0	1808.0	21.035	EXPIRED
302	id-00094	1	2	2	3	1807.0	1807.0	1807.19	1807.5637	1810.0	2.934	COMPLETED
302	id-00095	6	9	5	1	1808.0	1808.0	1808.24	1809.0	1809.0	19.977	EXPIRED
302	id-00096	6	10	6	2	1811.0	1811.0	1811.29	1811.6791	1813.0	24.138	COMPLETED
302	id-00097	9	6	1	4	1811.0	1811.0	1811.03	1811.4931	1815.0	1.624	COMPLETED
302	id-00098	6	2	6	1	1812.0	1812.0	1812.29	1813.0	1813.0	24.138	EXPIRED
302	id-00099	8	8	5	4	1812.0	1812.0	1812.16	1812.5015	1816.0	7.7	COMPLETED
302	id-00100	5	7	10	4	1816.0	1816.0	1816.48	1816.6541	1820.0	32.54	COMPLETED
302	id-00101	10	19	9	1	1817.0	1817.0	1817.36	1818.0	1818.0	38.628	EXPIRED
302	id-00102	4	3	10	3	1818.0	1818.0	1818.48	1818.8848	1821.0	25.127	COMPLETED
302	id-00103	1	2	2	1	1819.0	1819.0	1819.1	1820.0	1820.0	1.544	EXPIRED
302	id-00104	7	4	1	3	1819.0	1819.0	1819.05	1819.3054	1822.0	4.934	COMPLETED
302	id-00105	4	5	7	2	1820.0	1820.0	1820.35	1820.5119	1822.0	21.622	COMPLETED
302	id-00106	3	3	4	1	1821.0	1821.0	1821.2	1822.0	1822.0	9.266	EXPIRED
302	id-00107	10	10	3	5	1822.0	1822.0	1822.11	1822.2524	1827.0	9.729	COMPLETED
302	id-00108	8	14	8	4	1822.0	1822.0	1822.64	1822.767	1826.0	48.904	COMPLETED
302	id-00109	8	4	4	5	1822.0	1822.0	1822.32	1822.5968	1827.0	39.537	COMPLETED
302	id-00110	1	2	3	4	1823.0	1823.0	1823.3	1823.4886	1827.0	4.633	COMPLETED
302	id-00111	1	2	2	4	1823.0	1823.0	1823.2	1823.4146	1827.0	3.089	COMPLETED
302	id-00112	7	13	5	2	1823.0	1823.0	1823.25	1823.4948	1825.0	27.027	COMPLETED
302	id-00113	8	13	7	1	1825.0	1825.0	1825.35	1826.0	1826.0	43.243	EXPIRED
302	id-00114	7	10	6	1	1826.0	1826.0	1826.3	1827.0	1827.0	32.432	EXPIRED
302	id-00115	2	2	8	3	1827.0	1827.0	1827.4	1827.7012	1830.0	12.355	COMPLETED
302	id-00116	2	4	3	2	1827.0	1827.0	1827.45	1827.9257	1829.0	13.9	COMPLETED
302	id-00117	4	7	10	4	1827.0	1827.0	1828.5	1828.9613	1831.0	92.664	COMPLETED
302	id-00118	2	4	3	5	1827.0	1827.0	1827.45	1827.7165	1832.0	13.9	COMPLETED
302	id-00119	7	4	8	2	1828.0	1828.0	1828.5	1828.8609	1830.0	54.054	COMPLETED
302	id-00120	4	7	5	4	1828.0	1828.0	1828.19	1828.6105	1832.0	4.572	COMPLETED
302	id-00121	8	7	1	3	1828.0	1828.0	1828.04	1828.3256	1831.0	2.679	COMPLETED
302	id-00122	1	2	3	2	1829.0	1829.0	1829.15	1829.5049	1831.0	2.317	COMPLETED
302	id-00123	3	6	10	5	1831.0	1831.0	1831.5	1831.6577	1836.0	23.166	COMPLETED
302	id-00124	10	11	5	5	1831.0	1831.0	1831.19	1831.6386	1836.0	16.804	COMPLETED
302	id-00125	5	7	6	3	1832.0	1832.0	1832.3	1832.5721	1835.0	23.166	COMPLETED
302	id-00126	4	4	8	4	1832.0	1832.0	1832.33	1832.7873	1836.0	7.941	COMPLETED
302	id-00127	6	2	4	4	1832.0	1832.0	1832.15	1832.516	1836.0	5.414	COMPLETED
302	id-00128	9	4	8	4	1836.0	1836.0	1836.33	1836.7984	1840.0	33.424	COMPLETED
302	id-00129	1	2	2	1	1836.0	1836.0	1836.07	1837.0	1837.0	0.421	EXPIRED
302	id-00130	9	9	4	5	1837.0	1837.0	1837.17	1837.3384	1842.0	17.218	COMPLETED
302	id-00131	4	7	4	5	1837.0	1837.0	1837.15	1837.5676	1842.0	3.61	COMPLETED
302	id-00132	6	4	3	3	1838.0	1838.0	1838.3	1838.4439	1841.0	27.799	COMPLETED
302	id-00133	1	2	7	5	1838.0	1838.0	1838.7	1838.9335	1843.0	10.811	COMPLETED
302	id-00134	5	4	10	5	1838.0	1838.0	1838.42	1838.6761	1843.0	16.593	COMPLETED
302	id-00135	8	2	6	2	1839.0	1839.0	1839.3	1839.6305	1841.0	37.066	COMPLETED
302	id-00136	4	8	10	4	1839.0	1839.0	1839.42	1839.6895	1843.0	10.107	COMPLETED
302	id-00137	2	4	9	5	1840.0	1840.0	1840.45	1840.6322	1845.0	13.9	COMPLETED
302	id-00138	1	2	7	3	1841.0	1841.0	1841.35	1841.7285	1844.0	5.405	COMPLETED
302	id-00139	5	2	7	5	1841.0	1841.0	1841.33	1841.6122	1846.0	22.371	COMPLETED
302	id-00140	9	7	6	5	1842.0	1842.0	1842.24	1842.5252	1847.0	22.045	COMPLETED
302	id-00141	1	2	7	3	1842.0	1842.0	1842.26	1842.4656	1845.0	1.564	COMPLETED
302	id-00142	2	3	3	3	1843.0	1843.0	1843.15	1843.639	1846.0	4.633	COMPLETED
302	id-00143	2	3	8	1	1844.0	1844.0	1844.4	1845.0	1845.0	12.355	EXPIRED
302	id-00144	5	6	5	5	1844.0	1844.0	1844.48	1844.9405	1849.0	32.54	COMPLETED
302	id-00145	3	2	7	1	1844.0	1844.0	1844.67	1845.0	1845.0	31.042	EXPIRED
302	id-00146	1	2	5	1	1845.0	1845.0	1845.25	1846.0	1846.0	3.861	EXPIRED
302	id-00147	2	3	6	2	1845.0	1845.0	1845.3	1845.6912	1847.0	9.266	COMPLETED
302	id-00148	2	2	8	1	1846.0	1846.0	1846.4	1847.0	1847.0	12.355	EXPIRED
302	id-00149	5	7	6	5	1847.0	1847.0	1847.3	1847.65	1852.0	23.166	COMPLETED
302	id-00150	1	2	2	3	1848.0	1848.0	1848.1	1848.2956	1851.0	1.544	COMPLETED
302	id-00151	10	13	7	3	1849.0	1849.0	1849.26	1849.4623	1852.0	22.995	COMPLETED
302	id-00152	1	2	5	4	1850.0	1850.0	1850.25	1850.6087	1854.0	3.861	COMPLETED
302	id-00153	3	5	4	4	1851.0	1851.0	1851.2	1851.3997	1855.0	9.266	COMPLETED
302	id-00154	6	6	6	5	1852.0	1852.0	1852.3	1852.4721	1857.0	27.799	COMPLETED
302	id-00155	10	9	10	5	1852.0	1852.0	1852.4	1852.7752	1857.0	42.92	COMPLETED
302	id-00156	5	7	4	1	1854.0	1854.0	1854.2	1855.0	1855.0	15.444	EXPIRED
302	id-00157	5	9	3	5	1855.0	1855.0	1855.15	1855.6204	1860.0	11.583	COMPLETED
302	id-00158	8	5	8	5	1860.0	1860.0	1860.4	1860.5526	1865.0	49.421	COMPLETED
302	id-00159	5	6	8	5	1860.0	1860.0	1860.33	1860.4456	1865.0	13.038	COMPLETED
302	id-00160	1	2	4	1	1862.0	1862.0	1862.2	1863.0	1863.0	3.089	EXPIRED
302	id-00161	10	11	6	5	1863.0	1863.0	1863.24	1863.4526	1868.0	25.752	COMPLETED
302	id-00162	10	11	6	5	1864.0	1864.0	1864.24	1864.4468	1869.0	25.752	COMPLETED
302	id-00163	5	10	8	3	1865.0	1865.0	1865.4	1865.537	1868.0	30.888	COMPLETED
302	id-00164	5	2	4	2	1866.0	1866.0	1866.4	1866.7442	1868.0	30.888	COMPLETED
302	id-00165	3	3	2	1	1866.0	1866.0	1866.2	1867.0	1867.0	9.266	EXPIRED
302	id-00166	6	6	5	1	1867.0	1867.0	1867.25	1868.0	1868.0	23.166	EXPIRED
302	id-00167	5	2	3	1	1868.0	1868.0	1868.15	1869.0	1869.0	11.583	EXPIRED
302	id-00168	9	4	10	4	1869.0	1869.0	1869.43	1869.8666	1873.0	47.606	COMPLETED
302	id-00169	9	11	7	2	1869.0	1869.0	1869.28	1869.6579	1871.0	25.72	COMPLETED
302	id-00170	4	8	5	2	1870.0	1870.0	1870.23	1870.638	1872.0	9.872	COMPLETED
302	id-00171	4	2	1	4	1871.0	1871.0	1871.05	1871.2285	1875.0	2.146	COMPLETED
302	id-00172	5	8	1	2	1873.0	1873.0	1873.05	1873.1594	1875.0	2.918	COMPLETED
302	id-00173	4	3	4	4	1874.0	1874.0	1874.18	1874.4655	1878.0	7.726	COMPLETED
302	id-00174	9	2	10	3	1877.0	1877.0	1877.4	1877.6954	1880.0	36.742	COMPLETED
302	id-00175	1	2	6	4	1877.0	1877.0	1877.25	1877.6516	1881.0	1.504	COMPLETED
302	id-00176	1	2	2	1	1878.0	1878.0	1878.1	1879.0	1879.0	1.544	EXPIRED
302	id-00177	4	8	5	2	1879.0	1879.0	1879.23	1879.3813	1881.0	9.872	COMPLETED
302	id-00178	5	9	4	3	1881.0	1881.0	1881.18	1881.3811	1884.0	10.506	COMPLETED
302	id-00179	6	9	2	2	1881.0	1881.0	1881.07	1881.349	1883.0	2.527	COMPLETED
302	id-00180	9	5	6	2	1886.0	1886.0	1886.23	1886.606	1888.0	18.958	COMPLETED
302	id-00181	8	7	9	4	1888.0	1888.0	1888.38	1888.8704	1892.0	32.619	COMPLETED
302	id-00182	6	7	1	2	1890.0	1890.0	1890.04	1890.4005	1892.0	2.198	COMPLETED
302	id-00183	7	8	8	5	1891.0	1891.0	1891.33	1891.6917	1896.0	23.231	COMPLETED
302	id-00184	10	6	2	4	1891.0	1891.0	1891.08	1891.4805	1895.0	9.338	COMPLETED
302	id-00185	9	8	8	4	1891.0	1891.0	1891.36	1891.595	1895.0	43.25	COMPLETED
302	id-00186	7	2	5	3	1893.0	1893.0	1893.21	1893.4417	1896.0	14.783	COMPLETED
302	id-00187	9	2	6	1	1894.0	1894.0	1894.23	1895.0	1895.0	18.958	EXPIRED
302	id-00188	4	8	9	5	1898.0	1898.0	1898.38	1898.6255	1903.0	9.144	COMPLETED
302	id-00189	3	4	9	1	1899.0	1899.0	1899.38	1900.0	1900.0	6.858	EXPIRED
302	id-00190	2	4	5	1	1900.0	1900.0	1900.25	1901.0	1901.0	7.722	EXPIRED
302	id-00191	6	12	3	2	1902.0	1902.0	1902.12	1902.4411	1904.0	6.594	COMPLETED
302	id-00192	10	16	5	5	1902.0	1902.0	1902.19	1902.3013	1907.0	18.596	COMPLETED
302	id-00193	6	6	2	2	1903.0	1903.0	1903.08	1903.4111	1905.0	4.396	COMPLETED
302	id-00194	3	2	3	5	1904.0	1904.0	1904.12	1904.2299	1909.0	2.166	COMPLETED
302	id-00195	6	3	4	2	1906.0	1906.0	1906.17	1906.287	1908.0	10.945	COMPLETED
302	id-00196	1	2	10	5	1907.0	1907.0	1907.5	1907.7951	1912.0	7.722	COMPLETED
302	id-00197	7	14	2	3	1907.0	1907.0	1907.09	1907.3754	1910.0	7.184	COMPLETED
302	id-00198	9	10	6	3	1908.0	1908.0	1908.23	1908.3876	1911.0	18.958	COMPLETED
302	id-00199	10	15	9	3	1909.0	1909.0	1909.33	1909.6083	1912.0	29.187	COMPLETED
302	id-00200	9	12	6	3	1910.0	1910.0	1910.24	1910.4041	1913.0	22.045	COMPLETED
302	id-00201	7	8	10	1	1911.0	1911.0	1911.43	1912.0	1912.0	34.324	EXPIRED
302	id-00202	3	5	9	2	1915.0	1915.0	1915.82	1916.1441	1917.0	22.53	COMPLETED
302	id-00203	2	4	9	1	1915.0	1915.0	1915.82	1916.0	1916.0	25.328	EXPIRED
302	id-00204	2	3	7	3	1917.0	1917.0	1917.35	1917.7332	1920.0	10.811	COMPLETED
302	id-00205	7	8	7	1	1918.0	1918.0	1918.32	1919.0	1919.0	28.561	EXPIRED
302	id-00206	4	6	9	4	1918.0	1918.0	1918.78	1919.1765	1922.0	26.124	COMPLETED
302	id-00207	4	6	10	5	1918.0	1918.0	1918.87	1919.0674	1923.0	53.745	COMPLETED
302	id-00208	6	4	3	3	1919.0	1919.0	1919.14	1919.4986	1922.0	10.333	COMPLETED
302	id-00209	2	2	10	3	1923.0	1923.0	1923.5	1923.7227	1926.0	15.444	COMPLETED
302	id-00210	9	16	3	2	1924.0	1924.0	1924.12	1924.596	1926.0	12.154	COMPLETED
302	id-00211	8	14	6	2	1926.0	1926.0	1926.26	1926.4799	1928.0	24.77	COMPLETED
302	id-00212	10	11	2	2	1926.0	1926.0	1926.15	1926.3156	1928.0	14.681	COMPLETED
302	id-00213	5	2	10	2	1926.0	1926.0	1926.77	1927.2054	1928.0	59.459	COMPLETED
302	id-00214	8	5	2	3	1927.0	1927.0	1927.09	1927.2539	1930.0	8.574	COMPLETED
302	id-00215	9	4	6	1	1928.0	1928.0	1928.25	1929.0	1929.0	25.321	EXPIRED
302	id-00216	4	6	6	1	1928.0	1928.0	1928.46	1929.0	1929.0	11.069	EXPIRED
302	id-00217	1	2	3	1	1928.0	1928.0	1928.23	1929.0	1929.0	1.384	EXPIRED
302	id-00218	4	3	5	2	1929.0	1929.0	1929.22	1929.452	1931.0	7.368	COMPLETED
302	id-00219	6	12	5	5	1930.0	1930.0	1930.45	1930.7293	1935.0	33.214	COMPLETED
302	id-00220	2	3	4	2	1930.0	1930.0	1930.36	1930.7405	1932.0	11.12	COMPLETED
302	id-00221	10	14	8	3	1932.0	1932.0	1932.29	1932.5217	1935.0	22.915	COMPLETED
302	id-00222	9	12	10	5	1933.0	1933.0	1933.42	1933.9137	1938.0	42.539	COMPLETED
302	id-00223	10	11	10	5	1935.0	1935.0	1935.77	1936.2598	1940.0	75.361	COMPLETED
302	id-00224	2	2	10	5	1935.0	1935.0	1935.77	1935.8941	1940.0	23.784	COMPLETED
302	id-00225	2	2	5	3	1936.0	1936.0	1936.25	1936.3596	1939.0	7.722	COMPLETED
302	id-00226	3	5	8	4	1936.0	1936.0	1936.38	1936.498	1940.0	14.024	COMPLETED
302	id-00227	7	7	5	5	1936.0	1936.0	1936.23	1936.6022	1941.0	20.528	COMPLETED
302	id-00228	8	3	8	2	1937.0	1937.0	1937.38	1937.6804	1939.0	43.367	COMPLETED
302	id-00229	6	3	4	1	1937.0	1937.0	1937.18	1938.0	1938.0	13.285	EXPIRED
302	id-00230	8	12	3	3	1937.0	1937.0	1937.12	1937.3937	1940.0	8.038	COMPLETED
302	id-00231	10	4	7	2	1937.0	1937.0	1937.26	1937.7187	1939.0	22.995	COMPLETED
302	id-00232	8	16	6	5	1938.0	1938.0	1938.29	1938.6883	1943.0	33.096	COMPLETED
302	id-00233	3	6	2	4	1938.0	1938.0	1938.18	1938.4511	1942.0	4.946	COMPLETED
302	id-00234	3	5	6	3	1938.0	1938.0	1938.55	1938.7751	1941.0	25.483	COMPLETED
302	id-00235	10	20	2	2	1939.0	1939.0	1939.08	1939.4395	1941.0	7.83	COMPLETED
302	id-00236	5	3	4	3	1940.0	1940.0	1940.19	1940.4992	1943.0	12.88	COMPLETED
302	id-00237	5	6	4	3	1941.0	1941.0	1941.38	1941.5201	1944.0	25.761	COMPLETED
302	id-00238	3	3	1	4	1941.0	1941.0	1941.1	1941.5224	1945.0	4.633	COMPLETED
302	id-00239	6	11	9	4	1942.0	1942.0	1942.43	1942.8851	1946.0	35.791	COMPLETED
302	id-00240	9	10	10	3	1942.0	1942.0	1942.43	1942.7174	1945.0	47.606	COMPLETED
302	id-00241	8	5	2	3	1943.0	1943.0	1943.1	1943.4973	1946.0	11.412	COMPLETED
302	id-00242	2	4	8	5	1944.0	1944.0	1944.4	1944.7468	1949.0	12.355	COMPLETED
302	id-00243	9	13	4	4	1944.0	1944.0	1944.17	1944.3494	1948.0	18.821	COMPLETED
302	id-00244	10	17	5	1	1946.0	1946.0	1946.2	1947.0	1947.0	21.46	EXPIRED
302	id-00245	2	4	6	4	1947.0	1947.0	1947.3	1947.7026	1951.0	9.266	COMPLETED
302	id-00246	7	6	7	1	1947.0	1947.0	1947.33	1948.0	1948.0	32.564	EXPIRED
302	id-00247	10	10	10	4	1950.0	1950.0	1950.4	1950.5369	1954.0	42.92	COMPLETED
302	id-00248	9	13	6	5	1954.0	1954.0	1954.27	1954.4527	1959.0	32.438	COMPLETED
302	id-00249	9	4	4	5	1955.0	1955.0	1955.17	1955.4617	1960.0	18.821	COMPLETED
302	id-00250	7	2	9	2	1957.0	1957.0	1957.41	1957.7696	1959.0	36.593	COMPLETED
302	id-00251	9	13	2	2	1959.0	1959.0	1959.09	1959.4095	1961.0	9.964	COMPLETED
302	id-00252	10	7	3	4	1959.0	1959.0	1959.11	1959.3019	1963.0	9.729	COMPLETED
302	id-00253	3	6	6	4	1961.0	1961.0	1961.57	1961.6745	1965.0	21.035	COMPLETED
302	id-00254	5	4	4	1	1961.0	1961.0	1961.38	1962.0	1962.0	29.344	EXPIRED
302	id-00255	10	2	2	4	1961.0	1961.0	1961.07	1961.5309	1965.0	6.191	COMPLETED
302	id-00256	1	2	6	5	1962.0	1962.0	1962.3	1962.647	1967.0	4.633	COMPLETED
302	id-00257	2	3	10	2	1963.0	1963.0	1963.5	1963.632	1965.0	15.444	COMPLETED
302	id-00258	10	4	5	3	1964.0	1964.0	1964.19	1964.4528	1967.0	16.804	COMPLETED
302	id-00259	1	2	10	2	1965.0	1965.0	1965.5	1965.665	1967.0	7.722	COMPLETED
302	id-00260	8	4	3	2	1966.0	1966.0	1966.14	1966.2878	1968.0	15.977	COMPLETED
302	id-00261	1	2	5	1	1967.0	1967.0	1967.25	1968.0	1968.0	3.861	EXPIRED
302	id-00262	4	7	2	3	1967.0	1967.0	1967.19	1967.6242	1970.0	9.946	COMPLETED
302	id-00263	1	2	3	5	1967.0	1967.0	1967.29	1967.7095	1972.0	4.479	COMPLETED
302	id-00264	1	2	3	1	1968.0	1968.0	1968.15	1969.0	1969.0	2.317	EXPIRED
302	id-00265	8	3	3	5	1969.0	1969.0	1969.14	1969.5054	1974.0	15.977	COMPLETED
302	id-00266	4	2	10	5	1969.0	1969.0	1969.42	1969.5955	1974.0	10.107	COMPLETED
302	id-00267	8	9	10	4	1970.0	1970.0	1970.5	1970.7455	1974.0	61.776	COMPLETED
302	id-00268	4	7	9	5	1971.0	1971.0	1971.45	1971.5719	1976.0	27.799	COMPLETED
302	id-00269	5	8	3	3	1972.0	1972.0	1972.15	1972.2658	1975.0	11.583	COMPLETED
302	id-00270	5	4	3	3	1973.0	1973.0	1973.15	1973.6062	1976.0	11.583	COMPLETED
302	id-00271	4	4	5	2	1975.0	1975.0	1975.25	1975.4249	1977.0	15.444	COMPLETED
302	id-00272	2	3	7	3	1976.0	1976.0	1976.35	1976.6019	1979.0	10.811	COMPLETED
302	id-00273	8	16	4	3	1977.0	1977.0	1977.2	1977.4154	1980.0	24.71	COMPLETED
302	id-00274	6	12	7	3	1978.0	1978.0	1978.35	1978.5299	1981.0	32.432	COMPLETED
302	id-00275	10	3	10	1	1979.0	1979.0	1979.4	1980.0	1980.0	42.92	EXPIRED
302	id-00276	6	2	6	1	1979.0	1979.0	1979.24	1980.0	1980.0	10.926	EXPIRED
302	id-00277	7	8	10	3	1980.0	1980.0	1980.5	1980.9347	1983.0	54.054	COMPLETED
302	id-00278	8	14	1	4	1980.0	1980.0	1980.04	1980.3066	1984.0	3.434	COMPLETED
302	id-00279	10	3	10	1	1980.0	1980.0	1980.43	1981.0	1981.0	54.247	EXPIRED
302	id-00280	7	10	9	5	1981.0	1981.0	1981.9	1982.1353	1986.0	97.297	COMPLETED
302	id-00281	1	2	1	5	1981.0	1981.0	1981.1	1981.3899	1986.0	1.544	COMPLETED
302	id-00282	7	2	3	2	1984.0	1984.0	1984.15	1984.5596	1986.0	16.216	COMPLETED
302	id-00283	2	2	2	2	1985.0	1985.0	1985.1	1985.542	1987.0	3.089	COMPLETED
302	id-00284	4	4	8	4	1987.0	1987.0	1987.4	1987.7395	1991.0	24.71	COMPLETED
302	id-00285	6	11	2	3	1987.0	1987.0	1987.17	1987.3291	1990.0	9.342	COMPLETED
302	id-00286	3	6	6	5	1987.0	1987.0	1987.5	1987.9667	1992.0	23.166	COMPLETED
302	id-00287	5	9	4	5	1988.0	1988.0	1988.2	1988.3635	1993.0	15.444	COMPLETED
302	id-00288	5	8	4	4	1988.0	1988.0	1988.17	1988.4799	1992.0	6.716	COMPLETED
302	id-00289	10	6	9	4	1989.0	1989.0	1989.39	1989.5745	1993.0	49.201	COMPLETED
302	id-00290	7	12	6	4	1989.0	1989.0	1989.46	1989.6473	1993.0	23.708	COMPLETED
302	id-00291	8	15	3	5	1989.0	1989.0	1989.23	1989.424	1994.0	28.417	COMPLETED
302	id-00292	6	2	6	4	1989.0	1989.0	1989.6	1989.9101	1993.0	55.598	COMPLETED
302	id-00293	10	8	2	5	1989.0	1989.0	1989.2	1989.3097	1994.0	30.888	COMPLETED
302	id-00294	9	18	10	2	1991.0	1991.0	1991.42	1991.7831	1993.0	42.539	COMPLETED
302	id-00295	4	2	6	4	1992.0	1992.0	1992.3	1992.4539	1996.0	18.533	COMPLETED
302	id-00296	4	4	3	1	1996.0	1996.0	1996.15	1997.0	1997.0	9.266	EXPIRED
302	id-00297	9	2	8	5	1997.0	1997.0	1997.33	1997.4793	2002.0	33.424	COMPLETED
302	id-00298	2	2	7	5	1998.0	1998.0	1998.35	1998.4519	2003.0	10.811	COMPLETED
302	id-00299	2	2	6	5	1999.0	1999.0	1999.3	1999.6424	2004.0	9.266	COMPLETED
302	id-00300	4	8	1	2	2000.0	2000.0	2000.05	2000.476	2002.0	2.617	COMPLETED
302	id-00301	10	2	3	1	2000.0	2000.0	2000.12	2001.0	2001.0	11.745	EXPIRED
