5.125999450683594e-05
3.314018249511719e-05
3.814697265625e-05
6.031990051269531e-05
3.933906555175781e-05
4.5299530029296875e-05
4.1961669921875e-05
3.7670135498046875e-05
5.984306335449219e-05
3.814697265625e-05
3.7670135498046875e-05
4.649162292480469e-05
6.079673767089844e-05
3.6716461181640625e-05
5.650520324707031e-05
3.8623809814453125e-05
4.6253204345703125e-05
5.459785461425781e-05
4.8160552978515625e-05
4.696846008300781e-05
4.38690185546875e-05
6.961822509765625e-05
4.124641418457031e-05
4.792213439941406e-05
3.266334533691406e-05
4.076957702636719e-05
4.38690185546875e-05
3.647804260253906e-05
4.482269287109375e-05
5.888938903808594e-05
5.030632019042969e-05
4.553794860839844e-05
5.53131103515625e-05
3.695487976074219e-05
3.552436828613281e-05
5.435943603515625e-05
4.506111145019531e-05
6.699562072753906e-05
5.316734313964844e-05
4.9591064453125e-05
3.600120544433594e-05
3.552436828613281e-05
5.650520324707031e-05
4.38690185546875e-05
6.651878356933594e-05
5.7697296142578125e-05
7.152557373046875e-05
4.9114227294921875e-05
3.552436828613281e-05
3.3855438232421875e-05
5.412101745605469e-05
2.8848648071289062e-05
4.696846008300781e-05
3.814697265625e-05
2.6702880859375e-05
3.9577484130859375e-05
4.029273986816406e-05
2.5272369384765625e-05
2.7418136596679688e-05
2.5987625122070312e-05
3.504753112792969e-05
5.841255187988281e-05
4.172325134277344e-05
1.5020370483398438e-05
3.5762786865234375e-05
3.552436828613281e-05
4.982948303222656e-05
3.790855407714844e-05
3.218650817871094e-05
2.8848648071289062e-05
2.765655517578125e-05
3.528594970703125e-05
4.410743713378906e-05
3.695487976074219e-05
6.699562072753906e-05
4.0531158447265625e-05
5.626678466796875e-05
3.743171691894531e-05
4.267692565917969e-05
3.6716461181640625e-05
4.6253204345703125e-05
4.38690185546875e-05
4.76837158203125e-05
2.7179718017578125e-05
2.8371810913085938e-05
2.86102294921875e-05
4.601478576660156e-05
4.172325134277344e-05
3.337860107421875e-05
3.7670135498046875e-05
4.839897155761719e-05
4.6253204345703125e-05
5.53131103515625e-05
6.031990051269531e-05
5.793571472167969e-05
4.291534423828125e-05
3.0994415283203125e-05
3.3855438232421875e-05
2.86102294921875e-05
4.482269287109375e-05
3.814697265625e-05
3.647804260253906e-05
4.029273986816406e-05
5.1021575927734375e-05
3.147125244140625e-05
3.7670135498046875e-05
3.3855438232421875e-05
4.38690185546875e-05
3.337860107421875e-05
3.266334533691406e-05
5.14984130859375e-05
3.361701965332031e-05
4.482269287109375e-05
5.221366882324219e-05
3.147125244140625e-05
3.838539123535156e-05
4.863739013671875e-05
5.1975250244140625e-05
5.412101745605469e-05
4.8160552978515625e-05
3.3855438232421875e-05
5.0067901611328125e-05
2.9325485229492188e-05
4.57763671875e-05
4.5299530029296875e-05
3.0040740966796875e-05
3.4809112548828125e-05
4.124641418457031e-05
3.743171691894531e-05
6.341934204101562e-05
5.507469177246094e-05
3.2901763916015625e-05
3.409385681152344e-05
4.887580871582031e-05
3.528594970703125e-05
4.7206878662109375e-05
5.269050598144531e-05
3.838539123535156e-05
3.0040740966796875e-05
4.5299530029296875e-05
4.5299530029296875e-05
4.1484832763671875e-05
4.029273986816406e-05
4.363059997558594e-05
4.553794860839844e-05
4.220008850097656e-05
2.9087066650390625e-05
4.553794860839844e-05
5.221366882324219e-05
3.409385681152344e-05
5.221366882324219e-05
3.123283386230469e-05
3.4809112548828125e-05
6.461143493652344e-05
5.340576171875e-05
7.748603820800781e-05
8.916854858398438e-05
4.8160552978515625e-05
6.508827209472656e-05
4.2438507080078125e-05
8.153915405273438e-05
3.5762786865234375e-05
7.295608520507812e-05
6.604194641113281e-05
3.838539123535156e-05
6.413459777832031e-05
5.245208740234375e-05
4.5299530029296875e-05
6.246566772460938e-05
3.719329833984375e-05
3.6716461181640625e-05
4.601478576660156e-05
6.532669067382812e-05
3.314018249511719e-05
2.8371810913085938e-05
4.076957702636719e-05
4.553794860839844e-05
5.030632019042969e-05
3.933906555175781e-05
3.0994415283203125e-05
6.008148193359375e-05
3.5762786865234375e-05
5.7220458984375e-05
3.4809112548828125e-05
3.790855407714844e-05
3.170967102050781e-05
6.914138793945312e-05
