326	id-00000	1	2	10	1	1703.0	1703.0	1703.5	1704.0	1704.0	7.722	EXPIRED
326	id-00001	3	2	5	10	1704.0	1704.0	1704.23	1704.6701	1714.0	6.319	COMPLETED
326	id-00002	7	10	8	7	1704.0	1704.0	1704.33	1704.5288	1711.0	23.231	COMPLETED
326	id-00003	8	8	3	10	1704.0	1704.0	1704.15	1704.5469	1714.0	18.533	COMPLETED
326	id-00004	9	15	3	6	1706.0	1706.0	1706.12	1706.3574	1712.0	12.154	COMPLETED
326	id-00005	10	17	3	1	1706.0	1706.0	1706.15	1707.0	1707.0	23.166	EXPIRED
326	id-00006	10	7	4	9	1708.0	1708.0	1708.2	1708.6767	1717.0	30.888	COMPLETED
326	id-00007	10	8	5	10	1709.0	1709.0	1709.25	1709.4673	1719.0	38.61	COMPLETED
326	id-00008	3	3	3	5	1714.0	1714.0	1714.14	1714.5601	1719.0	3.847	COMPLETED
326	id-00009	8	15	8	8	1718.0	1718.0	1718.36	1718.4816	1726.0	37.691	COMPLETED
326	id-00010	4	4	1	7	1719.0	1719.0	1719.05	1719.3641	1726.0	2.146	COMPLETED
326	id-00011	2	4	2	1	1722.0	1722.0	1722.1	1723.0	1723.0	3.089	EXPIRED
326	id-00012	9	10	4	9	1728.0	1728.0	1728.17	1728.6147	1737.0	17.218	COMPLETED
326	id-00013	6	8	3	6	1728.0	1728.0	1728.13	1728.2857	1734.0	8.369	COMPLETED
326	id-00014	3	6	3	9	1729.0	1729.0	1729.14	1729.3888	1738.0	5.167	COMPLETED
326	id-00015	7	12	6	7	1730.0	1730.0	1730.29	1730.6246	1737.0	28.617	COMPLETED
326	id-00016	7	2	9	5	1731.0	1731.0	1731.43	1731.7897	1736.0	42.432	COMPLETED
326	id-00017	3	6	5	4	1731.0	1731.0	1731.21	1731.6852	1735.0	3.79	COMPLETED
326	id-00018	6	3	2	2	1732.0	1732.0	1732.1	1732.251	1734.0	8.324	COMPLETED
326	id-00019	9	15	9	1	1736.0	1736.0	1736.39	1737.0	1737.0	43.178	EXPIRED
326	id-00020	9	16	4	5	1736.0	1736.0	1736.35	1736.4674	1741.0	38.749	COMPLETED
326	id-00021	5	6	1	8	1736.0	1736.0	1736.09	1736.338	1744.0	6.95	COMPLETED
326	id-00022	4	8	8	7	1737.0	1737.0	1737.38	1737.6537	1744.0	19.892	COMPLETED
326	id-00023	7	8	6	5	1738.0	1738.0	1738.57	1738.9103	1743.0	56.248	COMPLETED
326	id-00024	1	2	9	9	1738.0	1738.0	1738.86	1739.0932	1747.0	13.282	COMPLETED
326	id-00025	2	2	1	7	1739.0	1739.0	1739.05	1739.3751	1746.0	1.073	COMPLETED
326	id-00026	5	9	1	3	1739.0	1739.0	1739.05	1739.4448	1742.0	3.39	COMPLETED
326	id-00027	9	17	2	6	1739.0	1739.0	1739.09	1739.572	1745.0	9.964	COMPLETED
326	id-00028	4	6	7	6	1739.0	1739.0	1739.3	1739.6932	1745.0	10.048	COMPLETED
326	id-00029	1	2	3	9	1740.0	1740.0	1740.15	1740.2818	1749.0	2.317	COMPLETED
326	id-00030	8	3	3	8	1740.0	1740.0	1740.14	1740.515	1748.0	15.977	COMPLETED
326	id-00031	1	2	6	10	1740.0	1740.0	1740.48	1740.9268	1750.0	2.888	COMPLETED
326	id-00032	6	3	1	7	1740.0	1740.0	1740.08	1740.226	1747.0	4.396	COMPLETED
326	id-00033	8	15	2	3	1741.0	1741.0	1741.1	1741.4933	1744.0	11.412	COMPLETED
326	id-00034	3	6	9	1	1742.0	1742.0	1742.43	1743.0	1743.0	15.869	EXPIRED
326	id-00035	3	3	2	9	1745.0	1745.0	1745.1	1745.3874	1754.0	3.69	COMPLETED
326	id-00036	1	2	7	9	1746.0	1746.0	1746.35	1746.6391	1755.0	5.405	COMPLETED
326	id-00037	7	6	1	7	1747.0	1747.0	1747.05	1747.1939	1754.0	4.934	COMPLETED
326	id-00038	8	9	6	7	1749.0	1749.0	1749.29	1749.7896	1756.0	33.096	COMPLETED
326	id-00039	8	5	4	6	1750.0	1750.0	1750.19	1750.6413	1756.0	21.684	COMPLETED
326	id-00040	5	6	10	4	1751.0	1751.0	1751.48	1751.6712	1755.0	32.54	COMPLETED
326	id-00041	10	6	4	4	1751.0	1751.0	1751.18	1751.287	1755.0	24.405	COMPLETED
326	id-00042	3	5	6	1	1752.0	1752.0	1752.29	1753.0	1753.0	10.702	EXPIRED
326	id-00043	6	6	9	4	1752.0	1752.0	1752.38	1752.8025	1756.0	20.882	COMPLETED
326	id-00044	4	8	9	8	1754.0	1754.0	1754.43	1754.6218	1762.0	22.51	COMPLETED
326	id-00045	7	4	3	10	1754.0	1754.0	1754.12	1754.543	1764.0	8.448	COMPLETED
326	id-00046	7	6	7	9	1755.0	1755.0	1755.33	1755.5711	1764.0	32.564	COMPLETED
326	id-00047	9	10	4	8	1756.0	1756.0	1756.17	1756.3863	1764.0	18.821	COMPLETED
326	id-00048	3	6	3	6	1756.0	1756.0	1756.14	1756.377	1762.0	3.847	COMPLETED
326	id-00049	3	3	10	3	1757.0	1757.0	1757.48	1757.8247	1760.0	17.714	COMPLETED
326	id-00050	10	14	8	2	1757.0	1757.0	1757.36	1757.743	1759.0	48.81	COMPLETED
326	id-00051	5	8	7	6	1758.0	1758.0	1758.33	1758.6138	1764.0	22.371	COMPLETED
326	id-00052	8	6	2	3	1758.0	1758.0	1758.09	1758.5885	1761.0	8.574	COMPLETED
326	id-00053	8	9	3	1	1759.0	1759.0	1759.14	1760.0	1760.0	15.977	EXPIRED
326	id-00054	4	5	7	5	1759.0	1759.0	1759.3	1759.4619	1764.0	10.048	COMPLETED
326	id-00055	8	6	10	10	1759.0	1759.0	1759.45	1759.5502	1769.0	47.113	COMPLETED
326	id-00056	8	3	10	10	1760.0	1760.0	1760.45	1760.7738	1770.0	47.113	COMPLETED
326	id-00057	6	12	5	5	1761.0	1761.0	1761.23	1761.596	1766.0	16.976	COMPLETED
326	id-00058	6	7	6	10	1761.0	1761.0	1761.27	1761.6242	1771.0	19.928	COMPLETED
326	id-00059	10	13	1	1	1761.0	1761.0	1761.05	1762.0	1762.0	6.779	EXPIRED
326	id-00060	9	10	2	3	1762.0	1762.0	1762.09	1762.3269	1765.0	10.813	COMPLETED
326	id-00061	10	13	2	8	1763.0	1763.0	1763.09	1763.2553	1771.0	12.203	COMPLETED
326	id-00062	6	7	8	7	1763.0	1763.0	1763.67	1763.9508	1770.0	36.818	COMPLETED
326	id-00063	7	12	7	3	1763.0	1763.0	1763.58	1763.6899	1766.0	62.703	COMPLETED
326	id-00064	7	13	2	5	1763.0	1763.0	1763.1	1763.5479	1768.0	10.811	COMPLETED
326	id-00065	8	5	3	3	1764.0	1764.0	1764.14	1764.601	1767.0	14.657	COMPLETED
326	id-00066	7	8	5	7	1765.0	1765.0	1765.22	1765.5649	1772.0	17.561	COMPLETED
326	id-00067	5	9	2	5	1765.0	1765.0	1765.09	1765.5483	1770.0	4.404	COMPLETED
326	id-00068	4	3	5	5	1767.0	1767.0	1767.22	1767.4393	1772.0	7.368	COMPLETED
326	id-00069	9	17	5	9	1768.0	1768.0	1768.22	1768.6435	1777.0	24.357	COMPLETED
326	id-00070	3	3	1	6	1768.0	1768.0	1768.09	1768.3245	1774.0	1.624	COMPLETED
326	id-00071	2	2	1	5	1768.0	1768.0	1768.09	1768.356	1773.0	2.78	COMPLETED
326	id-00072	2	2	3	3	1770.0	1770.0	1770.15	1770.5204	1773.0	4.633	COMPLETED
326	id-00073	3	5	4	3	1771.0	1771.0	1771.18	1771.5047	1774.0	4.946	COMPLETED
326	id-00074	9	2	8	3	1771.0	1771.0	1771.33	1771.4925	1774.0	33.424	COMPLETED
326	id-00075	2	3	9	4	1773.0	1773.0	1773.45	1773.8319	1777.0	13.9	COMPLETED
326	id-00076	3	6	7	8	1775.0	1775.0	1775.33	1775.616	1783.0	12.178	COMPLETED
326	id-00077	10	3	7	1	1777.0	1777.0	1777.29	1778.0	1778.0	33.851	EXPIRED
326	id-00078	5	9	7	2	1778.0	1778.0	1778.67	1778.9065	1780.0	45.421	COMPLETED
326	id-00079	3	3	10	10	1778.0	1778.0	1778.95	1779.1495	1788.0	44.015	COMPLETED
326	id-00080	8	8	6	8	1778.0	1778.0	1778.24	1778.6628	1786.0	18.339	COMPLETED
326	id-00081	9	9	3	2	1778.0	1778.0	1778.25	1778.4809	1780.0	25.321	COMPLETED
326	id-00082	3	4	8	10	1778.0	1778.0	1778.67	1778.9225	1788.0	31.042	COMPLETED
326	id-00083	9	11	4	1	1782.0	1782.0	1782.15	1783.0	1783.0	12.364	EXPIRED
326	id-00084	1	2	10	3	1782.0	1782.0	1782.43	1782.5911	1785.0	2.587	COMPLETED
326	id-00085	2	2	10	4	1783.0	1783.0	1783.5	1783.809	1787.0	15.444	COMPLETED
326	id-00086	10	13	2	8	1784.0	1784.0	1784.17	1784.3653	1792.0	21.447	COMPLETED
326	id-00087	1	2	7	9	1784.0	1784.0	1784.61	1785.086	1793.0	9.421	COMPLETED
326	id-00088	6	10	2	8	1785.0	1785.0	1785.1	1785.2101	1793.0	9.266	COMPLETED
326	id-00089	5	2	1	9	1786.0	1786.0	1786.05	1786.4784	1795.0	3.861	COMPLETED
326	id-00090	6	10	5	4	1788.0	1788.0	1788.75	1789.031	1792.0	69.498	COMPLETED
326	id-00091	1	2	3	1	1788.0	1788.0	1788.45	1789.0	1789.0	6.95	EXPIRED
326	id-00092	1	2	4	4	1788.0	1788.0	1788.6	1788.9764	1792.0	9.266	COMPLETED
326	id-00093	9	3	9	7	1789.0	1789.0	1789.38	1789.5564	1796.0	38.488	COMPLETED
326	id-00094	3	5	10	1	1790.0	1790.0	1790.5	1791.0	1791.0	23.166	EXPIRED
326	id-00095	4	7	2	4	1791.0	1791.0	1791.2	1791.398	1795.0	12.355	COMPLETED
326	id-00096	4	8	5	1	1791.0	1791.0	1791.5	1792.0	1792.0	30.888	EXPIRED
326	id-00097	1	2	8	6	1791.0	1791.0	1791.32	1791.5886	1797.0	1.925	COMPLETED
326	id-00098	6	9	6	9	1792.0	1792.0	1792.6	1792.791	1801.0	55.598	COMPLETED
326	id-00099	2	4	9	3	1792.0	1792.0	1792.9	1793.1784	1795.0	27.799	COMPLETED
326	id-00100	7	4	7	5	1794.0	1794.0	1794.35	1794.5345	1799.0	37.838	COMPLETED
326	id-00101	6	7	6	2	1796.0	1796.0	1796.3	1796.7309	1798.0	27.799	COMPLETED
326	id-00102	8	2	10	7	1797.0	1797.0	1797.5	1797.6685	1804.0	61.776	COMPLETED
326	id-00103	1	2	1	2	1798.0	1798.0	1798.05	1798.439	1800.0	0.772	COMPLETED
326	id-00104	6	9	3	3	1798.0	1798.0	1798.15	1798.3481	1801.0	13.9	COMPLETED
326	id-00105	8	10	6	4	1799.0	1799.0	1799.3	1799.4386	1803.0	37.066	COMPLETED
326	id-00106	6	5	10	5	1799.0	1799.0	1799.37	1799.5575	1804.0	13.356	COMPLETED
326	id-00107	5	3	2	10	1799.0	1799.0	1799.17	1799.4954	1809.0	6.716	COMPLETED
326	id-00108	4	5	4	3	1799.0	1799.0	1799.33	1799.5826	1802.0	20.386	COMPLETED
326	id-00109	1	2	5	4	1800.0	1800.0	1800.25	1800.3589	1804.0	3.861	COMPLETED
326	id-00110	9	10	5	2	1802.0	1802.0	1802.19	1802.6683	1804.0	13.87	COMPLETED
326	id-00111	9	6	7	7	1804.0	1804.0	1804.26	1804.7013	1811.0	18.98	COMPLETED
326	id-00112	7	7	9	8	1805.0	1805.0	1805.43	1805.5658	1813.0	42.432	COMPLETED
326	id-00113	2	3	10	3	1807.0	1807.0	1807.5	1807.6939	1810.0	15.444	COMPLETED
326	id-00114	3	2	2	4	1809.0	1809.0	1809.1	1809.5055	1813.0	3.69	COMPLETED
326	id-00115	9	11	9	9	1809.0	1809.0	1809.33	1809.6862	1818.0	24.09	COMPLETED
326	id-00116	3	2	5	8	1809.0	1809.0	1809.4	1809.8774	1817.0	7.219	COMPLETED
326	id-00117	10	19	5	8	1809.0	1809.0	1809.4	1809.5487	1817.0	54.234	COMPLETED
326	id-00118	4	7	2	1	1809.0	1809.0	1809.1	1810.0	1810.0	6.178	EXPIRED
326	id-00119	8	6	9	1	1810.0	1810.0	1810.43	1811.0	1811.0	49.073	EXPIRED
326	id-00120	6	4	7	9	1813.0	1813.0	1813.33	1813.6437	1822.0	27.468	COMPLETED
326	id-00121	3	3	9	4	1813.0	1813.0	1813.58	1813.7459	1817.0	10.468	COMPLETED
326	id-00122	2	3	9	7	1813.0	1813.0	1813.58	1813.8509	1820.0	6.979	COMPLETED
326	id-00123	6	7	10	4	1814.0	1814.0	1814.95	1815.1432	1818.0	79.074	COMPLETED
326	id-00124	2	4	9	8	1814.0	1814.0	1814.86	1815.1562	1822.0	26.564	COMPLETED
326	id-00125	4	5	4	10	1816.0	1816.0	1816.38	1816.8102	1826.0	19.892	COMPLETED
326	id-00126	4	2	6	5	1816.0	1816.0	1816.57	1816.8625	1821.0	35.212	COMPLETED
326	id-00127	6	7	10	6	1816.0	1816.0	1816.34	1816.4529	1822.0	12.273	COMPLETED
326	id-00128	5	2	8	8	1820.0	1820.0	1820.8	1821.1558	1828.0	61.776	COMPLETED
326	id-00129	1	2	9	8	1820.0	1820.0	1820.9	1821.2339	1828.0	13.9	COMPLETED
326	id-00130	6	9	10	2	1822.0	1822.0	1822.5	1822.8323	1824.0	46.332	COMPLETED
326	id-00131	8	6	6	1	1823.0	1823.0	1823.3	1824.0	1824.0	37.066	EXPIRED
326	id-00132	2	2	3	1	1823.0	1823.0	1823.1	1824.0	1824.0	1.203	EXPIRED
326	id-00133	2	4	9	1	1824.0	1824.0	1824.45	1825.0	1825.0	13.9	EXPIRED
326	id-00134	3	6	6	6	1826.0	1826.0	1826.3	1826.7818	1832.0	13.9	COMPLETED
326	id-00135	8	2	8	3	1828.0	1828.0	1828.4	1828.5467	1831.0	49.421	COMPLETED
326	id-00136	7	14	8	1	1829.0	1829.0	1829.4	1830.0	1830.0	43.243	EXPIRED
326	id-00137	9	3	4	7	1829.0	1829.0	1829.15	1829.361	1836.0	12.364	COMPLETED
326	id-00138	3	2	9	5	1833.0	1833.0	1833.45	1833.7734	1838.0	20.849	COMPLETED
326	id-00139	9	14	8	8	1833.0	1833.0	1833.33	1833.5444	1841.0	33.424	COMPLETED
326	id-00140	3	2	2	5	1834.0	1834.0	1834.1	1834.3531	1839.0	4.633	COMPLETED
326	id-00141	6	10	5	10	1835.0	1835.0	1835.25	1835.7487	1845.0	23.166	COMPLETED
326	id-00142	3	6	5	4	1836.0	1836.0	1836.25	1836.5004	1840.0	11.583	COMPLETED
326	id-00143	2	3	2	1	1838.0	1838.0	1838.1	1839.0	1839.0	3.089	EXPIRED
326	id-00144	7	9	10	5	1838.0	1838.0	1838.5	1838.8335	1843.0	54.054	COMPLETED
326	id-00145	7	2	3	5	1838.0	1838.0	1838.12	1838.5088	1843.0	8.448	COMPLETED
326	id-00146	5	4	2	6	1839.0	1839.0	1839.1	1839.2695	1845.0	7.722	COMPLETED
326	id-00147	7	2	3	10	1840.0	1840.0	1840.29	1840.404	1850.0	28.617	COMPLETED
326	id-00148	1	2	9	5	1840.0	1840.0	1840.86	1841.0555	1845.0	13.282	COMPLETED
326	id-00149	2	2	10	10	1840.0	1840.0	1840.8	1840.9009	1850.0	9.626	COMPLETED
326	id-00150	6	7	3	2	1840.0	1840.0	1840.24	1840.5535	1842.0	15.451	COMPLETED
326	id-00151	2	2	3	9	1843.0	1843.0	1843.15	1843.4571	1852.0	4.633	COMPLETED
326	id-00152	4	8	3	5	1843.0	1843.0	1843.14	1843.6042	1848.0	7.329	COMPLETED
326	id-00153	9	2	1	2	1844.0	1844.0	1844.04	1844.4836	1846.0	3.674	COMPLETED
326	id-00154	8	13	10	1	1844.0	1844.0	1844.37	1845.0	1845.0	21.296	EXPIRED
326	id-00155	9	8	8	6	1846.0	1846.0	1846.32	1846.6522	1852.0	29.394	COMPLETED
326	id-00156	9	5	9	8	1846.0	1846.0	1846.33	1846.519	1854.0	24.09	COMPLETED
326	id-00157	8	9	9	1	1846.0	1846.0	1846.36	1847.0	1847.0	27.508	EXPIRED
326	id-00158	6	10	3	1	1847.0	1847.0	1847.15	1848.0	1848.0	13.9	EXPIRED
326	id-00159	4	6	4	3	1847.0	1847.0	1847.16	1847.3863	1850.0	3.85	COMPLETED
326	id-00160	1	2	8	7	1848.0	1848.0	1848.4	1848.6063	1855.0	6.178	COMPLETED
326	id-00161	7	14	7	6	1849.0	1849.0	1849.7	1850.0607	1855.0	75.676	COMPLETED
326	id-00162	1	2	3	5	1849.0	1849.0	1849.3	1849.7698	1854.0	4.633	COMPLETED
326	id-00163	3	3	3	2	1850.0	1850.0	1850.15	1850.5577	1852.0	6.95	COMPLETED
326	id-00164	8	4	2	8	1850.0	1850.0	1850.08	1850.2215	1858.0	6.113	COMPLETED
326	id-00165	9	9	4	6	1850.0	1850.0	1850.16	1850.3598	1856.0	14.697	COMPLETED
326	id-00166	3	2	8	8	1852.0	1852.0	1852.4	1852.8352	1860.0	18.533	COMPLETED
326	id-00167	5	3	2	9	1853.0	1853.0	1853.1	1853.3942	1862.0	7.722	COMPLETED
326	id-00168	10	19	8	7	1853.0	1853.0	1853.64	1853.8713	1860.0	68.672	COMPLETED
326	id-00169	4	8	10	1	1853.0	1853.0	1853.8	1854.0	1854.0	49.421	EXPIRED
326	id-00170	3	2	9	5	1853.0	1853.0	1853.75	1853.9435	1858.0	13.536	COMPLETED
326	id-00171	3	2	2	9	1853.0	1853.0	1853.17	1853.54	1862.0	6.274	COMPLETED
326	id-00172	9	18	4	7	1855.0	1855.0	1855.16	1855.3355	1862.0	14.697	COMPLETED
326	id-00173	7	10	6	4	1855.0	1855.0	1855.72	1855.9795	1859.0	43.897	COMPLETED
326	id-00174	3	2	10	5	1855.0	1855.0	1856.2	1856.6815	1860.0	55.598	COMPLETED
326	id-00175	5	2	4	10	1855.0	1855.0	1855.48	1855.8937	1865.0	37.066	COMPLETED
326	id-00176	9	5	2	5	1858.0	1858.0	1858.08	1858.3657	1863.0	7.348	COMPLETED
326	id-00177	6	12	8	2	1858.0	1858.0	1858.64	1859.0024	1860.0	29.135	COMPLETED
326	id-00178	1	2	3	5	1858.0	1858.0	1858.24	1858.417	1863.0	3.707	COMPLETED
326	id-00179	1	2	1	2	1860.0	1860.0	1860.05	1860.4284	1862.0	0.772	COMPLETED
326	id-00180	7	4	4	6	1861.0	1861.0	1861.2	1861.5485	1867.0	21.622	COMPLETED
326	id-00181	10	20	10	4	1861.0	1861.0	1861.4	1861.7645	1865.0	42.92	COMPLETED
326	id-00182	7	5	4	4	1861.0	1861.0	1861.15	1861.2837	1865.0	7.731	COMPLETED
326	id-00183	1	2	6	5	1863.0	1863.0	1863.3	1863.715	1868.0	4.633	COMPLETED
326	id-00184	6	8	9	1	1865.0	1865.0	1865.45	1866.0	1866.0	41.699	EXPIRED
326	id-00185	10	19	4	6	1865.0	1865.0	1865.16	1865.5573	1871.0	17.168	COMPLETED
326	id-00186	6	5	7	8	1867.0	1867.0	1867.35	1867.4883	1875.0	32.432	COMPLETED
326	id-00187	10	7	6	3	1868.0	1868.0	1868.24	1868.4979	1871.0	25.752	COMPLETED
326	id-00188	7	4	4	9	1869.0	1869.0	1869.2	1869.4559	1878.0	21.622	COMPLETED
326	id-00189	10	10	2	3	1870.0	1870.0	1870.08	1870.3447	1873.0	7.83	COMPLETED
326	id-00190	6	2	10	2	1870.0	1870.0	1870.38	1870.8357	1872.0	13.716	COMPLETED
326	id-00191	3	3	10	10	1871.0	1871.0	1871.45	1871.8106	1881.0	12.364	COMPLETED
326	id-00192	4	7	7	6	1872.0	1872.0	1872.32	1872.6927	1878.0	13.734	COMPLETED
326	id-00193	8	7	4	8	1874.0	1874.0	1874.18	1874.6444	1882.0	18.845	COMPLETED
326	id-00194	6	4	7	6	1875.0	1875.0	1875.32	1875.7227	1881.0	23.619	COMPLETED
326	id-00195	4	3	9	7	1878.0	1878.0	1878.41	1878.7106	1885.0	17.597	COMPLETED
326	id-00196	5	5	6	2	1878.0	1878.0	1878.24	1878.5704	1880.0	7.219	COMPLETED
326	id-00197	6	9	4	4	1879.0	1879.0	1879.18	1879.5109	1883.0	13.285	COMPLETED
326	id-00198	2	3	10	4	1882.0	1882.0	1882.5	1882.8811	1886.0	15.444	COMPLETED
326	id-00199	1	2	8	6	1882.0	1882.0	1882.36	1882.4756	1888.0	2.166	COMPLETED
326	id-00200	8	14	3	8	1882.0	1882.0	1882.22	1882.601	1890.0	12.662	COMPLETED
326	id-00201	1	2	5	6	1882.0	1882.0	1882.37	1882.7315	1888.0	5.714	COMPLETED
326	id-00202	1	2	2	6	1884.0	1884.0	1884.1	1884.5255	1890.0	1.544	COMPLETED
326	id-00203	1	2	1	6	1885.0	1885.0	1885.05	1885.3411	1891.0	0.772	COMPLETED
326	id-00204	8	2	4	6	1886.0	1886.0	1886.17	1886.52	1892.0	14.593	COMPLETED
326	id-00205	9	17	5	9	1887.0	1887.0	1887.19	1887.4275	1896.0	15.661	COMPLETED
326	id-00206	4	2	1	6	1887.0	1887.0	1887.04	1887.5264	1893.0	0.963	COMPLETED
326	id-00207	6	4	4	3	1889.0	1889.0	1889.17	1889.4788	1892.0	9.342	COMPLETED
326	id-00208	7	4	9	4	1891.0	1891.0	1891.38	1891.8287	1895.0	26.75	COMPLETED
326	id-00209	9	15	8	8	1893.0	1893.0	1893.31	1893.798	1901.0	25.553	COMPLETED
326	id-00210	1	2	6	10	1894.0	1894.0	1894.3	1894.4085	1904.0	4.633	COMPLETED
326	id-00211	6	4	8	10	1894.0	1894.0	1894.33	1894.7306	1904.0	18.134	COMPLETED
326	id-00212	5	9	3	9	1895.0	1895.0	1895.12	1895.5879	1904.0	4.741	COMPLETED
326	id-00213	2	4	6	10	1896.0	1896.0	1896.3	1896.5862	1906.0	9.266	COMPLETED
326	id-00214	10	19	4	2	1898.0	1898.0	1898.16	1898.6121	1900.0	17.168	COMPLETED
326	id-00215	7	3	6	9	1900.0	1900.0	1900.25	1900.5861	1909.0	17.599	COMPLETED
326	id-00216	7	5	2	6	1900.0	1900.0	1900.08	1900.2796	1906.0	4.123	COMPLETED
326	id-00217	7	2	5	4	1901.0	1901.0	1901.42	1901.7939	1905.0	29.566	COMPLETED
326	id-00218	1	2	2	8	1901.0	1901.0	1901.17	1901.6386	1909.0	2.625	COMPLETED
326	id-00219	2	3	2	8	1901.0	1901.0	1901.08	1901.1907	1909.0	0.963	COMPLETED
326	id-00220	4	2	9	4	1903.0	1903.0	1903.38	1903.8424	1907.0	9.144	COMPLETED
326	id-00221	7	10	10	6	1904.0	1904.0	1904.42	1904.6591	1910.0	29.566	COMPLETED
326	id-00222	6	6	1	6	1905.0	1905.0	1905.04	1905.4063	1911.0	2.575	COMPLETED
326	id-00223	10	10	10	6	1908.0	1908.0	1908.74	1909.0499	1914.0	65.449	COMPLETED
326	id-00224	1	2	6	4	1908.0	1908.0	1908.44	1908.6842	1912.0	6.795	COMPLETED
326	id-00225	10	9	9	8	1908.0	1908.0	1908.39	1908.5412	1916.0	49.201	COMPLETED
326	id-00226	10	15	10	1	1910.0	1910.0	1910.4	1911.0	1911.0	42.92	EXPIRED
326	id-00227	2	3	1	9	1911.0	1911.0	1911.05	1911.5242	1920.0	1.544	COMPLETED
326	id-00228	1	2	2	9	1911.0	1911.0	1911.09	1911.365	1920.0	0.541	COMPLETED
326	id-00229	6	11	3	2	1913.0	1913.0	1913.13	1913.2444	1915.0	8.369	COMPLETED
326	id-00230	9	14	8	7	1913.0	1913.0	1913.32	1913.4262	1920.0	29.394	COMPLETED
326	id-00231	6	10	6	2	1913.0	1913.0	1913.24	1913.637	1915.0	10.926	COMPLETED
326	id-00232	4	6	10	6	1918.0	1918.0	1918.45	1918.8822	1924.0	19.314	COMPLETED
326	id-00233	10	2	9	4	1919.0	1919.0	1919.35	1919.5611	1923.0	34.255	COMPLETED
326	id-00234	4	3	8	8	1920.0	1920.0	1920.36	1920.5175	1928.0	15.451	COMPLETED
326	id-00235	7	11	6	6	1920.0	1920.0	1920.25	1920.4213	1926.0	17.599	COMPLETED
326	id-00236	1	2	9	6	1921.0	1921.0	1921.45	1921.5999	1927.0	6.95	COMPLETED
326	id-00237	7	9	7	2	1921.0	1921.0	1921.32	1921.4342	1923.0	28.561	COMPLETED
326	id-00238	5	2	4	5	1921.0	1921.0	1921.17	1921.4957	1926.0	6.716	COMPLETED
326	id-00239	1	2	4	10	1923.0	1923.0	1923.2	1923.4818	1933.0	3.089	COMPLETED
326	id-00240	10	17	9	1	1924.0	1924.0	1924.33	1925.0	1925.0	29.187	EXPIRED
326	id-00241	1	2	10	6	1926.0	1926.0	1926.5	1926.6707	1932.0	7.722	COMPLETED
326	id-00242	5	6	4	4	1926.0	1926.0	1926.35	1926.5104	1930.0	17.128	COMPLETED
326	id-00243	3	3	9	1	1926.0	1926.0	1926.78	1927.0	1927.0	36.139	EXPIRED
326	id-00244	2	4	4	9	1928.0	1928.0	1928.2	1928.4079	1937.0	6.178	COMPLETED
326	id-00245	7	9	2	2	1928.0	1928.0	1928.09	1928.412	1930.0	7.184	COMPLETED
326	id-00246	5	6	7	1	1930.0	1930.0	1930.32	1931.0	1931.0	18.676	EXPIRED
326	id-00247	4	3	1	10	1931.0	1931.0	1931.09	1931.3804	1941.0	3.863	COMPLETED
326	id-00248	3	3	8	4	1931.0	1931.0	1931.73	1931.9343	1935.0	33.822	COMPLETED
326	id-00249	6	5	1	5	1932.0	1932.0	1932.05	1932.3538	1937.0	3.69	COMPLETED
326	id-00250	9	18	6	5	1933.0	1933.0	1933.25	1933.4614	1938.0	25.321	COMPLETED
326	id-00251	7	6	10	9	1933.0	1933.0	1933.36	1933.5198	1942.0	15.16	COMPLETED
326	id-00252	10	10	9	4	1933.0	1933.0	1933.38	1933.7668	1937.0	44.357	COMPLETED
326	id-00253	4	5	8	9	1934.0	1934.0	1934.73	1934.8655	1943.0	31.332	COMPLETED
326	id-00254	2	2	8	6	1934.0	1934.0	1934.73	1935.1626	1940.0	22.548	COMPLETED
326	id-00255	7	2	10	10	1934.0	1934.0	1934.42	1934.7365	1944.0	29.566	COMPLETED
326	id-00256	8	7	9	5	1935.0	1935.0	1935.43	1935.6216	1940.0	49.073	COMPLETED
326	id-00257	6	9	1	1	1937.0	1937.0	1937.05	1938.0	1938.0	4.162	EXPIRED
326	id-00258	4	7	4	9	1938.0	1938.0	1938.38	1938.7406	1947.0	19.892	COMPLETED
326	id-00259	4	8	10	4	1938.0	1938.0	1938.95	1939.2794	1942.0	58.687	COMPLETED
326	id-00260	10	18	3	7	1939.0	1939.0	1939.12	1939.4213	1946.0	11.745	COMPLETED
326	id-00261	9	8	2	5	1940.0	1940.0	1940.09	1940.4533	1945.0	9.964	COMPLETED
326	id-00262	4	6	2	9	1940.0	1940.0	1940.08	1940.5754	1949.0	1.925	COMPLETED
326	id-00263	5	6	5	6	1942.0	1942.0	1942.24	1942.3817	1948.0	16.27	COMPLETED
326	id-00264	4	6	5	7	1942.0	1942.0	1942.22	1942.5451	1949.0	7.368	COMPLETED
326	id-00265	6	8	5	10	1943.0	1943.0	1943.24	1943.6631	1953.0	19.977	COMPLETED
326	id-00266	9	12	10	1	1943.0	1943.0	1943.43	1944.0	1944.0	47.606	EXPIRED
326	id-00267	9	14	6	7	1944.0	1944.0	1944.26	1944.5043	1951.0	28.785	COMPLETED
326	id-00268	10	2	8	10	1945.0	1945.0	1945.32	1945.608	1955.0	34.336	COMPLETED
326	id-00269	9	9	5	5	1945.0	1945.0	1945.22	1945.4249	1950.0	24.357	COMPLETED
326	id-00270	10	12	10	2	1945.0	1945.0	1945.5	1945.8199	1947.0	77.22	COMPLETED
326	id-00271	1	2	5	6	1947.0	1947.0	1947.25	1947.5449	1953.0	3.861	COMPLETED
326	id-00272	2	2	3	1	1948.0	1948.0	1948.15	1949.0	1949.0	4.633	EXPIRED
326	id-00273	6	10	6	5	1948.0	1948.0	1948.29	1948.6583	1953.0	24.138	COMPLETED
326	id-00274	8	4	7	4	1949.0	1949.0	1949.33	1949.4408	1953.0	37.661	COMPLETED
326	id-00275	10	7	7	5	1949.0	1949.0	1949.28	1949.4298	1954.0	30.044	COMPLETED
326	id-00276	6	3	4	7	1949.0	1949.0	1949.17	1949.3596	1956.0	10.945	COMPLETED
326	id-00277	1	2	2	6	1950.0	1950.0	1950.1	1950.2184	1956.0	1.544	COMPLETED
326	id-00278	10	14	1	4	1952.0	1952.0	1952.04	1952.5105	1956.0	4.292	COMPLETED
326	id-00279	3	4	10	7	1953.0	1953.0	1953.43	1953.6769	1960.0	7.761	COMPLETED
326	id-00280	3	6	7	4	1954.0	1954.0	1954.3	1954.4837	1958.0	5.414	COMPLETED
326	id-00281	3	6	10	2	1956.0	1956.0	1956.45	1956.763	1958.0	12.364	COMPLETED
326	id-00282	8	8	2	2	1957.0	1957.0	1957.09	1957.2335	1959.0	9.423	COMPLETED
326	id-00283	10	12	9	2	1958.0	1958.0	1958.33	1958.6405	1960.0	29.187	COMPLETED
326	id-00284	1	2	2	9	1959.0	1959.0	1959.1	1959.3645	1968.0	1.544	COMPLETED
326	id-00285	5	8	8	7	1961.0	1961.0	1961.38	1961.6465	1968.0	25.761	COMPLETED
326	id-00286	8	12	4	4	1962.0	1962.0	1962.19	1962.6072	1966.0	21.684	COMPLETED
326	id-00287	6	7	9	8	1963.0	1963.0	1963.43	1963.6127	1971.0	35.791	COMPLETED
326	id-00288	3	4	3	7	1963.0	1963.0	1963.13	1963.3806	1970.0	2.346	COMPLETED
326	id-00289	1	2	5	5	1964.0	1964.0	1964.25	1964.5634	1969.0	3.861	COMPLETED
326	id-00290	3	4	9	5	1964.0	1964.0	1964.43	1964.9021	1969.0	15.869	COMPLETED
326	id-00291	5	2	5	5	1965.0	1965.0	1965.24	1965.6863	1970.0	16.27	COMPLETED
326	id-00292	8	16	8	10	1966.0	1966.0	1966.38	1966.5211	1976.0	43.367	COMPLETED
326	id-00293	6	4	3	5	1967.0	1967.0	1967.14	1967.2479	1972.0	11.653	COMPLETED
326	id-00294	3	4	9	2	1967.0	1967.0	1967.38	1967.6951	1969.0	6.858	COMPLETED
326	id-00295	9	12	8	4	1967.0	1967.0	1967.3	1967.6991	1971.0	21.9	COMPLETED
326	id-00296	3	5	3	2	1969.0	1969.0	1969.14	1969.2513	1971.0	5.167	COMPLETED
326	id-00297	2	3	4	3	1970.0	1970.0	1970.2	1970.3995	1973.0	6.178	COMPLETED
326	id-00298	3	4	5	4	1970.0	1970.0	1970.25	1970.5035	1974.0	11.583	COMPLETED
326	id-00299	3	2	1	5	1971.0	1971.0	1971.05	1971.3225	1976.0	2.317	COMPLETED
326	id-00300	8	15	8	2	1971.0	1971.0	1971.36	1971.6152	1973.0	37.691	COMPLETED
326	id-00301	8	8	7	8	1972.0	1972.0	1972.35	1972.5371	1980.0	43.243	COMPLETED
326	id-00302	2	2	5	4	1972.0	1972.0	1972.23	1972.3857	1976.0	2.767	COMPLETED
326	id-00303	4	6	3	1	1977.0	1977.0	1977.15	1978.0	1978.0	9.266	EXPIRED
326	id-00304	8	5	3	3	1978.0	1978.0	1978.15	1978.3095	1981.0	18.533	COMPLETED
326	id-00305	4	2	9	9	1979.0	1979.0	1979.45	1979.63	1988.0	27.799	COMPLETED
326	id-00306	10	6	10	4	1980.0	1980.0	1980.87	1981.172	1984.0	109.756	COMPLETED
326	id-00307	2	4	4	3	1980.0	1980.0	1980.35	1980.477	1983.0	10.811	COMPLETED
326	id-00308	4	8	2	4	1981.0	1981.0	1981.2	1981.5745	1985.0	12.355	COMPLETED
326	id-00309	1	2	4	8	1981.0	1981.0	1981.4	1981.5076	1989.0	6.178	COMPLETED
326	id-00310	4	6	10	4	1982.0	1982.0	1982.5	1982.8259	1986.0	30.888	COMPLETED
326	id-00311	7	11	7	3	1982.0	1982.0	1982.29	1982.5019	1985.0	20.415	COMPLETED
326	id-00312	6	2	9	6	1983.0	1983.0	1983.45	1983.7481	1989.0	41.699	COMPLETED
326	id-00313	1	2	9	5	1984.0	1984.0	1984.45	1984.9395	1989.0	6.95	COMPLETED
326	id-00314	5	4	7	6	1985.0	1985.0	1985.35	1985.7378	1991.0	27.027	COMPLETED
326	id-00315	2	4	5	9	1987.0	1987.0	1987.25	1987.3667	1996.0	7.722	COMPLETED
326	id-00316	6	2	9	4	1989.0	1989.0	1989.45	1989.8711	1993.0	41.699	COMPLETED
326	id-00317	7	12	9	5	1993.0	1993.0	1993.45	1993.7904	1998.0	48.649	COMPLETED
326	id-00318	2	2	5	8	1993.0	1993.0	1993.21	1993.6422	2001.0	2.527	COMPLETED
326	id-00319	2	3	10	1	1995.0	1995.0	1995.5	1996.0	1996.0	15.444	EXPIRED
326	id-00320	1	2	8	1	1997.0	1997.0	1997.4	1998.0	1998.0	6.178	EXPIRED
326	id-00321	3	5	2	1	1998.0	1998.0	1998.1	1999.0	1999.0	4.633	EXPIRED
326	id-00322	10	2	8	10	1999.0	1999.0	1999.64	2000.1345	2009.0	68.672	COMPLETED
326	id-00323	4	2	1	4	1999.0	1999.0	1999.08	1999.4815	2003.0	4.942	COMPLETED
326	id-00324	4	8	7	4	1999.0	1999.0	1999.28	1999.732	2003.0	6.738	COMPLETED
326	id-00325	1	2	7	3	2000.0	2000.0	2000.35	2000.6579	2003.0	5.405	COMPLETED
