6.0558319091796875e-05
5.555152893066406e-05
6.103515625e-05
5.125999450683594e-05
5.14984130859375e-05
5.7220458984375e-05
4.863739013671875e-05
3.361701965332031e-05
6.365776062011719e-05
6.246566772460938e-05
4.792213439941406e-05
3.6716461181640625e-05
3.5762786865234375e-05
2.6941299438476562e-05
6.222724914550781e-05
3.409385681152344e-05
4.076957702636719e-05
4.57763671875e-05
5.91278076171875e-05
6.437301635742188e-05
5.1021575927734375e-05
6.103515625e-05
4.029273986816406e-05
5.602836608886719e-05
4.3392181396484375e-05
5.650520324707031e-05
5.9604644775390625e-05
5.7697296142578125e-05
5.364418029785156e-05
4.553794860839844e-05
4.7206878662109375e-05
5.602836608886719e-05
6.961822509765625e-05
6.29425048828125e-05
7.843971252441406e-05
5.5789947509765625e-05
3.457069396972656e-05
0.00010347366333007812
3.6716461181640625e-05
6.628036499023438e-05
5.364418029785156e-05
4.9114227294921875e-05
3.6716461181640625e-05
5.91278076171875e-05
4.0531158447265625e-05
6.0558319091796875e-05
6.628036499023438e-05
8.153915405273438e-05
6.461143493652344e-05
6.747245788574219e-05
4.482269287109375e-05
5.14984130859375e-05
5.054473876953125e-05
7.557868957519531e-05
4.649162292480469e-05
3.9577484130859375e-05
4.363059997558594e-05
5.412101745605469e-05
4.8160552978515625e-05
4.315376281738281e-05
3.600120544433594e-05
7.05718994140625e-05
5.650520324707031e-05
5.459785461425781e-05
4.5299530029296875e-05
4.935264587402344e-05
6.985664367675781e-05
4.220008850097656e-05
7.295608520507812e-05
4.8160552978515625e-05
8.7738037109375e-05
9.107589721679688e-05
8.320808410644531e-05
4.9114227294921875e-05
4.696846008300781e-05
6.842613220214844e-05
5.626678466796875e-05
4.839897155761719e-05
5.793571472167969e-05
8.511543273925781e-05
4.9114227294921875e-05
3.790855407714844e-05
6.651878356933594e-05
6.079673767089844e-05
8.034706115722656e-05
3.0279159545898438e-05
6.866455078125e-05
4.9591064453125e-05
3.552436828613281e-05
6.556510925292969e-05
7.152557373046875e-05
3.62396240234375e-05
5.0067901611328125e-05
5.125999450683594e-05
4.5299530029296875e-05
0.00010466575622558594
7.390975952148438e-05
7.82012939453125e-05
5.221366882324219e-05
5.054473876953125e-05
4.315376281738281e-05
3.719329833984375e-05
5.888938903808594e-05
3.600120544433594e-05
4.57763671875e-05
3.647804260253906e-05
3.3855438232421875e-05
4.57763671875e-05
5.1021575927734375e-05
6.008148193359375e-05
4.982948303222656e-05
4.57763671875e-05
7.772445678710938e-05
2.6226043701171875e-05
5.221366882324219e-05
5.245208740234375e-05
4.673004150390625e-05
4.5299530029296875e-05
4.982948303222656e-05
4.649162292480469e-05
7.700920104980469e-05
5.364418029785156e-05
4.076957702636719e-05
3.0994415283203125e-05
4.744529724121094e-05
5.7697296142578125e-05
3.600120544433594e-05
2.193450927734375e-05
4.863739013671875e-05
5.6743621826171875e-05
5.817413330078125e-05
7.843971252441406e-05
5.340576171875e-05
3.910064697265625e-05
6.031990051269531e-05
4.9114227294921875e-05
4.506111145019531e-05
7.939338684082031e-05
7.772445678710938e-05
5.91278076171875e-05
4.9591064453125e-05
5.8650970458984375e-05
7.319450378417969e-05
6.747245788574219e-05
5.6743621826171875e-05
5.435943603515625e-05
7.62939453125e-05
5.984306335449219e-05
6.365776062011719e-05
7.128715515136719e-05
7.724761962890625e-05
3.123283386230469e-05
5.698204040527344e-05
6.461143493652344e-05
6.198883056640625e-05
4.029273986816406e-05
6.079673767089844e-05
4.601478576660156e-05
5.3882598876953125e-05
6.651878356933594e-05
4.38690185546875e-05
4.839897155761719e-05
4.2438507080078125e-05
4.553794860839844e-05
5.125999450683594e-05
4.8160552978515625e-05
3.528594970703125e-05
4.553794860839844e-05
5.602836608886719e-05
3.6716461181640625e-05
4.5299530029296875e-05
4.792213439941406e-05
5.936622619628906e-05
3.3855438232421875e-05
6.175041198730469e-05
4.00543212890625e-05
6.29425048828125e-05
6.341934204101562e-05
4.696846008300781e-05
7.128715515136719e-05
5.364418029785156e-05
5.459785461425781e-05
6.246566772460938e-05
5.53131103515625e-05
5.8650970458984375e-05
4.2438507080078125e-05
3.4332275390625e-05
3.8623809814453125e-05
4.458427429199219e-05
4.482269287109375e-05
5.91278076171875e-05
4.458427429199219e-05
3.170967102050781e-05
3.123283386230469e-05
6.246566772460938e-05
6.222724914550781e-05
