311	id-00000	6	10	10	6	1704.0	1704.0	1704.91	1705.0145	1710.0	67.165	COMPLETED
311	id-00001	2	2	10	5	1704.0	1704.0	1704.91	1705.387	1709.0	28.108	COMPLETED
311	id-00002	3	3	3	1	1704.0	1704.0	1704.12	1705.0	1705.0	2.166	EXPIRED
311	id-00003	6	10	5	2	1705.0	1705.0	1705.23	1705.4803	1707.0	16.976	COMPLETED
311	id-00004	3	4	10	3	1706.0	1706.0	1706.45	1706.6523	1709.0	12.364	COMPLETED
311	id-00005	10	14	5	7	1706.0	1706.0	1706.25	1706.6813	1713.0	38.61	COMPLETED
311	id-00006	3	3	6	5	1707.0	1707.0	1707.27	1707.5117	1712.0	7.419	COMPLETED
311	id-00007	1	2	1	7	1708.0	1708.0	1708.05	1708.2197	1715.0	0.772	COMPLETED
311	id-00008	5	4	7	6	1709.0	1709.0	1709.32	1709.5005	1715.0	18.676	COMPLETED
311	id-00009	5	9	4	6	1710.0	1710.0	1710.18	1710.3488	1716.0	10.506	COMPLETED
311	id-00010	5	7	9	5	1710.0	1710.0	1710.39	1710.8647	1715.0	19.085	COMPLETED
311	id-00011	7	11	8	7	1711.0	1711.0	1711.36	1711.637	1718.0	32.131	COMPLETED
311	id-00012	3	4	5	7	1711.0	1711.0	1711.22	1711.6084	1718.0	3.971	COMPLETED
311	id-00013	6	11	6	3	1712.0	1712.0	1712.27	1712.7511	1715.0	19.928	COMPLETED
311	id-00014	8	14	7	6	1713.0	1713.0	1713.32	1713.6431	1719.0	33.503	COMPLETED
311	id-00015	8	16	7	5	1713.0	1713.0	1713.3	1713.5631	1718.0	28.58	COMPLETED
311	id-00016	8	15	3	3	1717.0	1717.0	1717.14	1717.4664	1720.0	14.657	COMPLETED
311	id-00017	9	16	2	2	1717.0	1717.0	1717.09	1717.2111	1719.0	10.813	COMPLETED
311	id-00018	10	8	10	7	1718.0	1718.0	1718.43	1718.6956	1725.0	54.247	COMPLETED
311	id-00019	5	10	5	5	1719.0	1719.0	1719.23	1719.7139	1724.0	13.424	COMPLETED
311	id-00020	1	2	5	3	1720.0	1720.0	1720.25	1720.3679	1723.0	3.861	COMPLETED
311	id-00021	8	4	9	4	1721.0	1721.0	1721.41	1721.7274	1725.0	42.925	COMPLETED
311	id-00022	8	16	2	4	1724.0	1724.0	1724.09	1724.5109	1728.0	9.423	COMPLETED
311	id-00023	6	4	8	5	1726.0	1726.0	1726.38	1726.7989	1731.0	31.63	COMPLETED
311	id-00024	8	3	9	5	1727.0	1727.0	1727.43	1727.6509	1732.0	49.073	COMPLETED
311	id-00025	1	2	8	2	1727.0	1727.0	1727.67	1728.0641	1729.0	4.031	COMPLETED
311	id-00026	8	16	7	2	1727.0	1727.0	1727.58	1728.0584	1729.0	55.255	COMPLETED
311	id-00027	5	4	1	3	1728.0	1728.0	1728.05	1728.291	1731.0	3.39	COMPLETED
311	id-00028	10	11	8	7	1729.0	1729.0	1729.35	1729.805	1736.0	44.155	COMPLETED
311	id-00029	5	6	8	1	1730.0	1730.0	1730.38	1731.0	1731.0	25.761	EXPIRED
311	id-00030	7	2	6	4	1732.0	1732.0	1732.29	1732.7204	1736.0	28.617	COMPLETED
311	id-00031	6	9	5	7	1734.0	1734.0	1734.24	1734.545	1741.0	19.977	COMPLETED
311	id-00032	8	2	10	2	1735.0	1735.0	1735.48	1735.9337	1737.0	54.78	COMPLETED
311	id-00033	10	12	6	4	1735.0	1735.0	1735.26	1735.7468	1739.0	32.801	COMPLETED
311	id-00034	8	11	10	7	1736.0	1736.0	1736.48	1736.8515	1743.0	54.78	COMPLETED
311	id-00035	7	9	7	5	1737.0	1737.0	1737.33	1737.4539	1742.0	32.564	COMPLETED
311	id-00036	3	6	1	6	1739.0	1739.0	1739.05	1739.2587	1745.0	1.845	COMPLETED
311	id-00037	2	3	5	4	1740.0	1740.0	1740.25	1740.7284	1744.0	7.722	COMPLETED
311	id-00038	5	2	1	5	1741.0	1741.0	1741.05	1741.3549	1746.0	3.39	COMPLETED
311	id-00039	6	3	6	2	1741.0	1741.0	1741.48	1741.9335	1743.0	21.852	COMPLETED
311	id-00040	3	2	6	1	1741.0	1741.0	1741.48	1742.0	1742.0	22.239	EXPIRED
311	id-00041	7	8	10	6	1741.0	1741.0	1741.43	1741.5875	1747.0	34.324	COMPLETED
311	id-00042	5	2	2	1	1744.0	1744.0	1744.1	1745.0	1745.0	6.779	EXPIRED
311	id-00043	5	2	10	4	1746.0	1746.0	1746.48	1746.756	1750.0	32.54	COMPLETED
311	id-00044	6	6	6	5	1747.0	1747.0	1747.29	1747.4349	1752.0	24.138	COMPLETED
311	id-00045	7	14	10	5	1747.0	1747.0	1747.45	1747.7206	1752.0	40.163	COMPLETED
311	id-00046	8	14	3	1	1747.0	1747.0	1747.13	1748.0	1748.0	12.385	EXPIRED
311	id-00047	9	2	10	6	1749.0	1749.0	1749.45	1749.5828	1755.0	54.063	COMPLETED
311	id-00048	9	11	4	5	1750.0	1750.0	1750.17	1750.6386	1755.0	17.218	COMPLETED
311	id-00049	3	6	6	3	1750.0	1750.0	1750.27	1750.4263	1753.0	7.419	COMPLETED
311	id-00050	9	3	2	3	1751.0	1751.0	1751.08	1751.2557	1754.0	8.103	COMPLETED
311	id-00051	7	4	4	1	1752.0	1752.0	1752.19	1753.0	1753.0	18.749	EXPIRED
311	id-00052	3	2	3	2	1752.0	1752.0	1752.25	1752.5088	1754.0	4.512	COMPLETED
311	id-00053	3	4	7	7	1752.0	1752.0	1752.58	1752.7386	1759.0	21.404	COMPLETED
311	id-00054	8	15	1	6	1753.0	1753.0	1753.05	1753.154	1759.0	5.706	COMPLETED
311	id-00055	2	2	2	6	1753.0	1753.0	1753.17	1753.6312	1759.0	2.045	COMPLETED
311	id-00056	3	5	4	2	1753.0	1753.0	1753.33	1753.668	1755.0	9.067	COMPLETED
311	id-00057	6	11	4	1	1755.0	1755.0	1755.19	1756.0	1756.0	15.815	EXPIRED
311	id-00058	5	9	2	2	1757.0	1757.0	1757.1	1757.5966	1759.0	6.779	COMPLETED
311	id-00059	4	6	3	6	1757.0	1757.0	1757.13	1757.3911	1763.0	4.354	COMPLETED
311	id-00060	6	5	5	2	1758.0	1758.0	1758.24	1758.6667	1760.0	19.977	COMPLETED
311	id-00061	9	10	2	2	1759.0	1759.0	1759.09	1759.4704	1761.0	9.964	COMPLETED
311	id-00062	9	8	4	5	1760.0	1760.0	1760.18	1760.2801	1765.0	21.625	COMPLETED
311	id-00063	7	5	4	6	1761.0	1761.0	1761.18	1761.4984	1767.0	16.065	COMPLETED
311	id-00064	7	10	9	4	1763.0	1763.0	1763.82	1764.2261	1767.0	73.187	COMPLETED
311	id-00065	1	2	7	7	1763.0	1763.0	1763.64	1763.8981	1770.0	9.884	COMPLETED
311	id-00066	5	3	2	6	1765.0	1765.0	1765.09	1765.3459	1771.0	4.404	COMPLETED
311	id-00067	9	8	1	7	1766.0	1766.0	1766.04	1766.1738	1773.0	4.428	COMPLETED
311	id-00068	4	6	3	6	1766.0	1766.0	1766.13	1766.5565	1772.0	4.354	COMPLETED
311	id-00069	6	4	6	1	1768.0	1768.0	1768.26	1769.0	1769.0	16.739	EXPIRED
311	id-00070	10	20	6	7	1768.0	1768.0	1768.26	1768.6388	1775.0	32.801	COMPLETED
311	id-00071	6	4	3	4	1770.0	1770.0	1770.14	1770.6027	1774.0	10.333	COMPLETED
311	id-00072	3	4	2	5	1770.0	1770.0	1770.08	1770.4651	1775.0	1.444	COMPLETED
311	id-00073	5	10	2	7	1771.0	1771.0	1771.09	1771.3839	1778.0	5.253	COMPLETED
311	id-00074	9	17	8	3	1772.0	1772.0	1772.33	1772.8212	1775.0	33.424	COMPLETED
311	id-00075	9	15	9	4	1774.0	1774.0	1774.38	1774.7583	1778.0	38.488	COMPLETED
311	id-00076	5	4	9	1	1774.0	1774.0	1774.39	1775.0	1775.0	19.085	EXPIRED
311	id-00077	2	3	7	1	1775.0	1775.0	1775.35	1776.0	1776.0	10.811	EXPIRED
311	id-00078	2	4	10	1	1775.0	1775.0	1775.48	1776.0	1776.0	10.301	EXPIRED
311	id-00079	2	3	7	3	1776.0	1776.0	1776.35	1776.6325	1779.0	10.811	COMPLETED
311	id-00080	7	14	8	1	1776.0	1776.0	1776.38	1777.0	1777.0	37.498	EXPIRED
311	id-00081	2	2	7	5	1776.0	1776.0	1776.28	1776.5795	1781.0	3.369	COMPLETED
311	id-00082	4	2	8	1	1779.0	1779.0	1779.38	1780.0	1780.0	19.892	EXPIRED
311	id-00083	1	2	1	1	1780.0	1780.0	1780.05	1781.0	1781.0	0.772	EXPIRED
311	id-00084	2	2	4	7	1781.0	1781.0	1781.2	1781.379	1788.0	6.178	COMPLETED
311	id-00085	2	4	3	6	1781.0	1781.0	1781.14	1781.4666	1787.0	3.004	COMPLETED
311	id-00086	7	2	7	1	1782.0	1782.0	1782.33	1783.0	1783.0	32.564	EXPIRED
311	id-00087	2	2	2	3	1783.0	1783.0	1783.1	1783.2745	1786.0	3.089	COMPLETED
311	id-00088	9	15	6	6	1783.0	1783.0	1783.23	1783.5956	1789.0	18.958	COMPLETED
311	id-00089	6	5	9	1	1784.0	1784.0	1784.43	1785.0	1785.0	35.791	EXPIRED
311	id-00090	2	2	10	5	1785.0	1785.0	1785.5	1785.8436	1790.0	15.444	COMPLETED
311	id-00091	10	15	7	7	1786.0	1786.0	1786.58	1786.7436	1793.0	67.702	COMPLETED
311	id-00092	3	5	3	6	1786.0	1786.0	1786.25	1786.3819	1792.0	11.583	COMPLETED
311	id-00093	4	2	9	4	1786.0	1786.0	1786.36	1786.6294	1790.0	8.663	COMPLETED
311	id-00094	9	15	1	5	1789.0	1789.0	1789.04	1789.2457	1794.0	4.051	COMPLETED
311	id-00095	7	9	6	1	1789.0	1789.0	1789.25	1790.0	1790.0	17.599	EXPIRED
311	id-00096	9	11	2	4	1790.0	1790.0	1790.08	1790.3237	1794.0	7.348	COMPLETED
311	id-00097	8	13	8	3	1793.0	1793.0	1793.4	1793.5563	1796.0	49.421	COMPLETED
311	id-00098	6	7	1	1	1793.0	1793.0	1793.08	1794.0	1794.0	3.642	EXPIRED
311	id-00099	3	4	9	7	1793.0	1793.0	1793.72	1794.1114	1800.0	33.359	COMPLETED
311	id-00100	8	10	9	6	1794.0	1794.0	1794.45	1794.8741	1800.0	55.598	COMPLETED
311	id-00101	1	2	7	7	1795.0	1795.0	1795.35	1795.5278	1802.0	5.405	COMPLETED
311	id-00102	1	2	7	2	1796.0	1796.0	1796.35	1796.8123	1798.0	5.405	COMPLETED
311	id-00103	6	9	5	4	1797.0	1797.0	1797.25	1797.5625	1801.0	23.166	COMPLETED
311	id-00104	4	2	4	7	1798.0	1798.0	1798.2	1798.5056	1805.0	12.355	COMPLETED
311	id-00105	10	16	3	5	1799.0	1799.0	1799.12	1799.4372	1804.0	14.007	COMPLETED
311	id-00106	6	9	7	6	1801.0	1801.0	1801.35	1801.7447	1807.0	32.432	COMPLETED
311	id-00107	10	10	6	2	1801.0	1801.0	1801.24	1801.6749	1803.0	25.752	COMPLETED
311	id-00108	8	12	9	2	1803.0	1803.0	1803.45	1803.7104	1805.0	55.598	COMPLETED
311	id-00109	3	3	5	2	1804.0	1804.0	1804.5	1804.6595	1806.0	23.166	COMPLETED
311	id-00110	4	5	4	1	1804.0	1804.0	1804.4	1805.0	1805.0	24.71	EXPIRED
311	id-00111	5	4	1	4	1807.0	1807.0	1807.05	1807.2489	1811.0	3.39	COMPLETED
311	id-00112	2	4	5	4	1809.0	1809.0	1809.25	1809.6156	1813.0	7.722	COMPLETED
311	id-00113	10	10	3	7	1809.0	1809.0	1809.12	1809.5559	1816.0	12.876	COMPLETED
311	id-00114	8	14	6	4	1811.0	1811.0	1811.29	1811.6056	1815.0	33.096	COMPLETED
311	id-00115	5	7	4	1	1812.0	1812.0	1812.19	1813.0	1813.0	12.88	EXPIRED
311	id-00116	7	4	2	1	1815.0	1815.0	1815.1	1816.0	1816.0	9.868	EXPIRED
311	id-00117	9	6	7	6	1815.0	1815.0	1815.24	1815.6314	1821.0	12.995	COMPLETED
311	id-00118	4	6	6	4	1816.0	1816.0	1816.29	1816.5012	1820.0	15.181	COMPLETED
311	id-00119	9	18	4	5	1816.0	1816.0	1816.14	1816.3016	1821.0	7.58	COMPLETED
311	id-00120	7	3	5	7	1816.0	1816.0	1816.4	1816.6258	1823.0	24.387	COMPLETED
311	id-00121	7	4	7	4	1816.0	1816.0	1816.56	1816.8406	1820.0	60.54	COMPLETED
311	id-00122	9	4	6	6	1817.0	1817.0	1817.21	1817.6309	1823.0	11.37	COMPLETED
311	id-00123	2	4	5	6	1817.0	1817.0	1817.4	1817.7117	1823.0	4.813	COMPLETED
311	id-00124	10	2	8	4	1817.0	1817.0	1817.64	1818.0285	1821.0	80.74	COMPLETED
311	id-00125	6	6	9	5	1817.0	1817.0	1817.38	1817.5788	1822.0	20.882	COMPLETED
311	id-00126	1	2	10	7	1818.0	1818.0	1818.5	1818.7755	1825.0	7.722	COMPLETED
311	id-00127	2	4	10	7	1818.0	1818.0	1818.95	1819.3915	1825.0	20.387	COMPLETED
311	id-00128	1	2	1	7	1818.0	1818.0	1818.1	1818.4173	1825.0	1.544	COMPLETED
311	id-00129	6	7	1	4	1819.0	1819.0	1819.05	1819.241	1823.0	4.162	COMPLETED
311	id-00130	9	17	5	7	1819.0	1819.0	1819.17	1819.5182	1826.0	9.204	COMPLETED
311	id-00131	2	4	4	2	1820.0	1820.0	1820.2	1820.3201	1822.0	6.178	COMPLETED
311	id-00132	2	2	8	3	1821.0	1821.0	1821.4	1821.7018	1824.0	12.355	COMPLETED
311	id-00133	8	16	9	1	1821.0	1821.0	1821.45	1822.0	1822.0	55.598	EXPIRED
311	id-00134	3	5	8	6	1822.0	1822.0	1822.4	1822.8171	1828.0	18.533	COMPLETED
311	id-00135	3	3	4	2	1824.0	1824.0	1824.4	1824.7676	1826.0	18.533	COMPLETED
311	id-00136	4	3	4	4	1824.0	1824.0	1824.4	1824.5865	1828.0	24.71	COMPLETED
311	id-00137	7	11	6	4	1824.0	1824.0	1824.21	1824.6528	1828.0	8.844	COMPLETED
311	id-00138	9	9	10	2	1826.0	1826.0	1826.38	1826.8308	1828.0	31.323	COMPLETED
311	id-00139	5	5	10	6	1827.0	1827.0	1827.5	1827.645	1833.0	38.61	COMPLETED
311	id-00140	4	6	2	5	1827.0	1827.0	1827.23	1827.5724	1832.0	5.535	COMPLETED
311	id-00141	1	2	8	6	1827.0	1827.0	1827.92	1828.0431	1833.0	5.535	COMPLETED
311	id-00142	2	2	9	1	1827.0	1827.0	1828.04	1828.0	1828.0	22.318	EXPIRED
311	id-00143	3	6	2	3	1827.0	1827.0	1827.08	1827.1962	1830.0	1.444	COMPLETED
311	id-00144	9	4	3	3	1828.0	1828.0	1828.12	1828.3519	1831.0	11.023	COMPLETED
311	id-00145	2	3	6	1	1830.0	1830.0	1830.3	1831.0	1831.0	9.266	EXPIRED
311	id-00146	3	3	9	6	1830.0	1830.0	1830.45	1830.6487	1836.0	20.849	COMPLETED
311	id-00147	8	11	3	6	1830.0	1830.0	1830.12	1830.4669	1836.0	10.301	COMPLETED
311	id-00148	1	2	7	1	1834.0	1834.0	1834.35	1835.0	1835.0	5.405	EXPIRED
311	id-00149	1	2	6	5	1836.0	1836.0	1836.3	1836.4219	1841.0	4.633	COMPLETED
311	id-00150	4	8	7	3	1837.0	1837.0	1837.35	1837.6975	1840.0	21.622	COMPLETED
311	id-00151	7	5	4	7	1838.0	1838.0	1838.2	1838.5201	1845.0	21.622	COMPLETED
311	id-00152	5	4	1	3	1839.0	1839.0	1839.1	1839.3135	1842.0	7.722	COMPLETED
311	id-00153	2	4	2	1	1839.0	1839.0	1839.2	1840.0	1840.0	6.178	EXPIRED
311	id-00154	1	2	8	7	1840.0	1840.0	1840.8	1840.9752	1847.0	12.355	COMPLETED
311	id-00155	1	2	4	2	1840.0	1840.0	1840.4	1840.7247	1842.0	6.178	COMPLETED
311	id-00156	1	2	3	6	1840.0	1840.0	1840.14	1840.4947	1846.0	0.842	COMPLETED
311	id-00157	10	16	1	2	1841.0	1841.0	1841.07	1841.5082	1843.0	6.191	COMPLETED
311	id-00158	1	2	3	7	1841.0	1841.0	1841.22	1841.6312	1848.0	3.398	COMPLETED
311	id-00159	7	14	3	4	1841.0	1841.0	1841.12	1841.4113	1845.0	6.185	COMPLETED
311	id-00160	1	2	8	6	1843.0	1843.0	1843.4	1843.885	1849.0	6.178	COMPLETED
311	id-00161	7	7	4	6	1844.0	1844.0	1844.19	1844.4468	1850.0	18.749	COMPLETED
311	id-00162	9	7	3	4	1845.0	1845.0	1845.12	1845.5607	1849.0	11.023	COMPLETED
311	id-00163	9	18	2	6	1846.0	1846.0	1846.08	1846.5481	1852.0	7.348	COMPLETED
311	id-00164	10	3	6	6	1846.0	1846.0	1846.22	1846.355	1852.0	19.458	COMPLETED
311	id-00165	1	2	3	3	1847.0	1847.0	1847.15	1847.6102	1850.0	2.317	COMPLETED
311	id-00166	9	14	8	7	1850.0	1850.0	1850.32	1850.7905	1857.0	29.394	COMPLETED
311	id-00167	1	2	6	1	1850.0	1850.0	1850.72	1851.0	1851.0	4.332	EXPIRED
311	id-00168	3	2	5	2	1850.0	1850.0	1850.6	1851.0442	1852.0	10.829	COMPLETED
311	id-00169	3	5	1	1	1850.0	1850.0	1850.12	1851.0	1851.0	4.428	EXPIRED
311	id-00170	1	2	9	6	1853.0	1853.0	1853.45	1853.9004	1859.0	6.95	COMPLETED
311	id-00171	6	8	6	3	1853.0	1853.0	1853.3	1853.6383	1856.0	27.799	COMPLETED
311	id-00172	9	6	6	1	1853.0	1853.0	1853.24	1854.0	1854.0	22.045	EXPIRED
311	id-00173	6	2	5	6	1855.0	1855.0	1855.25	1855.7337	1861.0	23.166	COMPLETED
311	id-00174	9	11	4	4	1857.0	1857.0	1857.16	1857.646	1861.0	14.697	COMPLETED
311	id-00175	10	20	1	4	1858.0	1858.0	1858.04	1858.2448	1862.0	4.292	COMPLETED
311	id-00176	7	14	9	4	1859.0	1859.0	1859.45	1859.5518	1863.0	48.649	COMPLETED
311	id-00177	4	2	2	3	1860.0	1860.0	1860.1	1860.4485	1863.0	6.178	COMPLETED
311	id-00178	9	11	8	7	1860.0	1860.0	1860.33	1860.6392	1867.0	33.424	COMPLETED
311	id-00179	8	11	8	1	1860.0	1860.0	1860.32	1861.0	1861.0	24.452	EXPIRED
311	id-00180	8	8	4	2	1860.0	1860.0	1860.15	1860.4825	1862.0	10.048	COMPLETED
311	id-00181	7	13	9	1	1862.0	1862.0	1862.45	1863.0	1863.0	48.649	EXPIRED
311	id-00182	3	6	6	5	1863.0	1863.0	1863.3	1863.5038	1868.0	13.9	COMPLETED
311	id-00183	9	16	4	6	1863.0	1863.0	1863.17	1863.3375	1869.0	17.218	COMPLETED
311	id-00184	10	9	9	6	1865.0	1865.0	1865.36	1865.539	1871.0	38.628	COMPLETED
311	id-00185	1	2	6	2	1867.0	1867.0	1867.3	1867.4931	1869.0	4.633	COMPLETED
311	id-00186	10	13	4	4	1868.0	1868.0	1868.32	1868.6908	1872.0	34.336	COMPLETED
311	id-00187	1	2	1	7	1868.0	1868.0	1868.08	1868.4204	1875.0	1.236	COMPLETED
311	id-00188	9	12	10	3	1869.0	1869.0	1869.43	1869.7009	1872.0	47.606	COMPLETED
311	id-00189	10	6	9	5	1869.0	1869.0	1869.36	1869.6096	1874.0	38.628	COMPLETED
311	id-00190	1	2	1	6	1870.0	1870.0	1870.05	1870.4674	1876.0	0.772	COMPLETED
311	id-00191	3	2	9	2	1870.0	1870.0	1870.41	1870.5921	1872.0	11.265	COMPLETED
311	id-00192	8	10	8	1	1870.0	1870.0	1870.64	1871.0	1871.0	48.904	EXPIRED
311	id-00193	1	2	4	5	1870.0	1870.0	1870.32	1870.4992	1875.0	4.942	COMPLETED
311	id-00194	1	2	6	5	1873.0	1873.0	1873.3	1873.4371	1878.0	4.633	COMPLETED
311	id-00195	8	6	4	1	1873.0	1873.0	1873.18	1874.0	1874.0	18.845	EXPIRED
311	id-00196	3	5	5	2	1873.0	1873.0	1873.2	1873.3682	1875.0	3.61	COMPLETED
311	id-00197	9	6	3	4	1874.0	1874.0	1874.12	1874.5542	1878.0	11.023	COMPLETED
311	id-00198	6	4	8	6	1880.0	1880.0	1880.36	1880.679	1886.0	26.571	COMPLETED
311	id-00199	4	2	7	4	1881.0	1881.0	1881.32	1881.5522	1885.0	13.734	COMPLETED
311	id-00200	8	8	5	5	1883.0	1883.0	1883.23	1883.426	1888.0	24.08	COMPLETED
311	id-00201	6	11	4	5	1885.0	1885.0	1885.17	1885.6207	1890.0	9.342	COMPLETED
311	id-00202	10	3	10	5	1885.0	1885.0	1885.4	1885.5749	1890.0	42.92	COMPLETED
311	id-00203	7	11	1	3	1887.0	1887.0	1887.04	1887.397	1890.0	2.816	COMPLETED
311	id-00204	4	8	1	1	1888.0	1888.0	1888.04	1889.0	1889.0	0.963	EXPIRED
311	id-00205	4	3	5	6	1889.0	1889.0	1889.21	1889.3166	1895.0	5.053	COMPLETED
311	id-00206	6	3	6	2	1890.0	1890.0	1890.25	1890.5535	1892.0	13.738	COMPLETED
311	id-00207	10	15	2	4	1891.0	1891.0	1891.08	1891.4224	1895.0	9.338	COMPLETED
311	id-00208	1	2	1	7	1894.0	1894.0	1894.05	1894.4525	1901.0	0.772	COMPLETED
311	id-00209	1	2	3	3	1895.0	1895.0	1895.15	1895.6226	1898.0	2.317	COMPLETED
311	id-00210	6	5	8	6	1896.0	1896.0	1896.33	1896.7454	1902.0	18.134	COMPLETED
311	id-00211	2	2	5	1	1897.0	1897.0	1897.25	1898.0	1898.0	7.722	EXPIRED
311	id-00212	6	2	8	7	1897.0	1897.0	1897.33	1897.7896	1904.0	18.134	COMPLETED
311	id-00213	9	15	10	1	1897.0	1897.0	1897.42	1898.0	1898.0	42.539	EXPIRED
311	id-00214	10	13	7	7	1898.0	1898.0	1898.28	1898.4656	1905.0	30.044	COMPLETED
311	id-00215	1	2	5	1	1899.0	1899.0	1899.25	1900.0	1900.0	3.861	EXPIRED
311	id-00216	5	9	3	7	1899.0	1899.0	1899.12	1899.2624	1906.0	4.741	COMPLETED
311	id-00217	7	9	5	7	1901.0	1901.0	1901.21	1901.6952	1908.0	14.783	COMPLETED
311	id-00218	10	20	10	5	1901.0	1901.0	1901.38	1901.7275	1906.0	37.191	COMPLETED
311	id-00219	8	3	8	3	1901.0	1901.0	1901.36	1901.819	1904.0	37.691	COMPLETED
311	id-00220	4	5	3	5	1904.0	1904.0	1904.12	1904.2953	1909.0	2.888	COMPLETED
311	id-00221	3	3	1	6	1906.0	1906.0	1906.04	1906.2085	1912.0	0.722	COMPLETED
311	id-00222	10	14	4	4	1907.0	1907.0	1907.15	1907.5496	1911.0	13.267	COMPLETED
311	id-00223	7	10	8	1	1907.0	1907.0	1907.35	1908.0	1908.0	27.938	EXPIRED
311	id-00224	1	2	10	3	1909.0	1909.0	1909.5	1909.8388	1912.0	7.722	COMPLETED
311	id-00225	9	5	7	3	1912.0	1912.0	1912.28	1912.5273	1915.0	25.72	COMPLETED
311	id-00226	3	6	1	6	1912.0	1912.0	1912.04	1912.2621	1918.0	0.722	COMPLETED
311	id-00227	8	9	9	2	1914.0	1914.0	1914.39	1914.5013	1916.0	37.155	COMPLETED
311	id-00228	9	9	5	3	1915.0	1915.0	1915.22	1915.5185	1918.0	24.357	COMPLETED
311	id-00229	9	10	6	4	1915.0	1915.0	1915.23	1915.5905	1919.0	18.958	COMPLETED
311	id-00230	7	4	7	4	1916.0	1916.0	1916.32	1916.5648	1920.0	28.561	COMPLETED
311	id-00231	10	5	6	2	1918.0	1918.0	1918.23	1918.3364	1920.0	22.511	COMPLETED
311	id-00232	6	11	10	4	1919.0	1919.0	1919.45	1919.8468	1923.0	33.214	COMPLETED
311	id-00233	9	2	2	3	1919.0	1919.0	1919.09	1919.3736	1922.0	9.964	COMPLETED
311	id-00234	8	14	1	5	1919.0	1919.0	1919.04	1919.4128	1924.0	2.679	COMPLETED
311	id-00235	10	6	8	4	1921.0	1921.0	1921.3	1921.7169	1925.0	26.533	COMPLETED
311	id-00236	8	5	9	2	1923.0	1923.0	1923.41	1923.5127	1925.0	42.925	COMPLETED
311	id-00237	6	11	3	1	1925.0	1925.0	1925.13	1926.0	1926.0	8.369	EXPIRED
311	id-00238	5	4	9	1	1925.0	1925.0	1925.38	1926.0	1926.0	15.013	EXPIRED
311	id-00239	9	5	10	1	1927.0	1927.0	1927.42	1928.0	1928.0	42.539	EXPIRED
311	id-00240	6	12	3	4	1928.0	1928.0	1928.13	1928.4922	1932.0	8.369	COMPLETED
311	id-00241	7	10	2	6	1928.0	1928.0	1928.08	1928.5193	1934.0	5.632	COMPLETED
311	id-00242	1	2	9	2	1931.0	1931.0	1931.45	1931.8054	1933.0	6.95	COMPLETED
311	id-00243	7	12	5	2	1931.0	1931.0	1931.23	1931.6066	1933.0	20.528	COMPLETED
311	id-00244	4	3	9	6	1931.0	1931.0	1931.38	1931.4817	1937.0	9.144	COMPLETED
311	id-00245	8	8	3	2	1932.0	1932.0	1932.14	1932.5024	1934.0	14.657	COMPLETED
311	id-00246	4	2	2	1	1934.0	1934.0	1934.09	1935.0	1935.0	3.863	EXPIRED
311	id-00247	7	5	4	1	1936.0	1936.0	1936.19	1937.0	1937.0	18.749	EXPIRED
311	id-00248	5	2	8	2	1937.0	1937.0	1937.38	1937.7962	1939.0	25.761	COMPLETED
311	id-00249	10	15	6	4	1937.0	1937.0	1937.23	1937.5109	1941.0	22.511	COMPLETED
311	id-00250	7	10	7	7	1939.0	1939.0	1939.33	1939.4336	1946.0	32.564	COMPLETED
311	id-00251	4	3	9	2	1939.0	1939.0	1939.41	1939.7685	1941.0	17.597	COMPLETED
311	id-00252	3	4	1	7	1940.0	1940.0	1940.05	1940.4756	1947.0	1.845	COMPLETED
311	id-00253	10	18	9	1	1941.0	1941.0	1941.36	1942.0	1942.0	38.628	EXPIRED
311	id-00254	8	2	4	7	1942.0	1942.0	1942.19	1942.3369	1949.0	21.684	COMPLETED
311	id-00255	4	2	8	7	1942.0	1942.0	1942.35	1942.5684	1949.0	11.722	COMPLETED
311	id-00256	2	4	10	3	1943.0	1943.0	1943.5	1943.6292	1946.0	15.444	COMPLETED
311	id-00257	8	15	1	5	1943.0	1943.0	1943.05	1943.3917	1948.0	5.706	COMPLETED
311	id-00258	2	2	8	5	1943.0	1943.0	1943.35	1943.7295	1948.0	4.211	COMPLETED
311	id-00259	6	3	3	2	1944.0	1944.0	1944.14	1944.3188	1946.0	11.653	COMPLETED
311	id-00260	7	8	2	1	1944.0	1944.0	1944.09	1945.0	1945.0	7.184	EXPIRED
311	id-00261	8	3	6	5	1944.0	1944.0	1944.24	1944.5749	1949.0	18.339	COMPLETED
311	id-00262	6	8	6	6	1946.0	1946.0	1946.29	1946.7439	1952.0	24.138	COMPLETED
311	id-00263	5	10	4	1	1948.0	1948.0	1948.19	1949.0	1949.0	12.88	EXPIRED
311	id-00264	1	2	10	5	1950.0	1950.0	1951.0	1951.4384	1955.0	15.444	COMPLETED
311	id-00265	1	2	4	5	1950.0	1950.0	1950.4	1950.6791	1955.0	6.178	COMPLETED
311	id-00266	3	2	8	7	1950.0	1950.0	1950.35	1950.6537	1957.0	6.317	COMPLETED
311	id-00267	7	6	1	4	1952.0	1952.0	1952.04	1952.2624	1956.0	3.193	COMPLETED
311	id-00268	8	3	5	2	1953.0	1953.0	1953.22	1953.4224	1955.0	20.959	COMPLETED
311	id-00269	3	3	4	2	1953.0	1953.0	1953.36	1953.6514	1955.0	9.891	COMPLETED
311	id-00270	3	2	2	1	1953.0	1953.0	1953.18	1954.0	1954.0	8.34	EXPIRED
311	id-00271	1	2	9	6	1955.0	1955.0	1955.45	1955.8975	1961.0	6.95	COMPLETED
311	id-00272	9	15	9	6	1956.0	1956.0	1956.39	1956.8194	1962.0	43.178	COMPLETED
311	id-00273	6	12	4	5	1957.0	1957.0	1957.18	1957.3492	1962.0	13.285	COMPLETED
311	id-00274	10	13	7	7	1959.0	1959.0	1959.52	1959.6361	1966.0	45.991	COMPLETED
311	id-00275	5	10	10	2	1959.0	1959.0	1959.74	1960.1639	1961.0	57.143	COMPLETED
311	id-00276	1	2	4	7	1961.0	1961.0	1961.2	1961.6122	1968.0	3.089	COMPLETED
311	id-00277	7	13	6	2	1964.0	1964.0	1964.29	1964.7013	1966.0	28.617	COMPLETED
311	id-00278	9	2	5	2	1966.0	1966.0	1966.21	1966.4888	1968.0	21.27	COMPLETED
311	id-00279	2	2	9	2	1966.0	1966.0	1966.67	1966.9104	1968.0	8.061	COMPLETED
311	id-00280	8	6	7	6	1966.0	1966.0	1966.52	1966.9038	1972.0	39.734	COMPLETED
311	id-00281	10	17	10	5	1968.0	1968.0	1968.74	1969.2256	1973.0	65.449	COMPLETED
311	id-00282	3	2	2	7	1968.0	1968.0	1968.15	1968.3239	1975.0	6.95	COMPLETED
311	id-00283	3	2	10	6	1969.0	1969.0	1969.48	1969.6677	1975.0	17.714	COMPLETED
311	id-00284	7	11	2	2	1970.0	1970.0	1970.1	1970.565	1972.0	10.811	COMPLETED
311	id-00285	1	2	3	2	1972.0	1972.0	1972.15	1972.5219	1974.0	2.317	COMPLETED
311	id-00286	4	8	6	6	1973.0	1973.0	1973.3	1973.5199	1979.0	18.533	COMPLETED
311	id-00287	5	9	10	5	1974.0	1974.0	1974.5	1974.9892	1979.0	38.61	COMPLETED
311	id-00288	5	5	4	2	1974.0	1974.0	1974.18	1974.5262	1976.0	10.506	COMPLETED
311	id-00289	9	16	1	2	1976.0	1976.0	1976.05	1976.3879	1978.0	6.478	COMPLETED
311	id-00290	9	2	4	6	1976.0	1976.0	1976.32	1976.5431	1982.0	29.394	COMPLETED
311	id-00291	5	5	9	4	1976.0	1976.0	1976.72	1976.8701	1980.0	55.598	COMPLETED
311	id-00292	6	2	3	3	1978.0	1978.0	1978.15	1978.2604	1981.0	13.9	COMPLETED
311	id-00293	4	5	9	5	1978.0	1978.0	1978.43	1978.7491	1983.0	22.51	COMPLETED
311	id-00294	9	4	2	7	1980.0	1980.0	1980.08	1980.1884	1987.0	8.103	COMPLETED
311	id-00295	10	2	1	6	1980.0	1980.0	1980.04	1980.2289	1986.0	5.046	COMPLETED
311	id-00296	8	9	7	6	1981.0	1981.0	1981.35	1981.6787	1987.0	43.243	COMPLETED
311	id-00297	7	9	4	5	1984.0	1984.0	1984.2	1984.535	1989.0	21.622	COMPLETED
311	id-00298	6	10	8	5	1986.0	1986.0	1986.8	1987.2351	1991.0	74.131	COMPLETED
311	id-00299	2	4	4	2	1986.0	1986.0	1986.4	1986.7644	1988.0	12.355	COMPLETED
311	id-00300	1	2	7	3	1987.0	1987.0	1987.35	1987.638	1990.0	5.405	COMPLETED
311	id-00301	2	2	2	1	1987.0	1987.0	1987.1	1988.0	1988.0	3.089	EXPIRED
311	id-00302	1	2	10	6	1988.0	1988.0	1988.5	1988.6963	1994.0	7.722	COMPLETED
311	id-00303	9	12	1	7	1991.0	1991.0	1991.04	1991.4053	1998.0	4.051	COMPLETED
311	id-00304	3	3	8	7	1992.0	1992.0	1992.4	1992.7444	1999.0	18.533	COMPLETED
311	id-00305	6	6	9	6	1993.0	1993.0	1993.45	1993.6929	1999.0	41.699	COMPLETED
311	id-00306	9	10	2	3	1993.0	1993.0	1993.08	1993.3497	1996.0	8.103	COMPLETED
311	id-00307	4	7	9	1	1995.0	1995.0	1995.45	1996.0	1996.0	27.799	EXPIRED
311	id-00308	1	2	9	7	1997.0	1997.0	1997.45	1997.7892	2004.0	6.95	COMPLETED
311	id-00309	5	4	3	3	1998.0	1998.0	1998.15	1998.6186	2001.0	11.583	COMPLETED
311	id-00310	7	4	7	7	1998.0	1998.0	1998.29	1998.7558	2005.0	20.415	COMPLETED
