303	id-00000	6	3	10	4	1700.0	1700.0	1700.45	1700.5736	1704.0	33.214	COMPLETED
303	id-00001	9	11	9	4	1700.0	1700.0	1700.38	1700.8213	1704.0	38.488	COMPLETED
303	id-00002	3	2	1	5	1702.0	1702.0	1702.05	1702.4295	1707.0	1.374	COMPLETED
303	id-00003	1	2	3	7	1703.0	1703.0	1703.15	1703.4558	1710.0	2.317	COMPLETED
303	id-00004	6	6	6	2	1703.0	1703.0	1703.27	1703.6588	1705.0	19.928	COMPLETED
303	id-00005	5	2	6	5	1703.0	1703.0	1703.25	1703.6058	1708.0	9.877	COMPLETED
303	id-00006	8	8	8	5	1705.0	1705.0	1705.36	1705.707	1710.0	37.691	COMPLETED
303	id-00007	2	3	9	4	1706.0	1706.0	1706.45	1706.6785	1710.0	13.9	COMPLETED
303	id-00008	5	8	2	6	1709.0	1709.0	1709.09	1709.5783	1715.0	5.253	COMPLETED
303	id-00009	3	4	5	1	1711.0	1711.0	1711.23	1712.0	1712.0	6.319	EXPIRED
303	id-00010	8	15	2	7	1711.0	1711.0	1711.09	1711.5322	1718.0	8.574	COMPLETED
303	id-00011	3	3	6	7	1712.0	1712.0	1712.27	1712.7385	1719.0	7.419	COMPLETED
303	id-00012	10	20	4	4	1714.0	1714.0	1714.18	1714.4753	1718.0	24.405	COMPLETED
303	id-00013	3	4	8	4	1715.0	1715.0	1715.73	1716.0377	1719.0	20.057	COMPLETED
303	id-00014	2	3	2	5	1715.0	1715.0	1715.18	1715.3497	1720.0	5.56	COMPLETED
303	id-00015	4	7	8	4	1717.0	1717.0	1717.36	1717.7822	1721.0	15.451	COMPLETED
303	id-00016	9	6	6	7	1719.0	1719.0	1719.27	1719.3939	1726.0	32.438	COMPLETED
303	id-00017	4	5	3	3	1720.0	1720.0	1720.27	1720.435	1723.0	11.588	COMPLETED
303	id-00018	1	2	10	1	1720.0	1720.0	1720.91	1721.0	1721.0	14.054	EXPIRED
303	id-00019	4	8	1	2	1722.0	1722.0	1722.05	1722.3009	1724.0	2.146	COMPLETED
303	id-00020	10	14	6	7	1722.0	1722.0	1722.27	1722.5244	1729.0	36.608	COMPLETED
303	id-00021	6	11	7	2	1722.0	1722.0	1722.35	1722.4879	1724.0	32.432	COMPLETED
303	id-00022	6	9	5	6	1724.0	1724.0	1724.23	1724.3429	1730.0	16.976	COMPLETED
303	id-00023	3	5	2	4	1725.0	1725.0	1725.1	1725.4576	1729.0	3.69	COMPLETED
303	id-00024	1	2	7	2	1726.0	1726.0	1726.35	1726.537	1728.0	5.405	COMPLETED
303	id-00025	6	11	1	7	1726.0	1726.0	1726.1	1726.465	1733.0	8.324	COMPLETED
303	id-00026	2	3	8	6	1726.0	1726.0	1726.76	1727.1015	1732.0	23.475	COMPLETED
303	id-00027	4	5	2	1	1728.0	1728.0	1728.1	1729.0	1729.0	5.235	EXPIRED
303	id-00028	10	19	1	3	1728.0	1728.0	1728.04	1728.3625	1731.0	5.046	COMPLETED
303	id-00029	8	12	3	1	1729.0	1729.0	1729.14	1730.0	1730.0	15.977	EXPIRED
303	id-00030	7	3	5	6	1732.0	1732.0	1732.24	1732.4551	1738.0	23.683	COMPLETED
303	id-00031	10	19	6	7	1732.0	1732.0	1732.26	1732.7592	1739.0	32.801	COMPLETED
303	id-00032	6	11	5	5	1732.0	1732.0	1732.24	1732.6977	1737.0	19.977	COMPLETED
303	id-00033	3	2	1	6	1733.0	1733.0	1733.05	1733.3423	1739.0	1.845	COMPLETED
303	id-00034	6	6	1	5	1735.0	1735.0	1735.1	1735.587	1740.0	8.324	COMPLETED
303	id-00035	2	4	3	3	1735.0	1735.0	1735.29	1735.6477	1738.0	8.958	COMPLETED
303	id-00036	8	7	1	2	1736.0	1736.0	1736.05	1736.5278	1738.0	5.706	COMPLETED
303	id-00037	2	2	1	7	1739.0	1739.0	1739.05	1739.3341	1746.0	1.073	COMPLETED
303	id-00038	5	8	1	1	1740.0	1740.0	1740.05	1741.0	1741.0	3.39	EXPIRED
303	id-00039	7	7	6	2	1740.0	1740.0	1740.48	1740.9374	1742.0	29.265	COMPLETED
303	id-00040	2	3	8	4	1740.0	1740.0	1740.64	1740.8704	1744.0	19.768	COMPLETED
303	id-00041	5	7	2	7	1741.0	1741.0	1741.1	1741.4974	1748.0	6.779	COMPLETED
303	id-00042	3	6	2	7	1743.0	1743.0	1743.1	1743.3314	1750.0	3.69	COMPLETED
303	id-00043	6	4	3	1	1743.0	1743.0	1743.12	1744.0	1744.0	5.463	EXPIRED
303	id-00044	5	8	1	2	1747.0	1747.0	1747.05	1747.3066	1749.0	3.39	COMPLETED
303	id-00045	8	16	7	1	1748.0	1748.0	1748.33	1749.0	1749.0	37.661	EXPIRED
303	id-00046	8	8	4	1	1748.0	1748.0	1748.18	1749.0	1749.0	18.845	EXPIRED
303	id-00047	7	13	2	4	1750.0	1750.0	1750.1	1750.4841	1754.0	9.868	COMPLETED
303	id-00048	6	11	4	1	1753.0	1753.0	1753.19	1754.0	1754.0	15.815	EXPIRED
303	id-00049	10	6	5	3	1754.0	1754.0	1754.23	1754.4368	1757.0	31.184	COMPLETED
303	id-00050	10	11	5	4	1754.0	1754.0	1754.22	1754.7118	1758.0	27.754	COMPLETED
303	id-00051	6	3	6	2	1755.0	1755.0	1755.29	1755.6996	1757.0	24.138	COMPLETED
303	id-00052	7	11	10	5	1755.0	1755.0	1755.43	1755.5808	1760.0	34.324	COMPLETED
303	id-00053	2	4	4	1	1757.0	1757.0	1757.2	1758.0	1758.0	6.178	EXPIRED
303	id-00054	8	14	4	3	1757.0	1757.0	1757.19	1757.4501	1760.0	21.684	COMPLETED
303	id-00055	2	2	8	5	1759.0	1759.0	1759.4	1759.551	1764.0	12.355	COMPLETED
303	id-00056	9	6	6	2	1759.0	1759.0	1759.26	1759.5319	1761.0	28.785	COMPLETED
303	id-00057	6	4	10	6	1760.0	1760.0	1760.45	1760.9383	1766.0	33.214	COMPLETED
303	id-00058	7	6	8	3	1760.0	1760.0	1760.36	1760.6893	1763.0	32.131	COMPLETED
303	id-00059	10	18	3	2	1763.0	1763.0	1763.14	1763.2656	1765.0	18.982	COMPLETED
303	id-00060	4	8	1	5	1764.0	1764.0	1764.05	1764.1729	1769.0	2.146	COMPLETED
303	id-00061	3	6	7	4	1765.0	1765.0	1765.3	1765.5699	1769.0	5.414	COMPLETED
303	id-00062	5	10	1	7	1767.0	1767.0	1767.04	1767.4224	1774.0	1.957	COMPLETED
303	id-00063	1	2	3	7	1768.0	1768.0	1768.15	1768.403	1775.0	2.317	COMPLETED
303	id-00064	4	7	10	4	1768.0	1768.0	1768.43	1768.7489	1772.0	14.402	COMPLETED
303	id-00065	3	4	8	3	1769.0	1769.0	1769.35	1769.6798	1772.0	6.317	COMPLETED
303	id-00066	4	6	8	4	1770.0	1770.0	1770.36	1770.6055	1774.0	15.451	COMPLETED
303	id-00067	6	12	2	1	1773.0	1773.0	1773.09	1774.0	1774.0	6.643	EXPIRED
303	id-00068	4	3	1	4	1774.0	1774.0	1774.05	1774.2225	1778.0	2.146	COMPLETED
303	id-00069	7	5	2	7	1774.0	1774.0	1774.08	1774.2645	1781.0	5.632	COMPLETED
303	id-00070	6	12	6	4	1775.0	1775.0	1775.29	1775.6417	1779.0	24.138	COMPLETED
303	id-00071	6	3	10	6	1777.0	1777.0	1777.48	1777.7072	1783.0	39.953	COMPLETED
303	id-00072	9	14	6	5	1778.0	1778.0	1778.24	1778.7303	1783.0	22.045	COMPLETED
303	id-00073	8	5	9	3	1779.0	1779.0	1779.43	1779.8337	1782.0	49.073	COMPLETED
303	id-00074	8	12	9	3	1780.0	1780.0	1780.43	1780.5377	1783.0	49.073	COMPLETED
303	id-00075	9	16	5	6	1780.0	1780.0	1780.19	1780.3193	1786.0	15.661	COMPLETED
303	id-00076	4	8	6	5	1780.0	1780.0	1780.26	1780.3926	1785.0	8.708	COMPLETED
303	id-00077	9	9	5	1	1782.0	1782.0	1782.19	1783.0	1783.0	15.661	EXPIRED
303	id-00078	4	5	2	6	1783.0	1783.0	1783.1	1783.449	1789.0	5.235	COMPLETED
303	id-00079	10	7	4	2	1783.0	1783.0	1783.35	1783.5027	1785.0	44.155	COMPLETED
303	id-00080	5	5	5	3	1783.0	1783.0	1783.43	1783.8453	1786.0	33.205	COMPLETED
303	id-00081	9	9	4	7	1785.0	1785.0	1785.17	1785.3688	1792.0	17.218	COMPLETED
303	id-00082	8	14	7	6	1787.0	1787.0	1787.35	1787.4522	1793.0	43.243	COMPLETED
303	id-00083	8	8	5	4	1787.0	1787.0	1787.21	1787.5014	1791.0	18.026	COMPLETED
303	id-00084	8	10	4	7	1788.0	1788.0	1788.2	1788.3178	1795.0	24.71	COMPLETED
303	id-00085	7	12	1	1	1788.0	1788.0	1788.04	1789.0	1789.0	2.816	EXPIRED
303	id-00086	7	14	2	3	1792.0	1792.0	1792.1	1792.5734	1795.0	10.811	COMPLETED
303	id-00087	7	11	5	7	1792.0	1792.0	1792.2	1792.5274	1799.0	12.194	COMPLETED
303	id-00088	8	5	1	2	1792.0	1792.0	1792.04	1792.4005	1794.0	3.056	COMPLETED
303	id-00089	2	3	9	3	1794.0	1794.0	1794.45	1794.5578	1797.0	13.9	COMPLETED
303	id-00090	4	8	4	2	1795.0	1795.0	1795.4	1795.6309	1797.0	24.71	COMPLETED
303	id-00091	2	3	6	4	1795.0	1795.0	1795.6	1795.951	1799.0	18.533	COMPLETED
303	id-00092	2	2	9	4	1796.0	1796.0	1796.45	1796.6923	1800.0	13.9	COMPLETED
303	id-00093	1	2	2	3	1796.0	1796.0	1796.1	1796.3019	1799.0	1.544	COMPLETED
303	id-00094	5	2	10	3	1798.0	1798.0	1798.5	1798.8298	1801.0	38.61	COMPLETED
303	id-00095	9	9	6	4	1799.0	1799.0	1799.22	1799.418	1803.0	16.06	COMPLETED
303	id-00096	7	7	4	3	1802.0	1802.0	1802.2	1802.327	1805.0	21.622	COMPLETED
303	id-00097	9	17	4	5	1802.0	1802.0	1802.15	1802.6033	1807.0	10.95	COMPLETED
303	id-00098	1	2	6	6	1803.0	1803.0	1803.6	1803.7162	1809.0	9.266	COMPLETED
303	id-00099	1	2	2	1	1803.0	1803.0	1803.2	1804.0	1804.0	3.089	EXPIRED
303	id-00100	5	4	6	6	1805.0	1805.0	1805.29	1805.444	1811.0	19.66	COMPLETED
303	id-00101	2	4	7	1	1806.0	1806.0	1806.35	1807.0	1807.0	10.811	EXPIRED
303	id-00102	6	3	8	4	1807.0	1807.0	1807.38	1807.6399	1811.0	31.63	COMPLETED
303	id-00103	7	6	3	2	1808.0	1808.0	1808.14	1808.5244	1810.0	13.815	COMPLETED
303	id-00104	9	14	6	7	1808.0	1808.0	1808.22	1808.3592	1815.0	16.06	COMPLETED
303	id-00105	10	12	7	5	1813.0	1813.0	1813.56	1813.8354	1818.0	60.088	COMPLETED
303	id-00106	3	3	5	5	1813.0	1813.0	1813.4	1813.7927	1818.0	18.533	COMPLETED
303	id-00107	2	4	10	7	1814.0	1814.0	1814.5	1814.8726	1821.0	15.444	COMPLETED
303	id-00108	8	14	6	6	1822.0	1822.0	1822.3	1822.7591	1828.0	37.066	COMPLETED
303	id-00109	5	2	8	7	1824.0	1824.0	1824.8	1825.0936	1831.0	61.776	COMPLETED
303	id-00110	3	6	9	6	1824.0	1824.0	1824.9	1825.0353	1830.0	41.699	COMPLETED
303	id-00111	4	5	5	5	1824.0	1824.0	1824.17	1824.4767	1829.0	4.091	COMPLETED
303	id-00112	2	4	3	4	1827.0	1827.0	1827.15	1827.6257	1831.0	4.633	COMPLETED
303	id-00113	8	8	9	1	1827.0	1827.0	1827.45	1828.0	1828.0	55.598	EXPIRED
303	id-00114	4	5	6	5	1827.0	1827.0	1827.23	1827.722	1832.0	5.535	COMPLETED
303	id-00115	5	3	3	4	1828.0	1828.0	1828.15	1828.4802	1832.0	11.583	COMPLETED
303	id-00116	5	10	2	7	1828.0	1828.0	1828.08	1828.4579	1835.0	2.406	COMPLETED
303	id-00117	10	11	5	2	1829.0	1829.0	1829.38	1829.7474	1831.0	37.191	COMPLETED
303	id-00118	1	2	2	6	1829.0	1829.0	1829.15	1829.528	1835.0	2.317	COMPLETED
303	id-00119	7	13	3	7	1829.0	1829.0	1829.12	1829.3623	1836.0	6.185	COMPLETED
303	id-00120	5	6	3	4	1830.0	1830.0	1830.3	1830.5947	1834.0	23.166	COMPLETED
303	id-00121	2	2	10	4	1830.0	1830.0	1831.0	1831.4822	1834.0	30.888	COMPLETED
303	id-00122	8	8	9	7	1831.0	1831.0	1831.45	1831.5523	1838.0	55.598	COMPLETED
303	id-00123	10	12	10	1	1832.0	1832.0	1832.74	1833.0	1833.0	65.449	EXPIRED
303	id-00124	4	7	2	2	1832.0	1832.0	1832.15	1832.3168	1834.0	9.266	COMPLETED
303	id-00125	8	9	9	5	1833.0	1833.0	1833.45	1833.6754	1838.0	55.598	COMPLETED
303	id-00126	2	4	1	5	1833.0	1833.0	1833.08	1833.3934	1838.0	0.963	COMPLETED
303	id-00127	7	8	3	4	1833.0	1833.0	1833.25	1833.453	1837.0	22.313	COMPLETED
303	id-00128	9	9	7	3	1835.0	1835.0	1835.29	1835.5037	1838.0	29.372	COMPLETED
303	id-00129	3	6	9	4	1836.0	1836.0	1836.45	1836.6859	1840.0	20.849	COMPLETED
303	id-00130	7	6	10	4	1837.0	1837.0	1837.5	1837.8155	1841.0	54.054	COMPLETED
303	id-00131	3	5	8	6	1837.0	1837.0	1837.33	1837.445	1843.0	5.956	COMPLETED
303	id-00132	6	4	7	4	1838.0	1838.0	1838.35	1838.8348	1842.0	32.432	COMPLETED
303	id-00133	7	5	9	3	1839.0	1839.0	1839.45	1839.6408	1842.0	48.649	COMPLETED
303	id-00134	1	2	2	6	1841.0	1841.0	1841.1	1841.3629	1847.0	1.544	COMPLETED
303	id-00135	7	3	2	3	1842.0	1842.0	1842.1	1842.4538	1845.0	9.868	COMPLETED
303	id-00136	8	16	8	7	1845.0	1845.0	1845.4	1845.6443	1852.0	49.421	COMPLETED
303	id-00137	10	12	1	4	1845.0	1845.0	1845.07	1845.2776	1849.0	6.191	COMPLETED
303	id-00138	1	2	1	4	1845.0	1845.0	1845.07	1845.3653	1849.0	1.081	COMPLETED
303	id-00139	6	6	7	2	1845.0	1845.0	1845.56	1845.9705	1847.0	25.493	COMPLETED
303	id-00140	4	6	5	7	1845.0	1845.0	1845.4	1845.6293	1852.0	24.71	COMPLETED
303	id-00141	3	6	9	7	1846.0	1846.0	1846.45	1846.6554	1853.0	20.849	COMPLETED
303	id-00142	6	5	9	5	1848.0	1848.0	1848.45	1848.7344	1853.0	41.699	COMPLETED
303	id-00143	9	14	4	4	1849.0	1849.0	1849.16	1849.5384	1853.0	14.697	COMPLETED
303	id-00144	1	2	10	5	1850.0	1850.0	1850.5	1850.9543	1855.0	7.722	COMPLETED
303	id-00145	3	4	10	3	1850.0	1850.0	1850.5	1850.7739	1853.0	23.166	COMPLETED
303	id-00146	7	3	1	6	1851.0	1851.0	1851.05	1851.1834	1857.0	5.405	COMPLETED
303	id-00147	7	10	4	2	1852.0	1852.0	1852.2	1852.4562	1854.0	21.622	COMPLETED
303	id-00148	7	13	1	6	1852.0	1852.0	1852.04	1852.4703	1858.0	2.439	COMPLETED
303	id-00149	3	6	10	4	1852.0	1852.0	1852.4	1852.7805	1856.0	7.219	COMPLETED
303	id-00150	5	8	8	2	1853.0	1853.0	1853.4	1853.8543	1855.0	30.888	COMPLETED
303	id-00151	6	8	10	3	1855.0	1855.0	1855.5	1855.9252	1858.0	46.332	COMPLETED
303	id-00152	9	17	7	3	1856.0	1856.0	1856.28	1856.4861	1859.0	25.72	COMPLETED
303	id-00153	10	6	5	7	1858.0	1858.0	1858.2	1858.5186	1865.0	21.46	COMPLETED
303	id-00154	5	10	6	4	1861.0	1861.0	1861.3	1861.716	1865.0	23.166	COMPLETED
303	id-00155	9	17	2	1	1861.0	1861.0	1861.08	1862.0	1862.0	8.103	EXPIRED
303	id-00156	10	3	8	3	1861.0	1861.0	1861.64	1861.795	1864.0	68.672	COMPLETED
303	id-00157	1	2	8	6	1861.0	1861.0	1861.64	1862.1139	1867.0	9.884	COMPLETED
303	id-00158	9	13	8	5	1862.0	1862.0	1862.33	1862.5503	1867.0	33.424	COMPLETED
303	id-00159	10	4	8	1	1863.0	1863.0	1863.32	1864.0	1864.0	34.336	EXPIRED
303	id-00160	10	7	4	4	1865.0	1865.0	1865.16	1865.567	1869.0	17.168	COMPLETED
303	id-00161	4	8	2	7	1866.0	1866.0	1866.2	1866.3341	1873.0	12.355	COMPLETED
303	id-00162	1	2	10	6	1866.0	1866.0	1867.0	1867.3324	1872.0	15.444	COMPLETED
303	id-00163	8	16	8	4	1868.0	1868.0	1868.4	1868.5317	1872.0	49.421	COMPLETED
303	id-00164	6	8	3	7	1871.0	1871.0	1871.14	1871.4271	1878.0	10.333	COMPLETED
303	id-00165	5	6	5	3	1871.0	1871.0	1871.2	1871.692	1874.0	6.016	COMPLETED
303	id-00166	9	2	5	3	1872.0	1872.0	1872.2	1872.5607	1875.0	18.371	COMPLETED
303	id-00167	8	6	8	4	1874.0	1874.0	1874.36	1874.657	1878.0	37.691	COMPLETED
303	id-00168	9	15	7	7	1874.0	1874.0	1874.28	1874.4753	1881.0	25.72	COMPLETED
303	id-00169	3	5	4	4	1875.0	1875.0	1875.18	1875.3037	1879.0	4.946	COMPLETED
303	id-00170	4	5	6	1	1876.0	1876.0	1876.27	1877.0	1877.0	11.588	EXPIRED
303	id-00171	8	13	9	2	1878.0	1878.0	1878.41	1878.8904	1880.0	42.925	COMPLETED
303	id-00172	9	11	2	5	1878.0	1878.0	1878.08	1878.3826	1883.0	7.348	COMPLETED
303	id-00173	7	3	9	2	1878.0	1878.0	1878.75	1878.8693	1880.0	52.797	COMPLETED
303	id-00174	4	6	8	6	1878.0	1878.0	1878.67	1878.8383	1884.0	41.39	COMPLETED
303	id-00175	7	6	8	1	1880.0	1880.0	1880.36	1881.0	1881.0	32.131	EXPIRED
303	id-00176	8	12	10	1	1880.0	1880.0	1880.37	1881.0	1881.0	21.296	EXPIRED
303	id-00177	10	2	9	3	1880.0	1880.0	1880.36	1880.7773	1883.0	38.628	COMPLETED
303	id-00178	1	2	9	6	1881.0	1881.0	1881.45	1881.5534	1887.0	6.95	COMPLETED
303	id-00179	5	7	6	1	1881.0	1881.0	1881.27	1882.0	1882.0	15.758	EXPIRED
303	id-00180	5	7	5	7	1881.0	1881.0	1881.19	1881.6087	1888.0	5.715	COMPLETED
303	id-00181	10	5	8	1	1885.0	1885.0	1885.32	1886.0	1886.0	34.336	EXPIRED
303	id-00182	7	9	6	4	1885.0	1885.0	1885.26	1885.4832	1889.0	20.754	COMPLETED
303	id-00183	8	3	2	7	1886.0	1886.0	1886.08	1886.3581	1893.0	6.867	COMPLETED
303	id-00184	2	2	4	5	1887.0	1887.0	1887.2	1887.3455	1892.0	6.178	COMPLETED
303	id-00185	6	7	4	1	1887.0	1887.0	1887.17	1888.0	1888.0	9.342	EXPIRED
303	id-00186	8	6	5	5	1888.0	1888.0	1888.21	1888.3451	1893.0	18.026	COMPLETED
303	id-00187	7	10	10	4	1890.0	1890.0	1890.42	1890.6054	1894.0	29.566	COMPLETED
303	id-00188	8	11	9	2	1890.0	1890.0	1890.35	1890.626	1892.0	23.444	COMPLETED
303	id-00189	8	7	2	5	1893.0	1893.0	1893.08	1893.3316	1898.0	6.867	COMPLETED
303	id-00190	10	18	1	2	1895.0	1895.0	1895.08	1895.4929	1897.0	8.584	COMPLETED
303	id-00191	2	3	9	7	1895.0	1895.0	1895.72	1896.1122	1902.0	22.239	COMPLETED
303	id-00192	10	10	2	3	1895.0	1895.0	1895.09	1895.5382	1898.0	11.354	COMPLETED
303	id-00193	3	5	3	1	1896.0	1896.0	1896.12	1897.0	1897.0	2.166	EXPIRED
303	id-00194	9	12	2	1	1898.0	1898.0	1898.08	1899.0	1899.0	8.103	EXPIRED
303	id-00195	7	4	8	3	1898.0	1898.0	1898.32	1898.449	1901.0	19.51	COMPLETED
303	id-00196	2	4	7	2	1899.0	1899.0	1899.35	1899.8066	1901.0	10.811	COMPLETED
303	id-00197	7	9	6	6	1900.0	1900.0	1900.25	1900.6013	1906.0	17.599	COMPLETED
303	id-00198	6	2	2	1	1900.0	1900.0	1900.08	1901.0	1901.0	2.888	EXPIRED
303	id-00199	6	5	7	3	1901.0	1901.0	1901.29	1901.5453	1904.0	15.936	COMPLETED
303	id-00200	5	2	1	3	1903.0	1903.0	1903.08	1903.4214	1906.0	3.161	COMPLETED
303	id-00201	3	3	1	1	1903.0	1903.0	1903.08	1904.0	1904.0	3.707	EXPIRED
303	id-00202	6	11	1	2	1904.0	1904.0	1904.04	1904.2912	1906.0	2.198	COMPLETED
303	id-00203	10	7	4	3	1905.0	1905.0	1905.15	1905.6402	1908.0	13.267	COMPLETED
303	id-00204	5	9	8	6	1906.0	1906.0	1906.7	1906.9718	1912.0	34.255	COMPLETED
303	id-00205	1	2	5	1	1906.0	1906.0	1906.43	1907.0	1907.0	6.641	EXPIRED
303	id-00206	7	12	2	3	1909.0	1909.0	1909.09	1909.3438	1912.0	7.184	COMPLETED
303	id-00207	10	6	3	7	1910.0	1910.0	1910.12	1910.4107	1917.0	12.876	COMPLETED
303	id-00208	10	2	5	1	1913.0	1913.0	1913.2	1914.0	1914.0	21.46	EXPIRED
303	id-00209	1	2	5	1	1914.0	1914.0	1914.25	1915.0	1915.0	3.861	EXPIRED
303	id-00210	7	4	9	5	1917.0	1917.0	1917.41	1917.7985	1922.0	36.593	COMPLETED
303	id-00211	10	17	6	4	1918.0	1918.0	1918.46	1918.8069	1922.0	45.021	COMPLETED
303	id-00212	2	2	4	2	1918.0	1918.0	1918.31	1918.6751	1920.0	9.575	COMPLETED
303	id-00213	2	3	7	3	1919.0	1919.0	1919.35	1919.4853	1922.0	10.811	COMPLETED
303	id-00214	2	2	10	7	1920.0	1920.0	1920.5	1920.7304	1927.0	15.444	COMPLETED
303	id-00215	5	3	4	7	1920.0	1920.0	1920.18	1920.5364	1927.0	10.506	COMPLETED
303	id-00216	6	7	8	2	1922.0	1922.0	1922.36	1922.4794	1924.0	26.571	COMPLETED
303	id-00217	2	3	4	5	1923.0	1923.0	1923.2	1923.4904	1928.0	6.178	COMPLETED
303	id-00218	6	4	5	5	1923.0	1923.0	1923.23	1923.7217	1928.0	16.976	COMPLETED
303	id-00219	7	6	10	1	1925.0	1925.0	1925.43	1926.0	1926.0	34.324	EXPIRED
303	id-00220	5	2	7	3	1926.0	1926.0	1926.3	1926.6086	1929.0	14.681	COMPLETED
303	id-00221	1	2	5	7	1927.0	1927.0	1927.25	1927.6641	1934.0	3.861	COMPLETED
303	id-00222	10	15	3	1	1927.0	1927.0	1927.12	1928.0	1928.0	11.745	EXPIRED
303	id-00223	8	13	9	2	1927.0	1927.0	1927.75	1928.0814	1929.0	64.38	COMPLETED
303	id-00224	6	10	1	6	1927.0	1927.0	1927.08	1927.4028	1933.0	7.413	COMPLETED
303	id-00225	9	18	9	2	1927.0	1927.0	1927.45	1927.7363	1929.0	62.548	COMPLETED
303	id-00226	1	2	1	5	1928.0	1928.0	1928.05	1928.4205	1933.0	0.772	COMPLETED
303	id-00227	8	8	4	5	1928.0	1928.0	1928.17	1928.5591	1933.0	16.196	COMPLETED
303	id-00228	6	12	5	3	1928.0	1928.0	1928.21	1928.4351	1931.0	11.54	COMPLETED
303	id-00229	4	2	9	1	1929.0	1929.0	1929.39	1930.0	1930.0	13.062	EXPIRED
303	id-00230	9	17	4	7	1929.0	1929.0	1929.17	1929.3142	1936.0	17.218	COMPLETED
303	id-00231	6	8	2	3	1930.0	1930.0	1930.09	1930.4624	1933.0	6.643	COMPLETED
303	id-00232	6	10	8	6	1934.0	1934.0	1934.36	1934.5987	1940.0	26.571	COMPLETED
303	id-00233	3	2	5	7	1935.0	1935.0	1935.24	1935.4711	1942.0	8.857	COMPLETED
303	id-00234	6	3	8	7	1937.0	1937.0	1937.38	1937.6079	1944.0	31.63	COMPLETED
303	id-00235	6	7	1	6	1938.0	1938.0	1938.05	1938.5377	1944.0	4.162	COMPLETED
303	id-00236	4	2	7	3	1938.0	1938.0	1938.32	1938.4656	1941.0	13.734	COMPLETED
303	id-00237	6	12	8	7	1941.0	1941.0	1941.38	1941.8428	1948.0	31.63	COMPLETED
303	id-00238	1	2	2	4	1943.0	1943.0	1943.1	1943.5564	1947.0	1.544	COMPLETED
303	id-00239	4	2	9	4	1943.0	1943.0	1943.43	1943.8636	1947.0	22.51	COMPLETED
303	id-00240	1	2	3	2	1944.0	1944.0	1944.15	1944.2706	1946.0	2.317	COMPLETED
303	id-00241	7	7	1	3	1944.0	1944.0	1944.05	1944.2041	1947.0	4.934	COMPLETED
303	id-00242	6	10	6	5	1945.0	1945.0	1945.29	1945.5387	1950.0	24.138	COMPLETED
303	id-00243	4	7	4	2	1946.0	1946.0	1946.19	1946.5031	1948.0	9.946	COMPLETED
303	id-00244	1	2	7	6	1948.0	1948.0	1948.35	1948.567	1954.0	5.405	COMPLETED
303	id-00245	4	6	7	6	1949.0	1949.0	1949.67	1949.9401	1955.0	35.073	COMPLETED
303	id-00246	4	3	5	5	1949.0	1949.0	1949.48	1949.6509	1954.0	29.652	COMPLETED
303	id-00247	2	4	7	7	1949.0	1949.0	1949.29	1949.4175	1956.0	3.489	COMPLETED
303	id-00248	6	7	6	5	1950.0	1950.0	1950.26	1950.4593	1955.0	16.739	COMPLETED
303	id-00249	1	2	7	4	1951.0	1951.0	1951.35	1951.8119	1955.0	5.405	COMPLETED
303	id-00250	2	4	4	6	1953.0	1953.0	1953.2	1953.6733	1959.0	6.178	COMPLETED
303	id-00251	10	3	7	7	1953.0	1953.0	1953.28	1953.5224	1960.0	30.044	COMPLETED
303	id-00252	4	8	6	6	1956.0	1956.0	1956.27	1956.6798	1962.0	11.588	COMPLETED
303	id-00253	9	9	7	7	1958.0	1958.0	1958.3	1958.736	1965.0	33.214	COMPLETED
303	id-00254	1	2	3	5	1960.0	1960.0	1960.15	1960.3515	1965.0	2.317	COMPLETED
303	id-00255	5	8	3	2	1960.0	1960.0	1960.14	1960.6195	1962.0	9.491	COMPLETED
303	id-00256	3	2	9	3	1962.0	1962.0	1962.86	1963.2694	1965.0	31.737	COMPLETED
303	id-00257	3	5	9	6	1962.0	1962.0	1962.86	1963.3148	1968.0	39.846	COMPLETED
303	id-00258	10	17	5	5	1963.0	1963.0	1963.37	1963.8485	1968.0	32.724	COMPLETED
303	id-00259	3	4	6	5	1963.0	1963.0	1963.44	1963.6285	1968.0	20.386	COMPLETED
303	id-00260	5	6	1	6	1965.0	1965.0	1965.05	1965.4216	1971.0	3.39	COMPLETED
303	id-00261	10	12	8	2	1965.0	1965.0	1965.3	1965.4936	1967.0	26.533	COMPLETED
303	id-00262	1	2	6	4	1966.0	1966.0	1966.3	1966.7871	1970.0	4.633	COMPLETED
303	id-00263	3	2	1	2	1967.0	1967.0	1967.05	1967.1824	1969.0	1.845	COMPLETED
303	id-00264	3	5	8	4	1969.0	1969.0	1969.76	1970.1563	1973.0	28.047	COMPLETED
303	id-00265	3	4	4	3	1969.0	1969.0	1969.38	1969.5349	1972.0	17.606	COMPLETED
303	id-00266	1	2	1	2	1970.0	1970.0	1970.05	1970.225	1972.0	0.772	COMPLETED
303	id-00267	8	9	3	5	1973.0	1973.0	1973.15	1973.338	1978.0	18.533	COMPLETED
303	id-00268	4	3	6	4	1973.0	1973.0	1973.27	1973.4517	1977.0	11.588	COMPLETED
303	id-00269	6	5	2	2	1973.0	1973.0	1973.08	1973.4104	1975.0	3.642	COMPLETED
303	id-00270	10	19	9	1	1974.0	1974.0	1974.36	1975.0	1975.0	38.628	EXPIRED
303	id-00271	2	2	6	7	1975.0	1975.0	1975.3	1975.5548	1982.0	9.266	COMPLETED
303	id-00272	5	10	8	2	1975.0	1975.0	1975.4	1975.6579	1977.0	30.888	COMPLETED
303	id-00273	3	2	6	7	1976.0	1976.0	1976.6	1976.8779	1983.0	27.799	COMPLETED
303	id-00274	5	8	6	1	1976.0	1976.0	1976.6	1977.0	1977.0	46.332	EXPIRED
303	id-00275	1	2	2	3	1977.0	1977.0	1977.1	1977.4521	1980.0	1.544	COMPLETED
303	id-00276	9	16	9	3	1979.0	1979.0	1979.43	1979.7669	1982.0	55.714	COMPLETED
303	id-00277	1	2	9	3	1979.0	1979.0	1979.72	1980.0091	1982.0	4.332	COMPLETED
303	id-00278	4	6	10	6	1979.0	1979.0	1979.8	1980.1359	1985.0	19.251	COMPLETED
303	id-00279	1	2	8	4	1980.0	1980.0	1980.4	1980.8394	1984.0	6.178	COMPLETED
303	id-00280	1	2	3	4	1981.0	1981.0	1981.15	1981.5371	1985.0	2.317	COMPLETED
303	id-00281	9	18	10	6	1981.0	1981.0	1981.42	1981.7344	1987.0	42.539	COMPLETED
303	id-00282	1	2	5	5	1984.0	1984.0	1984.25	1984.5011	1989.0	3.861	COMPLETED
303	id-00283	2	4	8	7	1984.0	1984.0	1984.4	1984.5628	1991.0	12.355	COMPLETED
303	id-00284	10	4	1	7	1984.0	1984.0	1984.04	1984.4422	1991.0	5.046	COMPLETED
303	id-00285	10	6	7	4	1988.0	1988.0	1988.3	1988.7213	1992.0	37.847	COMPLETED
303	id-00286	2	2	10	5	1990.0	1990.0	1990.48	1990.7732	1995.0	10.301	COMPLETED
303	id-00287	3	6	4	5	1990.0	1990.0	1990.2	1990.6296	1995.0	9.266	COMPLETED
303	id-00288	8	10	2	4	1990.0	1990.0	1990.08	1990.3976	1994.0	6.867	COMPLETED
303	id-00289	3	3	2	5	1991.0	1991.0	1991.1	1991.343	1996.0	4.633	COMPLETED
303	id-00290	10	6	2	2	1991.0	1991.0	1991.09	1991.3825	1993.0	11.354	COMPLETED
303	id-00291	2	4	7	4	1992.0	1992.0	1992.33	1992.5874	1996.0	7.082	COMPLETED
303	id-00292	2	2	1	4	1993.0	1993.0	1993.05	1993.1988	1997.0	1.073	COMPLETED
303	id-00293	5	10	7	4	1997.0	1997.0	1997.7	1997.8625	2001.0	54.054	COMPLETED
303	id-00294	1	2	9	5	1997.0	1997.0	1997.9	1998.1228	2002.0	13.9	COMPLETED
303	id-00295	5	9	9	4	1998.0	1998.0	1998.9	1999.3832	2002.0	69.498	COMPLETED
303	id-00296	2	3	10	4	1998.0	1998.0	1999.0	1999.314	2002.0	30.888	COMPLETED
303	id-00297	4	6	2	6	1998.0	1998.0	1998.08	1998.5556	2004.0	1.925	COMPLETED
303	id-00298	8	15	3	2	1999.0	1999.0	1999.15	1999.349	2001.0	18.533	COMPLETED
303	id-00299	4	7	5	5	1999.0	1999.0	1999.21	1999.4881	2004.0	5.053	COMPLETED
303	id-00300	9	5	9	5	2000.0	2000.0	2000.36	2000.5925	2005.0	33.068	COMPLETED
303	id-00301	7	6	9	6	2000.0	2000.0	2000.35	2000.7441	2006.0	18.039	COMPLETED
303	id-00302	9	3	3	5	2001.0	2001.0	2001.12	2006.0	2006.0	None	SUBMITTED
