6.365776062011719e-05
4.124641418457031e-05
4.9114227294921875e-05
4.2438507080078125e-05
4.649162292480469e-05
4.9114227294921875e-05
5.2928924560546875e-05
3.0040740966796875e-05
6.4849853515625e-05
4.5299530029296875e-05
0.0003521442413330078
4.38690185546875e-05
3.9577484130859375e-05
5.030632019042969e-05
6.389617919921875e-05
4.3392181396484375e-05
4.673004150390625e-05
5.316734313964844e-05
3.933906555175781e-05
5.936622619628906e-05
4.1484832763671875e-05
5.030632019042969e-05
3.1948089599609375e-05
4.00543212890625e-05
5.7697296142578125e-05
3.4809112548828125e-05
4.3392181396484375e-05
4.172325134277344e-05
4.363059997558594e-05
5.1975250244140625e-05
4.506111145019531e-05
4.863739013671875e-05
5.14984130859375e-05
5.364418029785156e-05
6.0558319091796875e-05
5.650520324707031e-05
4.7206878662109375e-05
4.220008850097656e-05
4.1961669921875e-05
5.602836608886719e-05
3.9577484130859375e-05
3.0040740966796875e-05
3.457069396972656e-05
6.794929504394531e-05
6.651878356933594e-05
4.9114227294921875e-05
3.933906555175781e-05
3.6716461181640625e-05
4.315376281738281e-05
6.103515625e-05
5.91278076171875e-05
4.839897155761719e-05
4.3392181396484375e-05
4.267692565917969e-05
4.863739013671875e-05
5.6743621826171875e-05
3.337860107421875e-05
3.4332275390625e-05
3.695487976074219e-05
2.9325485229492188e-05
3.0994415283203125e-05
5.2928924560546875e-05
4.673004150390625e-05
4.0531158447265625e-05
3.743171691894531e-05
3.337860107421875e-05
3.719329833984375e-05
4.1961669921875e-05
7.05718994140625e-05
4.696846008300781e-05
5.364418029785156e-05
5.555152893066406e-05
3.981590270996094e-05
4.696846008300781e-05
5.030632019042969e-05
2.956390380859375e-05
3.719329833984375e-05
4.267692565917969e-05
4.1961669921875e-05
3.147125244140625e-05
0.00011467933654785156
2.7894973754882812e-05
2.7894973754882812e-05
3.719329833984375e-05
4.220008850097656e-05
6.246566772460938e-05
3.0517578125e-05
3.933906555175781e-05
4.4345855712890625e-05
4.9591064453125e-05
3.266334533691406e-05
4.673004150390625e-05
3.0994415283203125e-05
6.103515625e-05
3.0994415283203125e-05
3.170967102050781e-05
5.793571472167969e-05
2.9802322387695312e-05
2.765655517578125e-05
3.719329833984375e-05
3.361701965332031e-05
3.600120544433594e-05
4.935264587402344e-05
3.0994415283203125e-05
4.267692565917969e-05
4.4345855712890625e-05
3.0040740966796875e-05
5.8650970458984375e-05
5.841255187988281e-05
4.076957702636719e-05
0.00012946128845214844
3.528594970703125e-05
4.00543212890625e-05
3.075599670410156e-05
4.839897155761719e-05
4.458427429199219e-05
4.673004150390625e-05
2.7418136596679688e-05
3.600120544433594e-05
3.6716461181640625e-05
3.6716461181640625e-05
2.8848648071289062e-05
4.8160552978515625e-05
3.24249267578125e-05
5.793571472167969e-05
4.315376281738281e-05
5.078315734863281e-05
4.172325134277344e-05
6.031990051269531e-05
4.982948303222656e-05
3.910064697265625e-05
4.482269287109375e-05
3.170967102050781e-05
5.412101745605469e-05
4.935264587402344e-05
4.744529724121094e-05
3.886222839355469e-05
3.4809112548828125e-05
0.00011777877807617188
4.9591064453125e-05
5.745887756347656e-05
4.1961669921875e-05
6.270408630371094e-05
3.5762786865234375e-05
4.1484832763671875e-05
5.8650970458984375e-05
4.029273986816406e-05
7.796287536621094e-05
4.4345855712890625e-05
4.00543212890625e-05
3.266334533691406e-05
4.863739013671875e-05
7.963180541992188e-05
4.458427429199219e-05
3.361701965332031e-05
5.364418029785156e-05
3.886222839355469e-05
8.177757263183594e-05
4.649162292480469e-05
5.91278076171875e-05
8.0108642578125e-05
4.839897155761719e-05
3.337860107421875e-05
3.3855438232421875e-05
9.1552734375e-05
6.914138793945312e-05
0.00010848045349121094
4.458427429199219e-05
4.887580871582031e-05
7.796287536621094e-05
3.4809112548828125e-05
7.748603820800781e-05
4.696846008300781e-05
8.726119995117188e-05
5.14984130859375e-05
4.100799560546875e-05
5.459785461425781e-05
4.076957702636719e-05
2.8133392333984375e-05
2.9802322387695312e-05
4.220008850097656e-05
3.910064697265625e-05
4.1961669921875e-05
3.743171691894531e-05
3.409385681152344e-05
