7.224082946777344e-05
6.937980651855469e-05
5.030632019042969e-05
3.4809112548828125e-05
4.220008850097656e-05
6.079673767089844e-05
4.935264587402344e-05
4.363059997558594e-05
3.528594970703125e-05
4.982948303222656e-05
5.221366882324219e-05
4.172325134277344e-05
3.62396240234375e-05
3.62396240234375e-05
3.743171691894531e-05
5.841255187988281e-05
4.124641418457031e-05
5.817413330078125e-05
3.6716461181640625e-05
5.2928924560546875e-05
4.935264587402344e-05
4.100799560546875e-05
4.410743713378906e-05
8.249282836914062e-05
3.981590270996094e-05
4.792213439941406e-05
5.1021575927734375e-05
8.153915405273438e-05
5.936622619628906e-05
4.1484832763671875e-05
3.719329833984375e-05
5.1975250244140625e-05
4.839897155761719e-05
4.839897155761719e-05
5.53131103515625e-05
8.296966552734375e-05
7.62939453125e-05
4.38690185546875e-05
5.1021575927734375e-05
5.2928924560546875e-05
4.792213439941406e-05
5.316734313964844e-05
4.5299530029296875e-05
8.082389831542969e-05
3.647804260253906e-05
4.100799560546875e-05
4.9591064453125e-05
4.506111145019531e-05
3.4332275390625e-05
3.838539123535156e-05
5.5789947509765625e-05
6.151199340820312e-05
4.5299530029296875e-05
4.076957702636719e-05
3.4332275390625e-05
3.62396240234375e-05
3.0994415283203125e-05
3.910064697265625e-05
3.62396240234375e-05
3.457069396972656e-05
5.888938903808594e-05
5.2928924560546875e-05
3.0994415283203125e-05
7.128715515136719e-05
3.147125244140625e-05
2.6941299438476562e-05
2.5272369384765625e-05
2.8848648071289062e-05
2.6702880859375e-05
3.147125244140625e-05
5.054473876953125e-05
4.291534423828125e-05
4.553794860839844e-05
3.981590270996094e-05
4.57763671875e-05
3.838539123535156e-05
3.170967102050781e-05
4.38690185546875e-05
6.031990051269531e-05
4.839897155761719e-05
3.886222839355469e-05
3.933906555175781e-05
2.8848648071289062e-05
3.2901763916015625e-05
2.574920654296875e-05
4.649162292480469e-05
5.030632019042969e-05
6.961822509765625e-05
4.553794860839844e-05
7.486343383789062e-05
3.62396240234375e-05
4.291534423828125e-05
3.0517578125e-05
3.838539123535156e-05
3.314018249511719e-05
3.528594970703125e-05
4.3392181396484375e-05
3.790855407714844e-05
3.266334533691406e-05
3.457069396972656e-05
4.100799560546875e-05
2.6226043701171875e-05
8.0108642578125e-05
7.82012939453125e-05
5.650520324707031e-05
4.1484832763671875e-05
3.528594970703125e-05
2.9087066650390625e-05
5.6743621826171875e-05
3.4809112548828125e-05
3.7670135498046875e-05
8.463859558105469e-05
3.0517578125e-05
3.5762786865234375e-05
3.910064697265625e-05
5.745887756347656e-05
5.0067901611328125e-05
3.409385681152344e-05
5.078315734863281e-05
3.0517578125e-05
4.0531158447265625e-05
4.9591064453125e-05
3.719329833984375e-05
3.1948089599609375e-05
3.2901763916015625e-05
3.4809112548828125e-05
3.361701965332031e-05
3.600120544433594e-05
3.886222839355469e-05
2.6941299438476562e-05
4.601478576660156e-05
3.123283386230469e-05
3.4809112548828125e-05
6.079673767089844e-05
6.222724914550781e-05
5.054473876953125e-05
4.839897155761719e-05
3.528594970703125e-05
6.890296936035156e-05
4.363059997558594e-05
5.054473876953125e-05
3.7670135498046875e-05
4.553794860839844e-05
7.390975952148438e-05
5.3882598876953125e-05
4.1961669921875e-05
8.606910705566406e-05
3.7670135498046875e-05
4.00543212890625e-05
5.340576171875e-05
4.124641418457031e-05
5.698204040527344e-05
6.031990051269531e-05
4.601478576660156e-05
6.818771362304688e-05
4.029273986816406e-05
5.936622619628906e-05
7.772445678710938e-05
0.00010228157043457031
5.3882598876953125e-05
4.315376281738281e-05
3.5762786865234375e-05
7.319450378417969e-05
4.220008850097656e-05
5.125999450683594e-05
4.410743713378906e-05
3.933906555175781e-05
3.790855407714844e-05
5.14984130859375e-05
4.1961669921875e-05
5.459785461425781e-05
7.081031799316406e-05
5.078315734863281e-05
3.552436828613281e-05
4.315376281738281e-05
5.245208740234375e-05
4.029273986816406e-05
4.4345855712890625e-05
5.698204040527344e-05
4.363059997558594e-05
4.7206878662109375e-05
2.9802322387695312e-05
4.410743713378906e-05
3.8623809814453125e-05
4.1484832763671875e-05
2.5033950805664062e-05
3.719329833984375e-05
2.6226043701171875e-05
3.5762786865234375e-05
3.218650817871094e-05
3.552436828613281e-05
4.100799560546875e-05
