5.245208740234375e-05
5.841255187988281e-05
5.626678466796875e-05
5.650520324707031e-05
4.982948303222656e-05
5.435943603515625e-05
4.601478576660156e-05
4.363059997558594e-05
5.7220458984375e-05
7.772445678710938e-05
5.412101745605469e-05
7.319450378417969e-05
4.76837158203125e-05
5.435943603515625e-05
8.487701416015625e-05
5.054473876953125e-05
4.887580871582031e-05
9.059906005859375e-05
5.507469177246094e-05
5.2928924560546875e-05
5.3882598876953125e-05
5.5789947509765625e-05
4.5299530029296875e-05
4.38690185546875e-05
4.7206878662109375e-05
5.459785461425781e-05
6.031990051269531e-05
4.982948303222656e-05
5.698204040527344e-05
3.9577484130859375e-05
4.291534423828125e-05
3.552436828613281e-05
3.719329833984375e-05
8.845329284667969e-05
4.649162292480469e-05
6.842613220214844e-05
4.2438507080078125e-05
8.225440979003906e-05
4.887580871582031e-05
0.0001366138458251953
3.6716461181640625e-05
4.7206878662109375e-05
4.2438507080078125e-05
3.790855407714844e-05
3.7670135498046875e-05
3.9577484130859375e-05
4.00543212890625e-05
7.367134094238281e-05
4.673004150390625e-05
3.314018249511719e-05
4.7206878662109375e-05
2.9325485229492188e-05
3.9577484130859375e-05
5.054473876953125e-05
3.170967102050781e-05
3.075599670410156e-05
4.1484832763671875e-05
3.552436828613281e-05
2.9802322387695312e-05
3.2901763916015625e-05
2.6464462280273438e-05
4.1961669921875e-05
4.291534423828125e-05
5.793571472167969e-05
3.695487976074219e-05
3.2901763916015625e-05
5.459785461425781e-05
3.409385681152344e-05
5.054473876953125e-05
3.314018249511719e-05
5.364418029785156e-05
3.600120544433594e-05
4.6253204345703125e-05
4.315376281738281e-05
3.504753112792969e-05
3.62396240234375e-05
2.6941299438476562e-05
3.5762786865234375e-05
3.266334533691406e-05
3.6716461181640625e-05
4.363059997558594e-05
3.7670135498046875e-05
4.1484832763671875e-05
5.078315734863281e-05
4.839897155761719e-05
3.123283386230469e-05
5.340576171875e-05
5.1975250244140625e-05
4.00543212890625e-05
5.340576171875e-05
3.62396240234375e-05
6.389617919921875e-05
4.3392181396484375e-05
4.482269287109375e-05
5.984306335449219e-05
6.246566772460938e-05
8.678436279296875e-05
4.839897155761719e-05
4.029273986816406e-05
4.363059997558594e-05
3.0994415283203125e-05
4.863739013671875e-05
3.4332275390625e-05
2.86102294921875e-05
2.9325485229492188e-05
3.838539123535156e-05
3.3855438232421875e-05
3.218650817871094e-05
3.647804260253906e-05
4.863739013671875e-05
5.793571472167969e-05
3.409385681152344e-05
7.414817810058594e-05
5.5789947509765625e-05
3.5762786865234375e-05
4.601478576660156e-05
4.4345855712890625e-05
4.506111145019531e-05
3.910064697265625e-05
5.8650970458984375e-05
4.315376281738281e-05
3.314018249511719e-05
3.123283386230469e-05
3.075599670410156e-05
4.4345855712890625e-05
3.981590270996094e-05
4.673004150390625e-05
3.504753112792969e-05
4.673004150390625e-05
5.841255187988281e-05
5.125999450683594e-05
4.029273986816406e-05
5.7220458984375e-05
3.910064697265625e-05
3.314018249511719e-05
4.9114227294921875e-05
5.412101745605469e-05
3.719329833984375e-05
3.409385681152344e-05
5.245208740234375e-05
6.437301635742188e-05
4.7206878662109375e-05
4.839897155761719e-05
3.719329833984375e-05
5.054473876953125e-05
5.3882598876953125e-05
4.9591064453125e-05
4.267692565917969e-05
4.363059997558594e-05
5.0067901611328125e-05
4.363059997558594e-05
5.5789947509765625e-05
4.57763671875e-05
3.457069396972656e-05
5.435943603515625e-05
3.5762786865234375e-05
5.793571472167969e-05
4.792213439941406e-05
4.00543212890625e-05
3.9577484130859375e-05
3.695487976074219e-05
7.009506225585938e-05
4.220008850097656e-05
4.4345855712890625e-05
4.172325134277344e-05
3.838539123535156e-05
4.1961669921875e-05
3.886222839355469e-05
4.887580871582031e-05
4.935264587402344e-05
7.987022399902344e-05
3.814697265625e-05
5.054473876953125e-05
4.3392181396484375e-05
5.7697296142578125e-05
5.507469177246094e-05
4.57763671875e-05
3.910064697265625e-05
3.4332275390625e-05
4.3392181396484375e-05
4.0531158447265625e-05
0.00013399124145507812
4.291534423828125e-05
3.0994415283203125e-05
3.0517578125e-05
3.123283386230469e-05
3.0279159545898438e-05
3.0517578125e-05
4.172325134277344e-05
4.124641418457031e-05
3.218650817871094e-05
2.7418136596679688e-05
4.3392181396484375e-05
3.147125244140625e-05
