303	id-00000	4	8	4	6	1700.0	1700.0	1700.18	1700.4255	1706.0	7.726	COMPLETED
303	id-00001	5	8	3	7	1700.0	1700.0	1700.12	1700.5899	1707.0	4.741	COMPLETED
303	id-00002	6	10	6	2	1702.0	1702.0	1702.27	1702.5183	1704.0	19.928	COMPLETED
303	id-00003	4	7	8	5	1703.0	1703.0	1703.36	1703.7292	1708.0	15.451	COMPLETED
303	id-00004	7	2	10	8	1703.0	1703.0	1703.42	1703.6381	1711.0	29.566	COMPLETED
303	id-00005	3	2	9	10	1703.0	1703.0	1703.45	1703.9219	1713.0	20.849	COMPLETED
303	id-00006	5	3	1	4	1705.0	1705.0	1705.05	1705.3	1709.0	2.918	COMPLETED
303	id-00007	10	13	5	1	1706.0	1706.0	1706.25	1707.0	1707.0	38.61	EXPIRED
303	id-00008	5	5	9	6	1709.0	1709.0	1709.41	1709.6723	1715.0	23.929	COMPLETED
303	id-00009	10	11	3	10	1711.0	1711.0	1711.14	1711.3037	1721.0	18.982	COMPLETED
303	id-00010	6	9	2	1	1711.0	1711.0	1711.1	1712.0	1712.0	8.324	EXPIRED
303	id-00011	9	18	10	8	1712.0	1712.0	1712.43	1712.8209	1720.0	47.606	COMPLETED
303	id-00012	7	9	6	2	1714.0	1714.0	1714.27	1714.6474	1716.0	24.098	COMPLETED
303	id-00013	4	2	1	10	1715.0	1715.0	1715.05	1715.2448	1725.0	2.146	COMPLETED
303	id-00014	8	6	4	5	1715.0	1715.0	1715.18	1715.4453	1720.0	18.845	COMPLETED
303	id-00015	4	3	9	5	1717.0	1717.0	1717.41	1717.8367	1722.0	17.597	COMPLETED
303	id-00016	5	10	8	2	1719.0	1719.0	1719.36	1719.6998	1721.0	21.011	COMPLETED
303	id-00017	2	2	1	6	1720.0	1720.0	1720.05	1720.3511	1726.0	1.544	COMPLETED
303	id-00018	9	9	3	2	1720.0	1720.0	1720.13	1720.5363	1722.0	14.393	COMPLETED
303	id-00019	6	12	4	7	1722.0	1722.0	1722.55	1722.708	1729.0	40.594	COMPLETED
303	id-00020	1	2	1	3	1722.0	1722.0	1722.14	1722.2621	1725.0	2.162	COMPLETED
303	id-00021	1	2	2	4	1722.0	1722.0	1722.27	1722.3949	1726.0	4.17	COMPLETED
303	id-00022	6	9	9	9	1724.0	1724.0	1724.41	1724.7905	1733.0	30.261	COMPLETED
303	id-00023	8	8	10	3	1725.0	1725.0	1725.48	1725.5828	1728.0	54.78	COMPLETED
303	id-00024	8	3	3	6	1726.0	1726.0	1726.14	1726.4909	1732.0	15.977	COMPLETED
303	id-00025	8	13	5	5	1726.0	1726.0	1726.21	1726.4153	1731.0	18.026	COMPLETED
303	id-00026	5	6	10	9	1726.0	1726.0	1726.43	1726.9092	1735.0	21.042	COMPLETED
303	id-00027	5	5	2	6	1728.0	1728.0	1728.19	1728.4393	1734.0	12.88	COMPLETED
303	id-00028	3	2	10	2	1728.0	1728.0	1728.95	1729.0846	1730.0	44.015	COMPLETED
303	id-00029	8	13	7	4	1729.0	1729.0	1729.33	1729.7256	1733.0	37.661	COMPLETED
303	id-00030	8	16	6	1	1732.0	1732.0	1732.29	1733.0	1733.0	33.096	EXPIRED
303	id-00031	7	4	9	5	1732.0	1732.0	1732.38	1732.8184	1737.0	26.75	COMPLETED
303	id-00032	7	9	9	8	1732.0	1732.0	1732.39	1732.6003	1740.0	31.131	COMPLETED
303	id-00033	5	7	1	8	1733.0	1733.0	1733.05	1733.3684	1741.0	3.39	COMPLETED
303	id-00034	7	4	4	6	1735.0	1735.0	1735.19	1735.4689	1741.0	18.749	COMPLETED
303	id-00035	8	6	6	10	1735.0	1735.0	1735.26	1735.6174	1745.0	24.77	COMPLETED
303	id-00036	7	5	8	3	1736.0	1736.0	1736.38	1736.7447	1739.0	37.498	COMPLETED
303	id-00037	5	7	9	7	1739.0	1739.0	1739.43	1739.9005	1746.0	29.151	COMPLETED
303	id-00038	7	8	5	1	1740.0	1740.0	1740.24	1741.0	1741.0	23.683	EXPIRED
303	id-00039	9	13	10	5	1740.0	1740.0	1740.4	1740.5408	1745.0	36.742	COMPLETED
303	id-00040	10	4	9	6	1740.0	1740.0	1740.39	1740.544	1746.0	49.201	COMPLETED
303	id-00041	7	11	5	3	1741.0	1741.0	1741.24	1741.559	1744.0	23.683	COMPLETED
303	id-00042	10	7	2	3	1743.0	1743.0	1743.17	1743.4775	1746.0	21.447	COMPLETED
303	id-00043	4	5	9	8	1743.0	1743.0	1743.78	1744.2229	1751.0	48.185	COMPLETED
303	id-00044	5	8	5	10	1747.0	1747.0	1747.24	1747.7346	1757.0	16.27	COMPLETED
303	id-00045	3	5	5	1	1748.0	1748.0	1748.24	1749.0	1749.0	8.857	EXPIRED
303	id-00046	7	14	10	2	1748.0	1748.0	1748.45	1748.5819	1750.0	40.163	COMPLETED
303	id-00047	4	4	4	1	1750.0	1750.0	1750.19	1751.0	1751.0	9.946	EXPIRED
303	id-00048	2	2	1	6	1753.0	1753.0	1753.05	1753.3784	1759.0	1.544	COMPLETED
303	id-00049	6	11	2	8	1754.0	1754.0	1754.1	1754.583	1762.0	8.324	COMPLETED
303	id-00050	4	7	10	6	1754.0	1754.0	1754.42	1754.7315	1760.0	10.107	COMPLETED
303	id-00051	4	5	7	1	1755.0	1755.0	1755.33	1756.0	1756.0	17.275	EXPIRED
303	id-00052	6	10	9	9	1755.0	1755.0	1755.39	1755.8316	1764.0	25.108	COMPLETED
303	id-00053	8	15	2	5	1757.0	1757.0	1757.1	1757.2707	1762.0	11.412	COMPLETED
303	id-00054	8	9	7	4	1757.0	1757.0	1757.3	1757.569	1761.0	28.58	COMPLETED
303	id-00055	6	8	10	7	1759.0	1759.0	1759.48	1759.9028	1766.0	39.953	COMPLETED
303	id-00056	7	8	2	9	1759.0	1759.0	1759.09	1759.3803	1768.0	7.184	COMPLETED
303	id-00057	8	15	3	3	1760.0	1760.0	1760.14	1760.5661	1763.0	14.657	COMPLETED
303	id-00058	5	7	6	1	1760.0	1760.0	1760.27	1761.0	1761.0	15.758	EXPIRED
303	id-00059	6	2	5	2	1763.0	1763.0	1763.23	1763.5613	1765.0	16.976	COMPLETED
303	id-00060	4	7	10	10	1764.0	1764.0	1764.45	1764.8521	1774.0	19.314	COMPLETED
303	id-00061	8	4	5	2	1765.0	1765.0	1765.22	1765.6029	1767.0	20.959	COMPLETED
303	id-00062	4	5	9	10	1767.0	1767.0	1767.39	1767.6976	1777.0	13.062	COMPLETED
303	id-00063	7	7	5	1	1768.0	1768.0	1768.22	1769.0	1769.0	17.561	EXPIRED
303	id-00064	5	2	9	9	1768.0	1768.0	1768.39	1768.7523	1777.0	19.085	COMPLETED
303	id-00065	10	4	2	1	1769.0	1769.0	1769.09	1770.0	1770.0	11.354	EXPIRED
303	id-00066	7	13	10	6	1770.0	1770.0	1770.45	1770.7855	1776.0	40.163	COMPLETED
303	id-00067	2	2	5	5	1773.0	1773.0	1773.25	1773.713	1778.0	7.722	COMPLETED
303	id-00068	10	5	5	4	1774.0	1774.0	1774.22	1774.3598	1778.0	27.754	COMPLETED
303	id-00069	9	4	6	2	1774.0	1774.0	1774.26	1774.753	1776.0	28.785	COMPLETED
303	id-00070	2	4	2	9	1775.0	1775.0	1775.1	1775.3531	1784.0	3.089	COMPLETED
303	id-00071	9	9	1	5	1777.0	1777.0	1777.04	1777.1624	1782.0	3.674	COMPLETED
303	id-00072	5	2	7	3	1778.0	1778.0	1778.33	1778.7685	1781.0	22.371	COMPLETED
303	id-00073	9	5	2	9	1779.0	1779.0	1779.08	1779.3643	1788.0	7.348	COMPLETED
303	id-00074	4	4	2	1	1780.0	1780.0	1780.1	1781.0	1781.0	5.235	EXPIRED
303	id-00075	8	16	6	3	1780.0	1780.0	1780.23	1780.5354	1783.0	15.406	COMPLETED
303	id-00076	7	10	1	8	1780.0	1780.0	1780.04	1780.3967	1788.0	3.193	COMPLETED
303	id-00077	6	10	10	2	1782.0	1782.0	1782.48	1782.9422	1784.0	39.953	COMPLETED
303	id-00078	10	7	5	2	1783.0	1783.0	1783.65	1784.0255	1785.0	82.001	COMPLETED
303	id-00079	2	2	9	5	1783.0	1783.0	1784.17	1784.6252	1788.0	36.139	COMPLETED
303	id-00080	3	4	3	9	1783.0	1783.0	1783.39	1783.6492	1792.0	18.069	COMPLETED
303	id-00081	3	4	1	7	1785.0	1785.0	1785.05	1785.2354	1792.0	2.317	COMPLETED
303	id-00082	4	3	7	2	1787.0	1787.0	1787.35	1787.6137	1789.0	21.622	COMPLETED
303	id-00083	7	5	3	6	1787.0	1787.0	1787.12	1787.298	1793.0	8.448	COMPLETED
303	id-00084	7	9	6	6	1788.0	1788.0	1788.3	1788.4396	1794.0	32.432	COMPLETED
303	id-00085	5	10	4	8	1788.0	1788.0	1788.17	1788.4009	1796.0	6.716	COMPLETED
303	id-00086	3	5	8	9	1792.0	1792.0	1793.2	1793.6617	1801.0	55.598	COMPLETED
303	id-00087	1	2	6	7	1792.0	1792.0	1792.9	1793.3008	1799.0	13.9	COMPLETED
303	id-00088	1	2	7	4	1792.0	1792.0	1793.05	1793.4345	1796.0	16.216	COMPLETED
303	id-00089	10	13	8	9	1794.0	1794.0	1794.32	1794.644	1803.0	34.336	COMPLETED
303	id-00090	10	7	9	3	1795.0	1795.0	1795.75	1795.9695	1798.0	87.546	COMPLETED
303	id-00091	2	2	5	2	1795.0	1795.0	1795.42	1795.8983	1797.0	12.973	COMPLETED
303	id-00092	5	2	4	8	1796.0	1796.0	1796.4	1796.7758	1804.0	30.888	COMPLETED
303	id-00093	1	2	4	8	1796.0	1796.0	1796.4	1796.8958	1804.0	6.178	COMPLETED
303	id-00094	5	7	3	6	1798.0	1798.0	1798.15	1798.5798	1804.0	11.583	COMPLETED
303	id-00095	4	5	6	8	1799.0	1799.0	1799.3	1799.663	1807.0	18.533	COMPLETED
303	id-00096	7	7	10	8	1802.0	1802.0	1802.5	1802.8292	1810.0	54.054	COMPLETED
303	id-00097	10	5	4	7	1802.0	1802.0	1802.16	1802.3329	1809.0	17.168	COMPLETED
303	id-00098	5	9	7	5	1803.0	1803.0	1803.35	1803.6205	1808.0	27.027	COMPLETED
303	id-00099	10	20	1	9	1803.0	1803.0	1803.04	1803.3893	1812.0	4.292	COMPLETED
303	id-00100	5	7	2	8	1805.0	1805.0	1805.1	1805.4301	1813.0	6.779	COMPLETED
303	id-00101	3	5	4	8	1806.0	1806.0	1806.19	1806.5771	1814.0	7.012	COMPLETED
303	id-00102	10	18	6	6	1807.0	1807.0	1807.24	1807.4316	1813.0	25.752	COMPLETED
303	id-00103	7	9	1	9	1808.0	1808.0	1808.05	1808.4597	1817.0	4.934	COMPLETED
303	id-00104	10	7	5	3	1808.0	1808.0	1808.2	1808.3766	1811.0	21.46	COMPLETED
303	id-00105	10	5	8	2	1813.0	1813.0	1813.32	1813.5585	1815.0	34.336	COMPLETED
303	id-00106	8	13	7	3	1813.0	1813.0	1813.29	1813.7518	1816.0	24.894	COMPLETED
303	id-00107	9	18	10	1	1814.0	1814.0	1814.32	1815.0	1815.0	17.326	EXPIRED
303	id-00108	4	8	4	3	1822.0	1822.0	1822.2	1822.5154	1825.0	12.355	COMPLETED
303	id-00109	1	2	6	6	1824.0	1824.0	1824.3	1824.6043	1830.0	4.633	COMPLETED
303	id-00110	3	6	1	10	1824.0	1824.0	1824.1	1824.3002	1834.0	4.633	COMPLETED
303	id-00111	4	4	2	9	1824.0	1824.0	1824.2	1824.4113	1833.0	12.355	COMPLETED
303	id-00112	6	5	10	8	1827.0	1827.0	1827.5	1827.6974	1835.0	46.332	COMPLETED
303	id-00113	4	7	4	8	1827.0	1827.0	1827.31	1827.4522	1835.0	7.46	COMPLETED
303	id-00114	1	2	4	9	1827.0	1827.0	1827.31	1827.6596	1836.0	1.865	COMPLETED
303	id-00115	8	9	2	8	1828.0	1828.0	1828.1	1828.4358	1836.0	12.355	COMPLETED
303	id-00116	1	2	1	8	1828.0	1828.0	1828.04	1828.5147	1836.0	0.241	COMPLETED
303	id-00117	1	2	1	3	1829.0	1829.0	1829.05	1829.3354	1832.0	0.772	COMPLETED
303	id-00118	10	13	9	4	1829.0	1829.0	1829.35	1829.6407	1833.0	34.255	COMPLETED
303	id-00119	9	9	10	2	1829.0	1829.0	1829.38	1829.7938	1831.0	31.323	COMPLETED
303	id-00120	1	2	7	7	1830.0	1830.0	1830.35	1830.7866	1837.0	5.405	COMPLETED
303	id-00121	8	13	3	7	1830.0	1830.0	1830.15	1830.3712	1837.0	18.533	COMPLETED
303	id-00122	7	13	5	2	1831.0	1831.0	1831.25	1831.3736	1833.0	27.027	COMPLETED
303	id-00123	4	7	8	5	1832.0	1832.0	1832.4	1832.7742	1837.0	24.71	COMPLETED
303	id-00124	5	4	10	6	1832.0	1832.0	1832.42	1832.7722	1838.0	16.593	COMPLETED
303	id-00125	9	17	5	7	1833.0	1833.0	1833.21	1833.4636	1840.0	21.27	COMPLETED
303	id-00126	5	8	10	9	1833.0	1833.0	1833.74	1834.1605	1842.0	22.259	COMPLETED
303	id-00127	10	15	8	8	1833.0	1833.0	1833.59	1834.0288	1841.0	79.995	COMPLETED
303	id-00128	7	5	7	9	1835.0	1835.0	1835.35	1835.6102	1844.0	37.838	COMPLETED
303	id-00129	4	7	1	5	1836.0	1836.0	1836.05	1836.1962	1841.0	3.089	COMPLETED
303	id-00130	7	10	9	7	1837.0	1837.0	1837.45	1837.8348	1844.0	48.649	COMPLETED
303	id-00131	7	8	8	2	1837.0	1837.0	1837.33	1837.6761	1839.0	23.231	COMPLETED
303	id-00132	3	6	2	6	1838.0	1838.0	1838.1	1838.4184	1844.0	4.633	COMPLETED
303	id-00133	6	11	9	2	1839.0	1839.0	1839.45	1839.7925	1841.0	41.699	COMPLETED
303	id-00134	8	13	10	10	1841.0	1841.0	1841.48	1841.705	1851.0	54.78	COMPLETED
303	id-00135	8	11	2	1	1842.0	1842.0	1842.1	1843.0	1843.0	11.412	EXPIRED
303	id-00136	8	8	4	10	1845.0	1845.0	1845.2	1845.6918	1855.0	24.71	COMPLETED
303	id-00137	3	2	6	4	1845.0	1845.0	1845.48	1845.7597	1849.0	8.663	COMPLETED
303	id-00138	6	12	8	9	1845.0	1845.0	1845.64	1846.051	1854.0	47.237	COMPLETED
303	id-00139	3	5	8	9	1845.0	1845.0	1845.59	1845.8358	1854.0	10.648	COMPLETED
303	id-00140	8	15	5	1	1845.0	1845.0	1845.37	1846.0	1846.0	31.761	EXPIRED
303	id-00141	2	3	6	9	1846.0	1846.0	1846.3	1846.4875	1855.0	9.266	COMPLETED
303	id-00142	7	2	1	9	1848.0	1848.0	1848.05	1848.2463	1857.0	5.405	COMPLETED
303	id-00143	1	2	3	6	1849.0	1849.0	1849.15	1849.5678	1855.0	2.317	COMPLETED
303	id-00144	8	14	9	4	1850.0	1850.0	1850.45	1850.7196	1854.0	55.598	COMPLETED
303	id-00145	3	6	3	9	1850.0	1850.0	1850.12	1850.4856	1859.0	2.166	COMPLETED
303	id-00146	2	3	1	8	1851.0	1851.0	1851.05	1851.2896	1859.0	1.544	COMPLETED
303	id-00147	7	5	10	9	1852.0	1852.0	1852.5	1852.7546	1861.0	54.054	COMPLETED
303	id-00148	7	3	2	2	1852.0	1852.0	1852.08	1852.3383	1854.0	4.877	COMPLETED
303	id-00149	3	6	3	10	1852.0	1852.0	1852.12	1852.5123	1862.0	2.166	COMPLETED
303	id-00150	6	3	4	1	1853.0	1853.0	1853.2	1854.0	1854.0	18.533	EXPIRED
303	id-00151	2	4	9	1	1855.0	1855.0	1855.45	1856.0	1856.0	13.9	EXPIRED
303	id-00152	7	13	7	1	1856.0	1856.0	1856.35	1857.0	1857.0	37.838	EXPIRED
303	id-00153	5	7	7	5	1858.0	1858.0	1858.35	1858.7588	1863.0	27.027	COMPLETED
303	id-00154	2	4	5	1	1861.0	1861.0	1861.25	1862.0	1862.0	7.722	EXPIRED
303	id-00155	1	2	7	9	1861.0	1861.0	1861.35	1861.7065	1870.0	5.405	COMPLETED
303	id-00156	8	11	5	10	1861.0	1861.0	1861.21	1861.488	1871.0	18.026	COMPLETED
303	id-00157	9	5	2	3	1861.0	1861.0	1861.08	1861.1882	1864.0	7.348	COMPLETED
303	id-00158	2	4	6	2	1862.0	1862.0	1862.3	1862.6409	1864.0	9.266	COMPLETED
303	id-00159	9	4	2	10	1863.0	1863.0	1863.08	1863.4339	1873.0	8.103	COMPLETED
303	id-00160	7	7	7	8	1865.0	1865.0	1865.35	1865.6365	1873.0	37.838	COMPLETED
303	id-00161	8	13	4	10	1866.0	1866.0	1866.2	1866.4195	1876.0	24.71	COMPLETED
303	id-00162	3	5	2	4	1866.0	1866.0	1866.09	1866.2737	1870.0	1.624	COMPLETED
303	id-00163	7	8	8	8	1868.0	1868.0	1868.4	1868.6891	1876.0	43.243	COMPLETED
303	id-00164	10	17	4	10	1871.0	1871.0	1871.31	1871.4663	1881.0	30.34	COMPLETED
303	id-00165	2	4	3	7	1871.0	1871.0	1871.23	1871.5891	1878.0	7.104	COMPLETED
303	id-00166	6	10	1	5	1872.0	1872.0	1872.05	1872.337	1877.0	3.69	COMPLETED
303	id-00167	2	4	10	8	1874.0	1874.0	1874.5	1874.7739	1882.0	15.444	COMPLETED
303	id-00168	6	12	6	6	1874.0	1874.0	1874.27	1874.5307	1880.0	19.928	COMPLETED
303	id-00169	10	12	2	3	1875.0	1875.0	1875.08	1875.5362	1878.0	9.338	COMPLETED
303	id-00170	7	4	9	4	1876.0	1876.0	1876.41	1876.8859	1880.0	36.593	COMPLETED
303	id-00171	8	6	9	9	1878.0	1878.0	1878.41	1878.8048	1887.0	42.925	COMPLETED
303	id-00172	1	2	8	1	1878.0	1878.0	1878.64	1879.0	1879.0	3.85	EXPIRED
303	id-00173	5	4	1	8	1878.0	1878.0	1878.08	1878.351	1886.0	3.161	COMPLETED
303	id-00174	4	4	4	7	1878.0	1878.0	1878.17	1878.4831	1885.0	4.091	COMPLETED
303	id-00175	4	3	10	10	1880.0	1880.0	1880.45	1880.9108	1890.0	19.314	COMPLETED
303	id-00176	7	10	4	2	1880.0	1880.0	1880.15	1880.5067	1882.0	6.317	COMPLETED
303	id-00177	5	6	6	4	1880.0	1880.0	1880.24	1880.5451	1884.0	7.219	COMPLETED
303	id-00178	3	2	6	5	1881.0	1881.0	1881.27	1881.5701	1886.0	7.419	COMPLETED
303	id-00179	10	9	8	3	1881.0	1881.0	1881.32	1881.6891	1884.0	34.336	COMPLETED
303	id-00180	8	13	8	8	1881.0	1881.0	1881.36	1881.6341	1889.0	37.691	COMPLETED
303	id-00181	5	10	9	1	1885.0	1885.0	1885.38	1886.0	1886.0	15.013	EXPIRED
303	id-00182	6	11	4	2	1885.0	1885.0	1885.15	1885.4122	1887.0	5.414	COMPLETED
303	id-00183	4	3	9	1	1886.0	1886.0	1886.38	1887.0	1887.0	9.144	EXPIRED
303	id-00184	9	7	1	9	1887.0	1887.0	1887.04	1887.3015	1896.0	3.297	COMPLETED
303	id-00185	4	2	7	10	1887.0	1887.0	1887.28	1887.4078	1897.0	6.738	COMPLETED
303	id-00186	4	8	3	10	1888.0	1888.0	1888.12	1888.3913	1898.0	2.888	COMPLETED
303	id-00187	1	2	6	5	1890.0	1890.0	1890.3	1890.4275	1895.0	4.633	COMPLETED
303	id-00188	4	7	1	6	1890.0	1890.0	1890.04	1890.1848	1896.0	0.963	COMPLETED
303	id-00189	8	2	1	9	1893.0	1893.0	1893.04	1893.2798	1902.0	3.434	COMPLETED
303	id-00190	2	2	8	7	1895.0	1895.0	1895.4	1895.568	1902.0	12.355	COMPLETED
303	id-00191	7	4	8	1	1895.0	1895.0	1895.33	1896.0	1896.0	23.231	EXPIRED
303	id-00192	7	5	2	7	1895.0	1895.0	1895.08	1895.3931	1902.0	5.632	COMPLETED
303	id-00193	8	9	10	2	1896.0	1896.0	1896.42	1896.7672	1898.0	36.053	COMPLETED
303	id-00194	2	3	9	9	1898.0	1898.0	1898.45	1898.8581	1907.0	13.9	COMPLETED
303	id-00195	7	2	4	4	1898.0	1898.0	1898.17	1898.4317	1902.0	11.967	COMPLETED
303	id-00196	10	19	4	1	1899.0	1899.0	1899.16	1900.0	1900.0	17.168	EXPIRED
303	id-00197	3	2	10	3	1900.0	1900.0	1900.83	1901.1138	1903.0	14.98	COMPLETED
303	id-00198	1	2	7	7	1900.0	1900.0	1900.58	1900.7258	1907.0	3.489	COMPLETED
303	id-00199	3	6	5	9	1901.0	1901.0	1901.21	1901.3693	1910.0	3.79	COMPLETED
303	id-00200	4	6	6	1	1903.0	1903.0	1903.25	1904.0	1904.0	6.016	EXPIRED
303	id-00201	6	6	10	2	1903.0	1903.0	1903.38	1903.7745	1905.0	13.716	COMPLETED
303	id-00202	2	2	5	1	1904.0	1904.0	1904.25	1905.0	1905.0	7.722	EXPIRED
303	id-00203	8	10	4	7	1905.0	1905.0	1905.17	1905.3941	1912.0	16.196	COMPLETED
303	id-00204	10	7	2	6	1906.0	1906.0	1906.15	1906.6276	1912.0	13.267	COMPLETED
303	id-00205	5	2	9	10	1906.0	1906.0	1906.67	1907.1551	1916.0	51.737	COMPLETED
303	id-00206	3	4	3	10	1909.0	1909.0	1909.13	1909.4861	1919.0	2.346	COMPLETED
303	id-00207	2	3	7	9	1910.0	1910.0	1910.35	1910.8235	1919.0	10.811	COMPLETED
303	id-00208	2	3	3	10	1913.0	1913.0	1913.15	1913.3834	1923.0	4.633	COMPLETED
303	id-00209	3	5	2	6	1914.0	1914.0	1914.09	1914.4996	1920.0	1.624	COMPLETED
303	id-00210	10	12	4	9	1917.0	1917.0	1917.15	1917.6428	1926.0	14.681	COMPLETED
303	id-00211	1	2	1	6	1918.0	1918.0	1918.05	1918.3074	1924.0	0.772	COMPLETED
303	id-00212	10	11	7	6	1918.0	1918.0	1918.27	1918.576	1924.0	26.425	COMPLETED
303	id-00213	6	10	4	2	1919.0	1919.0	1919.18	1919.5017	1921.0	13.285	COMPLETED
303	id-00214	4	5	7	5	1920.0	1920.0	1920.32	1920.7582	1925.0	13.734	COMPLETED
303	id-00215	8	9	2	5	1920.0	1920.0	1920.08	1920.563	1925.0	6.867	COMPLETED
303	id-00216	4	4	7	10	1922.0	1922.0	1922.32	1922.6873	1932.0	13.734	COMPLETED
303	id-00217	9	13	7	1	1923.0	1923.0	1923.29	1924.0	1924.0	29.372	EXPIRED
303	id-00218	6	12	4	9	1923.0	1923.0	1923.15	1923.408	1932.0	5.414	COMPLETED
303	id-00219	1	2	9	5	1925.0	1925.0	1925.45	1925.7086	1930.0	6.95	COMPLETED
303	id-00220	2	3	3	2	1926.0	1926.0	1926.15	1926.2845	1928.0	4.633	COMPLETED
303	id-00221	4	6	6	9	1927.0	1927.0	1927.26	1927.7051	1936.0	8.708	COMPLETED
303	id-00222	5	5	6	2	1927.0	1927.0	1927.5	1927.7322	1929.0	19.754	COMPLETED
303	id-00223	4	6	9	6	1927.0	1927.0	1927.75	1928.1662	1933.0	46.332	COMPLETED
303	id-00224	4	2	7	8	1927.0	1927.0	1927.54	1927.6824	1935.0	12.995	COMPLETED
303	id-00225	1	2	5	4	1927.0	1927.0	1927.38	1927.7473	1931.0	2.286	COMPLETED
303	id-00226	10	16	2	10	1928.0	1928.0	1928.15	1928.4398	1938.0	14.681	COMPLETED
303	id-00227	1	2	10	6	1928.0	1928.0	1928.77	1929.0573	1934.0	11.892	COMPLETED
303	id-00228	9	6	9	6	1928.0	1928.0	1928.38	1928.6077	1934.0	38.488	COMPLETED
303	id-00229	1	2	4	7	1929.0	1929.0	1929.2	1929.3942	1936.0	3.089	COMPLETED
303	id-00230	6	12	4	5	1929.0	1929.0	1929.17	1929.4198	1934.0	10.945	COMPLETED
303	id-00231	6	10	5	5	1930.0	1930.0	1930.23	1930.5636	1935.0	16.976	COMPLETED
303	id-00232	3	4	10	5	1934.0	1934.0	1934.45	1934.6584	1939.0	12.364	COMPLETED
303	id-00233	8	11	2	2	1935.0	1935.0	1935.1	1935.5983	1937.0	11.412	COMPLETED
303	id-00234	5	9	1	4	1937.0	1937.0	1937.05	1937.2448	1941.0	3.39	COMPLETED
303	id-00235	4	6	3	3	1938.0	1938.0	1938.29	1938.4033	1941.0	15.181	COMPLETED
303	id-00236	4	6	3	1	1938.0	1938.0	1938.29	1939.0	1939.0	17.915	EXPIRED
303	id-00237	6	4	3	8	1941.0	1941.0	1941.14	1941.4396	1949.0	11.653	COMPLETED
303	id-00238	4	8	2	10	1943.0	1943.0	1943.1	1943.4876	1953.0	5.235	COMPLETED
303	id-00239	8	4	6	7	1943.0	1943.0	1943.26	1943.6936	1950.0	24.77	COMPLETED
303	id-00240	3	3	8	9	1944.0	1944.0	1944.38	1944.6017	1953.0	14.024	COMPLETED
303	id-00241	7	13	5	3	1944.0	1944.0	1944.22	1944.3706	1947.0	17.561	COMPLETED
303	id-00242	5	5	2	3	1945.0	1945.0	1945.1	1945.4998	1948.0	6.779	COMPLETED
303	id-00243	5	3	4	2	1946.0	1946.0	1946.19	1946.6335	1948.0	12.88	COMPLETED
303	id-00244	5	7	6	8	1948.0	1948.0	1948.29	1948.6451	1956.0	19.66	COMPLETED
303	id-00245	4	2	6	9	1949.0	1949.0	1949.57	1949.9382	1958.0	29.838	COMPLETED
303	id-00246	2	2	1	2	1949.0	1949.0	1949.1	1949.2675	1951.0	3.089	COMPLETED
303	id-00247	10	15	10	3	1949.0	1949.0	1949.4	1949.5631	1952.0	42.92	COMPLETED
303	id-00248	8	12	4	4	1950.0	1950.0	1950.17	1950.5127	1954.0	16.196	COMPLETED
303	id-00249	10	17	3	6	1951.0	1951.0	1951.12	1951.4036	1957.0	12.876	COMPLETED
303	id-00250	4	5	8	7	1953.0	1953.0	1953.35	1953.8346	1960.0	11.722	COMPLETED
303	id-00251	6	8	5	9	1953.0	1953.0	1953.23	1953.6573	1962.0	16.976	COMPLETED
303	id-00252	4	2	5	2	1956.0	1956.0	1956.23	1956.4426	1958.0	9.872	COMPLETED
303	id-00253	5	10	1	1	1958.0	1958.0	1958.05	1959.0	1959.0	2.918	EXPIRED
303	id-00254	1	2	5	7	1960.0	1960.0	1960.25	1960.4196	1967.0	3.861	COMPLETED
303	id-00255	5	9	2	1	1960.0	1960.0	1960.1	1961.0	1961.0	6.779	EXPIRED
303	id-00256	6	2	6	7	1962.0	1962.0	1962.29	1962.5348	1969.0	24.138	COMPLETED
303	id-00257	4	2	9	5	1962.0	1962.0	1962.39	1962.6023	1967.0	13.062	COMPLETED
303	id-00258	5	10	7	3	1963.0	1963.0	1963.33	1963.6118	1966.0	22.371	COMPLETED
303	id-00259	4	6	3	9	1963.0	1963.0	1963.13	1963.2577	1972.0	4.354	COMPLETED
303	id-00260	1	2	9	1	1965.0	1965.0	1965.45	1966.0	1966.0	6.95	EXPIRED
303	id-00261	10	15	8	1	1965.0	1965.0	1965.3	1966.0	1966.0	26.533	EXPIRED
303	id-00262	3	3	5	3	1966.0	1966.0	1966.24	1966.5746	1969.0	8.857	COMPLETED
303	id-00263	4	6	3	3	1967.0	1967.0	1967.14	1967.6215	1970.0	7.329	COMPLETED
303	id-00264	5	10	2	2	1969.0	1969.0	1969.19	1969.4599	1971.0	12.88	COMPLETED
303	id-00265	2	3	9	9	1969.0	1969.0	1969.86	1970.2413	1978.0	26.564	COMPLETED
303	id-00266	3	6	5	4	1970.0	1970.0	1970.25	1970.565	1974.0	11.583	COMPLETED
303	id-00267	1	2	5	3	1973.0	1973.0	1973.25	1973.6963	1976.0	3.861	COMPLETED
303	id-00268	5	6	4	9	1973.0	1973.0	1973.4	1973.8495	1982.0	30.888	COMPLETED
303	id-00269	1	2	2	5	1973.0	1973.0	1973.2	1973.4944	1978.0	3.089	COMPLETED
303	id-00270	7	11	10	4	1974.0	1974.0	1974.5	1974.6396	1978.0	54.054	COMPLETED
303	id-00271	5	8	2	7	1975.0	1975.0	1975.1	1975.506	1982.0	7.722	COMPLETED
303	id-00272	7	14	5	2	1975.0	1975.0	1975.24	1975.6056	1977.0	23.683	COMPLETED
303	id-00273	4	3	2	7	1976.0	1976.0	1976.2	1976.6645	1983.0	12.355	COMPLETED
303	id-00274	2	2	10	6	1976.0	1976.0	1977.0	1977.4232	1982.0	30.888	COMPLETED
303	id-00275	6	7	6	3	1977.0	1977.0	1977.3	1977.5499	1980.0	27.799	COMPLETED
303	id-00276	4	3	2	3	1979.0	1979.0	1979.1	1979.3647	1982.0	6.178	COMPLETED
303	id-00277	8	13	10	4	1979.0	1979.0	1979.48	1979.8522	1983.0	54.78	COMPLETED
303	id-00278	10	10	1	3	1979.0	1979.0	1979.04	1979.3499	1982.0	4.292	COMPLETED
303	id-00279	7	5	4	8	1980.0	1980.0	1980.2	1980.3672	1988.0	21.622	COMPLETED
303	id-00280	8	15	10	1	1981.0	1981.0	1981.5	1982.0	1982.0	61.776	EXPIRED
303	id-00281	8	10	3	10	1981.0	1981.0	1981.12	1981.3345	1991.0	10.301	COMPLETED
303	id-00282	3	4	9	9	1984.0	1984.0	1984.45	1984.8894	1993.0	20.849	COMPLETED
303	id-00283	8	9	8	2	1984.0	1984.0	1984.33	1984.4851	1986.0	28.327	COMPLETED
303	id-00284	5	8	3	3	1984.0	1984.0	1984.13	1984.6025	1987.0	6.362	COMPLETED
303	id-00285	3	5	6	5	1988.0	1988.0	1988.3	1988.7511	1993.0	13.9	COMPLETED
303	id-00286	7	14	4	6	1990.0	1990.0	1990.2	1990.4885	1996.0	21.622	COMPLETED
303	id-00287	8	11	5	9	1990.0	1990.0	1990.21	1990.3192	1999.0	18.026	COMPLETED
303	id-00288	10	10	8	2	1990.0	1990.0	1990.35	1990.6437	1992.0	44.155	COMPLETED
303	id-00289	5	10	6	10	1991.0	1991.0	1991.3	1991.5666	2001.0	23.166	COMPLETED
303	id-00290	10	18	2	6	1991.0	1991.0	1991.09	1991.5124	1997.0	11.354	COMPLETED
303	id-00291	5	3	8	4	1992.0	1992.0	1992.4	1992.7044	1996.0	30.888	COMPLETED
303	id-00292	1	2	10	6	1993.0	1993.0	1993.48	1993.6421	1999.0	2.888	COMPLETED
303	id-00293	5	7	2	1	1997.0	1997.0	1997.1	1998.0	1998.0	7.722	EXPIRED
303	id-00294	9	7	6	4	1997.0	1997.0	1997.25	1997.4826	2001.0	25.321	COMPLETED
303	id-00295	5	4	8	2	1998.0	1998.0	1998.4	1998.8774	2000.0	30.888	COMPLETED
303	id-00296	4	7	6	10	1998.0	1998.0	1998.25	1998.5375	2008.0	6.016	COMPLETED
303	id-00297	10	14	5	5	1998.0	1998.0	1998.2	1998.5719	2003.0	21.46	COMPLETED
303	id-00298	3	3	4	1	1999.0	1999.0	1999.4	2000.0	2000.0	18.533	EXPIRED
303	id-00299	3	6	4	1	1999.0	1999.0	1999.4	2000.0	2000.0	18.533	EXPIRED
303	id-00300	7	9	9	2	2000.0	2000.0	2000.43	2000.7824	2002.0	42.432	COMPLETED
303	id-00301	9	12	9	3	2000.0	2000.0	2000.36	2000.5879	2003.0	33.068	COMPLETED
303	id-00302	8	10	7	9	2001.0	2001.0	2001.33	2010.0	2010.0	None	SUBMITTED
