5.555152893066406e-05
7.486343383789062e-05
5.173683166503906e-05
6.031990051269531e-05
3.719329833984375e-05
5.555152893066406e-05
4.363059997558594e-05
3.552436828613281e-05
4.601478576660156e-05
5.602836608886719e-05
3.2901763916015625e-05
4.172325134277344e-05
4.9591064453125e-05
3.8623809814453125e-05
0.00010061264038085938
3.528594970703125e-05
4.839897155761719e-05
9.489059448242188e-05
4.744529724121094e-05
7.343292236328125e-05
4.315376281738281e-05
4.6253204345703125e-05
3.457069396972656e-05
3.7670135498046875e-05
5.459785461425781e-05
4.00543212890625e-05
4.887580871582031e-05
5.14984130859375e-05
6.103515625e-05
6.318092346191406e-05
3.886222839355469e-05
4.744529724121094e-05
6.985664367675781e-05
0.00010418891906738281
6.29425048828125e-05
5.2928924560546875e-05
5.1021575927734375e-05
9.846687316894531e-05
4.00543212890625e-05
7.05718994140625e-05
4.982948303222656e-05
4.673004150390625e-05
3.910064697265625e-05
5.5789947509765625e-05
4.291534423828125e-05
4.863739013671875e-05
6.723403930664062e-05
8.106231689453125e-05
5.745887756347656e-05
5.1021575927734375e-05
5.793571472167969e-05
3.838539123535156e-05
3.4809112548828125e-05
6.937980651855469e-05
2.8848648071289062e-05
4.1484832763671875e-05
6.794929504394531e-05
6.127357482910156e-05
4.267692565917969e-05
4.267692565917969e-05
3.981590270996094e-05
4.363059997558594e-05
9.322166442871094e-05
5.7697296142578125e-05
3.886222839355469e-05
3.647804260253906e-05
4.267692565917969e-05
5.245208740234375e-05
8.96453857421875e-05
5.1975250244140625e-05
9.131431579589844e-05
5.078315734863281e-05
6.4849853515625e-05
4.6253204345703125e-05
4.76837158203125e-05
3.695487976074219e-05
2.5510787963867188e-05
5.7220458984375e-05
3.147125244140625e-05
6.246566772460938e-05
5.459785461425781e-05
2.765655517578125e-05
4.315376281738281e-05
3.504753112792969e-05
7.653236389160156e-05
4.57763671875e-05
5.3882598876953125e-05
4.4345855712890625e-05
6.031990051269531e-05
4.5299530029296875e-05
3.8623809814453125e-05
2.765655517578125e-05
3.4332275390625e-05
5.3882598876953125e-05
6.008148193359375e-05
5.221366882324219e-05
2.384185791015625e-05
5.364418029785156e-05
6.0558319091796875e-05
3.552436828613281e-05
5.1975250244140625e-05
4.3392181396484375e-05
4.744529724121094e-05
3.600120544433594e-05
3.838539123535156e-05
3.147125244140625e-05
4.38690185546875e-05
3.2901763916015625e-05
3.3855438232421875e-05
3.4332275390625e-05
4.172325134277344e-05
5.0067901611328125e-05
3.24249267578125e-05
5.936622619628906e-05
4.100799560546875e-05
4.458427429199219e-05
3.337860107421875e-05
4.458427429199219e-05
3.7670135498046875e-05
4.029273986816406e-05
3.62396240234375e-05
3.790855407714844e-05
3.719329833984375e-05
3.218650817871094e-05
3.600120544433594e-05
4.792213439941406e-05
4.363059997558594e-05
4.029273986816406e-05
3.5762786865234375e-05
4.839897155761719e-05
5.626678466796875e-05
5.14984130859375e-05
4.4345855712890625e-05
5.1021575927734375e-05
4.3392181396484375e-05
3.0040740966796875e-05
5.602836608886719e-05
4.7206878662109375e-05
4.315376281738281e-05
3.3855438232421875e-05
6.651878356933594e-05
4.5299530029296875e-05
4.673004150390625e-05
5.245208740234375e-05
2.9087066650390625e-05
7.2479248046875e-05
5.125999450683594e-05
4.6253204345703125e-05
4.291534423828125e-05
4.100799560546875e-05
3.24249267578125e-05
4.0531158447265625e-05
5.078315734863281e-05
3.8623809814453125e-05
6.461143493652344e-05
5.340576171875e-05
3.075599670410156e-05
3.814697265625e-05
4.863739013671875e-05
3.910064697265625e-05
4.38690185546875e-05
4.8160552978515625e-05
4.673004150390625e-05
4.7206878662109375e-05
3.9577484130859375e-05
5.507469177246094e-05
3.743171691894531e-05
4.935264587402344e-05
4.124641418457031e-05
6.079673767089844e-05
5.054473876953125e-05
5.078315734863281e-05
4.172325134277344e-05
5.7220458984375e-05
4.315376281738281e-05
4.8160552978515625e-05
4.38690185546875e-05
4.792213439941406e-05
4.38690185546875e-05
3.910064697265625e-05
4.3392181396484375e-05
6.318092346191406e-05
4.1961669921875e-05
4.553794860839844e-05
3.3855438232421875e-05
3.24249267578125e-05
2.8133392333984375e-05
5.14984130859375e-05
6.628036499023438e-05
3.981590270996094e-05
3.695487976074219e-05
3.218650817871094e-05
4.744529724121094e-05
3.719329833984375e-05
3.0517578125e-05
