322	id-00000	8	9	4	6	1700.0	1700.0	1700.18	1700.4368	1706.0	18.845	COMPLETED
322	id-00001	10	19	1	3	1701.0	1701.0	1701.05	1701.4123	1704.0	7.722	COMPLETED
322	id-00002	4	5	5	4	1702.0	1702.0	1702.23	1702.6826	1706.0	9.872	COMPLETED
322	id-00003	2	3	10	5	1704.0	1704.0	1704.5	1704.6991	1709.0	15.444	COMPLETED
322	id-00004	3	5	2	1	1704.0	1704.0	1704.09	1705.0	1705.0	2.473	EXPIRED
322	id-00005	10	15	10	5	1704.0	1704.0	1704.5	1704.9885	1709.0	77.22	COMPLETED
322	id-00006	1	2	9	4	1705.0	1705.0	1705.45	1705.6135	1709.0	6.95	COMPLETED
322	id-00007	1	2	5	7	1708.0	1708.0	1708.25	1708.4585	1715.0	3.861	COMPLETED
322	id-00008	1	2	5	6	1712.0	1712.0	1712.25	1712.5327	1718.0	3.861	COMPLETED
322	id-00009	9	9	6	1	1714.0	1714.0	1714.26	1715.0	1715.0	28.785	EXPIRED
322	id-00010	5	2	3	5	1715.0	1715.0	1715.27	1715.5856	1720.0	15.758	COMPLETED
322	id-00011	3	4	5	2	1715.0	1715.0	1715.45	1715.5779	1717.0	20.849	COMPLETED
322	id-00012	7	9	1	5	1715.0	1715.0	1715.05	1715.4435	1720.0	4.463	COMPLETED
322	id-00013	5	2	9	4	1715.0	1715.0	1715.39	1715.5842	1719.0	19.085	COMPLETED
322	id-00014	7	7	10	2	1717.0	1717.0	1717.45	1717.8388	1719.0	40.163	COMPLETED
322	id-00015	8	10	10	2	1718.0	1718.0	1718.45	1718.6172	1720.0	47.113	COMPLETED
322	id-00016	9	3	4	2	1719.0	1719.0	1719.18	1719.5845	1721.0	21.625	COMPLETED
322	id-00017	10	18	7	1	1719.0	1719.0	1719.3	1720.0	1720.0	37.847	EXPIRED
322	id-00018	3	3	3	6	1720.0	1720.0	1720.14	1720.2441	1726.0	3.847	COMPLETED
322	id-00019	10	10	7	1	1720.0	1720.0	1720.64	1721.0	1721.0	86.774	EXPIRED
322	id-00020	2	4	7	4	1720.0	1720.0	1720.64	1721.0374	1724.0	19.768	COMPLETED
322	id-00021	1	2	1	6	1722.0	1722.0	1722.05	1722.2803	1728.0	0.772	COMPLETED
322	id-00022	9	7	1	5	1725.0	1725.0	1725.04	1725.3987	1730.0	4.051	COMPLETED
322	id-00023	9	6	9	4	1725.0	1725.0	1725.39	1725.7453	1729.0	43.178	COMPLETED
322	id-00024	2	4	7	5	1727.0	1727.0	1727.35	1727.8401	1732.0	10.811	COMPLETED
322	id-00025	4	8	4	6	1730.0	1730.0	1730.19	1730.4676	1736.0	9.946	COMPLETED
322	id-00026	9	8	1	3	1732.0	1732.0	1732.04	1732.3502	1735.0	4.051	COMPLETED
322	id-00027	9	13	8	4	1732.0	1732.0	1732.35	1732.6949	1736.0	38.749	COMPLETED
322	id-00028	3	5	7	6	1733.0	1733.0	1733.33	1733.8233	1739.0	12.178	COMPLETED
322	id-00029	8	12	5	7	1733.0	1733.0	1733.21	1733.4386	1740.0	18.026	COMPLETED
322	id-00030	8	12	4	5	1735.0	1735.0	1735.19	1735.5299	1740.0	21.684	COMPLETED
322	id-00031	10	15	6	1	1735.0	1735.0	1735.26	1736.0	1736.0	32.801	EXPIRED
322	id-00032	6	5	7	1	1736.0	1736.0	1736.33	1737.0	1737.0	27.468	EXPIRED
322	id-00033	9	17	10	5	1736.0	1736.0	1736.43	1736.7421	1741.0	47.606	COMPLETED
322	id-00034	9	13	2	6	1736.0	1736.0	1736.09	1736.4577	1742.0	9.964	COMPLETED
322	id-00035	5	5	5	7	1737.0	1737.0	1737.24	1737.4366	1744.0	16.27	COMPLETED
322	id-00036	8	3	2	4	1737.0	1737.0	1737.09	1737.3838	1741.0	8.574	COMPLETED
322	id-00037	4	4	2	4	1737.0	1737.0	1737.26	1737.4822	1741.0	8.708	COMPLETED
322	id-00038	2	4	4	1	1737.0	1737.0	1737.52	1738.0	1738.0	16.062	EXPIRED
322	id-00039	7	10	4	4	1737.0	1737.0	1737.52	1737.9695	1741.0	56.216	COMPLETED
322	id-00040	7	2	2	7	1737.0	1737.0	1737.09	1737.4778	1744.0	8.033	COMPLETED
322	id-00041	8	3	9	3	1738.0	1738.0	1738.43	1738.6307	1741.0	49.073	COMPLETED
322	id-00042	8	3	9	4	1738.0	1738.0	1738.39	1738.8217	1742.0	37.155	COMPLETED
322	id-00043	8	10	1	5	1739.0	1739.0	1739.05	1739.3108	1744.0	5.706	COMPLETED
322	id-00044	5	4	10	4	1739.0	1739.0	1739.87	1739.9843	1743.0	42.574	COMPLETED
322	id-00045	2	2	5	6	1739.0	1739.0	1739.43	1739.9299	1745.0	13.282	COMPLETED
322	id-00046	5	9	10	4	1739.0	1739.0	1739.43	1739.9118	1743.0	21.042	COMPLETED
322	id-00047	4	2	2	5	1740.0	1740.0	1740.1	1740.2893	1745.0	5.235	COMPLETED
322	id-00048	3	6	9	3	1741.0	1741.0	1741.43	1741.5309	1744.0	15.869	COMPLETED
322	id-00049	9	9	5	7	1742.0	1742.0	1742.2	1742.4899	1749.0	18.371	COMPLETED
322	id-00050	9	13	1	3	1742.0	1742.0	1742.04	1742.3842	1745.0	4.428	COMPLETED
322	id-00051	7	10	5	5	1743.0	1743.0	1743.24	1743.7295	1748.0	23.683	COMPLETED
322	id-00052	8	13	8	2	1744.0	1744.0	1744.38	1744.6381	1746.0	43.367	COMPLETED
322	id-00053	9	7	5	5	1744.0	1744.0	1744.2	1744.3908	1749.0	18.371	COMPLETED
322	id-00054	3	2	3	2	1746.0	1746.0	1746.14	1746.4126	1748.0	5.167	COMPLETED
322	id-00055	10	17	9	5	1746.0	1746.0	1746.39	1746.6416	1751.0	49.201	COMPLETED
322	id-00056	3	4	6	5	1750.0	1750.0	1750.57	1750.7294	1755.0	21.035	COMPLETED
322	id-00057	3	5	7	1	1750.0	1750.0	1750.67	1751.0	1751.0	31.042	EXPIRED
322	id-00058	5	8	10	1	1750.0	1750.0	1750.42	1751.0	1751.0	16.593	EXPIRED
322	id-00059	2	4	6	7	1753.0	1753.0	1753.3	1753.6922	1760.0	9.266	COMPLETED
322	id-00060	2	3	9	6	1754.0	1754.0	1754.45	1754.8783	1760.0	13.9	COMPLETED
322	id-00061	9	3	10	3	1754.0	1754.0	1754.42	1754.6895	1757.0	42.539	COMPLETED
322	id-00062	8	2	1	3	1754.0	1754.0	1754.05	1754.4863	1757.0	5.235	COMPLETED
322	id-00063	8	6	2	4	1755.0	1755.0	1755.1	1755.325	1759.0	11.412	COMPLETED
322	id-00064	9	8	1	5	1756.0	1756.0	1756.04	1756.2188	1761.0	4.428	COMPLETED
322	id-00065	4	4	9	1	1757.0	1757.0	1757.43	1758.0	1758.0	22.51	EXPIRED
322	id-00066	8	14	9	4	1757.0	1757.0	1757.39	1757.8021	1761.0	37.155	COMPLETED
322	id-00067	5	8	5	5	1757.0	1757.0	1757.23	1757.3616	1762.0	13.424	COMPLETED
322	id-00068	7	2	7	2	1758.0	1758.0	1758.33	1758.8277	1760.0	32.564	COMPLETED
322	id-00069	9	16	5	7	1758.0	1758.0	1758.22	1758.3252	1765.0	24.357	COMPLETED
322	id-00070	4	4	9	5	1758.0	1758.0	1758.41	1758.6396	1763.0	17.597	COMPLETED
322	id-00071	10	13	5	4	1759.0	1759.0	1759.23	1759.5488	1763.0	31.184	COMPLETED
322	id-00072	8	2	7	6	1759.0	1759.0	1759.29	1759.5167	1765.0	24.894	COMPLETED
322	id-00073	8	3	2	7	1760.0	1760.0	1760.09	1760.517	1767.0	9.423	COMPLETED
322	id-00074	7	6	4	6	1760.0	1760.0	1760.18	1760.5715	1766.0	16.065	COMPLETED
322	id-00075	2	2	2	1	1766.0	1766.0	1766.1	1767.0	1767.0	3.089	EXPIRED
322	id-00076	3	5	7	6	1768.0	1768.0	1768.3	1768.4026	1774.0	5.414	COMPLETED
322	id-00077	5	5	1	6	1770.0	1770.0	1770.05	1770.3728	1776.0	2.918	COMPLETED
322	id-00078	5	7	5	5	1772.0	1772.0	1772.45	1772.6516	1777.0	26.264	COMPLETED
322	id-00079	3	5	9	5	1772.0	1772.0	1772.82	1773.0177	1777.0	37.992	COMPLETED
322	id-00080	5	9	4	5	1772.0	1772.0	1772.17	1772.5057	1777.0	6.716	COMPLETED
322	id-00081	2	2	4	1	1773.0	1773.0	1773.2	1774.0	1774.0	6.178	EXPIRED
322	id-00082	2	4	8	1	1773.0	1773.0	1773.36	1774.0	1774.0	4.332	EXPIRED
322	id-00083	8	5	2	1	1774.0	1774.0	1774.09	1775.0	1775.0	9.423	EXPIRED
322	id-00084	8	12	9	5	1775.0	1775.0	1775.43	1775.7357	1780.0	49.073	COMPLETED
322	id-00085	2	2	2	1	1775.0	1775.0	1775.08	1776.0	1776.0	0.963	EXPIRED
322	id-00086	5	2	4	1	1776.0	1776.0	1776.19	1777.0	1777.0	12.88	EXPIRED
322	id-00087	10	2	10	2	1776.0	1776.0	1776.42	1776.8595	1778.0	49.026	COMPLETED
322	id-00088	8	6	10	2	1776.0	1776.0	1776.4	1776.8215	1778.0	30.565	COMPLETED
322	id-00089	10	19	1	1	1776.0	1776.0	1776.1	1777.0	1777.0	15.444	EXPIRED
322	id-00090	1	2	2	1	1776.0	1776.0	1776.2	1777.0	1777.0	3.089	EXPIRED
322	id-00091	7	7	2	5	1776.0	1776.0	1776.19	1776.671	1781.0	18.749	COMPLETED
322	id-00092	5	7	4	3	1776.0	1776.0	1776.38	1776.4892	1779.0	29.344	COMPLETED
322	id-00093	1	2	10	6	1777.0	1777.0	1777.5	1777.9721	1783.0	7.722	COMPLETED
322	id-00094	3	5	7	2	1778.0	1778.0	1778.33	1778.656	1780.0	12.178	COMPLETED
322	id-00095	5	8	5	1	1779.0	1779.0	1779.24	1780.0	1780.0	16.27	EXPIRED
322	id-00096	4	3	2	5	1780.0	1780.0	1780.1	1780.4811	1785.0	5.235	COMPLETED
322	id-00097	10	12	4	6	1780.0	1780.0	1780.17	1780.5661	1786.0	21.447	COMPLETED
322	id-00098	5	3	6	3	1781.0	1781.0	1781.29	1781.4232	1784.0	19.66	COMPLETED
322	id-00099	2	2	8	1	1784.0	1784.0	1784.4	1785.0	1785.0	12.355	EXPIRED
322	id-00100	3	4	3	4	1784.0	1784.0	1784.14	1784.385	1788.0	5.167	COMPLETED
322	id-00101	6	11	2	6	1788.0	1788.0	1788.1	1788.3451	1794.0	9.266	COMPLETED
322	id-00102	3	4	6	2	1789.0	1789.0	1789.3	1789.5041	1791.0	13.9	COMPLETED
322	id-00103	10	4	1	6	1791.0	1791.0	1791.04	1791.405	1797.0	4.292	COMPLETED
322	id-00104	6	9	4	4	1791.0	1791.0	1791.15	1791.4835	1795.0	5.414	COMPLETED
322	id-00105	3	4	10	3	1795.0	1795.0	1795.5	1795.9202	1798.0	23.166	COMPLETED
322	id-00106	10	3	7	4	1795.0	1795.0	1795.29	1795.7427	1799.0	33.851	COMPLETED
322	id-00107	7	4	2	2	1796.0	1796.0	1796.1	1796.3146	1798.0	10.811	COMPLETED
322	id-00108	1	2	1	1	1797.0	1797.0	1797.05	1798.0	1798.0	0.772	EXPIRED
322	id-00109	10	5	6	2	1798.0	1798.0	1798.25	1798.4263	1800.0	29.182	COMPLETED
322	id-00110	1	2	2	3	1799.0	1799.0	1799.1	1799.4879	1802.0	1.544	COMPLETED
322	id-00111	5	9	6	4	1799.0	1799.0	1799.3	1799.4992	1803.0	23.166	COMPLETED
322	id-00112	10	15	9	3	1800.0	1800.0	1800.36	1800.6382	1803.0	38.628	COMPLETED
322	id-00113	6	6	6	2	1800.0	1800.0	1800.27	1800.557	1802.0	19.928	COMPLETED
322	id-00114	4	8	2	7	1806.0	1806.0	1806.1	1806.5653	1813.0	5.235	COMPLETED
322	id-00115	5	6	1	4	1806.0	1806.0	1806.04	1806.1971	1810.0	1.203	COMPLETED
322	id-00116	6	4	2	6	1806.0	1806.0	1806.08	1806.3854	1812.0	3.642	COMPLETED
322	id-00117	8	14	10	2	1812.0	1812.0	1812.48	1812.8988	1814.0	54.78	COMPLETED
322	id-00118	8	3	4	1	1813.0	1813.0	1813.19	1814.0	1814.0	21.684	EXPIRED
322	id-00119	10	6	3	2	1813.0	1813.0	1813.12	1813.5683	1815.0	12.876	COMPLETED
322	id-00120	2	2	1	3	1814.0	1814.0	1814.05	1814.439	1817.0	1.544	COMPLETED
322	id-00121	4	3	2	2	1814.0	1814.0	1814.1	1814.4972	1816.0	5.235	COMPLETED
322	id-00122	4	3	5	7	1815.0	1815.0	1815.24	1815.485	1822.0	12.564	COMPLETED
322	id-00123	10	8	10	1	1815.0	1815.0	1815.4	1816.0	1816.0	42.92	EXPIRED
322	id-00124	10	13	7	7	1816.0	1816.0	1816.28	1816.4522	1823.0	30.044	COMPLETED
322	id-00125	2	3	2	5	1817.0	1817.0	1817.1	1817.2583	1822.0	3.089	COMPLETED
322	id-00126	8	16	8	7	1818.0	1818.0	1818.38	1818.5811	1825.0	43.367	COMPLETED
322	id-00127	10	3	8	5	1819.0	1819.0	1819.64	1819.8032	1824.0	68.672	COMPLETED
322	id-00128	1	2	3	5	1819.0	1819.0	1819.24	1819.3848	1824.0	3.707	COMPLETED
322	id-00129	2	3	3	7	1820.0	1820.0	1820.15	1820.5273	1827.0	4.633	COMPLETED
322	id-00130	1	2	4	1	1824.0	1824.0	1824.2	1825.0	1825.0	3.089	EXPIRED
322	id-00131	10	2	6	6	1825.0	1825.0	1825.23	1825.4245	1831.0	22.511	COMPLETED
322	id-00132	4	8	7	1	1828.0	1828.0	1828.35	1829.0	1829.0	21.622	EXPIRED
322	id-00133	10	2	3	6	1829.0	1829.0	1829.12	1829.5569	1835.0	11.745	COMPLETED
322	id-00134	9	9	9	7	1829.0	1829.0	1829.35	1829.6268	1836.0	28.85	COMPLETED
322	id-00135	8	3	1	7	1829.0	1829.0	1829.05	1829.3885	1836.0	6.178	COMPLETED
322	id-00136	9	17	9	4	1830.0	1830.0	1830.38	1830.5443	1834.0	38.488	COMPLETED
322	id-00137	6	6	6	5	1830.0	1830.0	1830.22	1830.5059	1835.0	7.941	COMPLETED
322	id-00138	9	18	3	5	1832.0	1832.0	1832.12	1832.4652	1837.0	12.154	COMPLETED
322	id-00139	1	2	7	2	1832.0	1832.0	1832.52	1832.8852	1834.0	3.128	COMPLETED
322	id-00140	10	7	7	2	1832.0	1832.0	1832.52	1832.9705	1834.0	50.893	COMPLETED
322	id-00141	3	3	1	7	1833.0	1833.0	1833.1	1833.4927	1840.0	4.633	COMPLETED
322	id-00142	4	7	1	7	1833.0	1833.0	1833.1	1833.5048	1840.0	6.178	COMPLETED
322	id-00143	6	8	4	3	1836.0	1836.0	1836.2	1836.6045	1839.0	18.533	COMPLETED
322	id-00144	8	7	1	7	1836.0	1836.0	1836.04	1836.4477	1843.0	3.434	COMPLETED
322	id-00145	2	2	8	2	1836.0	1836.0	1836.3	1836.7465	1838.0	3.61	COMPLETED
322	id-00146	7	4	7	2	1839.0	1839.0	1839.35	1839.6359	1841.0	37.838	COMPLETED
322	id-00147	6	11	3	3	1842.0	1842.0	1842.14	1842.4447	1845.0	11.653	COMPLETED
322	id-00148	5	5	5	4	1842.0	1842.0	1842.2	1842.6186	1846.0	6.016	COMPLETED
322	id-00149	2	2	5	3	1843.0	1843.0	1843.25	1843.3507	1846.0	7.722	COMPLETED
322	id-00150	6	10	5	6	1844.0	1844.0	1844.24	1844.3564	1850.0	19.977	COMPLETED
322	id-00151	10	7	6	4	1845.0	1845.0	1845.22	1845.46	1849.0	19.458	COMPLETED
322	id-00152	1	2	5	7	1847.0	1847.0	1847.25	1847.6872	1854.0	3.861	COMPLETED
322	id-00153	10	19	3	4	1848.0	1848.0	1848.11	1848.5889	1852.0	9.729	COMPLETED
322	id-00154	9	17	4	5	1848.0	1848.0	1848.16	1848.5421	1853.0	14.697	COMPLETED
322	id-00155	1	2	2	6	1849.0	1849.0	1849.1	1849.4641	1855.0	1.544	COMPLETED
322	id-00156	7	4	1	6	1850.0	1850.0	1850.05	1850.3673	1856.0	5.405	COMPLETED
322	id-00157	2	3	7	1	1851.0	1851.0	1851.35	1852.0	1852.0	10.811	EXPIRED
322	id-00158	5	7	10	3	1852.0	1852.0	1852.5	1852.9412	1855.0	38.61	COMPLETED
322	id-00159	3	6	6	3	1855.0	1855.0	1855.3	1855.4533	1858.0	13.9	COMPLETED
322	id-00160	7	8	5	2	1855.0	1855.0	1855.2	1855.4139	1857.0	12.194	COMPLETED
322	id-00161	6	8	7	3	1857.0	1857.0	1857.35	1857.7349	1860.0	32.432	COMPLETED
322	id-00162	2	3	4	2	1858.0	1858.0	1858.2	1858.3026	1860.0	6.178	COMPLETED
322	id-00163	4	8	2	2	1860.0	1860.0	1860.1	1860.3717	1862.0	6.178	COMPLETED
322	id-00164	3	3	10	3	1861.0	1861.0	1861.5	1861.9929	1864.0	23.166	COMPLETED
322	id-00165	3	4	2	5	1863.0	1863.0	1863.1	1863.3823	1868.0	4.633	COMPLETED
322	id-00166	9	12	9	5	1864.0	1864.0	1864.38	1864.6658	1869.0	38.488	COMPLETED
322	id-00167	8	9	10	4	1865.0	1865.0	1865.5	1865.8575	1869.0	61.776	COMPLETED
322	id-00168	2	3	10	4	1865.0	1865.0	1865.43	1865.6973	1869.0	5.174	COMPLETED
322	id-00169	9	2	5	4	1865.0	1865.0	1865.2	1865.4856	1869.0	18.371	COMPLETED
322	id-00170	6	6	1	3	1867.0	1867.0	1867.05	1867.5041	1870.0	4.633	COMPLETED
322	id-00171	7	7	2	4	1867.0	1867.0	1867.09	1867.4788	1871.0	7.184	COMPLETED
322	id-00172	4	4	4	4	1868.0	1868.0	1868.4	1868.8872	1872.0	24.71	COMPLETED
322	id-00173	1	2	5	2	1868.0	1868.0	1868.5	1868.6481	1870.0	7.722	COMPLETED
322	id-00174	9	6	2	2	1869.0	1869.0	1869.09	1869.3959	1871.0	9.964	COMPLETED
322	id-00175	8	2	2	1	1869.0	1869.0	1869.08	1870.0	1870.0	6.113	EXPIRED
322	id-00176	1	2	2	2	1872.0	1872.0	1872.1	1872.491	1874.0	1.544	COMPLETED
322	id-00177	3	4	9	3	1873.0	1873.0	1873.41	1873.5436	1876.0	11.265	COMPLETED
322	id-00178	2	4	10	2	1874.0	1874.0	1874.5	1874.9287	1876.0	15.444	COMPLETED
322	id-00179	10	8	3	1	1875.0	1875.0	1875.12	1876.0	1876.0	14.007	EXPIRED
322	id-00180	1	2	6	4	1877.0	1877.0	1877.3	1877.6262	1881.0	4.633	COMPLETED
322	id-00181	9	14	7	2	1877.0	1877.0	1877.28	1877.6665	1879.0	25.72	COMPLETED
322	id-00182	3	5	7	2	1878.0	1878.0	1878.32	1878.5028	1880.0	8.792	COMPLETED
322	id-00183	9	8	6	5	1879.0	1879.0	1879.24	1879.5121	1884.0	22.045	COMPLETED
322	id-00184	1	2	4	4	1880.0	1880.0	1880.2	1880.6529	1884.0	3.089	COMPLETED
322	id-00185	3	3	1	1	1880.0	1880.0	1880.05	1881.0	1881.0	1.374	EXPIRED
322	id-00186	7	4	10	6	1881.0	1881.0	1881.45	1881.587	1887.0	40.163	COMPLETED
322	id-00187	1	2	4	7	1884.0	1884.0	1884.2	1884.6051	1891.0	3.089	COMPLETED
322	id-00188	9	7	5	7	1885.0	1885.0	1885.19	1885.343	1892.0	15.661	COMPLETED
322	id-00189	8	12	5	3	1885.0	1885.0	1885.2	1885.4883	1888.0	15.282	COMPLETED
322	id-00190	6	5	4	5	1886.0	1886.0	1886.17	1886.4257	1891.0	9.342	COMPLETED
322	id-00191	1	2	7	6	1887.0	1887.0	1887.35	1887.8467	1893.0	5.405	COMPLETED
322	id-00192	7	6	3	1	1887.0	1887.0	1887.12	1888.0	1888.0	8.448	EXPIRED
322	id-00193	2	2	6	2	1888.0	1888.0	1888.3	1888.6194	1890.0	9.266	COMPLETED
322	id-00194	6	12	2	1	1888.0	1888.0	1888.17	1889.0	1889.0	9.342	EXPIRED
322	id-00195	1	2	8	7	1888.0	1888.0	1888.67	1888.8154	1895.0	10.347	COMPLETED
322	id-00196	9	2	3	4	1889.0	1889.0	1889.12	1889.5706	1893.0	9.891	COMPLETED
322	id-00197	9	9	10	1	1889.0	1889.0	1890.2	1890.0	1890.0	110.227	EXPIRED
322	id-00198	1	2	6	7	1889.0	1889.0	1889.72	1890.1331	1896.0	11.12	COMPLETED
322	id-00199	3	3	2	7	1889.0	1889.0	1889.24	1889.5093	1896.0	11.12	COMPLETED
322	id-00200	5	4	3	6	1890.0	1890.0	1890.12	1890.2356	1896.0	4.741	COMPLETED
322	id-00201	8	14	10	7	1890.0	1890.0	1890.38	1890.822	1897.0	25.454	COMPLETED
322	id-00202	9	3	4	1	1892.0	1892.0	1892.15	1893.0	1893.0	12.364	EXPIRED
322	id-00203	3	5	9	7	1892.0	1892.0	1892.75	1893.0453	1899.0	13.536	COMPLETED
322	id-00204	5	3	3	2	1892.0	1892.0	1892.25	1892.3936	1894.0	16.948	COMPLETED
322	id-00205	7	9	3	2	1893.0	1893.0	1893.12	1893.4301	1895.0	8.448	COMPLETED
322	id-00206	8	3	6	6	1893.0	1893.0	1893.23	1893.6506	1899.0	15.406	COMPLETED
322	id-00207	5	8	1	6	1895.0	1895.0	1895.04	1895.3971	1901.0	1.58	COMPLETED
322	id-00208	4	3	10	6	1895.0	1895.0	1895.83	1895.9942	1901.0	19.973	COMPLETED
322	id-00209	1	2	1	6	1895.0	1895.0	1895.08	1895.2959	1901.0	1.236	COMPLETED
322	id-00210	8	11	2	4	1896.0	1896.0	1896.08	1896.3685	1900.0	6.867	COMPLETED
322	id-00211	9	13	9	3	1897.0	1897.0	1897.38	1897.6978	1900.0	38.488	COMPLETED
322	id-00212	9	16	10	4	1897.0	1897.0	1897.4	1897.6469	1901.0	36.742	COMPLETED
322	id-00213	2	2	2	7	1899.0	1899.0	1899.1	1899.2519	1906.0	3.089	COMPLETED
322	id-00214	6	11	4	6	1899.0	1899.0	1899.33	1899.597	1905.0	18.134	COMPLETED
322	id-00215	2	4	1	1	1899.0	1899.0	1899.08	1900.0	1900.0	2.471	EXPIRED
322	id-00216	2	3	5	3	1900.0	1900.0	1900.25	1900.433	1903.0	7.722	COMPLETED
322	id-00217	6	4	4	2	1901.0	1901.0	1901.17	1901.3515	1903.0	9.342	COMPLETED
322	id-00218	4	8	10	2	1901.0	1901.0	1901.38	1901.6007	1903.0	9.144	COMPLETED
322	id-00219	9	16	9	1	1902.0	1902.0	1902.35	1903.0	1903.0	28.85	EXPIRED
322	id-00220	2	2	4	6	1902.0	1902.0	1902.15	1902.4407	1908.0	1.805	COMPLETED
322	id-00221	3	5	2	6	1903.0	1903.0	1903.08	1903.3283	1909.0	1.444	COMPLETED
322	id-00222	9	9	1	3	1904.0	1904.0	1904.04	1904.465	1907.0	3.297	COMPLETED
322	id-00223	7	11	7	7	1904.0	1904.0	1904.81	1905.0687	1911.0	41.747	COMPLETED
322	id-00224	4	4	7	1	1904.0	1904.0	1904.81	1905.0	1905.0	50.039	EXPIRED
322	id-00225	3	3	8	2	1904.0	1904.0	1904.92	1905.2928	1906.0	42.625	COMPLETED
322	id-00226	6	2	5	5	1905.0	1905.0	1905.22	1905.3225	1910.0	14.164	COMPLETED
322	id-00227	9	10	6	4	1905.0	1905.0	1905.23	1905.5718	1909.0	18.958	COMPLETED
322	id-00228	3	2	9	4	1905.0	1905.0	1905.67	1905.9788	1909.0	12.092	COMPLETED
322	id-00229	8	5	2	4	1905.0	1905.0	1905.15	1905.3364	1909.0	12.876	COMPLETED
322	id-00230	7	8	7	5	1906.0	1906.0	1906.3	1906.7356	1911.0	23.947	COMPLETED
322	id-00231	6	2	3	1	1907.0	1907.0	1907.13	1908.0	1908.0	8.369	EXPIRED
322	id-00232	7	2	1	1	1911.0	1911.0	1911.04	1912.0	1912.0	3.193	EXPIRED
322	id-00233	8	3	4	5	1911.0	1911.0	1911.16	1911.3467	1916.0	12.226	COMPLETED
322	id-00234	3	4	6	6	1912.0	1912.0	1912.26	1912.7281	1918.0	4.692	COMPLETED
322	id-00235	5	8	1	3	1914.0	1914.0	1914.04	1914.1475	1917.0	1.957	COMPLETED
322	id-00236	2	4	10	7	1916.0	1916.0	1916.5	1916.9754	1923.0	15.444	COMPLETED
322	id-00237	7	5	2	3	1916.0	1916.0	1916.18	1916.4673	1919.0	16.065	COMPLETED
322	id-00238	1	2	2	2	1916.0	1916.0	1916.18	1916.5286	1918.0	2.78	COMPLETED
322	id-00239	2	4	2	4	1917.0	1917.0	1917.1	1917.4833	1921.0	3.089	COMPLETED
322	id-00240	10	5	1	6	1917.0	1917.0	1917.04	1917.2017	1923.0	3.915	COMPLETED
322	id-00241	10	13	9	7	1918.0	1918.0	1918.35	1918.8438	1925.0	34.255	COMPLETED
322	id-00242	5	5	7	3	1922.0	1922.0	1922.32	1922.686	1925.0	18.676	COMPLETED
322	id-00243	2	4	6	5	1923.0	1923.0	1923.3	1923.4991	1928.0	9.266	COMPLETED
322	id-00244	5	9	7	3	1925.0	1925.0	1925.3	1925.7424	1928.0	14.681	COMPLETED
322	id-00245	7	13	10	7	1925.0	1925.0	1925.42	1925.5504	1932.0	29.566	COMPLETED
322	id-00246	3	5	6	4	1928.0	1928.0	1928.52	1928.9824	1932.0	9.385	COMPLETED
322	id-00247	2	4	6	1	1928.0	1928.0	1928.52	1929.0	1929.0	16.062	EXPIRED
322	id-00248	3	2	2	5	1931.0	1931.0	1931.09	1931.2719	1936.0	2.473	COMPLETED
322	id-00249	10	19	10	1	1932.0	1932.0	1932.71	1933.0	1933.0	56.101	EXPIRED
322	id-00250	4	2	9	2	1932.0	1932.0	1932.64	1933.0347	1934.0	39.537	COMPLETED
322	id-00251	8	7	8	7	1936.0	1936.0	1936.38	1936.6549	1943.0	43.367	COMPLETED
322	id-00252	8	16	7	4	1937.0	1937.0	1937.33	1937.5636	1941.0	37.661	COMPLETED
322	id-00253	9	3	5	6	1938.0	1938.0	1938.23	1938.5409	1944.0	27.632	COMPLETED
322	id-00254	7	4	5	6	1938.0	1938.0	1938.38	1938.5809	1944.0	19.585	COMPLETED
322	id-00255	5	10	9	2	1938.0	1938.0	1938.69	1939.0412	1940.0	53.282	COMPLETED
322	id-00256	7	6	3	5	1942.0	1942.0	1942.14	1942.2577	1947.0	13.815	COMPLETED
322	id-00257	2	2	4	3	1942.0	1942.0	1942.17	1942.5285	1945.0	2.045	COMPLETED
322	id-00258	10	15	5	2	1942.0	1942.0	1942.2	1942.5689	1944.0	21.46	COMPLETED
322	id-00259	5	6	10	2	1944.0	1944.0	1944.48	1944.6975	1946.0	32.54	COMPLETED
322	id-00260	4	6	9	2	1947.0	1947.0	1947.86	1947.9774	1949.0	45.019	COMPLETED
322	id-00261	2	4	2	3	1947.0	1947.0	1947.19	1947.4382	1950.0	5.869	COMPLETED
322	id-00262	5	4	2	7	1948.0	1948.0	1948.1	1948.2331	1955.0	6.779	COMPLETED
322	id-00263	2	3	6	4	1949.0	1949.0	1949.3	1949.6488	1953.0	9.266	COMPLETED
322	id-00264	5	3	2	4	1950.0	1950.0	1950.17	1950.6154	1954.0	8.319	COMPLETED
322	id-00265	1	2	3	2	1950.0	1950.0	1950.26	1950.6945	1952.0	4.015	COMPLETED
322	id-00266	8	9	3	1	1950.0	1950.0	1950.14	1951.0	1951.0	14.657	EXPIRED
322	id-00267	10	6	8	5	1951.0	1951.0	1951.32	1951.4405	1956.0	34.336	COMPLETED
322	id-00268	2	3	2	2	1954.0	1954.0	1954.1	1954.2157	1956.0	3.089	COMPLETED
322	id-00269	6	7	10	7	1956.0	1956.0	1956.45	1956.9193	1963.0	33.214	COMPLETED
322	id-00270	5	2	6	1	1956.0	1956.0	1956.52	1957.0	1957.0	25.447	EXPIRED
322	id-00271	4	7	8	5	1956.0	1956.0	1956.7	1957.1483	1961.0	43.243	COMPLETED
322	id-00272	10	20	9	4	1957.0	1957.0	1957.67	1957.9378	1961.0	59.257	COMPLETED
322	id-00273	2	4	2	7	1957.0	1957.0	1957.15	1957.5068	1964.0	4.633	COMPLETED
322	id-00274	1	2	3	4	1958.0	1958.0	1958.15	1958.3118	1962.0	2.317	COMPLETED
322	id-00275	3	2	8	2	1958.0	1958.0	1958.36	1958.7114	1960.0	9.891	COMPLETED
322	id-00276	5	5	9	1	1959.0	1959.0	1959.41	1960.0	1960.0	23.929	EXPIRED
322	id-00277	9	6	9	6	1962.0	1962.0	1962.39	1962.8657	1968.0	43.178	COMPLETED
322	id-00278	6	2	7	6	1962.0	1962.0	1962.26	1962.6501	1968.0	9.385	COMPLETED
322	id-00279	8	6	5	6	1964.0	1964.0	1964.24	1964.4738	1970.0	27.39	COMPLETED
322	id-00280	1	2	2	1	1965.0	1965.0	1965.1	1966.0	1966.0	1.544	EXPIRED
322	id-00281	8	6	3	1	1965.0	1965.0	1965.14	1966.0	1966.0	15.977	EXPIRED
322	id-00282	1	2	2	2	1965.0	1965.0	1965.08	1965.5321	1967.0	0.481	COMPLETED
322	id-00283	8	5	10	5	1966.0	1966.0	1966.48	1966.6904	1971.0	54.78	COMPLETED
322	id-00284	6	8	9	3	1966.0	1966.0	1966.38	1966.612	1969.0	20.882	COMPLETED
322	id-00285	2	2	3	6	1967.0	1967.0	1967.15	1967.5345	1973.0	4.633	COMPLETED
322	id-00286	2	4	5	6	1968.0	1968.0	1968.25	1968.4257	1974.0	7.722	COMPLETED
322	id-00287	3	3	2	6	1968.0	1968.0	1968.1	1968.3522	1974.0	3.69	COMPLETED
322	id-00288	9	3	2	5	1969.0	1969.0	1969.08	1969.5653	1974.0	8.103	COMPLETED
322	id-00289	3	6	10	7	1970.0	1970.0	1970.5	1970.6442	1977.0	23.166	COMPLETED
322	id-00290	5	4	7	5	1972.0	1972.0	1972.7	1973.0425	1977.0	54.054	COMPLETED
322	id-00291	1	2	9	6	1972.0	1972.0	1972.9	1973.3375	1978.0	13.9	COMPLETED
322	id-00292	7	3	2	4	1973.0	1973.0	1973.1	1973.4768	1977.0	10.811	COMPLETED
322	id-00293	3	4	5	5	1974.0	1974.0	1974.25	1974.5559	1979.0	11.583	COMPLETED
322	id-00294	1	2	2	1	1978.0	1978.0	1978.1	1979.0	1979.0	1.544	EXPIRED
322	id-00295	1	2	5	2	1979.0	1979.0	1979.25	1979.6111	1981.0	3.861	COMPLETED
322	id-00296	2	3	5	2	1979.0	1979.0	1979.25	1979.7104	1981.0	7.722	COMPLETED
322	id-00297	7	12	2	1	1980.0	1980.0	1980.1	1981.0	1981.0	10.811	EXPIRED
322	id-00298	2	3	7	5	1981.0	1981.0	1981.35	1981.5045	1986.0	10.811	COMPLETED
322	id-00299	8	12	8	6	1982.0	1982.0	1982.4	1982.6466	1988.0	49.421	COMPLETED
322	id-00300	7	13	6	2	1982.0	1982.0	1982.25	1982.6998	1984.0	17.599	COMPLETED
322	id-00301	6	5	2	4	1983.0	1983.0	1983.1	1983.4013	1987.0	9.266	COMPLETED
322	id-00302	9	8	7	7	1983.0	1983.0	1983.29	1983.6004	1990.0	29.372	COMPLETED
322	id-00303	3	6	9	5	1983.0	1983.0	1983.39	1983.5321	1988.0	7.039	COMPLETED
322	id-00304	5	9	1	2	1984.0	1984.0	1984.05	1984.2876	1986.0	3.861	COMPLETED
322	id-00305	6	9	10	1	1984.0	1984.0	1984.42	1985.0	1985.0	23.08	EXPIRED
322	id-00306	4	4	3	6	1984.0	1984.0	1984.13	1984.4139	1990.0	4.354	COMPLETED
322	id-00307	10	4	10	3	1985.0	1985.0	1985.43	1985.8466	1988.0	54.247	COMPLETED
322	id-00308	4	4	7	1	1986.0	1986.0	1986.35	1987.0	1987.0	21.622	EXPIRED
322	id-00309	3	4	1	7	1990.0	1990.0	1990.1	1990.5234	1997.0	4.633	COMPLETED
322	id-00310	1	2	1	4	1990.0	1990.0	1990.1	1990.3347	1994.0	1.544	COMPLETED
322	id-00311	1	2	1	2	1991.0	1991.0	1991.05	1991.4906	1993.0	0.301	COMPLETED
322	id-00312	2	3	9	1	1992.0	1992.0	1992.43	1993.0	1993.0	9.228	EXPIRED
322	id-00313	8	3	6	6	1992.0	1992.0	1992.3	1992.6403	1998.0	37.066	COMPLETED
322	id-00314	1	2	1	7	1992.0	1992.0	1992.08	1992.2978	1999.0	0.481	COMPLETED
322	id-00315	4	8	3	5	1992.0	1992.0	1992.25	1992.4766	1997.0	8.373	COMPLETED
322	id-00316	7	11	9	7	1993.0	1993.0	1993.45	1993.5636	2000.0	48.649	COMPLETED
322	id-00317	7	14	2	6	1995.0	1995.0	1995.1	1995.2925	2001.0	10.811	COMPLETED
322	id-00318	3	2	4	5	1997.0	1997.0	1997.2	1997.4056	2002.0	9.266	COMPLETED
322	id-00319	8	10	10	1	2000.0	2000.0	2000.48	2001.0	2001.0	54.78	EXPIRED
322	id-00320	1	2	2	6	2000.0	2000.0	2000.16	2000.5879	2006.0	0.963	COMPLETED
322	id-00321	5	3	10	7	2000.0	2000.0	2000.8	2001.2566	2007.0	31.606	COMPLETED
