302	id-00000	9	2	2	4	1700.0	1700.0	1700.08	1700.4247	1704.0	8.103	COMPLETED
302	id-00001	7	6	4	4	1700.0	1700.0	1700.2	1700.3919	1704.0	21.622	COMPLETED
302	id-00002	6	7	3	4	1701.0	1701.0	1701.14	1701.2819	1705.0	10.333	COMPLETED
302	id-00003	4	4	9	4	1704.0	1704.0	1704.41	1704.666	1708.0	17.597	COMPLETED
302	id-00004	10	14	1	4	1705.0	1705.0	1705.1	1705.4744	1709.0	15.444	COMPLETED
302	id-00005	1	2	8	2	1705.0	1705.0	1705.8	1706.1924	1707.0	12.355	COMPLETED
302	id-00006	10	7	7	7	1705.0	1705.0	1705.67	1705.9966	1712.0	97.158	COMPLETED
302	id-00007	6	7	5	5	1705.0	1705.0	1705.48	1705.6521	1710.0	44.479	COMPLETED
302	id-00008	3	6	7	5	1705.0	1705.0	1705.7	1705.9605	1710.0	32.432	COMPLETED
302	id-00009	7	2	7	1	1705.0	1705.0	1705.7	1706.0	1706.0	75.676	EXPIRED
302	id-00010	7	4	3	5	1706.0	1706.0	1706.14	1706.3015	1711.0	12.495	COMPLETED
302	id-00011	2	4	6	1	1710.0	1710.0	1710.3	1711.0	1711.0	9.266	EXPIRED
302	id-00012	6	11	10	3	1713.0	1713.0	1713.45	1713.8307	1716.0	33.214	COMPLETED
302	id-00013	9	4	5	7	1713.0	1713.0	1713.22	1713.4771	1720.0	24.357	COMPLETED
302	id-00014	4	7	8	7	1715.0	1715.0	1715.36	1715.8571	1722.0	15.451	COMPLETED
302	id-00015	2	3	6	3	1716.0	1716.0	1716.3	1716.7671	1719.0	9.266	COMPLETED
302	id-00016	10	11	9	5	1718.0	1718.0	1718.39	1718.4903	1723.0	49.201	COMPLETED
302	id-00017	6	4	9	5	1718.0	1718.0	1718.45	1718.816	1723.0	41.699	COMPLETED
302	id-00018	8	8	6	3	1722.0	1722.0	1722.27	1722.4225	1725.0	28.268	COMPLETED
302	id-00019	7	6	5	1	1723.0	1723.0	1723.23	1724.0	1724.0	20.528	EXPIRED
302	id-00020	6	12	8	2	1724.0	1724.0	1724.36	1724.6815	1726.0	26.571	COMPLETED
302	id-00021	3	6	3	4	1725.0	1725.0	1725.29	1725.7082	1729.0	10.702	COMPLETED
302	id-00022	1	2	2	4	1725.0	1725.0	1725.19	1725.3997	1729.0	2.934	COMPLETED
302	id-00023	8	13	4	6	1727.0	1727.0	1727.19	1727.3219	1733.0	21.684	COMPLETED
302	id-00024	7	2	8	2	1729.0	1729.0	1729.38	1729.5828	1731.0	37.498	COMPLETED
302	id-00025	9	10	8	7	1730.0	1730.0	1730.33	1730.4896	1737.0	33.424	COMPLETED
302	id-00026	7	3	3	7	1733.0	1733.0	1733.14	1733.5252	1740.0	13.815	COMPLETED
302	id-00027	2	3	6	3	1736.0	1736.0	1736.29	1736.6063	1739.0	6.223	COMPLETED
302	id-00028	5	6	10	3	1736.0	1736.0	1736.48	1736.9515	1739.0	32.54	COMPLETED
302	id-00029	5	10	7	4	1737.0	1737.0	1737.33	1737.5562	1741.0	22.371	COMPLETED
302	id-00030	8	16	6	3	1738.0	1738.0	1738.29	1738.4503	1741.0	33.096	COMPLETED
302	id-00031	5	7	4	2	1738.0	1738.0	1738.35	1738.6372	1740.0	17.128	COMPLETED
302	id-00032	4	7	6	1	1738.0	1738.0	1738.52	1739.0	1739.0	32.124	EXPIRED
302	id-00033	4	3	8	4	1739.0	1739.0	1739.76	1740.0654	1743.0	39.784	COMPLETED
302	id-00034	4	3	5	7	1739.0	1739.0	1739.48	1739.7897	1746.0	29.652	COMPLETED
302	id-00035	1	2	7	6	1740.0	1740.0	1740.35	1740.5294	1746.0	5.405	COMPLETED
302	id-00036	5	10	7	4	1741.0	1741.0	1741.33	1741.5922	1745.0	22.371	COMPLETED
302	id-00037	5	9	10	7	1742.0	1742.0	1742.48	1742.8505	1749.0	32.54	COMPLETED
302	id-00038	5	10	1	7	1742.0	1742.0	1742.04	1742.4089	1749.0	1.203	COMPLETED
302	id-00039	9	3	1	6	1742.0	1742.0	1742.09	1742.2449	1748.0	9.964	COMPLETED
302	id-00040	4	6	10	5	1742.0	1742.0	1742.87	1743.023	1747.0	53.745	COMPLETED
302	id-00041	1	2	9	3	1743.0	1743.0	1743.45	1743.7731	1746.0	6.95	COMPLETED
302	id-00042	6	11	6	6	1743.0	1743.0	1743.29	1743.4107	1749.0	24.138	COMPLETED
302	id-00043	8	7	6	6	1743.0	1743.0	1743.24	1743.7049	1749.0	18.339	COMPLETED
302	id-00044	9	15	9	3	1744.0	1744.0	1744.36	1744.855	1747.0	33.068	COMPLETED
302	id-00045	5	8	8	1	1745.0	1745.0	1745.38	1746.0	1746.0	25.761	EXPIRED
302	id-00046	3	3	4	3	1746.0	1746.0	1746.19	1746.4136	1749.0	7.012	COMPLETED
302	id-00047	9	4	10	5	1747.0	1747.0	1747.45	1747.8514	1752.0	54.063	COMPLETED
302	id-00048	3	2	5	3	1749.0	1749.0	1749.24	1749.5236	1752.0	8.857	COMPLETED
302	id-00049	4	3	5	5	1751.0	1751.0	1751.24	1751.6795	1756.0	12.564	COMPLETED
302	id-00050	1	2	8	3	1754.0	1754.0	1754.4	1754.7588	1757.0	6.178	COMPLETED
302	id-00051	5	5	1	4	1756.0	1756.0	1756.05	1756.4341	1760.0	3.39	COMPLETED
302	id-00052	10	7	3	5	1759.0	1759.0	1759.14	1759.2698	1764.0	18.982	COMPLETED
302	id-00053	9	5	10	5	1760.0	1760.0	1760.45	1760.7841	1765.0	54.063	COMPLETED
302	id-00054	7	11	5	3	1760.0	1760.0	1760.23	1760.6686	1763.0	20.528	COMPLETED
302	id-00055	10	10	5	3	1760.0	1760.0	1760.21	1760.4963	1763.0	24.513	COMPLETED
302	id-00056	2	3	8	4	1762.0	1762.0	1762.4	1762.7756	1766.0	12.355	COMPLETED
302	id-00057	6	6	7	2	1762.0	1762.0	1762.32	1762.7023	1764.0	23.619	COMPLETED
302	id-00058	4	2	7	6	1767.0	1767.0	1767.3	1767.648	1773.0	10.048	COMPLETED
302	id-00059	2	3	5	6	1768.0	1768.0	1768.25	1768.6922	1774.0	7.722	COMPLETED
302	id-00060	7	9	10	5	1768.0	1768.0	1768.43	1768.8568	1773.0	34.324	COMPLETED
302	id-00061	6	5	7	4	1769.0	1769.0	1769.3	1769.5708	1773.0	19.314	COMPLETED
302	id-00062	3	4	7	7	1770.0	1770.0	1770.64	1771.0361	1777.0	17.585	COMPLETED
302	id-00063	3	6	7	1	1770.0	1770.0	1770.64	1771.0	1771.0	29.652	EXPIRED
302	id-00064	5	3	9	1	1772.0	1772.0	1772.41	1773.0	1773.0	23.929	EXPIRED
302	id-00065	6	5	2	2	1774.0	1774.0	1774.18	1774.5162	1776.0	13.285	COMPLETED
302	id-00066	1	2	4	1	1774.0	1774.0	1774.36	1775.0	1775.0	5.56	EXPIRED
302	id-00067	3	5	7	3	1774.0	1774.0	1774.29	1774.4895	1777.0	5.234	COMPLETED
302	id-00068	5	4	8	5	1775.0	1775.0	1775.38	1775.6502	1780.0	25.761	COMPLETED
302	id-00069	6	7	2	2	1777.0	1777.0	1777.1	1777.5697	1779.0	8.324	COMPLETED
302	id-00070	6	9	9	4	1778.0	1778.0	1778.43	1778.8119	1782.0	35.791	COMPLETED
302	id-00071	4	8	6	7	1779.0	1779.0	1779.29	1779.7253	1786.0	15.181	COMPLETED
302	id-00072	5	5	8	7	1779.0	1779.0	1779.32	1779.4294	1786.0	9.626	COMPLETED
302	id-00073	9	5	4	3	1780.0	1780.0	1780.15	1780.2851	1783.0	12.364	COMPLETED
302	id-00074	3	6	5	3	1781.0	1781.0	1781.48	1781.8713	1784.0	17.714	COMPLETED
302	id-00075	4	3	1	6	1781.0	1781.0	1781.1	1781.5357	1787.0	6.178	COMPLETED
302	id-00076	8	15	6	5	1782.0	1782.0	1782.29	1782.4595	1787.0	33.096	COMPLETED
302	id-00077	6	7	9	3	1783.0	1783.0	1783.43	1783.8545	1786.0	35.791	COMPLETED
302	id-00078	10	2	4	5	1783.0	1783.0	1783.17	1783.5635	1788.0	21.447	COMPLETED
302	id-00079	8	15	10	7	1784.0	1784.0	1784.48	1784.9081	1791.0	54.78	COMPLETED
302	id-00080	2	4	8	7	1784.0	1784.0	1784.31	1784.5456	1791.0	3.73	COMPLETED
302	id-00081	1	2	1	5	1786.0	1786.0	1786.05	1786.3442	1791.0	0.772	COMPLETED
302	id-00082	4	2	8	2	1787.0	1787.0	1787.4	1787.6902	1789.0	24.71	COMPLETED
302	id-00083	6	9	6	5	1788.0	1788.0	1788.3	1788.691	1793.0	27.799	COMPLETED
302	id-00084	1	2	8	2	1792.0	1792.0	1792.4	1792.8668	1794.0	6.178	COMPLETED
302	id-00085	5	9	2	6	1794.0	1794.0	1794.1	1794.4634	1800.0	7.722	COMPLETED
302	id-00086	7	11	4	5	1798.0	1798.0	1798.2	1798.4921	1803.0	21.622	COMPLETED
302	id-00087	8	16	5	7	1800.0	1800.0	1800.25	1800.4548	1807.0	30.888	COMPLETED
302	id-00088	1	2	4	4	1802.0	1802.0	1802.2	1802.6692	1806.0	3.089	COMPLETED
302	id-00089	1	2	7	4	1803.0	1803.0	1803.35	1803.716	1807.0	5.405	COMPLETED
302	id-00090	7	6	2	4	1806.0	1806.0	1806.1	1806.318	1810.0	9.868	COMPLETED
302	id-00091	2	2	2	3	1807.0	1807.0	1807.1	1807.2296	1810.0	3.089	COMPLETED
302	id-00092	2	2	6	5	1807.0	1807.0	1807.86	1808.1064	1812.0	18.456	COMPLETED
302	id-00093	3	2	3	1	1807.0	1807.0	1807.43	1808.0	1808.0	19.923	EXPIRED
302	id-00094	1	2	3	4	1807.0	1807.0	1807.43	1807.8191	1811.0	6.641	COMPLETED
302	id-00095	10	18	4	3	1808.0	1808.0	1808.16	1808.5481	1811.0	17.168	COMPLETED
302	id-00096	10	6	1	6	1811.0	1811.0	1811.08	1811.3116	1817.0	8.584	COMPLETED
302	id-00097	5	9	7	2	1811.0	1811.0	1811.56	1811.7791	1813.0	43.243	COMPLETED
302	id-00098	9	9	3	6	1812.0	1812.0	1812.1	1812.5299	1818.0	5.414	COMPLETED
302	id-00099	4	2	7	7	1812.0	1812.0	1812.28	1812.4527	1819.0	6.738	COMPLETED
302	id-00100	4	3	2	2	1816.0	1816.0	1816.1	1816.322	1818.0	5.235	COMPLETED
302	id-00101	4	7	1	2	1817.0	1817.0	1817.05	1817.2736	1819.0	2.617	COMPLETED
302	id-00102	10	16	3	1	1818.0	1818.0	1818.12	1819.0	1819.0	12.876	EXPIRED
302	id-00103	3	6	10	3	1819.0	1819.0	1819.48	1819.6498	1822.0	17.714	COMPLETED
302	id-00104	6	11	3	5	1819.0	1819.0	1819.1	1819.3901	1824.0	3.61	COMPLETED
302	id-00105	5	10	10	2	1820.0	1820.0	1820.5	1820.8482	1822.0	38.61	COMPLETED
302	id-00106	1	2	10	1	1821.0	1821.0	1821.5	1822.0	1822.0	7.722	EXPIRED
302	id-00107	4	4	7	4	1822.0	1822.0	1822.7	1823.0829	1826.0	43.243	COMPLETED
302	id-00108	2	3	7	1	1822.0	1822.0	1822.7	1823.0	1823.0	21.622	EXPIRED
302	id-00109	4	5	7	1	1822.0	1822.0	1822.24	1823.0	1823.0	5.775	EXPIRED
302	id-00110	3	6	4	1	1823.0	1823.0	1823.4	1824.0	1824.0	18.533	EXPIRED
302	id-00111	1	2	1	3	1823.0	1823.0	1823.1	1823.5283	1826.0	1.544	COMPLETED
302	id-00112	7	5	10	4	1823.0	1823.0	1823.34	1823.6672	1827.0	14.318	COMPLETED
302	id-00113	2	4	7	1	1825.0	1825.0	1825.35	1826.0	1826.0	10.811	EXPIRED
302	id-00114	10	11	6	5	1826.0	1826.0	1826.23	1826.4799	1831.0	22.511	COMPLETED
302	id-00115	6	6	9	5	1827.0	1827.0	1827.45	1827.9448	1832.0	41.699	COMPLETED
302	id-00116	4	2	6	6	1827.0	1827.0	1827.23	1827.5833	1833.0	5.535	COMPLETED
302	id-00117	10	15	8	2	1827.0	1827.0	1827.62	1827.7891	1829.0	60.681	COMPLETED
302	id-00118	2	4	1	5	1827.0	1827.0	1827.08	1827.5473	1832.0	2.471	COMPLETED
302	id-00119	8	8	10	1	1828.0	1828.0	1828.5	1829.0	1829.0	61.776	EXPIRED
302	id-00120	7	7	10	2	1828.0	1828.0	1828.77	1829.2032	1830.0	39.686	COMPLETED
302	id-00121	1	2	1	1	1828.0	1828.0	1828.08	1829.0	1829.0	1.236	EXPIRED
302	id-00122	10	19	2	4	1829.0	1829.0	1829.08	1829.1861	1833.0	7.83	COMPLETED
302	id-00123	8	7	3	3	1831.0	1831.0	1831.15	1831.5543	1834.0	18.533	COMPLETED
302	id-00124	10	5	2	1	1831.0	1831.0	1831.07	1832.0	1832.0	6.191	EXPIRED
302	id-00125	2	3	6	7	1832.0	1832.0	1832.3	1832.4199	1839.0	9.266	COMPLETED
302	id-00126	8	10	10	1	1832.0	1832.0	1832.5	1833.0	1833.0	61.776	EXPIRED
302	id-00127	5	6	7	1	1832.0	1832.0	1832.29	1833.0	1833.0	11.457	EXPIRED
302	id-00128	10	5	2	6	1836.0	1836.0	1836.07	1836.3007	1842.0	6.191	COMPLETED
302	id-00129	6	12	4	5	1836.0	1836.0	1836.17	1836.4259	1841.0	9.342	COMPLETED
302	id-00130	1	2	6	2	1837.0	1837.0	1837.3	1837.4026	1839.0	4.633	COMPLETED
302	id-00131	2	4	7	6	1837.0	1837.0	1837.35	1837.5072	1843.0	10.811	COMPLETED
302	id-00132	6	9	8	7	1838.0	1838.0	1838.4	1838.8902	1845.0	37.066	COMPLETED
302	id-00133	9	12	7	3	1838.0	1838.0	1838.29	1838.5154	1841.0	29.372	COMPLETED
302	id-00134	1	2	3	6	1838.0	1838.0	1838.11	1838.2384	1844.0	0.662	COMPLETED
302	id-00135	8	16	6	2	1839.0	1839.0	1839.3	1839.7463	1841.0	37.066	COMPLETED
302	id-00136	3	5	2	6	1839.0	1839.0	1839.08	1839.261	1845.0	1.444	COMPLETED
302	id-00137	4	8	5	6	1840.0	1840.0	1840.24	1840.5072	1846.0	12.564	COMPLETED
302	id-00138	8	14	7	7	1841.0	1841.0	1841.33	1841.7081	1848.0	37.661	COMPLETED
302	id-00139	9	6	10	7	1841.0	1841.0	1841.4	1841.8681	1848.0	36.742	COMPLETED
302	id-00140	4	7	9	3	1842.0	1842.0	1842.86	1843.227	1845.0	45.019	COMPLETED
302	id-00141	1	2	4	3	1842.0	1842.0	1842.38	1842.631	1845.0	5.869	COMPLETED
302	id-00142	3	5	9	5	1843.0	1843.0	1843.43	1843.6531	1848.0	15.869	COMPLETED
302	id-00143	5	8	3	7	1844.0	1844.0	1844.29	1844.5501	1851.0	19.66	COMPLETED
302	id-00144	1	2	10	6	1844.0	1844.0	1844.95	1845.2748	1850.0	14.672	COMPLETED
302	id-00145	6	9	9	1	1844.0	1844.0	1844.36	1845.0	1845.0	16.389	EXPIRED
302	id-00146	8	8	9	2	1845.0	1845.0	1845.45	1845.938	1847.0	55.598	COMPLETED
302	id-00147	5	9	7	1	1845.0	1845.0	1845.28	1846.0	1846.0	8.422	EXPIRED
302	id-00148	5	9	3	5	1846.0	1846.0	1846.15	1846.5663	1851.0	11.583	COMPLETED
302	id-00149	6	11	8	2	1847.0	1847.0	1847.4	1847.7878	1849.0	37.066	COMPLETED
302	id-00150	5	6	7	5	1848.0	1848.0	1848.35	1848.7941	1853.0	27.027	COMPLETED
302	id-00151	1	2	1	3	1849.0	1849.0	1849.05	1849.2998	1852.0	0.772	COMPLETED
302	id-00152	4	6	4	2	1850.0	1850.0	1850.2	1850.4523	1852.0	12.355	COMPLETED
302	id-00153	2	2	8	3	1851.0	1851.0	1851.4	1851.8133	1854.0	12.355	COMPLETED
302	id-00154	7	2	4	4	1852.0	1852.0	1852.2	1852.4454	1856.0	21.622	COMPLETED
302	id-00155	7	10	9	7	1852.0	1852.0	1852.36	1852.6459	1859.0	21.948	COMPLETED
302	id-00156	6	8	8	2	1854.0	1854.0	1854.4	1854.7278	1856.0	37.066	COMPLETED
302	id-00157	5	10	3	2	1855.0	1855.0	1855.15	1855.3618	1857.0	11.583	COMPLETED
302	id-00158	9	9	1	4	1860.0	1860.0	1860.04	1860.5069	1864.0	4.051	COMPLETED
302	id-00159	4	6	5	6	1860.0	1860.0	1860.2	1860.4912	1866.0	4.813	COMPLETED
302	id-00160	2	4	10	6	1862.0	1862.0	1862.5	1862.7659	1868.0	15.444	COMPLETED
302	id-00161	4	5	3	6	1863.0	1863.0	1863.15	1863.5233	1869.0	9.266	COMPLETED
302	id-00162	10	16	10	3	1864.0	1864.0	1864.4	1864.5278	1867.0	42.92	COMPLETED
302	id-00163	1	2	2	7	1865.0	1865.0	1865.1	1865.253	1872.0	1.544	COMPLETED
302	id-00164	2	4	10	4	1866.0	1866.0	1866.5	1866.6774	1870.0	15.444	COMPLETED
302	id-00165	10	16	2	2	1866.0	1866.0	1866.08	1866.3134	1868.0	8.584	COMPLETED
302	id-00166	5	3	9	6	1867.0	1867.0	1867.45	1867.715	1873.0	34.749	COMPLETED
302	id-00167	7	12	1	1	1868.0	1868.0	1868.05	1869.0	1869.0	5.405	EXPIRED
302	id-00168	7	6	4	1	1869.0	1869.0	1869.4	1870.0	1870.0	43.243	EXPIRED
302	id-00169	1	2	1	6	1869.0	1869.0	1869.1	1869.3042	1875.0	1.544	COMPLETED
302	id-00170	4	6	8	2	1870.0	1870.0	1870.36	1870.6153	1872.0	15.451	COMPLETED
302	id-00171	5	6	4	2	1871.0	1871.0	1871.18	1871.5841	1873.0	10.506	COMPLETED
302	id-00172	5	5	5	2	1873.0	1873.0	1873.23	1873.4988	1875.0	13.424	COMPLETED
302	id-00173	3	4	10	2	1874.0	1874.0	1874.45	1874.585	1876.0	12.364	COMPLETED
302	id-00174	6	11	8	6	1877.0	1877.0	1877.73	1877.8461	1883.0	53.88	COMPLETED
302	id-00175	1	2	8	4	1877.0	1877.0	1877.73	1878.0602	1881.0	11.274	COMPLETED
302	id-00176	10	16	10	7	1878.0	1878.0	1878.42	1878.8258	1885.0	49.026	COMPLETED
302	id-00177	1	2	5	6	1879.0	1879.0	1879.25	1879.3736	1885.0	3.861	COMPLETED
302	id-00178	4	3	6	2	1881.0	1881.0	1881.27	1881.5817	1883.0	11.588	COMPLETED
302	id-00179	6	3	9	7	1881.0	1881.0	1881.33	1881.8093	1888.0	11.912	COMPLETED
302	id-00180	3	6	9	4	1886.0	1886.0	1886.38	1886.5475	1890.0	6.858	COMPLETED
302	id-00181	5	2	5	5	1888.0	1888.0	1888.21	1888.4638	1893.0	8.297	COMPLETED
302	id-00182	4	5	1	5	1890.0	1890.0	1890.04	1890.5106	1895.0	0.963	COMPLETED
302	id-00183	2	2	10	4	1891.0	1891.0	1891.5	1891.8681	1895.0	15.444	COMPLETED
302	id-00184	9	18	10	4	1891.0	1891.0	1891.38	1891.7732	1895.0	31.323	COMPLETED
302	id-00185	9	18	6	6	1891.0	1891.0	1891.25	1891.441	1897.0	25.321	COMPLETED
302	id-00186	5	5	3	6	1893.0	1893.0	1893.12	1893.3913	1899.0	4.741	COMPLETED
302	id-00187	5	6	3	3	1894.0	1894.0	1894.12	1894.5085	1897.0	4.741	COMPLETED
302	id-00188	10	18	9	7	1898.0	1898.0	1898.36	1898.8162	1905.0	38.628	COMPLETED
302	id-00189	1	2	1	4	1899.0	1899.0	1899.05	1899.4452	1903.0	0.772	COMPLETED
302	id-00190	8	6	1	3	1900.0	1900.0	1900.04	1900.3745	1903.0	3.434	COMPLETED
302	id-00191	3	5	9	5	1902.0	1902.0	1902.38	1902.5238	1907.0	6.858	COMPLETED
302	id-00192	8	2	7	1	1902.0	1902.0	1902.27	1903.0	1903.0	18.086	EXPIRED
302	id-00193	2	4	6	7	1903.0	1903.0	1903.3	1903.5391	1910.0	9.266	COMPLETED
302	id-00194	7	12	9	3	1904.0	1904.0	1904.38	1904.5699	1907.0	26.75	COMPLETED
302	id-00195	2	4	1	7	1906.0	1906.0	1906.05	1906.3515	1913.0	1.544	COMPLETED
302	id-00196	5	2	4	4	1907.0	1907.0	1907.17	1907.4814	1911.0	8.319	COMPLETED
302	id-00197	8	15	3	6	1907.0	1907.0	1907.12	1907.5098	1913.0	8.038	COMPLETED
302	id-00198	7	3	6	3	1908.0	1908.0	1908.26	1908.4966	1911.0	20.754	COMPLETED
302	id-00199	7	8	8	2	1909.0	1909.0	1909.35	1909.6821	1911.0	27.938	COMPLETED
302	id-00200	6	6	8	6	1910.0	1910.0	1910.35	1910.6372	1916.0	22.533	COMPLETED
302	id-00201	5	10	3	3	1911.0	1911.0	1911.13	1911.4501	1914.0	6.362	COMPLETED
302	id-00202	5	6	2	1	1915.0	1915.0	1915.18	1916.0	1916.0	10.506	EXPIRED
302	id-00203	3	5	8	5	1915.0	1915.0	1915.73	1915.954	1920.0	33.822	COMPLETED
302	id-00204	9	17	3	3	1917.0	1917.0	1917.13	1917.3336	1920.0	14.393	COMPLETED
302	id-00205	4	6	5	1	1918.0	1918.0	1918.68	1919.0	1919.0	29.186	EXPIRED
302	id-00206	3	6	5	6	1918.0	1918.0	1918.68	1919.16	1924.0	31.506	COMPLETED
302	id-00207	1	2	1	7	1918.0	1918.0	1918.14	1918.4935	1925.0	2.162	COMPLETED
302	id-00208	8	12	9	7	1919.0	1919.0	1919.41	1919.6988	1926.0	42.925	COMPLETED
302	id-00209	7	11	7	6	1923.0	1923.0	1923.32	1923.8143	1929.0	28.561	COMPLETED
302	id-00210	1	2	9	6	1924.0	1924.0	1924.45	1924.6623	1930.0	6.95	COMPLETED
302	id-00211	1	2	7	2	1926.0	1926.0	1926.35	1926.679	1928.0	5.405	COMPLETED
302	id-00212	5	3	3	7	1926.0	1926.0	1926.26	1926.7115	1933.0	12.723	COMPLETED
302	id-00213	2	3	2	5	1926.0	1926.0	1926.17	1926.5985	1931.0	5.251	COMPLETED
302	id-00214	4	4	6	1	1927.0	1927.0	1927.26	1928.0	1928.0	8.708	EXPIRED
302	id-00215	10	2	7	1	1928.0	1928.0	1928.27	1929.0	1929.0	26.425	EXPIRED
302	id-00216	8	15	5	6	1928.0	1928.0	1928.21	1928.6458	1934.0	18.026	COMPLETED
302	id-00217	9	13	2	5	1928.0	1928.0	1928.1	1928.5474	1933.0	13.9	COMPLETED
302	id-00218	1	2	7	6	1929.0	1929.0	1929.35	1929.7175	1935.0	5.405	COMPLETED
302	id-00219	7	6	9	1	1930.0	1930.0	1930.41	1931.0	1931.0	36.593	EXPIRED
302	id-00220	5	7	3	6	1930.0	1930.0	1930.12	1930.4454	1936.0	4.741	COMPLETED
302	id-00221	6	10	3	2	1932.0	1932.0	1932.14	1932.4866	1934.0	10.333	COMPLETED
302	id-00222	2	4	3	2	1933.0	1933.0	1933.15	1933.5416	1935.0	4.633	COMPLETED
302	id-00223	6	7	3	1	1935.0	1935.0	1935.14	1936.0	1936.0	11.653	EXPIRED
302	id-00224	4	6	4	4	1935.0	1935.0	1935.18	1935.6391	1939.0	7.726	COMPLETED
302	id-00225	10	10	1	5	1936.0	1936.0	1936.04	1936.1835	1941.0	3.915	COMPLETED
302	id-00226	8	4	8	7	1936.0	1936.0	1936.59	1936.9232	1943.0	33.958	COMPLETED
302	id-00227	8	16	2	7	1936.0	1936.0	1936.15	1936.4416	1943.0	18.533	COMPLETED
302	id-00228	9	13	1	3	1937.0	1937.0	1937.05	1937.2239	1940.0	6.007	COMPLETED
302	id-00229	4	2	8	7	1937.0	1937.0	1937.92	1938.385	1944.0	22.139	COMPLETED
302	id-00230	3	3	9	7	1937.0	1937.0	1938.04	1938.1864	1944.0	28.575	COMPLETED
302	id-00231	5	4	8	2	1937.0	1937.0	1937.92	1938.0464	1939.0	71.042	COMPLETED
302	id-00232	7	9	3	2	1938.0	1938.0	1938.29	1938.5298	1940.0	28.617	COMPLETED
302	id-00233	1	2	7	2	1938.0	1938.0	1938.67	1938.9947	1940.0	10.347	COMPLETED
302	id-00234	7	12	10	1	1938.0	1938.0	1938.45	1939.0	1939.0	40.163	EXPIRED
302	id-00235	10	3	3	3	1939.0	1939.0	1939.12	1939.6076	1942.0	11.745	COMPLETED
302	id-00236	4	4	9	2	1940.0	1940.0	1940.43	1940.726	1942.0	22.51	COMPLETED
302	id-00237	1	2	5	1	1941.0	1941.0	1941.25	1942.0	1942.0	3.861	EXPIRED
302	id-00238	9	14	1	5	1941.0	1941.0	1941.04	1941.5129	1946.0	4.428	COMPLETED
302	id-00239	3	5	5	6	1942.0	1942.0	1942.24	1942.5755	1948.0	8.857	COMPLETED
302	id-00240	6	9	3	2	1942.0	1942.0	1942.13	1942.2699	1944.0	8.369	COMPLETED
302	id-00241	4	4	1	1	1943.0	1943.0	1943.05	1944.0	1944.0	2.617	EXPIRED
302	id-00242	5	5	4	4	1944.0	1944.0	1944.38	1944.7525	1948.0	25.761	COMPLETED
302	id-00243	3	2	8	1	1944.0	1944.0	1944.76	1945.0	1945.0	35.212	EXPIRED
302	id-00244	3	5	9	1	1946.0	1946.0	1946.43	1947.0	1947.0	15.869	EXPIRED
302	id-00245	1	2	5	3	1947.0	1947.0	1947.25	1947.6954	1950.0	3.861	COMPLETED
302	id-00246	4	5	10	2	1947.0	1947.0	1947.48	1947.8304	1949.0	25.127	COMPLETED
302	id-00247	7	11	8	1	1950.0	1950.0	1950.35	1951.0	1951.0	27.938	EXPIRED
302	id-00248	2	4	7	1	1954.0	1954.0	1954.35	1955.0	1955.0	10.811	EXPIRED
302	id-00249	3	4	3	7	1955.0	1955.0	1955.14	1955.4033	1962.0	3.847	COMPLETED
302	id-00250	5	8	8	1	1957.0	1957.0	1957.36	1958.0	1958.0	21.011	EXPIRED
302	id-00251	6	7	9	4	1959.0	1959.0	1959.41	1959.8631	1963.0	30.261	COMPLETED
302	id-00252	6	9	7	1	1959.0	1959.0	1959.3	1960.0	1960.0	19.314	EXPIRED
302	id-00253	9	12	8	3	1961.0	1961.0	1961.35	1961.7592	1964.0	38.749	COMPLETED
302	id-00254	9	17	3	3	1961.0	1961.0	1961.11	1961.5913	1964.0	8.03	COMPLETED
302	id-00255	7	12	1	5	1961.0	1961.0	1961.05	1961.462	1966.0	4.463	COMPLETED
302	id-00256	10	14	10	3	1962.0	1962.0	1962.37	1962.5455	1965.0	32.724	COMPLETED
302	id-00257	7	13	4	5	1963.0	1963.0	1963.19	1963.2912	1968.0	18.749	COMPLETED
302	id-00258	3	6	9	7	1964.0	1964.0	1964.43	1964.8565	1971.0	15.869	COMPLETED
302	id-00259	2	2	4	6	1965.0	1965.0	1965.2	1965.4338	1971.0	6.178	COMPLETED
302	id-00260	2	3	5	3	1966.0	1966.0	1966.25	1966.354	1969.0	7.722	COMPLETED
302	id-00261	3	6	4	4	1967.0	1967.0	1967.19	1967.4939	1971.0	7.012	COMPLETED
302	id-00262	9	11	2	1	1967.0	1967.0	1967.08	1968.0	1968.0	8.103	EXPIRED
302	id-00263	3	3	9	1	1967.0	1967.0	1967.33	1968.0	1968.0	5.956	EXPIRED
302	id-00264	2	2	8	5	1968.0	1968.0	1968.4	1968.8057	1973.0	12.355	COMPLETED
302	id-00265	3	4	9	6	1969.0	1969.0	1969.86	1970.0396	1975.0	31.737	COMPLETED
302	id-00266	3	2	2	2	1969.0	1969.0	1969.19	1969.5815	1971.0	8.803	COMPLETED
302	id-00267	5	2	4	4	1970.0	1970.0	1970.2	1970.6455	1974.0	15.444	COMPLETED
302	id-00268	2	4	9	3	1971.0	1971.0	1971.45	1971.6041	1974.0	13.9	COMPLETED
302	id-00269	4	5	2	4	1972.0	1972.0	1972.1	1972.3432	1976.0	6.178	COMPLETED
302	id-00270	2	2	1	3	1973.0	1973.0	1973.05	1973.5056	1976.0	1.544	COMPLETED
302	id-00271	1	2	10	2	1975.0	1975.0	1975.5	1975.8694	1977.0	7.722	COMPLETED
302	id-00272	7	3	1	4	1976.0	1976.0	1976.05	1976.2379	1980.0	5.405	COMPLETED
302	id-00273	3	4	6	5	1977.0	1977.0	1977.3	1977.6883	1982.0	13.9	COMPLETED
302	id-00274	1	2	6	6	1978.0	1978.0	1978.3	1978.47	1984.0	4.633	COMPLETED
302	id-00275	5	9	1	6	1979.0	1979.0	1979.1	1979.2315	1985.0	7.722	COMPLETED
302	id-00276	1	2	2	2	1979.0	1979.0	1979.2	1979.3851	1981.0	3.089	COMPLETED
302	id-00277	1	2	9	1	1980.0	1980.0	1980.9	1981.0	1981.0	13.9	EXPIRED
302	id-00278	1	2	8	1	1980.0	1980.0	1980.8	1981.0	1981.0	12.355	EXPIRED
302	id-00279	6	4	10	6	1980.0	1980.0	1980.5	1980.6471	1986.0	46.332	COMPLETED
302	id-00280	3	6	7	3	1981.0	1981.0	1981.7	1981.8323	1984.0	32.432	COMPLETED
302	id-00281	2	2	6	5	1981.0	1981.0	1981.6	1981.9041	1986.0	18.533	COMPLETED
302	id-00282	3	2	5	1	1984.0	1984.0	1984.25	1985.0	1985.0	11.583	EXPIRED
302	id-00283	8	14	4	6	1985.0	1985.0	1985.2	1985.3147	1991.0	24.71	COMPLETED
302	id-00284	9	12	8	3	1987.0	1987.0	1987.33	1987.454	1990.0	33.424	COMPLETED
302	id-00285	5	3	1	6	1987.0	1987.0	1987.09	1987.31	1993.0	4.404	COMPLETED
302	id-00286	7	14	5	7	1987.0	1987.0	1987.43	1987.8764	1994.0	46.486	COMPLETED
302	id-00287	3	6	3	6	1988.0	1988.0	1988.3	1988.7044	1994.0	13.9	COMPLETED
302	id-00288	5	6	1	4	1988.0	1988.0	1988.1	1988.2727	1992.0	7.722	COMPLETED
302	id-00289	9	14	6	1	1989.0	1989.0	1989.25	1990.0	1990.0	25.321	EXPIRED
302	id-00290	5	2	1	5	1989.0	1989.0	1989.09	1989.5854	1994.0	4.404	COMPLETED
302	id-00291	4	8	1	5	1989.0	1989.0	1989.09	1989.4946	1994.0	5.56	COMPLETED
302	id-00292	9	13	9	2	1989.0	1989.0	1989.69	1989.8977	1991.0	56.875	COMPLETED
302	id-00293	2	2	2	3	1989.0	1989.0	1989.15	1989.4845	1992.0	4.633	COMPLETED
302	id-00294	2	3	8	3	1991.0	1991.0	1991.38	1991.5381	1994.0	8.155	COMPLETED
302	id-00295	9	7	7	5	1992.0	1992.0	1992.29	1992.7871	1997.0	29.372	COMPLETED
302	id-00296	4	4	6	4	1996.0	1996.0	1996.3	1996.4487	2000.0	18.533	COMPLETED
302	id-00297	4	7	2	4	1997.0	1997.0	1997.1	1997.5601	2001.0	6.178	COMPLETED
302	id-00298	5	4	5	6	1998.0	1998.0	1998.25	1998.3915	2004.0	19.305	COMPLETED
302	id-00299	5	6	9	2	1999.0	1999.0	1999.45	1999.9439	2001.0	34.749	COMPLETED
302	id-00300	8	5	1	2	2000.0	2000.0	2000.05	2000.1975	2002.0	5.706	COMPLETED
302	id-00301	5	2	2	3	2000.0	2000.0	2000.08	2000.4836	2003.0	2.406	COMPLETED
