5.984306335449219e-05
7.271766662597656e-05
5.3882598876953125e-05
6.723403930664062e-05
6.222724914550781e-05
5.221366882324219e-05
6.437301635742188e-05
4.315376281738281e-05
4.363059997558594e-05
5.1975250244140625e-05
3.457069396972656e-05
4.601478576660156e-05
4.8160552978515625e-05
3.600120544433594e-05
5.888938903808594e-05
3.5762786865234375e-05
3.9577484130859375e-05
6.0558319091796875e-05
6.699562072753906e-05
3.719329833984375e-05
3.790855407714844e-05
4.553794860839844e-05
3.62396240234375e-05
3.62396240234375e-05
5.173683166503906e-05
6.651878356933594e-05
4.458427429199219e-05
5.030632019042969e-05
4.935264587402344e-05
3.910064697265625e-05
4.100799560546875e-05
3.933906555175781e-05
4.2438507080078125e-05
5.078315734863281e-05
5.650520324707031e-05
4.76837158203125e-05
3.2901763916015625e-05
5.817413330078125e-05
3.910064697265625e-05
4.887580871582031e-05
6.771087646484375e-05
7.557868957519531e-05
5.9604644775390625e-05
4.6253204345703125e-05
4.696846008300781e-05
7.867813110351562e-05
4.673004150390625e-05
8.344650268554688e-05
5.6743621826171875e-05
3.314018249511719e-05
3.910064697265625e-05
3.24249267578125e-05
2.7179718017578125e-05
4.4345855712890625e-05
3.0517578125e-05
3.695487976074219e-05
4.291534423828125e-05
4.076957702636719e-05
3.170967102050781e-05
3.838539123535156e-05
2.47955322265625e-05
4.410743713378906e-05
4.935264587402344e-05
5.078315734863281e-05
3.8623809814453125e-05
3.743171691894531e-05
9.393692016601562e-05
3.647804260253906e-05
7.009506225585938e-05
3.695487976074219e-05
4.839897155761719e-05
3.314018249511719e-05
5.1021575927734375e-05
5.3882598876953125e-05
3.3855438232421875e-05
4.2438507080078125e-05
2.384185791015625e-05
2.8848648071289062e-05
3.218650817871094e-05
4.124641418457031e-05
5.602836608886719e-05
2.4557113647460938e-05
4.935264587402344e-05
5.53131103515625e-05
5.1021575927734375e-05
3.123283386230469e-05
5.221366882324219e-05
4.9591064453125e-05
3.361701965332031e-05
4.887580871582031e-05
3.218650817871094e-05
2.7179718017578125e-05
3.552436828613281e-05
5.0067901611328125e-05
2.9325485229492188e-05
4.7206878662109375e-05
1.5020370483398438e-05
9.703636169433594e-05
6.818771362304688e-05
3.314018249511719e-05
4.1484832763671875e-05
3.838539123535156e-05
4.6253204345703125e-05
3.504753112792969e-05
3.0517578125e-05
2.5987625122070312e-05
4.649162292480469e-05
2.6702880859375e-05
3.2901763916015625e-05
3.337860107421875e-05
5.245208740234375e-05
7.224082946777344e-05
3.790855407714844e-05
5.91278076171875e-05
6.008148193359375e-05
4.363059997558594e-05
3.695487976074219e-05
4.3392181396484375e-05
3.790855407714844e-05
4.267692565917969e-05
4.00543212890625e-05
4.220008850097656e-05
7.200241088867188e-05
2.765655517578125e-05
3.695487976074219e-05
5.269050598144531e-05
4.3392181396484375e-05
3.9577484130859375e-05
3.647804260253906e-05
4.076957702636719e-05
5.340576171875e-05
4.267692565917969e-05
3.409385681152344e-05
5.125999450683594e-05
3.838539123535156e-05
3.337860107421875e-05
6.437301635742188e-05
4.76837158203125e-05
3.528594970703125e-05
3.0040740966796875e-05
5.1975250244140625e-05
4.8160552978515625e-05
5.745887756347656e-05
4.363059997558594e-05
3.123283386230469e-05
5.2928924560546875e-05
4.982948303222656e-05
3.981590270996094e-05
3.790855407714844e-05
3.838539123535156e-05
3.218650817871094e-05
4.1484832763671875e-05
4.0531158447265625e-05
4.744529724121094e-05
3.409385681152344e-05
5.1975250244140625e-05
4.8160552978515625e-05
4.3392181396484375e-05
5.14984130859375e-05
3.5762786865234375e-05
4.172325134277344e-05
6.103515625e-05
4.029273986816406e-05
6.604194641113281e-05
4.506111145019531e-05
4.7206878662109375e-05
4.029273986816406e-05
4.458427429199219e-05
4.220008850097656e-05
5.078315734863281e-05
4.792213439941406e-05
5.364418029785156e-05
3.3855438232421875e-05
5.53131103515625e-05
3.814697265625e-05
5.4836273193359375e-05
4.982948303222656e-05
4.8160552978515625e-05
4.00543212890625e-05
3.695487976074219e-05
3.8623809814453125e-05
7.081031799316406e-05
3.933906555175781e-05
3.790855407714844e-05
3.4332275390625e-05
3.552436828613281e-05
2.9802322387695312e-05
3.337860107421875e-05
3.24249267578125e-05
4.1484832763671875e-05
3.075599670410156e-05
8.821487426757812e-05
3.409385681152344e-05
4.410743713378906e-05
2.9087066650390625e-05
