0.0017628669738769531
0.0038683414459228516
0.0012640953063964844
0.0010600090026855469
0.0003840923309326172
0.0010042190551757812
0.001012563705444336
0.0006968975067138672
0.0009908676147460938
0.0024840831756591797
0.0015795230865478516
0.001264810562133789
0.004806995391845703
0.0005526542663574219
0.0027589797973632812
0.0007767677307128906
0.003160715103149414
0.007833242416381836
0.004404306411743164
0.0006706714630126953
0.0012962818145751953
0.0016088485717773438
0.0007112026214599609
0.0010149478912353516
0.0013997554779052734
0.0007772445678710938
0.002572774887084961
0.001565694808959961
0.0019481182098388672
0.001384735107421875
0.0022547245025634766
0.0016350746154785156
0.0016193389892578125
0.004079103469848633
0.0013949871063232422
0.0033669471740722656
0.0007901191711425781
0.004351377487182617
0.0007793903350830078
0.001829385757446289
0.0007867813110351562
0.007014274597167969
0.0007703304290771484
0.001550912857055664
0.0011091232299804688
0.0008218288421630859
0.0008699893951416016
0.008054733276367188
0.001745462417602539
0.0005650520324707031
0.002215147018432617
0.0009012222290039062
0.0012884140014648438
0.002106189727783203
0.0010275840759277344
0.0009746551513671875
0.0031342506408691406
0.0009188652038574219
0.0005235671997070312
0.0005638599395751953
0.0005977153778076172
0.0022368431091308594
0.0054168701171875
0.0008375644683837891
0.00032591819763183594
0.0007834434509277344
0.0005919933319091797
0.0003097057342529297
0.005273342132568359
0.0006074905395507812
0.002250194549560547
0.001857757568359375
0.00431370735168457
0.0032012462615966797
0.000873565673828125
0.002167940139770508
0.0005888938903808594
0.0005779266357421875
0.0008523464202880859
0.0022437572479248047
0.0016198158264160156
0.0005092620849609375
0.000762939453125
0.001209259033203125
0.003504514694213867
0.0008928775787353516
0.00500035285949707
0.0014677047729492188
0.002597808837890625
0.002661466598510742
0.001790761947631836
0.0005137920379638672
0.0009160041809082031
0.0023412704467773438
0.0007617473602294922
0.006885051727294922
0.004790067672729492
0.0021448135375976562
0.0009706020355224609
0.006005764007568359
0.0007545948028564453
0.00211334228515625
0.0007684230804443359
0.00028777122497558594
0.0007522106170654297
0.0013568401336669922
0.0005421638488769531
0.0007586479187011719
0.0008077621459960938
0.0008630752563476562
0.0024340152740478516
0.0008814334869384766
0.007017612457275391
0.0009176731109619141
0.0003979206085205078
0.0008838176727294922
0.003139972686767578
0.0009016990661621094
0.0005712509155273438
0.0007646083831787109
0.0009691715240478516
0.0007803440093994141
0.0005540847778320312
0.0007941722869873047
0.0036890506744384766
0.0033020973205566406
0.0009038448333740234
0.0009088516235351562
0.0008647441864013672
0.004064321517944336
0.00036787986755371094
0.0019948482513427734
0.003020048141479492
0.000675201416015625
0.0003643035888671875
0.0025975704193115234
0.006309032440185547
0.0006983280181884766
0.0006957054138183594
0.0041751861572265625
0.0024950504302978516
0.0011005401611328125
0.003603219985961914
0.0008866786956787109
0.0037610530853271484
0.007306337356567383
0.0009593963623046875
0.0006449222564697266
0.001528024673461914
0.0005710124969482422
0.0022394657135009766
0.0025653839111328125
0.0018262863159179688
0.0004856586456298828
0.0047681331634521484
0.0008387565612792969
0.001020193099975586
0.005822181701660156
0.0006115436553955078
0.0010221004486083984
0.0009505748748779297
0.0015692710876464844
0.0009701251983642578
0.0010454654693603516
0.0009996891021728516
0.0009887218475341797
0.0020685195922851562
0.0009055137634277344
0.0020248889923095703
0.0017538070678710938
0.0008022785186767578
0.0003161430358886719
0.0031731128692626953
0.0008249282836914062
0.0020160675048828125
0.003088712692260742
0.0027008056640625
0.0008785724639892578
0.0008859634399414062
0.0008957386016845703
0.0016553401947021484
0.0015349388122558594
0.0015034675598144531
0.0008020401000976562
0.0008320808410644531
0.0007615089416503906
0.0008518695831298828
0.0008294582366943359
0.0018687248229980469
0.0012080669403076172
0.0005428791046142578
0.000553131103515625
0.005982875823974609
0.0008339881896972656
