322	id-00000	10	20	1	3	1700.0	1700.0	1700.05	1700.4455	1703.0	7.722	COMPLETED
322	id-00001	6	2	6	4	1701.0	1701.0	1701.27	1701.7307	1705.0	19.928	COMPLETED
322	id-00002	10	5	2	3	1702.0	1702.0	1702.1	1702.5311	1705.0	15.444	COMPLETED
322	id-00003	9	7	10	9	1704.0	1704.0	1704.42	1704.8161	1713.0	42.539	COMPLETED
322	id-00004	5	9	3	4	1704.0	1704.0	1704.14	1704.4058	1708.0	9.491	COMPLETED
322	id-00005	10	6	2	10	1704.0	1704.0	1704.1	1704.3051	1714.0	15.444	COMPLETED
322	id-00006	5	3	10	10	1705.0	1705.0	1705.45	1705.7008	1715.0	26.264	COMPLETED
322	id-00007	4	3	2	8	1708.0	1708.0	1708.09	1708.224	1716.0	3.863	COMPLETED
322	id-00008	5	3	2	8	1712.0	1712.0	1712.09	1712.3823	1720.0	5.253	COMPLETED
322	id-00009	4	5	1	7	1714.0	1714.0	1714.05	1714.4211	1721.0	2.146	COMPLETED
322	id-00010	1	2	4	2	1715.0	1715.0	1715.4	1715.5529	1717.0	6.178	COMPLETED
322	id-00011	7	4	5	1	1715.0	1715.0	1715.23	1716.0	1716.0	20.528	EXPIRED
322	id-00012	1	2	1	7	1715.0	1715.0	1715.1	1715.2817	1722.0	1.544	COMPLETED
322	id-00013	5	8	10	9	1715.0	1715.0	1715.45	1715.7257	1724.0	26.264	COMPLETED
322	id-00014	3	3	8	4	1717.0	1717.0	1717.36	1717.6275	1721.0	9.891	COMPLETED
322	id-00015	9	10	6	8	1718.0	1718.0	1718.27	1718.6005	1726.0	32.438	COMPLETED
322	id-00016	10	4	6	6	1719.0	1719.0	1719.3	1719.6367	1725.0	46.332	COMPLETED
322	id-00017	10	9	6	8	1719.0	1719.0	1719.26	1719.7136	1727.0	32.801	COMPLETED
322	id-00018	5	5	5	8	1720.0	1720.0	1720.22	1720.4137	1728.0	10.766	COMPLETED
322	id-00019	6	11	3	1	1720.0	1720.0	1720.14	1721.0	1721.0	10.333	EXPIRED
322	id-00020	2	3	2	7	1720.0	1720.0	1720.1	1720.2502	1727.0	3.089	COMPLETED
322	id-00021	1	2	5	3	1722.0	1722.0	1722.25	1722.5429	1725.0	3.861	COMPLETED
322	id-00022	9	11	3	7	1725.0	1725.0	1725.12	1725.5347	1732.0	12.154	COMPLETED
322	id-00023	1	2	6	9	1725.0	1725.0	1725.26	1725.3715	1734.0	1.564	COMPLETED
322	id-00024	1	2	2	9	1727.0	1727.0	1727.1	1727.489	1736.0	1.544	COMPLETED
322	id-00025	6	8	9	9	1730.0	1730.0	1730.43	1730.6122	1739.0	35.791	COMPLETED
322	id-00026	6	7	7	10	1732.0	1732.0	1732.33	1732.6859	1742.0	27.468	COMPLETED
322	id-00027	2	2	1	7	1732.0	1732.0	1732.05	1732.5124	1739.0	1.544	COMPLETED
322	id-00028	10	11	5	5	1733.0	1733.0	1733.22	1733.6909	1738.0	27.754	COMPLETED
322	id-00029	8	7	1	1	1733.0	1733.0	1733.04	1734.0	1734.0	3.434	EXPIRED
322	id-00030	1	2	5	1	1735.0	1735.0	1735.48	1736.0	1736.0	2.888	EXPIRED
322	id-00031	5	7	7	5	1735.0	1735.0	1735.67	1736.1681	1740.0	51.737	COMPLETED
322	id-00032	1	2	3	5	1736.0	1736.0	1736.14	1736.5802	1741.0	0.842	COMPLETED
322	id-00033	6	7	2	7	1736.0	1736.0	1736.19	1736.5525	1743.0	17.606	COMPLETED
322	id-00034	2	2	10	4	1736.0	1736.0	1736.95	1737.2143	1740.0	20.387	COMPLETED
322	id-00035	7	6	10	7	1737.0	1737.0	1737.43	1737.7565	1744.0	34.324	COMPLETED
322	id-00036	5	10	6	7	1737.0	1737.0	1737.82	1738.2375	1744.0	63.32	COMPLETED
322	id-00037	5	2	7	9	1737.0	1737.0	1737.95	1738.3426	1746.0	73.359	COMPLETED
322	id-00038	5	5	10	4	1737.0	1737.0	1737.48	1737.7334	1741.0	32.54	COMPLETED
322	id-00039	6	6	3	5	1737.0	1737.0	1737.41	1737.7311	1742.0	30.261	COMPLETED
322	id-00040	7	5	2	8	1737.0	1737.0	1737.09	1737.4397	1745.0	7.184	COMPLETED
322	id-00041	8	8	7	5	1738.0	1738.0	1738.3	1738.5151	1743.0	28.58	COMPLETED
322	id-00042	4	2	5	9	1738.0	1738.0	1738.24	1738.5639	1747.0	12.564	COMPLETED
322	id-00043	6	4	5	7	1739.0	1739.0	1739.43	1739.792	1746.0	27.683	COMPLETED
322	id-00044	3	4	6	7	1739.0	1739.0	1739.57	1739.8916	1746.0	21.035	COMPLETED
322	id-00045	2	3	1	7	1739.0	1739.0	1739.09	1739.2828	1746.0	2.78	COMPLETED
322	id-00046	2	4	10	9	1739.0	1739.0	1739.95	1740.3175	1748.0	29.344	COMPLETED
322	id-00047	7	5	8	7	1740.0	1740.0	1740.38	1740.6518	1747.0	37.498	COMPLETED
322	id-00048	6	12	4	7	1741.0	1741.0	1741.19	1741.3859	1748.0	15.815	COMPLETED
322	id-00049	7	4	6	3	1742.0	1742.0	1742.24	1742.678	1745.0	14.632	COMPLETED
322	id-00050	5	9	5	5	1742.0	1742.0	1742.24	1742.6645	1747.0	16.27	COMPLETED
322	id-00051	5	7	5	10	1743.0	1743.0	1743.24	1743.6641	1753.0	16.27	COMPLETED
322	id-00052	2	4	1	8	1744.0	1744.0	1744.05	1744.4083	1752.0	1.544	COMPLETED
322	id-00053	8	3	8	4	1744.0	1744.0	1744.38	1744.7262	1748.0	43.367	COMPLETED
322	id-00054	10	5	8	9	1746.0	1746.0	1746.35	1746.5088	1755.0	44.155	COMPLETED
322	id-00055	7	6	5	10	1746.0	1746.0	1746.24	1746.4689	1756.0	23.683	COMPLETED
322	id-00056	1	2	8	8	1750.0	1750.0	1750.76	1751.2141	1758.0	11.737	COMPLETED
322	id-00057	7	8	10	10	1750.0	1750.0	1750.95	1751.185	1760.0	93.746	COMPLETED
322	id-00058	8	10	10	9	1750.0	1750.0	1750.42	1750.7705	1759.0	36.053	COMPLETED
322	id-00059	3	6	5	4	1753.0	1753.0	1753.24	1753.7022	1757.0	8.857	COMPLETED
322	id-00060	9	11	5	4	1754.0	1754.0	1754.21	1754.4393	1758.0	21.27	COMPLETED
322	id-00061	3	4	2	7	1754.0	1754.0	1754.09	1754.3464	1761.0	2.473	COMPLETED
322	id-00062	9	3	6	8	1754.0	1754.0	1754.26	1754.721	1762.0	28.785	COMPLETED
322	id-00063	1	2	6	4	1755.0	1755.0	1755.3	1755.5264	1759.0	4.633	COMPLETED
322	id-00064	5	6	1	2	1756.0	1756.0	1756.05	1756.4214	1758.0	3.39	COMPLETED
322	id-00065	4	3	10	9	1757.0	1757.0	1757.48	1757.702	1766.0	25.127	COMPLETED
322	id-00066	7	5	6	3	1757.0	1757.0	1757.27	1757.6082	1760.0	24.098	COMPLETED
322	id-00067	4	6	8	9	1757.0	1757.0	1757.35	1757.8277	1766.0	11.722	COMPLETED
322	id-00068	10	14	8	7	1758.0	1758.0	1758.36	1758.5147	1765.0	48.81	COMPLETED
322	id-00069	2	4	4	3	1758.0	1758.0	1758.2	1758.4045	1761.0	6.178	COMPLETED
322	id-00070	2	4	5	5	1758.0	1758.0	1758.24	1758.3527	1763.0	5.15	COMPLETED
322	id-00071	9	6	7	6	1759.0	1759.0	1759.3	1759.6365	1765.0	33.214	COMPLETED
322	id-00072	6	11	7	9	1759.0	1759.0	1759.33	1759.6237	1768.0	27.468	COMPLETED
322	id-00073	1	2	1	5	1760.0	1760.0	1760.05	1760.3637	1765.0	0.772	COMPLETED
322	id-00074	7	13	7	10	1760.0	1760.0	1760.32	1760.6664	1770.0	28.561	COMPLETED
322	id-00075	6	8	6	6	1766.0	1766.0	1766.26	1766.7573	1772.0	16.739	COMPLETED
322	id-00076	2	4	9	3	1768.0	1768.0	1768.45	1768.7283	1771.0	13.9	COMPLETED
322	id-00077	7	6	10	7	1770.0	1770.0	1770.45	1770.7748	1777.0	40.163	COMPLETED
322	id-00078	9	12	7	4	1772.0	1772.0	1772.29	1772.7788	1776.0	29.372	COMPLETED
322	id-00079	3	2	8	3	1772.0	1772.0	1772.35	1772.556	1775.0	6.317	COMPLETED
322	id-00080	7	10	8	7	1772.0	1772.0	1772.35	1772.8177	1779.0	27.938	COMPLETED
322	id-00081	4	4	7	2	1773.0	1773.0	1773.61	1773.9543	1775.0	37.683	COMPLETED
322	id-00082	10	5	4	8	1773.0	1773.0	1773.35	1773.8484	1781.0	44.155	COMPLETED
322	id-00083	9	8	8	6	1774.0	1774.0	1774.33	1774.6392	1780.0	33.424	COMPLETED
322	id-00084	3	6	2	5	1775.0	1775.0	1775.1	1775.3362	1780.0	3.69	COMPLETED
322	id-00085	9	5	3	3	1775.0	1775.0	1775.12	1775.6	1778.0	11.023	COMPLETED
322	id-00086	6	11	2	4	1776.0	1776.0	1776.16	1776.55	1780.0	11.809	COMPLETED
322	id-00087	3	3	8	5	1776.0	1776.0	1776.38	1776.5396	1781.0	14.024	COMPLETED
322	id-00088	9	6	1	1	1776.0	1776.0	1776.05	1777.0	1777.0	6.95	EXPIRED
322	id-00089	2	2	4	2	1776.0	1776.0	1776.16	1776.5026	1778.0	1.925	COMPLETED
322	id-00090	3	6	9	5	1776.0	1776.0	1776.72	1777.0374	1781.0	12.995	COMPLETED
322	id-00091	5	3	7	1	1776.0	1776.0	1776.58	1777.0	1777.0	44.788	EXPIRED
322	id-00092	10	16	10	6	1776.0	1776.0	1776.83	1777.0713	1782.0	96.884	COMPLETED
322	id-00093	7	13	5	2	1777.0	1777.0	1777.24	1777.3738	1779.0	23.683	COMPLETED
322	id-00094	4	7	8	2	1778.0	1778.0	1778.38	1778.6057	1780.0	19.892	COMPLETED
322	id-00095	4	2	1	4	1779.0	1779.0	1779.05	1779.1605	1783.0	2.617	COMPLETED
322	id-00096	10	4	10	10	1780.0	1780.0	1780.43	1780.8501	1790.0	54.247	COMPLETED
322	id-00097	8	13	5	1	1780.0	1780.0	1780.24	1781.0	1781.0	27.39	EXPIRED
322	id-00098	1	2	5	7	1781.0	1781.0	1781.25	1781.666	1788.0	3.861	COMPLETED
322	id-00099	9	17	1	3	1784.0	1784.0	1784.04	1784.4003	1787.0	3.297	COMPLETED
322	id-00100	3	5	6	5	1784.0	1784.0	1784.29	1784.7493	1789.0	10.702	COMPLETED
322	id-00101	3	2	10	2	1788.0	1788.0	1788.5	1788.9036	1790.0	23.166	COMPLETED
322	id-00102	1	2	3	6	1789.0	1789.0	1789.15	1789.2854	1795.0	2.317	COMPLETED
322	id-00103	3	4	7	8	1791.0	1791.0	1791.28	1791.7668	1799.0	5.053	COMPLETED
322	id-00104	9	2	6	6	1791.0	1791.0	1791.24	1791.6645	1797.0	22.045	COMPLETED
322	id-00105	4	2	10	6	1795.0	1795.0	1795.5	1795.9149	1801.0	30.888	COMPLETED
322	id-00106	1	2	6	10	1795.0	1795.0	1795.22	1795.4496	1805.0	1.324	COMPLETED
322	id-00107	1	2	9	6	1796.0	1796.0	1796.45	1796.6019	1802.0	6.95	COMPLETED
322	id-00108	7	4	6	8	1797.0	1797.0	1797.3	1797.6978	1805.0	32.432	COMPLETED
322	id-00109	4	4	4	7	1798.0	1798.0	1798.2	1798.5328	1805.0	12.355	COMPLETED
322	id-00110	10	6	5	10	1799.0	1799.0	1799.42	1799.843	1809.0	49.026	COMPLETED
322	id-00111	3	4	5	2	1799.0	1799.0	1799.42	1799.7561	1801.0	19.459	COMPLETED
322	id-00112	3	4	1	10	1800.0	1800.0	1800.04	1800.3754	1810.0	0.722	COMPLETED
322	id-00113	10	20	5	5	1800.0	1800.0	1800.2	1800.5032	1805.0	21.46	COMPLETED
322	id-00114	3	6	3	9	1806.0	1806.0	1806.11	1806.3597	1815.0	1.985	COMPLETED
322	id-00115	3	4	8	9	1806.0	1806.0	1806.38	1806.6293	1815.0	14.024	COMPLETED
322	id-00116	1	2	8	1	1806.0	1806.0	1806.4	1807.0	1807.0	6.178	EXPIRED
322	id-00117	2	4	7	9	1812.0	1812.0	1812.35	1812.7755	1821.0	10.811	COMPLETED
322	id-00118	5	3	10	5	1813.0	1813.0	1813.32	1813.5385	1818.0	9.626	COMPLETED
322	id-00119	2	2	1	8	1813.0	1813.0	1813.05	1813.2983	1821.0	1.073	COMPLETED
322	id-00120	1	2	4	2	1814.0	1814.0	1814.2	1814.4234	1816.0	3.089	COMPLETED
322	id-00121	5	9	6	7	1814.0	1814.0	1814.29	1814.7542	1821.0	19.66	COMPLETED
322	id-00122	5	6	7	1	1815.0	1815.0	1815.33	1816.0	1816.0	22.371	EXPIRED
322	id-00123	7	9	10	1	1815.0	1815.0	1815.34	1816.0	1816.0	14.318	EXPIRED
322	id-00124	10	20	1	6	1816.0	1816.0	1816.04	1816.382	1822.0	4.292	COMPLETED
322	id-00125	8	8	10	9	1817.0	1817.0	1817.48	1817.9465	1826.0	54.78	COMPLETED
322	id-00126	5	2	6	6	1818.0	1818.0	1818.29	1818.5419	1824.0	19.66	COMPLETED
322	id-00127	8	12	4	5	1819.0	1819.0	1819.14	1819.579	1824.0	6.738	COMPLETED
322	id-00128	3	6	10	4	1819.0	1819.0	1819.48	1819.8986	1823.0	17.714	COMPLETED
322	id-00129	2	3	2	10	1820.0	1820.0	1820.1	1820.3801	1830.0	3.089	COMPLETED
322	id-00130	5	8	8	4	1824.0	1824.0	1824.4	1824.5687	1828.0	30.888	COMPLETED
322	id-00131	4	3	1	6	1825.0	1825.0	1825.05	1825.1643	1831.0	3.089	COMPLETED
322	id-00132	8	5	10	4	1828.0	1828.0	1828.5	1828.8473	1832.0	61.776	COMPLETED
322	id-00133	3	3	4	9	1829.0	1829.0	1829.2	1829.4789	1838.0	9.266	COMPLETED
322	id-00134	9	18	2	5	1829.0	1829.0	1829.08	1829.4598	1834.0	6.594	COMPLETED
322	id-00135	4	2	9	9	1829.0	1829.0	1829.35	1829.4601	1838.0	8.422	COMPLETED
322	id-00136	2	2	1	4	1830.0	1830.0	1830.05	1830.419	1834.0	1.544	COMPLETED
322	id-00137	8	9	7	3	1830.0	1830.0	1830.35	1830.5392	1833.0	43.243	COMPLETED
322	id-00138	2	2	7	2	1832.0	1832.0	1832.7	1832.8683	1834.0	21.622	COMPLETED
322	id-00139	1	2	4	3	1832.0	1832.0	1832.4	1832.6642	1835.0	6.178	COMPLETED
322	id-00140	8	3	3	9	1832.0	1832.0	1832.12	1832.6135	1841.0	10.301	COMPLETED
322	id-00141	9	8	5	6	1833.0	1833.0	1833.21	1833.5263	1839.0	21.27	COMPLETED
322	id-00142	2	2	1	10	1833.0	1833.0	1833.05	1833.4692	1843.0	1.544	COMPLETED
322	id-00143	5	4	6	8	1836.0	1836.0	1836.25	1836.4053	1844.0	9.877	COMPLETED
322	id-00144	5	5	10	2	1836.0	1836.0	1836.37	1836.6855	1838.0	11.13	COMPLETED
322	id-00145	6	7	2	8	1836.0	1836.0	1836.1	1836.4794	1844.0	9.266	COMPLETED
322	id-00146	7	4	1	2	1839.0	1839.0	1839.05	1839.2504	1841.0	5.405	COMPLETED
322	id-00147	5	7	1	5	1842.0	1842.0	1842.04	1842.337	1847.0	1.203	COMPLETED
322	id-00148	9	5	10	7	1842.0	1842.0	1842.37	1842.5363	1849.0	27.01	COMPLETED
322	id-00149	2	2	6	9	1843.0	1843.0	1843.3	1843.4582	1852.0	9.266	COMPLETED
322	id-00150	3	6	6	5	1844.0	1844.0	1844.29	1844.6933	1849.0	10.702	COMPLETED
322	id-00151	5	8	7	8	1845.0	1845.0	1845.35	1845.7988	1853.0	27.027	COMPLETED
322	id-00152	3	5	4	10	1847.0	1847.0	1847.2	1847.4541	1857.0	9.266	COMPLETED
322	id-00153	6	6	2	4	1848.0	1848.0	1848.08	1848.4639	1852.0	3.642	COMPLETED
322	id-00154	8	5	10	6	1848.0	1848.0	1848.5	1848.9768	1854.0	61.776	COMPLETED
322	id-00155	2	4	10	7	1849.0	1849.0	1849.5	1849.8363	1856.0	15.444	COMPLETED
322	id-00156	10	13	5	1	1850.0	1850.0	1850.2	1851.0	1851.0	21.46	EXPIRED
322	id-00157	10	3	8	10	1851.0	1851.0	1851.32	1851.7125	1861.0	34.336	COMPLETED
322	id-00158	10	10	10	1	1852.0	1852.0	1852.4	1853.0	1853.0	42.92	EXPIRED
322	id-00159	1	2	1	5	1855.0	1855.0	1855.04	1855.2307	1860.0	0.241	COMPLETED
322	id-00160	8	15	8	4	1855.0	1855.0	1855.4	1855.5745	1859.0	49.421	COMPLETED
322	id-00161	8	8	6	7	1857.0	1857.0	1857.3	1857.764	1864.0	37.066	COMPLETED
322	id-00162	10	6	1	3	1858.0	1858.0	1858.04	1858.1436	1861.0	4.292	COMPLETED
322	id-00163	10	2	2	2	1860.0	1860.0	1860.08	1860.5332	1862.0	8.584	COMPLETED
322	id-00164	7	8	3	1	1861.0	1861.0	1861.15	1862.0	1862.0	16.216	EXPIRED
322	id-00165	8	14	3	7	1863.0	1863.0	1863.15	1863.3827	1870.0	18.533	COMPLETED
322	id-00166	7	9	9	10	1864.0	1864.0	1864.45	1864.8158	1874.0	48.649	COMPLETED
322	id-00167	3	6	9	5	1865.0	1865.0	1865.45	1865.7327	1870.0	20.849	COMPLETED
322	id-00168	10	20	4	7	1865.0	1865.0	1865.16	1865.3386	1872.0	17.168	COMPLETED
322	id-00169	6	7	5	4	1865.0	1865.0	1865.22	1865.5645	1869.0	14.164	COMPLETED
322	id-00170	4	8	1	2	1867.0	1867.0	1867.1	1867.3773	1869.0	6.178	COMPLETED
322	id-00171	3	3	4	4	1867.0	1867.0	1867.4	1867.7133	1871.0	18.533	COMPLETED
322	id-00172	4	4	10	3	1868.0	1868.0	1868.5	1868.9717	1871.0	30.888	COMPLETED
322	id-00173	2	4	3	9	1868.0	1868.0	1868.15	1868.416	1877.0	4.633	COMPLETED
322	id-00174	10	4	1	5	1869.0	1869.0	1869.04	1869.4514	1874.0	4.292	COMPLETED
322	id-00175	3	5	1	7	1869.0	1869.0	1869.05	1869.2034	1876.0	2.317	COMPLETED
322	id-00176	9	7	3	4	1872.0	1872.0	1872.12	1872.4143	1876.0	11.023	COMPLETED
322	id-00177	5	3	7	1	1873.0	1873.0	1873.32	1874.0	1874.0	18.676	EXPIRED
322	id-00178	9	16	1	6	1874.0	1874.0	1874.04	1874.4368	1880.0	3.674	COMPLETED
322	id-00179	6	5	2	10	1875.0	1875.0	1875.09	1875.3541	1885.0	6.643	COMPLETED
322	id-00180	10	9	2	2	1877.0	1877.0	1877.08	1877.2765	1879.0	9.338	COMPLETED
322	id-00181	3	4	5	9	1877.0	1877.0	1877.23	1877.6234	1886.0	6.319	COMPLETED
322	id-00182	7	8	9	2	1878.0	1878.0	1878.41	1878.8743	1880.0	36.593	COMPLETED
322	id-00183	8	10	9	9	1879.0	1879.0	1879.41	1879.6237	1888.0	42.925	COMPLETED
322	id-00184	9	6	2	2	1880.0	1880.0	1880.07	1880.3095	1882.0	5.11	COMPLETED
322	id-00185	6	2	3	10	1880.0	1880.0	1880.12	1880.2772	1890.0	5.463	COMPLETED
322	id-00186	10	14	4	7	1881.0	1881.0	1881.16	1881.4649	1888.0	17.168	COMPLETED
322	id-00187	4	6	4	2	1884.0	1884.0	1884.18	1884.3144	1886.0	7.726	COMPLETED
322	id-00188	9	16	3	9	1885.0	1885.0	1885.12	1885.5445	1894.0	9.891	COMPLETED
322	id-00189	7	6	3	1	1885.0	1885.0	1885.12	1886.0	1886.0	8.448	EXPIRED
322	id-00190	4	3	2	6	1886.0	1886.0	1886.08	1886.3443	1892.0	1.925	COMPLETED
322	id-00191	2	2	1	1	1887.0	1887.0	1887.05	1888.0	1888.0	1.544	EXPIRED
322	id-00192	3	4	9	8	1887.0	1887.0	1887.38	1887.5546	1895.0	6.858	COMPLETED
322	id-00193	1	2	1	10	1888.0	1888.0	1888.05	1888.4155	1898.0	0.772	COMPLETED
322	id-00194	5	5	6	1	1888.0	1888.0	1888.25	1889.0	1889.0	9.877	EXPIRED
322	id-00195	5	6	4	7	1888.0	1888.0	1888.15	1888.3384	1895.0	4.512	COMPLETED
322	id-00196	5	4	10	3	1889.0	1889.0	1889.8	1890.2702	1892.0	24.064	COMPLETED
322	id-00197	7	6	8	8	1889.0	1889.0	1889.33	1889.5416	1897.0	23.231	COMPLETED
322	id-00198	5	2	4	9	1889.0	1889.0	1889.32	1889.8164	1898.0	24.71	COMPLETED
322	id-00199	5	4	7	4	1889.0	1889.0	1889.27	1889.7233	1893.0	8.122	COMPLETED
322	id-00200	4	2	6	1	1890.0	1890.0	1890.5	1891.0	1891.0	26.174	EXPIRED
322	id-00201	3	6	9	6	1890.0	1890.0	1890.75	1891.2257	1896.0	13.536	COMPLETED
322	id-00202	6	7	5	7	1892.0	1892.0	1892.19	1892.6192	1899.0	6.858	COMPLETED
322	id-00203	5	3	8	2	1892.0	1892.0	1892.33	1892.6887	1894.0	13.038	COMPLETED
322	id-00204	8	12	7	7	1892.0	1892.0	1892.29	1892.6386	1899.0	24.894	COMPLETED
322	id-00205	2	4	3	8	1893.0	1893.0	1893.12	1893.3792	1901.0	1.444	COMPLETED
322	id-00206	1	2	1	3	1893.0	1893.0	1893.05	1893.4518	1896.0	0.772	COMPLETED
322	id-00207	10	4	7	1	1895.0	1895.0	1895.56	1896.0	1896.0	81.207	EXPIRED
322	id-00208	4	2	8	5	1895.0	1895.0	1895.64	1895.9634	1900.0	15.401	COMPLETED
322	id-00209	3	2	8	3	1895.0	1895.0	1895.33	1895.6293	1898.0	5.956	COMPLETED
322	id-00210	8	15	1	3	1896.0	1896.0	1896.04	1896.2194	1899.0	3.434	COMPLETED
322	id-00211	10	11	3	1	1897.0	1897.0	1897.12	1898.0	1898.0	12.876	EXPIRED
322	id-00212	9	6	5	8	1897.0	1897.0	1897.21	1897.3514	1905.0	21.27	COMPLETED
322	id-00213	5	5	9	9	1899.0	1899.0	1899.38	1899.6622	1908.0	15.013	COMPLETED
322	id-00214	3	5	3	9	1899.0	1899.0	1899.12	1899.4815	1908.0	2.166	COMPLETED
322	id-00215	2	3	8	8	1899.0	1899.0	1899.4	1899.6238	1907.0	12.355	COMPLETED
322	id-00216	6	2	3	6	1900.0	1900.0	1900.12	1900.5686	1906.0	6.594	COMPLETED
322	id-00217	5	8	3	6	1901.0	1901.0	1901.12	1901.3399	1907.0	3.61	COMPLETED
322	id-00218	9	18	7	5	1901.0	1901.0	1901.27	1901.4969	1906.0	22.256	COMPLETED
322	id-00219	9	6	8	4	1902.0	1902.0	1902.31	1902.5045	1906.0	25.553	COMPLETED
322	id-00220	4	4	5	5	1902.0	1902.0	1902.21	1902.617	1907.0	5.053	COMPLETED
322	id-00221	9	4	3	7	1903.0	1903.0	1903.12	1903.555	1910.0	9.891	COMPLETED
322	id-00222	9	3	5	1	1904.0	1904.0	1904.19	1905.0	1905.0	15.661	EXPIRED
322	id-00223	8	8	9	6	1904.0	1904.0	1904.69	1904.7923	1910.0	85.251	COMPLETED
322	id-00224	6	11	3	7	1904.0	1904.0	1904.23	1904.4945	1911.0	8.302	COMPLETED
322	id-00225	8	16	10	2	1904.0	1904.0	1904.42	1904.8397	1906.0	36.053	COMPLETED
322	id-00226	8	8	9	10	1905.0	1905.0	1905.67	1905.795	1915.0	38.563	COMPLETED
322	id-00227	7	14	3	2	1905.0	1905.0	1905.22	1905.6326	1907.0	23.784	COMPLETED
322	id-00228	9	4	2	2	1905.0	1905.0	1905.08	1905.2691	1907.0	6.594	COMPLETED
322	id-00229	4	3	6	9	1905.0	1905.0	1905.26	1905.4347	1914.0	8.708	COMPLETED
322	id-00230	9	5	2	10	1906.0	1906.0	1906.08	1906.4355	1916.0	6.594	COMPLETED
322	id-00231	10	5	7	1	1907.0	1907.0	1907.26	1908.0	1908.0	22.995	EXPIRED
322	id-00232	1	2	6	8	1911.0	1911.0	1911.24	1911.6643	1919.0	1.444	COMPLETED
322	id-00233	7	2	6	8	1911.0	1911.0	1911.26	1911.7044	1919.0	20.754	COMPLETED
322	id-00234	8	9	5	9	1912.0	1912.0	1912.22	1912.4633	1921.0	20.959	COMPLETED
322	id-00235	10	16	8	2	1914.0	1914.0	1914.32	1914.4889	1916.0	34.336	COMPLETED
322	id-00236	6	6	9	9	1916.0	1916.0	1916.41	1916.9089	1925.0	30.261	COMPLETED
322	id-00237	4	8	5	8	1916.0	1916.0	1916.22	1916.667	1924.0	7.368	COMPLETED
322	id-00238	6	8	10	2	1916.0	1916.0	1916.38	1916.7504	1918.0	13.716	COMPLETED
322	id-00239	7	4	1	7	1917.0	1917.0	1917.04	1917.2308	1924.0	3.193	COMPLETED
322	id-00240	10	5	10	1	1917.0	1917.0	1917.38	1918.0	1918.0	37.191	EXPIRED
322	id-00241	6	9	5	7	1918.0	1918.0	1918.23	1918.5931	1925.0	16.976	COMPLETED
322	id-00242	10	11	8	4	1922.0	1922.0	1922.3	1922.6637	1926.0	26.533	COMPLETED
322	id-00243	2	3	5	5	1923.0	1923.0	1923.25	1923.7149	1928.0	7.722	COMPLETED
322	id-00244	3	6	6	3	1925.0	1925.0	1925.26	1925.5369	1928.0	4.692	COMPLETED
322	id-00245	1	2	9	7	1925.0	1925.0	1925.45	1925.751	1932.0	6.95	COMPLETED
322	id-00246	7	9	9	10	1928.0	1928.0	1928.39	1928.5466	1938.0	31.131	COMPLETED
322	id-00247	1	2	9	3	1928.0	1928.0	1928.45	1928.6727	1931.0	6.95	COMPLETED
322	id-00248	10	19	7	2	1931.0	1931.0	1931.25	1931.4195	1933.0	19.754	COMPLETED
322	id-00249	6	6	10	8	1932.0	1932.0	1932.42	1932.5926	1940.0	23.08	COMPLETED
322	id-00250	10	10	1	10	1932.0	1932.0	1932.04	1932.4486	1942.0	3.161	COMPLETED
322	id-00251	9	12	10	9	1936.0	1936.0	1936.45	1936.812	1945.0	54.063	COMPLETED
322	id-00252	2	4	9	8	1937.0	1937.0	1937.45	1937.8089	1945.0	13.9	COMPLETED
322	id-00253	5	3	3	4	1938.0	1938.0	1938.14	1938.6102	1942.0	9.491	COMPLETED
322	id-00254	5	4	10	10	1938.0	1938.0	1938.45	1938.785	1948.0	26.264	COMPLETED
322	id-00255	2	4	5	10	1938.0	1938.0	1938.25	1938.5486	1948.0	7.722	COMPLETED
322	id-00256	3	5	1	1	1942.0	1942.0	1942.04	1943.0	1943.0	0.722	EXPIRED
322	id-00257	3	3	8	3	1942.0	1942.0	1942.38	1942.7415	1945.0	14.024	COMPLETED
322	id-00258	7	13	5	3	1942.0	1942.0	1942.22	1942.4676	1945.0	17.561	COMPLETED
322	id-00259	3	3	1	10	1944.0	1944.0	1944.05	1944.35	1954.0	1.845	COMPLETED
322	id-00260	6	5	4	9	1947.0	1947.0	1947.16	1947.5435	1956.0	7.284	COMPLETED
322	id-00261	9	14	7	2	1947.0	1947.0	1947.29	1947.7671	1949.0	29.372	COMPLETED
322	id-00262	2	4	7	8	1948.0	1948.0	1948.35	1948.6991	1956.0	10.811	COMPLETED
322	id-00263	8	3	1	8	1949.0	1949.0	1949.05	1949.5177	1957.0	5.706	COMPLETED
322	id-00264	5	2	4	3	1950.0	1950.0	1950.17	1950.3216	1953.0	8.319	COMPLETED
322	id-00265	7	5	6	5	1950.0	1950.0	1950.24	1950.5643	1955.0	14.632	COMPLETED
322	id-00266	7	6	5	10	1950.0	1950.0	1950.23	1950.4212	1960.0	20.528	COMPLETED
322	id-00267	8	10	9	6	1951.0	1951.0	1951.39	1951.6828	1957.0	37.155	COMPLETED
322	id-00268	9	10	8	6	1954.0	1954.0	1954.36	1954.827	1960.0	43.25	COMPLETED
322	id-00269	6	5	3	7	1956.0	1956.0	1956.13	1956.4887	1963.0	8.369	COMPLETED
322	id-00270	2	2	8	1	1956.0	1956.0	1956.73	1957.0	1957.0	8.783	EXPIRED
322	id-00271	4	5	4	7	1956.0	1956.0	1956.36	1956.8366	1963.0	22.239	COMPLETED
322	id-00272	4	8	3	2	1957.0	1957.0	1957.13	1957.5417	1959.0	4.354	COMPLETED
322	id-00273	3	6	7	10	1957.0	1957.0	1957.32	1957.5141	1967.0	8.792	COMPLETED
322	id-00274	1	2	4	3	1958.0	1958.0	1958.17	1958.5036	1961.0	1.023	COMPLETED
322	id-00275	3	5	3	8	1958.0	1958.0	1958.14	1958.3454	1966.0	3.847	COMPLETED
322	id-00276	3	5	8	9	1959.0	1959.0	1959.36	1959.7195	1968.0	9.891	COMPLETED
322	id-00277	10	12	1	1	1962.0	1962.0	1962.04	1963.0	1963.0	3.538	EXPIRED
322	id-00278	3	2	4	7	1962.0	1962.0	1962.17	1962.5678	1969.0	3.068	COMPLETED
322	id-00279	2	3	8	7	1964.0	1964.0	1964.4	1964.5699	1971.0	12.355	COMPLETED
322	id-00280	1	2	8	10	1965.0	1965.0	1965.76	1966.0698	1975.0	4.572	COMPLETED
322	id-00281	10	9	8	10	1965.0	1965.0	1965.3	1965.4628	1975.0	26.533	COMPLETED
322	id-00282	1	2	9	7	1965.0	1965.0	1965.86	1966.085	1972.0	13.282	COMPLETED
322	id-00283	5	5	8	8	1966.0	1966.0	1966.59	1967.0681	1974.0	17.747	COMPLETED
322	id-00284	10	16	3	6	1966.0	1966.0	1966.22	1966.521	1972.0	29.828	COMPLETED
322	id-00285	1	2	8	10	1967.0	1967.0	1967.4	1967.8031	1977.0	6.178	COMPLETED
322	id-00286	8	14	5	8	1968.0	1968.0	1968.21	1968.5721	1976.0	18.026	COMPLETED
322	id-00287	5	10	7	8	1968.0	1968.0	1968.33	1968.6995	1976.0	22.371	COMPLETED
322	id-00288	9	5	10	8	1969.0	1969.0	1969.42	1969.641	1977.0	42.539	COMPLETED
322	id-00289	5	4	1	2	1970.0	1970.0	1970.05	1970.2504	1972.0	3.861	COMPLETED
322	id-00290	6	12	3	8	1972.0	1972.0	1972.15	1972.2596	1980.0	13.9	COMPLETED
322	id-00291	7	8	8	8	1972.0	1972.0	1972.36	1972.7209	1980.0	32.131	COMPLETED
322	id-00292	7	2	9	8	1973.0	1973.0	1973.45	1973.7864	1981.0	48.649	COMPLETED
322	id-00293	1	2	5	5	1974.0	1974.0	1974.25	1974.5557	1979.0	3.861	COMPLETED
322	id-00294	6	11	8	2	1978.0	1978.0	1978.4	1978.7187	1980.0	37.066	COMPLETED
322	id-00295	3	5	7	7	1979.0	1979.0	1979.28	1979.6693	1986.0	5.053	COMPLETED
322	id-00296	9	17	10	3	1979.0	1979.0	1979.48	1979.7949	1982.0	62.193	COMPLETED
322	id-00297	6	11	9	5	1980.0	1980.0	1980.45	1980.6206	1985.0	41.699	COMPLETED
322	id-00298	4	6	3	8	1981.0	1981.0	1981.15	1981.4099	1989.0	9.266	COMPLETED
322	id-00299	5	7	8	1	1982.0	1982.0	1982.33	1983.0	1983.0	13.038	EXPIRED
322	id-00300	8	9	8	2	1982.0	1982.0	1982.4	1982.7057	1984.0	49.421	COMPLETED
322	id-00301	3	6	9	8	1983.0	1983.0	1983.75	1984.227	1991.0	13.536	COMPLETED
322	id-00302	1	2	8	2	1983.0	1983.0	1983.67	1983.8576	1985.0	4.031	COMPLETED
322	id-00303	5	4	6	7	1983.0	1983.0	1983.3	1983.7408	1990.0	23.166	COMPLETED
322	id-00304	10	10	4	4	1984.0	1984.0	1984.17	1984.4956	1988.0	21.447	COMPLETED
322	id-00305	4	3	1	3	1984.0	1984.0	1984.04	1984.5258	1987.0	0.963	COMPLETED
322	id-00306	6	3	5	10	1984.0	1984.0	1984.25	1984.6044	1994.0	23.166	COMPLETED
322	id-00307	6	7	8	1	1985.0	1985.0	1985.4	1986.0	1986.0	37.066	EXPIRED
322	id-00308	1	2	7	6	1986.0	1986.0	1986.35	1986.4685	1992.0	5.405	COMPLETED
322	id-00309	1	2	9	4	1990.0	1990.0	1990.43	1990.6282	1994.0	2.587	COMPLETED
322	id-00310	3	6	6	4	1990.0	1990.0	1990.3	1990.4096	1994.0	13.9	COMPLETED
322	id-00311	5	5	3	1	1991.0	1991.0	1991.15	1992.0	1992.0	11.583	EXPIRED
322	id-00312	9	4	9	6	1992.0	1992.0	1992.39	1992.5968	1998.0	43.178	COMPLETED
322	id-00313	6	7	3	7	1992.0	1992.0	1992.15	1992.4101	1999.0	13.9	COMPLETED
322	id-00314	7	4	8	10	1992.0	1992.0	1992.33	1992.4716	2002.0	23.231	COMPLETED
322	id-00315	6	10	3	3	1992.0	1992.0	1992.12	1992.3147	1995.0	5.463	COMPLETED
322	id-00316	6	12	3	7	1993.0	1993.0	1993.15	1993.4647	2000.0	13.9	COMPLETED
322	id-00317	6	2	6	4	1995.0	1995.0	1995.3	1995.7188	1999.0	27.799	COMPLETED
322	id-00318	8	11	5	5	1997.0	1997.0	1997.25	1997.5191	2002.0	30.888	COMPLETED
322	id-00319	8	2	5	10	2000.0	2000.0	2000.24	2000.7018	2010.0	27.39	COMPLETED
322	id-00320	2	3	6	3	2000.0	2000.0	2000.23	2000.5136	2003.0	2.767	COMPLETED
322	id-00321	6	11	2	6	2000.0	2000.0	2000.08	2000.3921	2006.0	3.642	COMPLETED
