0.0006806850433349609
0.0014750957489013672
0.001348257064819336
0.002239227294921875
0.0007381439208984375
0.000990152359008789
0.0016613006591796875
0.0016858577728271484
0.010366201400756836
0.0008835792541503906
0.001104116439819336
0.002233266830444336
0.004135847091674805
0.0008864402770996094
0.004769563674926758
0.0006690025329589844
0.001313924789428711
0.0022971630096435547
0.0021791458129882812
0.0022437572479248047
0.0032448768615722656
0.0067975521087646484
0.002672910690307617
0.005181312561035156
0.0005533695220947266
0.00038170814514160156
0.0032548904418945312
0.0008749961853027344
0.002117633819580078
0.0019519329071044922
0.0018610954284667969
0.0008921623229980469
0.00394129753112793
0.0007991790771484375
0.0008177757263183594
0.003383636474609375
0.002704620361328125
0.0011816024780273438
0.0017933845520019531
0.0003376007080078125
0.0008308887481689453
0.0006556510925292969
0.0037436485290527344
0.002827167510986328
0.0008492469787597656
0.0021524429321289062
0.011812448501586914
0.0012519359588623047
0.002413034439086914
0.0012810230255126953
0.00136566162109375
0.0007688999176025391
0.002090930938720703
0.0007987022399902344
0.0007426738739013672
0.0014691352844238281
0.0013937950134277344
0.000812530517578125
0.0008220672607421875
0.0008015632629394531
0.002335071563720703
0.002282381057739258
0.004346370697021484
0.0008251667022705078
0.001773834228515625
0.0011267662048339844
0.0013325214385986328
0.0009200572967529297
0.0005023479461669922
0.0008203983306884766
0.0014202594757080078
0.0007405281066894531
0.0006546974182128906
0.0012028217315673828
0.0011966228485107422
0.004202604293823242
0.0030050277709960938
0.002747774124145508
0.0009121894836425781
0.0051691532135009766
0.0017120838165283203
0.0015652179718017578
0.0012404918670654297
0.0017428398132324219
0.0007290840148925781
0.0007479190826416016
0.0031249523162841797
0.0005519390106201172
0.0003409385681152344
0.0007545948028564453
0.0007250308990478516
0.0020830631256103516
0.0006673336029052734
0.0012412071228027344
0.0005509853363037109
0.0007655620574951172
0.000667572021484375
0.0012378692626953125
0.004320859909057617
0.002217531204223633
0.0020334720611572266
0.0020051002502441406
0.0008511543273925781
0.0007894039154052734
0.0008027553558349609
0.0006062984466552734
0.0035636425018310547
0.0008547306060791016
0.0013432502746582031
0.001592874526977539
0.0007164478302001953
0.0006086826324462891
0.0014832019805908203
0.0010979175567626953
0.0010683536529541016
0.0018107891082763672
0.005278110504150391
0.002053499221801758
0.0025529861450195312
0.001750946044921875
0.0034508705139160156
0.0008318424224853516
0.0013468265533447266
0.0029718875885009766
0.0003311634063720703
0.0011489391326904297
0.002176523208618164
0.0005893707275390625
0.004962921142578125
0.005296230316162109
0.0007469654083251953
0.0012347698211669922
0.002075672149658203
0.0008456707000732422
0.0005953311920166016
0.004174947738647461
0.0018818378448486328
0.0010058879852294922
0.0014429092407226562
0.001104116439819336
0.0021491050720214844
0.002698659896850586
0.0014657974243164062
0.0020868778228759766
0.0009124279022216797
0.0013680458068847656
0.00333404541015625
0.0028269290924072266
0.0011420249938964844
0.0018460750579833984
0.0012035369873046875
0.0008394718170166016
0.003885507583618164
0.0009396076202392578
0.0011217594146728516
0.0038726329803466797
0.0018150806427001953
0.0024929046630859375
0.00032830238342285156
0.0031464099884033203
0.0015745162963867188
0.0031147003173828125
0.0016167163848876953
0.0014452934265136719
0.004212617874145508
0.0013446807861328125
0.0007755756378173828
0.0018763542175292969
0.0013387203216552734
0.0006022453308105469
0.0026276111602783203
0.002126455307006836
0.0009405612945556641
0.0005762577056884766
0.002499103546142578
0.003833770751953125
0.0034630298614501953
0.0009405612945556641
0.0009367465972900391
0.0021893978118896484
0.0007860660552978516
0.004659414291381836
0.0005261898040771484
0.0003113746643066406
0.0007572174072265625
0.003522157669067383
