0.0011126995086669922
0.0009341239929199219
0.0006799697875976562
0.004292726516723633
0.0012459754943847656
0.0010418891906738281
0.0006911754608154297
0.0010449886322021484
0.004540205001831055
0.0012459754943847656
0.002046346664428711
0.002373218536376953
0.0043735504150390625
0.001215219497680664
0.0021886825561523438
0.0004985332489013672
0.00037980079650878906
0.003104686737060547
0.0018274784088134766
0.002329111099243164
0.00433039665222168
0.01590442657470703
0.0026521682739257812
0.0046749114990234375
0.0008406639099121094
0.000982522964477539
0.002292633056640625
0.001577615737915039
0.0024313926696777344
0.0034379959106445312
0.004679679870605469
0.0022385120391845703
0.009963274002075195
0.001306772232055664
0.0012929439544677734
0.0020253658294677734
0.004494667053222656
0.002755403518676758
0.0020673274993896484
0.00064849853515625
0.0009725093841552734
0.0005891323089599609
0.002208232879638672
0.0018494129180908203
0.0016491413116455078
0.0017938613891601562
0.019603967666625977
0.0008213520050048828
0.0011906623840332031
0.0008895397186279297
0.002148866653442383
0.0008039474487304688
0.002305746078491211
0.0008261203765869141
0.0006070137023925781
0.0015840530395507812
0.0018360614776611328
0.0009050369262695312
0.0008141994476318359
0.0008664131164550781
0.001983165740966797
0.0014717578887939453
0.0032215118408203125
0.0005919933319091797
0.0026340484619140625
0.0029990673065185547
0.0017542839050292969
0.0008370876312255859
0.0008008480072021484
0.002317190170288086
0.0025720596313476562
0.0009000301361083984
0.0007407665252685547
0.0005984306335449219
0.0013537406921386719
0.0037424564361572266
0.0019059181213378906
0.0043370723724365234
0.0023610591888427734
0.0037522315979003906
0.0008897781372070312
0.0023374557495117188
0.001407623291015625
0.0008325576782226562
0.00035452842712402344
0.0006022453308105469
0.0019347667694091797
0.0008041858673095703
0.0008304119110107422
0.0008561611175537109
0.0025017261505126953
0.003076791763305664
0.0011594295501708984
0.000896453857421875
0.00038170814514160156
0.0008120536804199219
0.0009148120880126953
0.0007119178771972656
0.004533529281616211
0.001920938491821289
0.003841400146484375
0.0016887187957763672
0.0006206035614013672
0.0009396076202392578
0.0009202957153320312
0.0009021759033203125
0.0030875205993652344
0.0009541511535644531
0.0014772415161132812
0.0022263526916503906
0.0008673667907714844
0.0016391277313232422
0.0025768280029296875
0.0012929439544677734
0.0016679763793945312
0.0031843185424804688
0.00565338134765625
0.0021698474884033203
0.003753185272216797
0.0019540786743164062
0.006170988082885742
0.001397848129272461
0.0034890174865722656
0.005666971206665039
0.0003986358642578125
0.0023267269134521484
0.0010418891906738281
0.0009191036224365234
0.004911899566650391
0.005210399627685547
0.0009059906005859375
0.0013973712921142578
0.0027751922607421875
0.0009045600891113281
0.001203298568725586
0.004607200622558594
0.0020210742950439453
0.0008623600006103516
0.0009748935699462891
0.0009496212005615234
0.0023872852325439453
0.0014400482177734375
0.0009467601776123047
0.002045154571533203
0.0009512901306152344
0.0009520053863525391
0.004506587982177734
0.003741025924682617
0.0003228187561035156
0.001031637191772461
0.0007753372192382812
0.000782012939453125
0.0028896331787109375
0.0009450912475585938
0.0007092952728271484
0.0023386478424072266
0.002284526824951172
0.0020804405212402344
0.000993967056274414
0.0018093585968017578
0.0004439353942871094
0.00401616096496582
0.001176595687866211
0.0007746219635009766
0.008473873138427734
0.0003981590270996094
0.0006208419799804688
0.0020449161529541016
0.0014612674713134766
0.0009305477142333984
0.000985860824584961
0.0032858848571777344
0.0008156299591064453
0.0008220672607421875
0.002377033233642578
0.005586862564086914
0.0034406185150146484
0.0008299350738525391
0.0010480880737304688
0.0011000633239746094
0.0008635520935058594
0.0045244693756103516
0.00182342529296875
0.0005793571472167969
0.0003573894500732422
0.0041046142578125
