0.002125263214111328
0.00039124488830566406
0.004800558090209961
0.001056671142578125
0.0010983943939208984
0.0009546279907226562
0.0011374950408935547
0.0009253025054931641
0.0012650489807128906
0.0028145313262939453
0.0007936954498291016
0.0012764930725097656
0.00180816650390625
0.0033376216888427734
0.0013859272003173828
0.001081228256225586
0.00632476806640625
0.0029754638671875
0.001065969467163086
0.003834247589111328
0.001093149185180664
0.0019638538360595703
0.0024023056030273438
0.0011489391326904297
0.0021851062774658203
0.0021452903747558594
0.002316713333129883
0.0009124279022216797
0.002542257308959961
0.0004417896270751953
0.0012803077697753906
0.004563331604003906
0.0018630027770996094
0.0020112991333007812
0.004122018814086914
0.0026693344116210938
0.00039267539978027344
0.0008549690246582031
0.00035834312438964844
0.001302480697631836
0.004194021224975586
0.0007631778717041016
0.0021257400512695312
0.000946044921875
0.0027768611907958984
0.0004372596740722656
0.001882791519165039
0.0017476081848144531
0.0006067752838134766
0.0034646987915039062
0.0008006095886230469
0.003077268600463867
0.0008769035339355469
0.0021605491638183594
0.0023908615112304688
0.0038933753967285156
0.0007569789886474609
0.0023827552795410156
0.0018274784088134766
0.0005679130554199219
0.0007669925689697266
0.0014612674713134766
0.0019364356994628906
0.0008478164672851562
0.0008337497711181641
0.0010809898376464844
0.0010180473327636719
0.0014808177947998047
0.0007874965667724609
0.0012240409851074219
0.00241851806640625
0.003861665725708008
0.0016057491302490234
0.0035026073455810547
0.0017900466918945312
0.0009427070617675781
0.0017254352569580078
0.0033075809478759766
0.0009927749633789062
0.0007596015930175781
0.0013430118560791016
0.0007560253143310547
0.0007319450378417969
0.0010385513305664062
0.0007414817810058594
0.007430315017700195
0.0005104541778564453
0.0005054473876953125
0.0007264614105224609
0.0014488697052001953
0.00031876564025878906
0.0035085678100585938
0.0009949207305908203
0.0003185272216796875
0.0007855892181396484
0.0009114742279052734
0.0062754154205322266
0.0010139942169189453
0.0005476474761962891
0.0008563995361328125
0.002483844757080078
0.0008652210235595703
0.001972675323486328
0.0005311965942382812
0.0037276744842529297
0.0008835792541503906
0.0005140304565429688
0.00923919677734375
0.0038330554962158203
0.0037012100219726562
0.0019023418426513672
0.0008270740509033203
0.001897573471069336
0.0010988712310791016
0.0014417171478271484
0.0008559226989746094
0.0039942264556884766
0.0008146762847900391
0.0010342597961425781
0.0008008480072021484
0.0016040802001953125
0.0008833408355712891
0.002435445785522461
0.0011758804321289062
0.0008115768432617188
0.003278017044067383
0.0006177425384521484
0.0008656978607177734
0.0003864765167236328
0.0008792877197265625
0.0008771419525146484
0.0021965503692626953
0.0013914108276367188
0.0017790794372558594
0.0009286403656005859
0.001680135726928711
0.0005934238433837891
0.0008220672607421875
0.00650787353515625
0.006676912307739258
0.0021381378173828125
0.0006222724914550781
0.0009016990661621094
0.001116037368774414
0.0016331672668457031
0.0013074874877929688
0.00039458274841308594
0.002340078353881836
0.0029282569885253906
0.0006000995635986328
0.0007929801940917969
0.0016772747039794922
0.003590106964111328
0.0010628700256347656
0.0009720325469970703
0.001499176025390625
0.0009374618530273438
0.0010256767272949219
0.002059459686279297
0.0034847259521484375
0.0051157474517822266
0.0021445751190185547
0.001439809799194336
0.0009317398071289062
0.003913164138793945
0.0005898475646972656
0.004590511322021484
0.0014979839324951172
0.0014545917510986328
0.001428365707397461
0.00032901763916015625
0.001976490020751953
0.0008499622344970703
0.001613616943359375
0.0047109127044677734
0.0008497238159179688
0.003513336181640625
0.0029816627502441406
0.0009398460388183594
0.0012426376342773438
0.0023567676544189453
0.002750873565673828
0.0011360645294189453
0.001783609390258789
0.0008099079132080078
