311	id-00000	3	6	7	1	1704.0	1704.0	1704.64	1705.0	1705.0	29.652	EXPIRED
311	id-00001	3	4	2	5	1704.0	1704.0	1704.18	1704.5943	1709.0	4.946	COMPLETED
311	id-00002	7	9	7	5	1704.0	1704.0	1704.29	1704.4175	1709.0	20.415	COMPLETED
311	id-00003	6	10	4	1	1705.0	1705.0	1705.18	1706.0	1706.0	13.285	EXPIRED
311	id-00004	9	14	2	1	1706.0	1706.0	1706.08	1707.0	1707.0	8.103	EXPIRED
311	id-00005	2	4	6	1	1706.0	1706.0	1706.3	1707.0	1707.0	9.266	EXPIRED
311	id-00006	6	10	10	3	1707.0	1707.0	1707.45	1707.7136	1710.0	33.214	COMPLETED
311	id-00007	7	2	3	2	1708.0	1708.0	1708.14	1708.4075	1710.0	12.495	COMPLETED
311	id-00008	6	11	5	5	1709.0	1709.0	1709.23	1709.5221	1714.0	16.976	COMPLETED
311	id-00009	5	7	10	1	1710.0	1710.0	1710.43	1711.0	1711.0	21.042	EXPIRED
311	id-00010	6	3	7	1	1710.0	1710.0	1710.32	1711.0	1711.0	23.619	EXPIRED
311	id-00011	5	6	10	2	1711.0	1711.0	1711.45	1711.6801	1713.0	26.264	COMPLETED
311	id-00012	9	10	10	4	1711.0	1711.0	1711.43	1711.7679	1715.0	47.606	COMPLETED
311	id-00013	9	18	7	2	1712.0	1712.0	1712.3	1712.4328	1714.0	33.214	COMPLETED
311	id-00014	9	12	9	5	1713.0	1713.0	1713.39	1713.5538	1718.0	43.178	COMPLETED
311	id-00015	5	8	2	4	1713.0	1713.0	1713.09	1713.3929	1717.0	5.253	COMPLETED
311	id-00016	1	2	4	1	1717.0	1717.0	1717.36	1718.0	1718.0	2.166	EXPIRED
311	id-00017	4	6	7	2	1717.0	1717.0	1717.64	1718.0972	1719.0	33.503	COMPLETED
311	id-00018	8	15	3	5	1718.0	1718.0	1718.14	1718.3832	1723.0	14.657	COMPLETED
311	id-00019	5	5	5	2	1719.0	1719.0	1719.23	1719.4891	1721.0	13.424	COMPLETED
311	id-00020	6	2	3	4	1720.0	1720.0	1720.14	1720.6291	1724.0	10.333	COMPLETED
311	id-00021	10	2	10	4	1721.0	1721.0	1721.45	1721.6178	1725.0	61.013	COMPLETED
311	id-00022	5	2	8	1	1724.0	1724.0	1724.36	1725.0	1725.0	21.011	EXPIRED
311	id-00023	1	2	6	3	1726.0	1726.0	1726.3	1726.6083	1729.0	4.633	COMPLETED
311	id-00024	4	8	10	4	1727.0	1727.0	1727.83	1728.137	1731.0	27.798	COMPLETED
311	id-00025	7	9	7	2	1727.0	1727.0	1727.33	1727.6497	1729.0	32.564	COMPLETED
311	id-00026	1	2	6	3	1727.0	1727.0	1727.5	1727.7229	1730.0	3.008	COMPLETED
311	id-00027	5	3	2	3	1728.0	1728.0	1728.1	1728.549	1731.0	6.779	COMPLETED
311	id-00028	7	9	9	2	1729.0	1729.0	1729.43	1729.582	1731.0	42.432	COMPLETED
311	id-00029	10	15	9	2	1730.0	1730.0	1730.39	1730.584	1732.0	49.201	COMPLETED
311	id-00030	6	8	7	4	1732.0	1732.0	1732.33	1732.4979	1736.0	27.468	COMPLETED
311	id-00031	3	2	2	1	1734.0	1734.0	1734.1	1735.0	1735.0	3.69	EXPIRED
311	id-00032	4	2	8	1	1735.0	1735.0	1735.38	1736.0	1736.0	19.892	EXPIRED
311	id-00033	2	2	9	1	1735.0	1735.0	1735.43	1736.0	1736.0	9.228	EXPIRED
311	id-00034	6	4	10	1	1736.0	1736.0	1736.48	1737.0	1737.0	39.953	EXPIRED
311	id-00035	3	2	1	3	1737.0	1737.0	1737.05	1737.282	1740.0	1.845	COMPLETED
311	id-00036	3	4	4	5	1739.0	1739.0	1739.19	1739.3105	1744.0	7.012	COMPLETED
311	id-00037	1	2	5	1	1740.0	1740.0	1740.25	1741.0	1741.0	3.861	EXPIRED
311	id-00038	3	5	2	3	1741.0	1741.0	1741.16	1741.6417	1744.0	2.888	COMPLETED
311	id-00039	2	2	10	4	1741.0	1741.0	1741.8	1742.0672	1745.0	9.626	COMPLETED
311	id-00040	8	14	10	1	1741.0	1741.0	1741.48	1742.0	1742.0	54.78	EXPIRED
311	id-00041	1	2	4	4	1741.0	1741.0	1741.2	1741.383	1745.0	3.089	COMPLETED
311	id-00042	6	3	5	1	1744.0	1744.0	1744.24	1745.0	1745.0	19.977	EXPIRED
311	id-00043	1	2	10	4	1746.0	1746.0	1746.5	1746.8777	1750.0	7.722	COMPLETED
311	id-00044	2	2	4	5	1747.0	1747.0	1747.2	1747.5036	1752.0	6.178	COMPLETED
311	id-00045	1	2	1	2	1747.0	1747.0	1747.05	1747.2757	1749.0	0.301	COMPLETED
311	id-00046	6	7	7	1	1747.0	1747.0	1747.32	1748.0	1748.0	23.619	EXPIRED
311	id-00047	10	19	8	2	1749.0	1749.0	1749.35	1749.6883	1751.0	44.155	COMPLETED
311	id-00048	10	4	5	2	1750.0	1750.0	1750.23	1750.7229	1752.0	31.184	COMPLETED
311	id-00049	7	11	9	3	1750.0	1750.0	1750.38	1750.7693	1753.0	26.75	COMPLETED
311	id-00050	4	4	7	3	1751.0	1751.0	1751.33	1751.8136	1754.0	17.275	COMPLETED
311	id-00051	8	11	1	4	1752.0	1752.0	1752.05	1752.4598	1756.0	5.706	COMPLETED
311	id-00052	3	6	4	3	1752.0	1752.0	1752.17	1752.3578	1755.0	3.068	COMPLETED
311	id-00053	4	3	9	4	1752.0	1752.0	1752.41	1752.5701	1756.0	17.597	COMPLETED
311	id-00054	9	2	4	1	1753.0	1753.0	1753.18	1754.0	1754.0	21.625	EXPIRED
311	id-00055	4	8	10	1	1753.0	1753.0	1753.42	1754.0	1754.0	10.107	EXPIRED
311	id-00056	1	2	3	5	1753.0	1753.0	1753.15	1753.4885	1758.0	2.317	COMPLETED
311	id-00057	3	3	5	2	1755.0	1755.0	1755.24	1755.3877	1757.0	8.857	COMPLETED
311	id-00058	4	6	1	5	1757.0	1757.0	1757.04	1757.3898	1762.0	1.34	COMPLETED
311	id-00059	9	8	10	1	1757.0	1757.0	1757.45	1758.0	1758.0	54.063	EXPIRED
311	id-00060	7	8	7	5	1758.0	1758.0	1758.33	1758.6171	1763.0	32.564	COMPLETED
311	id-00061	5	5	10	3	1759.0	1759.0	1759.48	1759.8036	1762.0	32.54	COMPLETED
311	id-00062	8	6	5	4	1760.0	1760.0	1760.23	1760.6861	1764.0	24.08	COMPLETED
311	id-00063	1	2	2	4	1761.0	1761.0	1761.1	1761.457	1765.0	1.544	COMPLETED
311	id-00064	1	2	8	3	1763.0	1763.0	1763.73	1764.2257	1766.0	4.392	COMPLETED
311	id-00065	5	10	7	5	1763.0	1763.0	1763.64	1763.9307	1768.0	43.387	COMPLETED
311	id-00066	7	12	1	5	1765.0	1765.0	1765.04	1765.4516	1770.0	3.193	COMPLETED
311	id-00067	5	5	10	3	1766.0	1766.0	1766.43	1766.7697	1769.0	21.042	COMPLETED
311	id-00068	1	2	6	4	1766.0	1766.0	1766.3	1766.7112	1770.0	4.633	COMPLETED
311	id-00069	2	2	4	4	1768.0	1768.0	1768.17	1768.4654	1772.0	2.045	COMPLETED
311	id-00070	8	8	3	1	1768.0	1768.0	1768.13	1769.0	1769.0	12.385	EXPIRED
311	id-00071	3	2	10	3	1770.0	1770.0	1770.45	1770.8736	1773.0	12.364	COMPLETED
311	id-00072	9	16	10	5	1770.0	1770.0	1770.42	1770.8994	1775.0	42.539	COMPLETED
311	id-00073	9	14	1	5	1771.0	1771.0	1771.04	1771.2686	1776.0	4.051	COMPLETED
311	id-00074	2	2	5	5	1772.0	1772.0	1772.25	1772.5124	1777.0	7.722	COMPLETED
311	id-00075	8	15	5	4	1774.0	1774.0	1774.21	1774.3398	1778.0	18.026	COMPLETED
311	id-00076	2	2	3	2	1774.0	1774.0	1774.14	1774.3695	1776.0	1.684	COMPLETED
311	id-00077	4	6	10	2	1775.0	1775.0	1775.48	1775.6783	1777.0	25.127	COMPLETED
311	id-00078	1	2	7	4	1775.0	1775.0	1775.35	1775.7317	1779.0	5.405	COMPLETED
311	id-00079	8	2	7	4	1776.0	1776.0	1776.29	1776.6809	1780.0	24.894	COMPLETED
311	id-00080	2	4	8	2	1776.0	1776.0	1776.32	1776.7508	1778.0	3.85	COMPLETED
311	id-00081	4	8	9	3	1776.0	1776.0	1776.43	1776.6053	1779.0	22.51	COMPLETED
311	id-00082	8	5	8	5	1779.0	1779.0	1779.38	1779.5223	1784.0	43.367	COMPLETED
311	id-00083	9	13	2	3	1780.0	1780.0	1780.08	1780.5452	1783.0	6.594	COMPLETED
311	id-00084	6	11	2	2	1781.0	1781.0	1781.1	1781.408	1783.0	8.324	COMPLETED
311	id-00085	4	3	6	4	1781.0	1781.0	1781.23	1781.5171	1785.0	5.535	COMPLETED
311	id-00086	8	2	4	5	1782.0	1782.0	1782.19	1782.3501	1787.0	21.684	COMPLETED
311	id-00087	5	4	10	3	1783.0	1783.0	1783.48	1783.6313	1786.0	32.54	COMPLETED
311	id-00088	2	4	1	1	1783.0	1783.0	1783.05	1784.0	1784.0	1.544	EXPIRED
311	id-00089	7	13	5	5	1784.0	1784.0	1784.24	1784.6529	1789.0	23.683	COMPLETED
311	id-00090	7	4	8	1	1785.0	1785.0	1785.4	1786.0	1786.0	43.243	EXPIRED
311	id-00091	5	2	1	5	1786.0	1786.0	1786.04	1786.3115	1791.0	1.58	COMPLETED
311	id-00092	5	2	3	5	1786.0	1786.0	1786.15	1786.4835	1791.0	11.583	COMPLETED
311	id-00093	2	3	2	5	1786.0	1786.0	1786.1	1786.3364	1791.0	3.089	COMPLETED
311	id-00094	6	9	9	2	1789.0	1789.0	1789.38	1789.4935	1791.0	20.882	COMPLETED
311	id-00095	6	10	9	5	1789.0	1789.0	1789.45	1789.7826	1794.0	41.699	COMPLETED
311	id-00096	9	4	2	3	1790.0	1790.0	1790.08	1790.4679	1793.0	7.348	COMPLETED
311	id-00097	8	8	5	3	1793.0	1793.0	1793.2	1793.3555	1796.0	15.282	COMPLETED
311	id-00098	4	6	3	3	1793.0	1793.0	1793.15	1793.2961	1796.0	9.266	COMPLETED
311	id-00099	3	5	10	1	1793.0	1793.0	1793.4	1794.0	1794.0	7.219	EXPIRED
311	id-00100	3	3	1	5	1794.0	1794.0	1794.05	1794.4084	1799.0	2.317	COMPLETED
311	id-00101	9	4	8	3	1795.0	1795.0	1795.3	1795.5372	1798.0	21.9	COMPLETED
311	id-00102	1	2	10	4	1796.0	1796.0	1796.5	1796.9998	1800.0	7.722	COMPLETED
311	id-00103	9	11	10	4	1797.0	1797.0	1797.37	1797.6736	1801.0	27.01	COMPLETED
311	id-00104	3	2	5	5	1798.0	1798.0	1798.25	1798.414	1803.0	11.583	COMPLETED
311	id-00105	2	2	5	1	1799.0	1799.0	1799.25	1800.0	1800.0	7.722	EXPIRED
311	id-00106	5	10	10	2	1801.0	1801.0	1801.37	1801.5512	1803.0	11.13	COMPLETED
311	id-00107	6	7	10	5	1801.0	1801.0	1801.5	1801.873	1806.0	46.332	COMPLETED
311	id-00108	10	16	5	3	1803.0	1803.0	1803.2	1803.3671	1806.0	21.46	COMPLETED
311	id-00109	2	3	10	1	1804.0	1804.0	1804.5	1805.0	1805.0	15.444	EXPIRED
311	id-00110	6	7	1	3	1804.0	1804.0	1804.05	1804.3474	1807.0	4.633	COMPLETED
311	id-00111	4	3	6	1	1807.0	1807.0	1807.29	1808.0	1808.0	15.181	EXPIRED
311	id-00112	10	12	8	1	1809.0	1809.0	1809.32	1810.0	1810.0	34.336	EXPIRED
311	id-00113	4	7	8	1	1809.0	1809.0	1809.38	1810.0	1810.0	19.892	EXPIRED
311	id-00114	5	7	5	2	1811.0	1811.0	1811.24	1811.4113	1813.0	16.27	COMPLETED
311	id-00115	4	7	1	4	1812.0	1812.0	1812.05	1812.5179	1816.0	2.617	COMPLETED
311	id-00116	10	7	8	3	1815.0	1815.0	1815.32	1815.502	1818.0	34.336	COMPLETED
311	id-00117	7	6	4	5	1815.0	1815.0	1815.19	1815.3421	1820.0	18.749	COMPLETED
311	id-00118	9	5	10	3	1816.0	1816.0	1816.83	1816.9497	1819.0	84.066	COMPLETED
311	id-00119	4	6	3	5	1816.0	1816.0	1816.1	1816.4291	1821.0	2.406	COMPLETED
311	id-00120	7	11	4	2	1816.0	1816.0	1816.16	1816.357	1818.0	9.755	COMPLETED
311	id-00121	2	3	3	3	1816.0	1816.0	1816.25	1816.6931	1819.0	7.722	COMPLETED
311	id-00122	4	7	8	5	1817.0	1817.0	1817.38	1817.6844	1822.0	19.892	COMPLETED
311	id-00123	5	4	9	3	1817.0	1817.0	1817.38	1817.5145	1820.0	15.013	COMPLETED
311	id-00124	2	4	5	3	1817.0	1817.0	1817.2	1817.4555	1820.0	2.406	COMPLETED
311	id-00125	7	9	7	2	1817.0	1817.0	1817.24	1817.6502	1819.0	10.107	COMPLETED
311	id-00126	2	3	2	5	1818.0	1818.0	1818.19	1818.4807	1823.0	4.077	COMPLETED
311	id-00127	1	2	8	2	1818.0	1818.0	1818.76	1818.9939	1820.0	11.737	COMPLETED
311	id-00128	2	3	1	4	1818.0	1818.0	1818.05	1818.4213	1822.0	1.544	COMPLETED
311	id-00129	2	3	1	5	1819.0	1819.0	1819.1	1819.3621	1824.0	2.146	COMPLETED
311	id-00130	4	7	2	3	1819.0	1819.0	1819.19	1819.5237	1822.0	11.737	COMPLETED
311	id-00131	7	6	10	5	1820.0	1820.0	1820.5	1820.6111	1825.0	54.054	COMPLETED
311	id-00132	9	9	7	2	1821.0	1821.0	1821.24	1821.4913	1823.0	12.995	COMPLETED
311	id-00133	8	5	10	3	1821.0	1821.0	1821.5	1821.6956	1824.0	61.776	COMPLETED
311	id-00134	9	6	8	5	1822.0	1822.0	1822.28	1822.4322	1827.0	15.16	COMPLETED
311	id-00135	7	11	8	2	1824.0	1824.0	1824.28	1824.4282	1826.0	11.791	COMPLETED
311	id-00136	5	10	1	4	1824.0	1824.0	1824.05	1824.293	1828.0	3.861	COMPLETED
311	id-00137	2	4	10	5	1824.0	1824.0	1824.5	1824.9947	1829.0	15.444	COMPLETED
311	id-00138	10	3	9	1	1826.0	1826.0	1826.35	1827.0	1827.0	34.255	EXPIRED
311	id-00139	5	7	1	5	1827.0	1827.0	1827.08	1827.5094	1832.0	2.406	COMPLETED
311	id-00140	10	3	9	1	1827.0	1827.0	1827.69	1828.0	1828.0	100.058	EXPIRED
311	id-00141	8	3	1	1	1827.0	1827.0	1827.05	1828.0	1828.0	6.178	EXPIRED
311	id-00142	4	8	9	2	1827.0	1827.0	1827.35	1827.6306	1829.0	8.422	COMPLETED
311	id-00143	9	5	6	1	1827.0	1827.0	1827.23	1828.0	1828.0	18.958	EXPIRED
311	id-00144	1	2	7	5	1828.0	1828.0	1828.35	1828.7412	1833.0	5.405	COMPLETED
311	id-00145	10	8	3	4	1830.0	1830.0	1830.15	1830.5274	1834.0	23.166	COMPLETED
311	id-00146	10	3	8	5	1830.0	1830.0	1830.3	1830.7439	1835.0	26.533	COMPLETED
311	id-00147	5	3	4	1	1830.0	1830.0	1830.17	1831.0	1831.0	8.319	EXPIRED
311	id-00148	10	10	5	4	1834.0	1834.0	1834.19	1834.3891	1838.0	16.804	COMPLETED
311	id-00149	7	11	10	5	1836.0	1836.0	1836.5	1836.8094	1841.0	54.054	COMPLETED
311	id-00150	4	7	4	3	1837.0	1837.0	1837.2	1837.4661	1840.0	12.355	COMPLETED
311	id-00151	4	6	1	1	1838.0	1838.0	1838.05	1839.0	1839.0	3.089	EXPIRED
311	id-00152	6	10	7	4	1839.0	1839.0	1839.29	1839.6655	1843.0	15.936	COMPLETED
311	id-00153	8	9	4	1	1839.0	1839.0	1839.2	1840.0	1840.0	24.71	EXPIRED
311	id-00154	2	3	2	1	1840.0	1840.0	1840.15	1841.0	1841.0	1.805	EXPIRED
311	id-00155	6	2	5	3	1840.0	1840.0	1840.37	1840.8006	1843.0	16.844	COMPLETED
311	id-00156	10	11	7	2	1840.0	1840.0	1840.27	1840.5104	1842.0	26.425	COMPLETED
311	id-00157	2	4	1	4	1841.0	1841.0	1841.05	1841.3845	1845.0	1.544	COMPLETED
311	id-00158	2	3	9	2	1841.0	1841.0	1841.43	1841.7484	1843.0	9.228	COMPLETED
311	id-00159	8	7	4	3	1841.0	1841.0	1841.16	1841.4021	1844.0	12.226	COMPLETED
311	id-00160	1	2	7	4	1843.0	1843.0	1843.35	1843.4769	1847.0	5.405	COMPLETED
311	id-00161	4	6	8	2	1844.0	1844.0	1844.38	1844.549	1846.0	19.892	COMPLETED
311	id-00162	1	2	9	3	1845.0	1845.0	1845.45	1845.8671	1848.0	6.95	COMPLETED
311	id-00163	9	13	4	2	1846.0	1846.0	1846.16	1846.3535	1848.0	14.697	COMPLETED
311	id-00164	6	4	5	3	1846.0	1846.0	1846.25	1846.3685	1849.0	23.166	COMPLETED
311	id-00165	8	16	5	5	1847.0	1847.0	1847.25	1847.4128	1852.0	30.888	COMPLETED
311	id-00166	8	6	2	5	1850.0	1850.0	1850.08	1850.3345	1855.0	6.113	COMPLETED
311	id-00167	7	11	10	3	1850.0	1850.0	1850.8	1851.0641	1853.0	48.774	COMPLETED
311	id-00168	6	10	10	1	1850.0	1850.0	1850.5	1851.0	1851.0	46.332	EXPIRED
311	id-00169	1	2	2	1	1850.0	1850.0	1850.16	1851.0	1851.0	2.471	EXPIRED
311	id-00170	9	4	2	5	1853.0	1853.0	1853.08	1853.4948	1858.0	7.348	COMPLETED
311	id-00171	6	2	1	4	1853.0	1853.0	1853.04	1853.2074	1857.0	1.821	COMPLETED
311	id-00172	4	5	9	4	1853.0	1853.0	1853.38	1853.7639	1857.0	9.144	COMPLETED
311	id-00173	8	2	4	2	1855.0	1855.0	1855.2	1855.5946	1857.0	24.71	COMPLETED
311	id-00174	3	2	8	5	1857.0	1857.0	1857.4	1857.8077	1862.0	18.533	COMPLETED
311	id-00175	3	6	10	3	1858.0	1858.0	1858.5	1858.7486	1861.0	23.166	COMPLETED
311	id-00176	5	9	6	1	1859.0	1859.0	1859.3	1860.0	1860.0	23.166	EXPIRED
311	id-00177	7	12	3	3	1860.0	1860.0	1860.12	1860.6058	1863.0	8.448	COMPLETED
311	id-00178	4	6	1	4	1860.0	1860.0	1860.05	1860.526	1864.0	3.089	COMPLETED
311	id-00179	1	2	9	1	1860.0	1860.0	1860.45	1861.0	1861.0	6.95	EXPIRED
311	id-00180	7	10	10	4	1860.0	1860.0	1860.4	1860.6757	1864.0	24.387	COMPLETED
311	id-00181	5	9	4	3	1862.0	1862.0	1862.2	1862.5809	1865.0	15.444	COMPLETED
311	id-00182	10	14	4	4	1863.0	1863.0	1863.16	1863.4334	1867.0	17.168	COMPLETED
311	id-00183	10	13	9	3	1863.0	1863.0	1863.35	1863.4807	1866.0	34.255	COMPLETED
311	id-00184	7	13	1	4	1865.0	1865.0	1865.05	1865.4306	1869.0	5.405	COMPLETED
311	id-00185	10	11	10	3	1867.0	1867.0	1867.4	1867.8933	1870.0	42.92	COMPLETED
311	id-00186	1	2	5	2	1868.0	1868.0	1868.25	1868.5102	1870.0	3.861	COMPLETED
311	id-00187	6	5	7	2	1868.0	1868.0	1868.35	1868.7089	1870.0	32.432	COMPLETED
311	id-00188	3	6	4	4	1869.0	1869.0	1869.4	1869.6028	1873.0	18.533	COMPLETED
311	id-00189	4	5	2	4	1869.0	1869.0	1869.2	1869.4291	1873.0	12.355	COMPLETED
311	id-00190	4	7	5	5	1870.0	1870.0	1870.19	1870.4402	1875.0	4.572	COMPLETED
311	id-00191	2	2	8	3	1870.0	1870.0	1870.4	1870.8337	1873.0	12.355	COMPLETED
311	id-00192	3	3	1	4	1870.0	1870.0	1870.05	1870.1701	1874.0	1.374	COMPLETED
311	id-00193	6	5	8	3	1870.0	1870.0	1870.32	1870.6424	1873.0	14.568	COMPLETED
311	id-00194	1	2	7	2	1873.0	1873.0	1873.64	1873.8362	1875.0	3.85	COMPLETED
311	id-00195	2	4	4	3	1873.0	1873.0	1873.2	1873.4382	1876.0	6.178	COMPLETED
311	id-00196	4	5	1	4	1873.0	1873.0	1873.09	1873.4077	1877.0	4.711	COMPLETED
311	id-00197	7	8	10	3	1874.0	1874.0	1874.45	1874.824	1877.0	40.163	COMPLETED
311	id-00198	6	10	4	2	1880.0	1880.0	1880.18	1880.6738	1882.0	13.285	COMPLETED
311	id-00199	7	6	5	2	1881.0	1881.0	1881.23	1881.3475	1883.0	20.528	COMPLETED
311	id-00200	5	9	9	5	1883.0	1883.0	1883.41	1883.5102	1888.0	23.929	COMPLETED
311	id-00201	1	2	3	2	1885.0	1885.0	1885.24	1885.5988	1887.0	1.444	COMPLETED
311	id-00202	10	5	2	3	1885.0	1885.0	1885.16	1885.2847	1888.0	18.676	COMPLETED
311	id-00203	2	3	2	3	1887.0	1887.0	1887.1	1887.4143	1890.0	3.089	COMPLETED
311	id-00204	7	10	2	2	1888.0	1888.0	1888.08	1888.4775	1890.0	5.632	COMPLETED
311	id-00205	1	2	4	4	1889.0	1889.0	1889.2	1889.3522	1893.0	3.089	COMPLETED
311	id-00206	2	3	8	2	1890.0	1890.0	1890.4	1890.5593	1892.0	12.355	COMPLETED
311	id-00207	8	7	2	3	1891.0	1891.0	1891.08	1891.4623	1894.0	6.867	COMPLETED
311	id-00208	3	3	10	4	1894.0	1894.0	1894.42	1894.6796	1898.0	7.58	COMPLETED
311	id-00209	3	4	2	4	1895.0	1895.0	1895.08	1895.3943	1899.0	1.444	COMPLETED
311	id-00210	3	2	7	2	1896.0	1896.0	1896.29	1896.6982	1898.0	5.234	COMPLETED
311	id-00211	6	3	6	3	1897.0	1897.0	1897.26	1897.7464	1900.0	16.739	COMPLETED
311	id-00212	3	2	4	3	1897.0	1897.0	1897.32	1897.7217	1900.0	5.775	COMPLETED
311	id-00213	10	7	5	1	1897.0	1897.0	1897.4	1898.0	1898.0	54.234	EXPIRED
311	id-00214	3	4	8	2	1898.0	1898.0	1898.33	1898.5733	1900.0	5.956	COMPLETED
311	id-00215	7	5	4	5	1899.0	1899.0	1899.17	1899.2963	1904.0	11.967	COMPLETED
311	id-00216	10	8	6	1	1899.0	1899.0	1899.24	1900.0	1900.0	25.752	EXPIRED
311	id-00217	6	12	4	5	1901.0	1901.0	1901.15	1901.3765	1906.0	5.414	COMPLETED
311	id-00218	10	9	6	3	1901.0	1901.0	1901.27	1901.7606	1904.0	36.608	COMPLETED
311	id-00219	6	7	9	5	1901.0	1901.0	1901.38	1901.6053	1906.0	20.882	COMPLETED
311	id-00220	3	5	9	4	1904.0	1904.0	1904.38	1904.6186	1908.0	6.858	COMPLETED
311	id-00221	7	12	8	1	1906.0	1906.0	1906.35	1907.0	1907.0	27.938	EXPIRED
311	id-00222	6	5	8	5	1907.0	1907.0	1907.35	1907.8145	1912.0	22.533	COMPLETED
311	id-00223	4	3	9	2	1907.0	1907.0	1907.35	1907.826	1909.0	8.422	COMPLETED
311	id-00224	8	4	9	2	1909.0	1909.0	1909.39	1909.5353	1911.0	37.155	COMPLETED
311	id-00225	1	2	10	4	1912.0	1912.0	1912.5	1912.7399	1916.0	7.722	COMPLETED
311	id-00226	8	12	8	2	1912.0	1912.0	1912.35	1912.5213	1914.0	33.344	COMPLETED
311	id-00227	7	6	4	3	1914.0	1914.0	1914.17	1914.6389	1917.0	13.57	COMPLETED
311	id-00228	9	13	3	2	1915.0	1915.0	1915.12	1915.3017	1917.0	9.891	COMPLETED
311	id-00229	6	6	4	2	1915.0	1915.0	1915.17	1915.4356	1917.0	10.945	COMPLETED
311	id-00230	8	8	6	3	1916.0	1916.0	1916.27	1916.7222	1919.0	28.268	COMPLETED
311	id-00231	1	2	1	3	1918.0	1918.0	1918.05	1918.4571	1921.0	0.772	COMPLETED
311	id-00232	4	3	4	3	1919.0	1919.0	1919.17	1919.3622	1922.0	5.694	COMPLETED
311	id-00233	3	3	6	1	1919.0	1919.0	1919.55	1920.0	1920.0	25.483	EXPIRED
311	id-00234	5	4	1	2	1919.0	1919.0	1919.09	1919.4201	1921.0	5.253	COMPLETED
311	id-00235	1	2	5	4	1921.0	1921.0	1921.25	1921.4371	1925.0	3.861	COMPLETED
311	id-00236	2	4	1	1	1923.0	1923.0	1923.05	1924.0	1924.0	1.544	EXPIRED
311	id-00237	7	2	6	5	1925.0	1925.0	1925.25	1925.473	1930.0	17.599	COMPLETED
311	id-00238	4	3	3	1	1925.0	1925.0	1925.13	1926.0	1926.0	4.354	EXPIRED
311	id-00239	10	14	1	1	1927.0	1927.0	1927.04	1928.0	1928.0	3.915	EXPIRED
311	id-00240	7	5	7	3	1928.0	1928.0	1928.3	1928.626	1931.0	23.947	COMPLETED
311	id-00241	1	2	10	3	1928.0	1928.0	1928.5	1928.9074	1931.0	7.722	COMPLETED
311	id-00242	6	12	9	4	1931.0	1931.0	1931.41	1931.8271	1935.0	30.261	COMPLETED
311	id-00243	8	12	10	4	1931.0	1931.0	1931.42	1931.7528	1935.0	36.053	COMPLETED
311	id-00244	7	10	3	4	1931.0	1931.0	1931.11	1931.5444	1935.0	4.632	COMPLETED
311	id-00245	1	2	10	2	1932.0	1932.0	1932.5	1932.7049	1934.0	7.722	COMPLETED
311	id-00246	7	4	8	4	1934.0	1934.0	1934.36	1934.5572	1938.0	32.131	COMPLETED
311	id-00247	4	5	4	5	1936.0	1936.0	1936.19	1936.5113	1941.0	9.946	COMPLETED
311	id-00248	4	2	6	2	1937.0	1937.0	1937.57	1937.8046	1939.0	35.212	COMPLETED
311	id-00249	3	2	3	3	1937.0	1937.0	1937.29	1937.776	1940.0	10.702	COMPLETED
311	id-00250	2	4	8	1	1939.0	1939.0	1939.4	1940.0	1940.0	12.355	EXPIRED
311	id-00251	3	3	9	1	1939.0	1939.0	1939.43	1940.0	1940.0	15.869	EXPIRED
311	id-00252	4	8	2	5	1940.0	1940.0	1940.1	1940.4577	1945.0	5.235	COMPLETED
311	id-00253	5	9	7	3	1941.0	1941.0	1941.33	1941.4364	1944.0	22.371	COMPLETED
311	id-00254	10	3	5	5	1942.0	1942.0	1942.2	1942.6877	1947.0	21.46	COMPLETED
311	id-00255	3	4	6	5	1942.0	1942.0	1942.29	1942.6742	1947.0	10.702	COMPLETED
311	id-00256	7	5	8	4	1943.0	1943.0	1943.38	1943.5069	1947.0	37.498	COMPLETED
311	id-00257	9	18	7	2	1943.0	1943.0	1943.27	1943.6956	1945.0	22.256	COMPLETED
311	id-00258	10	10	9	3	1943.0	1943.0	1943.36	1943.5234	1946.0	38.628	COMPLETED
311	id-00259	4	7	1	3	1944.0	1944.0	1944.05	1944.3061	1947.0	2.617	COMPLETED
311	id-00260	1	2	9	1	1944.0	1944.0	1944.78	1945.0	1945.0	4.692	EXPIRED
311	id-00261	3	5	4	5	1944.0	1944.0	1944.35	1944.5816	1949.0	9.617	COMPLETED
311	id-00262	10	2	1	5	1946.0	1946.0	1946.04	1946.1822	1951.0	4.292	COMPLETED
311	id-00263	7	11	4	3	1948.0	1948.0	1948.19	1948.6377	1951.0	18.749	COMPLETED
311	id-00264	9	4	8	1	1950.0	1950.0	1950.36	1951.0	1951.0	43.25	EXPIRED
311	id-00265	7	5	1	4	1950.0	1950.0	1950.04	1950.4582	1954.0	3.193	COMPLETED
311	id-00266	6	4	7	1	1950.0	1950.0	1950.28	1951.0	1951.0	12.747	EXPIRED
311	id-00267	2	3	8	2	1952.0	1952.0	1952.4	1952.5526	1954.0	12.355	COMPLETED
311	id-00268	9	3	10	2	1953.0	1953.0	1953.4	1953.7949	1955.0	36.742	COMPLETED
311	id-00269	3	6	10	3	1953.0	1953.0	1953.45	1953.8532	1956.0	12.364	COMPLETED
311	id-00270	8	4	7	5	1953.0	1953.0	1953.3	1953.7181	1958.0	28.58	COMPLETED
311	id-00271	10	19	1	2	1955.0	1955.0	1955.04	1955.1495	1957.0	3.538	COMPLETED
311	id-00272	7	8	9	2	1956.0	1956.0	1956.41	1956.5231	1958.0	36.593	COMPLETED
311	id-00273	1	2	8	4	1957.0	1957.0	1957.4	1957.7321	1961.0	6.178	COMPLETED
311	id-00274	9	18	3	3	1959.0	1959.0	1959.11	1959.3065	1962.0	8.03	COMPLETED
311	id-00275	3	3	8	4	1959.0	1959.0	1959.35	1959.4599	1963.0	6.317	COMPLETED
311	id-00276	3	2	4	4	1961.0	1961.0	1961.19	1961.328	1965.0	7.012	COMPLETED
311	id-00277	7	12	8	5	1964.0	1964.0	1964.38	1964.7035	1969.0	37.498	COMPLETED
311	id-00278	2	4	7	2	1966.0	1966.0	1966.35	1966.7025	1968.0	10.811	COMPLETED
311	id-00279	10	3	3	3	1966.0	1966.0	1966.11	1966.3368	1969.0	9.729	COMPLETED
311	id-00280	4	3	3	4	1966.0	1966.0	1966.12	1966.5243	1970.0	2.888	COMPLETED
311	id-00281	7	10	1	2	1968.0	1968.0	1968.04	1968.3003	1970.0	1.684	COMPLETED
311	id-00282	9	14	2	3	1968.0	1968.0	1968.08	1968.1905	1971.0	8.103	COMPLETED
311	id-00283	10	7	5	3	1969.0	1969.0	1969.19	1969.4849	1972.0	16.804	COMPLETED
311	id-00284	8	11	3	5	1970.0	1970.0	1970.15	1970.439	1975.0	18.533	COMPLETED
311	id-00285	3	6	1	2	1972.0	1972.0	1972.05	1972.5068	1974.0	2.317	COMPLETED
311	id-00286	8	9	7	2	1973.0	1973.0	1973.35	1973.6717	1975.0	43.243	COMPLETED
311	id-00287	4	7	10	1	1974.0	1974.0	1975.0	1975.0	1975.0	61.776	EXPIRED
311	id-00288	3	3	10	5	1974.0	1974.0	1975.0	1975.3164	1979.0	46.332	COMPLETED
311	id-00289	6	3	8	4	1976.0	1976.0	1976.32	1976.7754	1980.0	14.568	COMPLETED
311	id-00290	10	17	10	3	1976.0	1976.0	1976.4	1976.6445	1979.0	42.92	COMPLETED
311	id-00291	8	6	9	2	1976.0	1976.0	1976.45	1976.7037	1978.0	55.598	COMPLETED
311	id-00292	1	2	5	3	1978.0	1978.0	1978.5	1978.9521	1981.0	7.722	COMPLETED
311	id-00293	1	2	6	5	1978.0	1978.0	1978.6	1978.8435	1983.0	9.266	COMPLETED
311	id-00294	2	2	4	4	1980.0	1980.0	1980.2	1980.623	1984.0	6.178	COMPLETED
311	id-00295	8	8	7	3	1980.0	1980.0	1980.35	1980.4663	1983.0	43.243	COMPLETED
311	id-00296	8	13	1	3	1981.0	1981.0	1981.05	1981.4475	1984.0	6.178	COMPLETED
311	id-00297	6	2	3	1	1984.0	1984.0	1984.15	1985.0	1985.0	13.9	EXPIRED
311	id-00298	2	3	1	4	1986.0	1986.0	1986.04	1986.3969	1990.0	0.481	COMPLETED
311	id-00299	5	7	3	3	1986.0	1986.0	1986.15	1986.4324	1989.0	11.583	COMPLETED
311	id-00300	2	2	6	3	1987.0	1987.0	1987.3	1987.7119	1990.0	9.266	COMPLETED
311	id-00301	8	6	5	4	1987.0	1987.0	1987.25	1987.3843	1991.0	30.888	COMPLETED
311	id-00302	5	8	4	3	1988.0	1988.0	1988.2	1988.638	1991.0	15.444	COMPLETED
311	id-00303	2	3	4	4	1991.0	1991.0	1991.19	1991.3472	1995.0	4.077	COMPLETED
311	id-00304	10	9	8	5	1992.0	1992.0	1992.35	1992.787	1997.0	44.155	COMPLETED
311	id-00305	7	10	10	2	1993.0	1993.0	1993.5	1993.8526	1995.0	54.054	COMPLETED
311	id-00306	6	11	5	3	1993.0	1993.0	1993.21	1993.3804	1996.0	11.54	COMPLETED
311	id-00307	6	11	9	5	1995.0	1995.0	1995.45	1995.8303	2000.0	41.699	COMPLETED
311	id-00308	6	2	2	3	1997.0	1997.0	1997.1	1997.4358	2000.0	9.266	COMPLETED
311	id-00309	9	10	4	2	1998.0	1998.0	1998.16	1998.6467	2000.0	14.697	COMPLETED
311	id-00310	2	2	7	4	1998.0	1998.0	1998.29	1998.4243	2002.0	3.489	COMPLETED
