311	id-00000	6	10	10	6	1704.0	1704.0	1704.45	1704.8943	1710.0	33.214	COMPLETED
311	id-00001	2	2	10	5	1704.0	1704.0	1704.83	1705.2972	1709.0	17.812	COMPLETED
311	id-00002	3	3	3	1	1704.0	1704.0	1704.25	1705.0	1705.0	4.512	EXPIRED
311	id-00003	6	10	5	2	1705.0	1705.0	1705.23	1705.4223	1707.0	16.976	COMPLETED
311	id-00004	3	4	10	3	1706.0	1706.0	1706.45	1706.8112	1709.0	12.364	COMPLETED
311	id-00005	10	14	5	7	1706.0	1706.0	1706.25	1706.5845	1713.0	38.61	COMPLETED
311	id-00006	3	3	6	5	1707.0	1707.0	1707.27	1707.6503	1712.0	7.419	COMPLETED
311	id-00007	1	2	1	7	1708.0	1708.0	1708.05	1708.229	1715.0	0.772	COMPLETED
311	id-00008	5	4	7	6	1709.0	1709.0	1709.32	1709.5966	1715.0	18.676	COMPLETED
311	id-00009	5	9	4	6	1710.0	1710.0	1710.18	1710.6455	1716.0	10.506	COMPLETED
311	id-00010	5	7	9	5	1710.0	1710.0	1710.39	1710.7387	1715.0	19.085	COMPLETED
311	id-00011	7	11	8	7	1711.0	1711.0	1711.35	1711.6111	1718.0	27.938	COMPLETED
311	id-00012	3	4	5	7	1711.0	1711.0	1711.23	1711.5067	1718.0	6.319	COMPLETED
311	id-00013	6	11	6	3	1712.0	1712.0	1712.27	1712.4695	1715.0	19.928	COMPLETED
311	id-00014	8	14	7	6	1713.0	1713.0	1713.3	1713.7969	1719.0	28.58	COMPLETED
311	id-00015	8	16	7	5	1713.0	1713.0	1713.32	1713.7317	1718.0	33.503	COMPLETED
311	id-00016	8	15	3	3	1717.0	1717.0	1717.13	1717.5013	1720.0	12.385	COMPLETED
311	id-00017	9	16	2	2	1717.0	1717.0	1717.09	1717.3613	1719.0	10.813	COMPLETED
311	id-00018	10	8	10	7	1718.0	1718.0	1718.43	1718.6813	1725.0	54.247	COMPLETED
311	id-00019	5	10	5	5	1719.0	1719.0	1719.23	1719.3652	1724.0	13.424	COMPLETED
311	id-00020	1	2	5	3	1720.0	1720.0	1720.25	1720.539	1723.0	3.861	COMPLETED
311	id-00021	8	4	9	4	1721.0	1721.0	1721.41	1721.6326	1725.0	42.925	COMPLETED
311	id-00022	8	16	2	4	1724.0	1724.0	1724.09	1724.2768	1728.0	9.423	COMPLETED
311	id-00023	6	4	8	5	1726.0	1726.0	1726.38	1726.6036	1731.0	31.63	COMPLETED
311	id-00024	8	3	9	5	1727.0	1727.0	1727.43	1727.8353	1732.0	49.073	COMPLETED
311	id-00025	1	2	8	2	1727.0	1727.0	1727.67	1727.9089	1729.0	4.031	COMPLETED
311	id-00026	8	16	7	2	1727.0	1727.0	1727.58	1727.7489	1729.0	55.255	COMPLETED
311	id-00027	5	4	1	3	1728.0	1728.0	1728.05	1728.4589	1731.0	3.39	COMPLETED
311	id-00028	10	11	8	7	1729.0	1729.0	1729.35	1729.7305	1736.0	44.155	COMPLETED
311	id-00029	5	6	8	1	1730.0	1730.0	1730.38	1731.0	1731.0	25.761	EXPIRED
311	id-00030	7	2	6	4	1732.0	1732.0	1732.29	1732.5023	1736.0	28.617	COMPLETED
311	id-00031	6	9	5	7	1734.0	1734.0	1734.24	1734.3723	1741.0	19.977	COMPLETED
311	id-00032	8	2	10	2	1735.0	1735.0	1735.43	1735.6113	1737.0	40.965	COMPLETED
311	id-00033	10	12	6	4	1735.0	1735.0	1735.26	1735.5835	1739.0	32.801	COMPLETED
311	id-00034	8	11	10	7	1736.0	1736.0	1736.48	1736.8035	1743.0	54.78	COMPLETED
311	id-00035	7	9	7	5	1737.0	1737.0	1737.33	1737.4893	1742.0	32.564	COMPLETED
311	id-00036	3	6	1	6	1739.0	1739.0	1739.05	1739.429	1745.0	1.845	COMPLETED
311	id-00037	2	3	5	4	1740.0	1740.0	1740.25	1740.3725	1744.0	7.722	COMPLETED
311	id-00038	5	2	1	5	1741.0	1741.0	1741.04	1741.4478	1746.0	1.957	COMPLETED
311	id-00039	6	3	6	2	1741.0	1741.0	1741.48	1741.638	1743.0	35.428	COMPLETED
311	id-00040	3	2	6	1	1741.0	1741.0	1741.48	1742.0	1742.0	8.663	EXPIRED
311	id-00041	7	8	10	6	1741.0	1741.0	1741.48	1741.6553	1747.0	47.366	COMPLETED
311	id-00042	5	2	2	1	1744.0	1744.0	1744.1	1745.0	1745.0	6.779	EXPIRED
311	id-00043	5	2	10	4	1746.0	1746.0	1746.48	1746.7287	1750.0	32.54	COMPLETED
311	id-00044	6	6	6	5	1747.0	1747.0	1747.26	1747.639	1752.0	16.739	COMPLETED
311	id-00045	7	14	10	5	1747.0	1747.0	1747.45	1747.566	1752.0	40.163	COMPLETED
311	id-00046	8	14	3	1	1747.0	1747.0	1747.14	1748.0	1748.0	15.977	EXPIRED
311	id-00047	9	2	10	6	1749.0	1749.0	1749.45	1749.7296	1755.0	54.063	COMPLETED
311	id-00048	9	11	4	5	1750.0	1750.0	1750.17	1750.4572	1755.0	17.218	COMPLETED
311	id-00049	3	6	6	3	1750.0	1750.0	1750.29	1750.5336	1753.0	10.702	COMPLETED
311	id-00050	9	3	2	3	1751.0	1751.0	1751.08	1751.3005	1754.0	8.103	COMPLETED
311	id-00051	7	4	4	1	1752.0	1752.0	1752.19	1753.0	1753.0	18.749	EXPIRED
311	id-00052	3	2	3	2	1752.0	1752.0	1752.14	1752.6291	1754.0	3.847	COMPLETED
311	id-00053	3	4	7	7	1752.0	1752.0	1752.29	1752.7391	1759.0	5.234	COMPLETED
311	id-00054	8	15	1	6	1753.0	1753.0	1753.05	1753.2519	1759.0	5.706	COMPLETED
311	id-00055	2	2	2	6	1753.0	1753.0	1753.1	1753.5293	1759.0	3.089	COMPLETED
311	id-00056	3	5	4	2	1753.0	1753.0	1753.17	1753.6473	1755.0	3.068	COMPLETED
311	id-00057	6	11	4	1	1755.0	1755.0	1755.19	1756.0	1756.0	15.815	EXPIRED
311	id-00058	5	9	2	2	1757.0	1757.0	1757.1	1757.2246	1759.0	6.779	COMPLETED
311	id-00059	4	6	3	6	1757.0	1757.0	1757.13	1757.2472	1763.0	4.354	COMPLETED
311	id-00060	6	5	5	2	1758.0	1758.0	1758.24	1758.4798	1760.0	19.977	COMPLETED
311	id-00061	9	10	2	2	1759.0	1759.0	1759.09	1759.2609	1761.0	9.964	COMPLETED
311	id-00062	9	8	4	5	1760.0	1760.0	1760.18	1760.6303	1765.0	21.625	COMPLETED
311	id-00063	7	5	4	6	1761.0	1761.0	1761.18	1761.6472	1767.0	16.065	COMPLETED
311	id-00064	7	10	9	4	1763.0	1763.0	1763.41	1763.6958	1767.0	36.593	COMPLETED
311	id-00065	1	2	7	7	1763.0	1763.0	1763.32	1763.6127	1770.0	1.925	COMPLETED
311	id-00066	5	3	2	6	1765.0	1765.0	1765.09	1765.4357	1771.0	4.404	COMPLETED
311	id-00067	9	8	1	7	1766.0	1766.0	1766.04	1766.2866	1773.0	4.428	COMPLETED
311	id-00068	4	6	3	6	1766.0	1766.0	1766.13	1766.581	1772.0	4.354	COMPLETED
311	id-00069	6	4	6	1	1768.0	1768.0	1768.26	1769.0	1769.0	16.739	EXPIRED
311	id-00070	10	20	6	7	1768.0	1768.0	1768.26	1768.364	1775.0	32.801	COMPLETED
311	id-00071	6	4	3	4	1770.0	1770.0	1770.14	1770.6108	1774.0	10.333	COMPLETED
311	id-00072	3	4	2	5	1770.0	1770.0	1770.08	1770.434	1775.0	1.444	COMPLETED
311	id-00073	5	10	2	7	1771.0	1771.0	1771.09	1771.4834	1778.0	5.253	COMPLETED
311	id-00074	9	17	8	3	1772.0	1772.0	1772.33	1772.4856	1775.0	33.424	COMPLETED
311	id-00075	9	15	9	4	1774.0	1774.0	1774.38	1774.6924	1778.0	38.488	COMPLETED
311	id-00076	5	4	9	1	1774.0	1774.0	1774.41	1775.0	1775.0	23.929	EXPIRED
311	id-00077	2	3	7	1	1775.0	1775.0	1775.33	1776.0	1776.0	7.082	EXPIRED
311	id-00078	2	4	10	1	1775.0	1775.0	1775.5	1776.0	1776.0	15.444	EXPIRED
311	id-00079	2	3	7	3	1776.0	1776.0	1776.35	1776.5856	1779.0	10.811	COMPLETED
311	id-00080	7	14	8	1	1776.0	1776.0	1776.32	1777.0	1777.0	19.51	EXPIRED
311	id-00081	2	2	7	5	1776.0	1776.0	1776.33	1776.5766	1781.0	7.082	COMPLETED
311	id-00082	4	2	8	1	1779.0	1779.0	1779.38	1780.0	1780.0	19.892	EXPIRED
311	id-00083	1	2	1	1	1780.0	1780.0	1780.05	1781.0	1781.0	0.772	EXPIRED
311	id-00084	2	2	4	7	1781.0	1781.0	1781.19	1781.3536	1788.0	4.077	COMPLETED
311	id-00085	2	4	3	6	1781.0	1781.0	1781.15	1781.4802	1787.0	4.633	COMPLETED
311	id-00086	7	2	7	1	1782.0	1782.0	1782.33	1783.0	1783.0	32.564	EXPIRED
311	id-00087	2	2	2	3	1783.0	1783.0	1783.1	1783.4558	1786.0	2.146	COMPLETED
311	id-00088	9	15	6	6	1783.0	1783.0	1783.23	1783.3333	1789.0	18.958	COMPLETED
311	id-00089	6	5	9	1	1784.0	1784.0	1784.43	1785.0	1785.0	35.791	EXPIRED
311	id-00090	2	2	10	5	1785.0	1785.0	1785.5	1785.7652	1790.0	15.444	COMPLETED
311	id-00091	10	15	7	7	1786.0	1786.0	1786.28	1786.5385	1793.0	30.044	COMPLETED
311	id-00092	3	5	3	6	1786.0	1786.0	1786.25	1786.7196	1792.0	11.583	COMPLETED
311	id-00093	4	2	9	4	1786.0	1786.0	1786.75	1787.0042	1790.0	18.048	COMPLETED
311	id-00094	9	15	1	5	1789.0	1789.0	1789.04	1789.1498	1794.0	4.051	COMPLETED
311	id-00095	7	9	6	1	1789.0	1789.0	1789.3	1790.0	1790.0	32.432	EXPIRED
311	id-00096	9	11	2	4	1790.0	1790.0	1790.08	1790.4384	1794.0	7.348	COMPLETED
311	id-00097	8	13	8	3	1793.0	1793.0	1793.32	1793.5875	1796.0	24.452	COMPLETED
311	id-00098	6	7	1	1	1793.0	1793.0	1793.05	1794.0	1794.0	4.633	EXPIRED
311	id-00099	3	4	9	7	1793.0	1793.0	1793.36	1793.6879	1800.0	6.497	COMPLETED
311	id-00100	8	10	9	6	1794.0	1794.0	1794.45	1794.8415	1800.0	55.598	COMPLETED
311	id-00101	1	2	7	7	1795.0	1795.0	1795.35	1795.5781	1802.0	5.405	COMPLETED
311	id-00102	1	2	7	2	1796.0	1796.0	1796.35	1796.4994	1798.0	5.405	COMPLETED
311	id-00103	6	9	5	4	1797.0	1797.0	1797.25	1797.5017	1801.0	23.166	COMPLETED
311	id-00104	4	2	4	7	1798.0	1798.0	1798.2	1798.4581	1805.0	12.355	COMPLETED
311	id-00105	10	16	3	5	1799.0	1799.0	1799.12	1799.5478	1804.0	14.007	COMPLETED
311	id-00106	6	9	7	6	1801.0	1801.0	1801.35	1801.6514	1807.0	32.432	COMPLETED
311	id-00107	10	10	6	2	1801.0	1801.0	1801.24	1801.7214	1803.0	25.752	COMPLETED
311	id-00108	8	12	9	2	1803.0	1803.0	1803.45	1803.6632	1805.0	55.598	COMPLETED
311	id-00109	3	3	5	2	1804.0	1804.0	1804.19	1804.6167	1806.0	3.429	COMPLETED
311	id-00110	4	5	4	1	1804.0	1804.0	1804.2	1805.0	1805.0	12.355	EXPIRED
311	id-00111	5	4	1	4	1807.0	1807.0	1807.05	1807.3899	1811.0	3.39	COMPLETED
311	id-00112	2	4	5	4	1809.0	1809.0	1809.25	1809.3609	1813.0	7.722	COMPLETED
311	id-00113	10	10	3	7	1809.0	1809.0	1809.12	1809.4145	1816.0	12.876	COMPLETED
311	id-00114	8	14	6	4	1811.0	1811.0	1811.29	1811.495	1815.0	33.096	COMPLETED
311	id-00115	5	7	4	1	1812.0	1812.0	1812.19	1813.0	1813.0	12.88	EXPIRED
311	id-00116	7	4	2	1	1815.0	1815.0	1815.07	1816.0	1816.0	2.948	EXPIRED
311	id-00117	9	6	7	6	1815.0	1815.0	1815.28	1815.4442	1821.0	25.72	COMPLETED
311	id-00118	4	6	6	4	1816.0	1816.0	1816.21	1816.6764	1820.0	5.053	COMPLETED
311	id-00119	9	18	4	5	1816.0	1816.0	1816.16	1816.6026	1821.0	14.697	COMPLETED
311	id-00120	7	3	5	7	1816.0	1816.0	1816.21	1816.3522	1823.0	14.783	COMPLETED
311	id-00121	7	4	7	4	1816.0	1816.0	1816.33	1816.5767	1820.0	32.564	COMPLETED
311	id-00122	9	4	6	6	1817.0	1817.0	1817.21	1817.4116	1823.0	11.37	COMPLETED
311	id-00123	2	4	5	6	1817.0	1817.0	1817.25	1817.68	1823.0	7.722	COMPLETED
311	id-00124	10	2	8	4	1817.0	1817.0	1817.32	1817.4286	1821.0	34.336	COMPLETED
311	id-00125	6	6	9	5	1817.0	1817.0	1817.38	1817.8361	1822.0	20.882	COMPLETED
311	id-00126	1	2	10	7	1818.0	1818.0	1818.95	1819.1593	1825.0	14.672	COMPLETED
311	id-00127	2	4	10	7	1818.0	1818.0	1818.5	1818.6865	1825.0	15.444	COMPLETED
311	id-00128	1	2	1	7	1818.0	1818.0	1818.1	1818.4399	1825.0	0.602	COMPLETED
311	id-00129	6	7	1	4	1819.0	1819.0	1819.05	1819.3878	1823.0	4.162	COMPLETED
311	id-00130	9	17	5	7	1819.0	1819.0	1819.17	1819.3544	1826.0	9.204	COMPLETED
311	id-00131	2	4	4	2	1820.0	1820.0	1820.2	1820.3483	1822.0	6.178	COMPLETED
311	id-00132	2	2	8	3	1821.0	1821.0	1821.4	1821.7726	1824.0	12.355	COMPLETED
311	id-00133	8	16	9	1	1821.0	1821.0	1821.45	1822.0	1822.0	55.598	EXPIRED
311	id-00134	3	5	8	6	1822.0	1822.0	1822.4	1822.6302	1828.0	18.533	COMPLETED
311	id-00135	3	3	4	2	1824.0	1824.0	1824.4	1824.5913	1826.0	18.533	COMPLETED
311	id-00136	4	3	4	4	1824.0	1824.0	1824.4	1824.623	1828.0	24.71	COMPLETED
311	id-00137	7	11	6	4	1824.0	1824.0	1824.21	1824.4306	1828.0	8.844	COMPLETED
311	id-00138	9	9	10	2	1826.0	1826.0	1826.38	1826.6188	1828.0	31.323	COMPLETED
311	id-00139	5	5	10	6	1827.0	1827.0	1827.77	1828.2577	1833.0	30.421	COMPLETED
311	id-00140	4	6	2	5	1827.0	1827.0	1827.2	1827.5691	1832.0	12.355	COMPLETED
311	id-00141	1	2	8	6	1827.0	1827.0	1827.4	1827.6989	1833.0	6.178	COMPLETED
311	id-00142	2	2	9	1	1827.0	1827.0	1827.69	1828.0	1828.0	8.302	EXPIRED
311	id-00143	3	6	2	3	1827.0	1827.0	1827.2	1827.6825	1830.0	9.266	COMPLETED
311	id-00144	9	4	3	3	1828.0	1828.0	1828.12	1828.5019	1831.0	9.891	COMPLETED
311	id-00145	2	3	6	1	1830.0	1830.0	1830.3	1831.0	1831.0	9.266	EXPIRED
311	id-00146	3	3	9	6	1830.0	1830.0	1830.45	1830.6735	1836.0	20.849	COMPLETED
311	id-00147	8	11	3	6	1830.0	1830.0	1830.12	1830.3582	1836.0	10.301	COMPLETED
311	id-00148	1	2	7	1	1834.0	1834.0	1834.35	1835.0	1835.0	5.405	EXPIRED
311	id-00149	1	2	6	5	1836.0	1836.0	1836.3	1836.7427	1841.0	4.633	COMPLETED
311	id-00150	4	8	7	3	1837.0	1837.0	1837.35	1837.8339	1840.0	21.622	COMPLETED
311	id-00151	7	5	4	7	1838.0	1838.0	1838.2	1838.6447	1845.0	21.622	COMPLETED
311	id-00152	5	4	1	3	1839.0	1839.0	1839.04	1839.2543	1842.0	1.58	COMPLETED
311	id-00153	2	4	2	1	1839.0	1839.0	1839.1	1840.0	1840.0	3.089	EXPIRED
311	id-00154	1	2	8	7	1840.0	1840.0	1840.8	1841.064	1847.0	12.355	COMPLETED
311	id-00155	1	2	4	2	1840.0	1840.0	1840.4	1840.5768	1842.0	6.178	COMPLETED
311	id-00156	1	2	3	6	1840.0	1840.0	1840.14	1840.5612	1846.0	0.842	COMPLETED
311	id-00157	10	16	1	2	1841.0	1841.0	1841.07	1841.2982	1843.0	6.851	COMPLETED
311	id-00158	1	2	3	7	1841.0	1841.0	1841.22	1841.7186	1848.0	1.324	COMPLETED
311	id-00159	7	14	3	4	1841.0	1841.0	1841.12	1841.2887	1845.0	7.316	COMPLETED
311	id-00160	1	2	8	6	1843.0	1843.0	1843.4	1843.6405	1849.0	6.178	COMPLETED
311	id-00161	7	7	4	6	1844.0	1844.0	1844.19	1844.5199	1850.0	18.749	COMPLETED
311	id-00162	9	7	3	4	1845.0	1845.0	1845.12	1845.5311	1849.0	11.023	COMPLETED
311	id-00163	9	18	2	6	1846.0	1846.0	1846.08	1846.4479	1852.0	7.348	COMPLETED
311	id-00164	10	3	6	6	1846.0	1846.0	1846.22	1846.5812	1852.0	19.458	COMPLETED
311	id-00165	1	2	3	3	1847.0	1847.0	1847.15	1847.5614	1850.0	2.317	COMPLETED
311	id-00166	9	14	8	7	1850.0	1850.0	1850.64	1850.856	1857.0	76.89	COMPLETED
311	id-00167	1	2	6	1	1850.0	1850.0	1850.3	1851.0	1851.0	4.633	EXPIRED
311	id-00168	3	2	5	2	1850.0	1850.0	1850.2	1850.5606	1852.0	3.61	COMPLETED
311	id-00169	3	5	1	1	1850.0	1850.0	1850.08	1851.0	1851.0	1.444	EXPIRED
311	id-00170	1	2	9	6	1853.0	1853.0	1853.9	1854.0074	1859.0	13.9	COMPLETED
311	id-00171	6	8	6	3	1853.0	1853.0	1853.6	1853.8428	1856.0	55.598	COMPLETED
311	id-00172	9	6	6	1	1853.0	1853.0	1853.24	1854.0	1854.0	22.045	EXPIRED
311	id-00173	6	2	5	6	1855.0	1855.0	1855.25	1855.6118	1861.0	23.166	COMPLETED
311	id-00174	9	11	4	4	1857.0	1857.0	1857.16	1857.4969	1861.0	14.697	COMPLETED
311	id-00175	10	20	1	4	1858.0	1858.0	1858.04	1858.5192	1862.0	4.292	COMPLETED
311	id-00176	7	14	9	4	1859.0	1859.0	1859.45	1859.9096	1863.0	48.649	COMPLETED
311	id-00177	4	2	2	3	1860.0	1860.0	1860.08	1860.2637	1863.0	1.925	COMPLETED
311	id-00178	9	11	8	7	1860.0	1860.0	1860.4	1860.6101	1867.0	55.598	COMPLETED
311	id-00179	8	11	8	1	1860.0	1860.0	1860.32	1861.0	1861.0	24.452	EXPIRED
311	id-00180	8	8	4	2	1860.0	1860.0	1860.15	1860.3988	1862.0	10.048	COMPLETED
311	id-00181	7	13	9	1	1862.0	1862.0	1862.45	1863.0	1863.0	48.649	EXPIRED
311	id-00182	3	6	6	5	1863.0	1863.0	1863.3	1863.4094	1868.0	13.9	COMPLETED
311	id-00183	9	16	4	6	1863.0	1863.0	1863.17	1863.3866	1869.0	17.218	COMPLETED
311	id-00184	10	9	9	6	1865.0	1865.0	1865.36	1865.7116	1871.0	38.628	COMPLETED
311	id-00185	1	2	6	2	1867.0	1867.0	1867.3	1867.7935	1869.0	4.633	COMPLETED
311	id-00186	10	13	4	4	1868.0	1868.0	1868.16	1868.4375	1872.0	17.168	COMPLETED
311	id-00187	1	2	1	7	1868.0	1868.0	1868.05	1868.5301	1875.0	0.772	COMPLETED
311	id-00188	9	12	10	3	1869.0	1869.0	1869.4	1869.8803	1872.0	36.742	COMPLETED
311	id-00189	10	6	9	5	1869.0	1869.0	1869.36	1869.4861	1874.0	38.628	COMPLETED
311	id-00190	1	2	1	6	1870.0	1870.0	1870.05	1870.454	1876.0	0.772	COMPLETED
311	id-00191	3	2	9	2	1870.0	1870.0	1870.36	1870.661	1872.0	6.497	COMPLETED
311	id-00192	8	10	8	1	1870.0	1870.0	1870.31	1871.0	1871.0	20.765	EXPIRED
311	id-00193	1	2	4	5	1870.0	1870.0	1870.18	1870.5333	1875.0	1.083	COMPLETED
311	id-00194	1	2	6	5	1873.0	1873.0	1873.3	1873.6802	1878.0	4.633	COMPLETED
311	id-00195	8	6	4	1	1873.0	1873.0	1873.16	1874.0	1874.0	12.226	EXPIRED
311	id-00196	3	5	5	2	1873.0	1873.0	1873.23	1873.5486	1875.0	6.319	COMPLETED
311	id-00197	9	6	3	4	1874.0	1874.0	1874.12	1874.2447	1878.0	11.023	COMPLETED
311	id-00198	6	4	8	6	1880.0	1880.0	1880.36	1880.7292	1886.0	26.571	COMPLETED
311	id-00199	4	2	7	4	1881.0	1881.0	1881.32	1881.7962	1885.0	13.734	COMPLETED
311	id-00200	8	8	5	5	1883.0	1883.0	1883.23	1883.4463	1888.0	24.08	COMPLETED
311	id-00201	6	11	4	5	1885.0	1885.0	1885.15	1885.4273	1890.0	5.414	COMPLETED
311	id-00202	10	3	10	5	1885.0	1885.0	1885.4	1885.5647	1890.0	42.92	COMPLETED
311	id-00203	7	11	1	3	1887.0	1887.0	1887.04	1887.4159	1890.0	2.816	COMPLETED
311	id-00204	4	8	1	1	1888.0	1888.0	1888.04	1889.0	1889.0	0.963	EXPIRED
311	id-00205	4	3	5	6	1889.0	1889.0	1889.21	1889.4555	1895.0	5.053	COMPLETED
311	id-00206	6	3	6	2	1890.0	1890.0	1890.25	1890.671	1892.0	13.738	COMPLETED
311	id-00207	10	15	2	4	1891.0	1891.0	1891.08	1891.5058	1895.0	9.338	COMPLETED
311	id-00208	1	2	1	7	1894.0	1894.0	1894.05	1894.4004	1901.0	0.772	COMPLETED
311	id-00209	1	2	3	3	1895.0	1895.0	1895.15	1895.2658	1898.0	2.317	COMPLETED
311	id-00210	6	5	8	6	1896.0	1896.0	1896.33	1896.5428	1902.0	18.134	COMPLETED
311	id-00211	2	2	5	1	1897.0	1897.0	1897.21	1898.0	1898.0	2.527	EXPIRED
311	id-00212	6	2	8	7	1897.0	1897.0	1897.35	1897.798	1904.0	22.533	COMPLETED
311	id-00213	9	15	10	1	1897.0	1897.0	1897.4	1898.0	1898.0	36.742	EXPIRED
311	id-00214	10	13	7	7	1898.0	1898.0	1898.28	1898.382	1905.0	30.044	COMPLETED
311	id-00215	1	2	5	1	1899.0	1899.0	1899.42	1900.0	1900.0	6.486	EXPIRED
311	id-00216	5	9	3	7	1899.0	1899.0	1899.25	1899.3568	1906.0	9.877	COMPLETED
311	id-00217	7	9	5	7	1901.0	1901.0	1901.21	1901.458	1908.0	14.783	COMPLETED
311	id-00218	10	20	10	5	1901.0	1901.0	1901.45	1901.8488	1906.0	61.013	COMPLETED
311	id-00219	8	3	8	3	1901.0	1901.0	1901.31	1901.4914	1904.0	20.765	COMPLETED
311	id-00220	4	5	3	5	1904.0	1904.0	1904.12	1904.42	1909.0	2.888	COMPLETED
311	id-00221	3	3	1	6	1906.0	1906.0	1906.04	1906.3503	1912.0	0.722	COMPLETED
311	id-00222	10	14	4	4	1907.0	1907.0	1907.15	1907.6105	1911.0	13.267	COMPLETED
311	id-00223	7	10	8	1	1907.0	1907.0	1907.31	1908.0	1908.0	15.977	EXPIRED
311	id-00224	1	2	10	3	1909.0	1909.0	1909.5	1909.6454	1912.0	7.722	COMPLETED
311	id-00225	9	5	7	3	1912.0	1912.0	1912.28	1912.3921	1915.0	25.72	COMPLETED
311	id-00226	3	6	1	6	1912.0	1912.0	1912.04	1912.1591	1918.0	0.722	COMPLETED
311	id-00227	8	9	9	2	1914.0	1914.0	1914.39	1914.8592	1916.0	37.155	COMPLETED
311	id-00228	9	9	5	3	1915.0	1915.0	1915.19	1915.3611	1918.0	15.661	COMPLETED
311	id-00229	9	10	6	4	1915.0	1915.0	1915.26	1915.4903	1919.0	28.785	COMPLETED
311	id-00230	7	4	7	4	1916.0	1916.0	1916.32	1916.5656	1920.0	28.561	COMPLETED
311	id-00231	10	5	6	2	1918.0	1918.0	1918.23	1918.6666	1920.0	22.511	COMPLETED
311	id-00232	6	11	10	4	1919.0	1919.0	1919.77	1920.2093	1923.0	71.351	COMPLETED
311	id-00233	9	2	2	3	1919.0	1919.0	1919.15	1919.3056	1922.0	12.364	COMPLETED
311	id-00234	8	14	1	5	1919.0	1919.0	1919.04	1919.4386	1924.0	3.811	COMPLETED
311	id-00235	10	6	8	4	1921.0	1921.0	1921.3	1921.4918	1925.0	26.533	COMPLETED
311	id-00236	8	5	9	2	1923.0	1923.0	1923.41	1923.7574	1925.0	42.925	COMPLETED
311	id-00237	6	11	3	1	1925.0	1925.0	1925.13	1926.0	1926.0	8.369	EXPIRED
311	id-00238	5	4	9	1	1925.0	1925.0	1925.38	1926.0	1926.0	15.013	EXPIRED
311	id-00239	9	5	10	1	1927.0	1927.0	1927.42	1928.0	1928.0	42.539	EXPIRED
311	id-00240	6	12	3	4	1928.0	1928.0	1928.13	1928.496	1932.0	8.369	COMPLETED
311	id-00241	7	10	2	6	1928.0	1928.0	1928.08	1928.2409	1934.0	5.632	COMPLETED
311	id-00242	1	2	9	2	1931.0	1931.0	1931.32	1931.7225	1933.0	1.925	COMPLETED
311	id-00243	7	12	5	2	1931.0	1931.0	1931.21	1931.393	1933.0	14.783	COMPLETED
311	id-00244	4	3	9	6	1931.0	1931.0	1931.41	1931.7953	1937.0	17.597	COMPLETED
311	id-00245	8	8	3	2	1932.0	1932.0	1932.14	1932.2977	1934.0	14.657	COMPLETED
311	id-00246	4	2	2	1	1934.0	1934.0	1934.09	1935.0	1935.0	3.863	EXPIRED
311	id-00247	7	5	4	1	1936.0	1936.0	1936.19	1937.0	1937.0	18.749	EXPIRED
311	id-00248	5	2	8	2	1937.0	1937.0	1937.36	1937.7008	1939.0	21.011	COMPLETED
311	id-00249	10	15	6	4	1937.0	1937.0	1937.23	1937.4424	1941.0	22.511	COMPLETED
311	id-00250	7	10	7	7	1939.0	1939.0	1939.33	1939.5602	1946.0	32.564	COMPLETED
311	id-00251	4	3	9	2	1939.0	1939.0	1939.41	1939.8597	1941.0	17.597	COMPLETED
311	id-00252	3	4	1	7	1940.0	1940.0	1940.05	1940.4294	1947.0	1.845	COMPLETED
311	id-00253	10	18	9	1	1941.0	1941.0	1941.36	1942.0	1942.0	38.628	EXPIRED
311	id-00254	8	2	4	7	1942.0	1942.0	1942.19	1942.4356	1949.0	21.684	COMPLETED
311	id-00255	4	2	8	7	1942.0	1942.0	1942.35	1942.4549	1949.0	11.722	COMPLETED
311	id-00256	2	4	10	3	1943.0	1943.0	1943.5	1943.7284	1946.0	15.444	COMPLETED
311	id-00257	8	15	1	5	1943.0	1943.0	1943.04	1943.5002	1948.0	3.811	COMPLETED
311	id-00258	2	2	8	5	1943.0	1943.0	1943.38	1943.7381	1948.0	8.155	COMPLETED
311	id-00259	6	3	3	2	1944.0	1944.0	1944.13	1944.5896	1946.0	8.369	COMPLETED
311	id-00260	7	8	2	1	1944.0	1944.0	1944.1	1945.0	1945.0	9.868	EXPIRED
311	id-00261	8	3	6	5	1944.0	1944.0	1944.24	1944.3435	1949.0	18.339	COMPLETED
311	id-00262	6	8	6	6	1946.0	1946.0	1946.29	1946.7769	1952.0	24.138	COMPLETED
311	id-00263	5	10	4	1	1948.0	1948.0	1948.19	1949.0	1949.0	12.88	EXPIRED
311	id-00264	1	2	10	5	1950.0	1950.0	1950.5	1950.664	1955.0	7.722	COMPLETED
311	id-00265	1	2	4	5	1950.0	1950.0	1950.35	1950.7451	1955.0	5.405	COMPLETED
311	id-00266	3	2	8	7	1950.0	1950.0	1950.7	1950.9059	1957.0	12.634	COMPLETED
311	id-00267	7	6	1	4	1952.0	1952.0	1952.04	1952.52	1956.0	3.193	COMPLETED
311	id-00268	8	3	5	2	1953.0	1953.0	1953.23	1953.5406	1955.0	24.08	COMPLETED
311	id-00269	3	3	4	2	1953.0	1953.0	1953.16	1953.4186	1955.0	2.888	COMPLETED
311	id-00270	3	2	2	1	1953.0	1953.0	1953.09	1954.0	1954.0	1.624	EXPIRED
311	id-00271	1	2	9	6	1955.0	1955.0	1955.45	1955.8147	1961.0	6.95	COMPLETED
311	id-00272	9	15	9	6	1956.0	1956.0	1956.39	1956.6222	1962.0	43.178	COMPLETED
311	id-00273	6	12	4	5	1957.0	1957.0	1957.18	1957.6702	1962.0	13.285	COMPLETED
311	id-00274	10	13	7	7	1959.0	1959.0	1959.26	1959.662	1966.0	22.995	COMPLETED
311	id-00275	5	10	10	2	1959.0	1959.0	1959.45	1959.6917	1961.0	26.264	COMPLETED
311	id-00276	1	2	4	7	1961.0	1961.0	1961.2	1961.434	1968.0	3.089	COMPLETED
311	id-00277	7	13	6	2	1964.0	1964.0	1964.29	1964.4285	1966.0	28.617	COMPLETED
311	id-00278	9	2	5	2	1966.0	1966.0	1966.19	1966.6765	1968.0	13.87	COMPLETED
311	id-00279	2	2	9	2	1966.0	1966.0	1966.38	1966.7181	1968.0	4.572	COMPLETED
311	id-00280	8	6	7	6	1966.0	1966.0	1966.32	1966.5474	1972.0	33.503	COMPLETED
311	id-00281	10	17	10	5	1968.0	1968.0	1968.74	1968.9226	1973.0	65.449	COMPLETED
311	id-00282	3	2	2	7	1968.0	1968.0	1968.15	1968.3392	1975.0	6.95	COMPLETED
311	id-00283	3	2	10	6	1969.0	1969.0	1969.48	1969.6622	1975.0	17.714	COMPLETED
311	id-00284	7	11	2	2	1970.0	1970.0	1970.1	1970.2419	1972.0	10.811	COMPLETED
311	id-00285	1	2	3	2	1972.0	1972.0	1972.15	1972.6371	1974.0	2.317	COMPLETED
311	id-00286	4	8	6	6	1973.0	1973.0	1973.3	1973.7431	1979.0	18.533	COMPLETED
311	id-00287	5	9	10	5	1974.0	1974.0	1974.5	1974.644	1979.0	38.61	COMPLETED
311	id-00288	5	5	4	2	1974.0	1974.0	1974.18	1974.6034	1976.0	10.506	COMPLETED
311	id-00289	9	16	1	2	1976.0	1976.0	1976.05	1976.2254	1978.0	6.478	COMPLETED
311	id-00290	9	2	4	6	1976.0	1976.0	1976.16	1976.3085	1982.0	14.697	COMPLETED
311	id-00291	5	5	9	4	1976.0	1976.0	1976.45	1976.713	1980.0	34.749	COMPLETED
311	id-00292	6	2	3	3	1978.0	1978.0	1978.15	1978.2994	1981.0	13.9	COMPLETED
311	id-00293	4	5	9	5	1978.0	1978.0	1978.43	1978.887	1983.0	22.51	COMPLETED
311	id-00294	9	4	2	7	1980.0	1980.0	1980.09	1980.355	1987.0	9.964	COMPLETED
311	id-00295	10	2	1	6	1980.0	1980.0	1980.04	1980.4031	1986.0	4.292	COMPLETED
311	id-00296	8	9	7	6	1981.0	1981.0	1981.35	1981.6594	1987.0	43.243	COMPLETED
311	id-00297	7	9	4	5	1984.0	1984.0	1984.2	1984.3214	1989.0	21.622	COMPLETED
311	id-00298	6	10	8	5	1986.0	1986.0	1986.8	1987.2205	1991.0	74.131	COMPLETED
311	id-00299	2	4	4	2	1986.0	1986.0	1986.4	1986.5489	1988.0	12.355	COMPLETED
311	id-00300	1	2	7	3	1987.0	1987.0	1987.35	1987.8466	1990.0	5.405	COMPLETED
311	id-00301	2	2	2	1	1987.0	1987.0	1987.1	1988.0	1988.0	3.089	EXPIRED
311	id-00302	1	2	10	6	1988.0	1988.0	1988.5	1988.9976	1994.0	7.722	COMPLETED
311	id-00303	9	12	1	7	1991.0	1991.0	1991.04	1991.412	1998.0	4.051	COMPLETED
311	id-00304	3	3	8	7	1992.0	1992.0	1992.4	1992.6095	1999.0	18.533	COMPLETED
311	id-00305	6	6	9	6	1993.0	1993.0	1993.45	1993.7316	1999.0	41.699	COMPLETED
311	id-00306	9	10	2	3	1993.0	1993.0	1993.08	1993.4528	1996.0	8.103	COMPLETED
311	id-00307	4	7	9	1	1995.0	1995.0	1995.45	1996.0	1996.0	27.799	EXPIRED
311	id-00308	1	2	9	7	1997.0	1997.0	1997.45	1997.6865	2004.0	6.95	COMPLETED
311	id-00309	5	4	3	3	1998.0	1998.0	1998.15	1998.607	2001.0	11.583	COMPLETED
311	id-00310	7	4	7	7	1998.0	1998.0	1998.29	1998.5453	2005.0	20.415	COMPLETED
