0.0010852813720703125
0.0032579898834228516
0.0024673938751220703
0.0009839534759521484
0.0015420913696289062
0.00048804283142089844
0.0004551410675048828
0.0015408992767333984
0.0008933544158935547
0.0029697418212890625
0.0010173320770263672
0.0015366077423095703
0.0014505386352539062
0.0008988380432128906
0.0058879852294921875
0.00078582763671875
0.002151012420654297
0.005410432815551758
0.006562709808349609
0.0009660720825195312
0.0009121894836425781
0.0011353492736816406
0.0011601448059082031
0.0009226799011230469
0.0016002655029296875
0.0010063648223876953
0.003922939300537109
0.00354766845703125
0.001979827880859375
0.0013513565063476562
0.0030715465545654297
0.0020766258239746094
0.0022993087768554688
0.0036864280700683594
0.0006062984466552734
0.0030722618103027344
0.0008420944213867188
0.005769252777099609
0.0006697177886962891
0.0014467239379882812
0.0007977485656738281
0.004120588302612305
0.0010318756103515625
0.0012617111206054688
0.0009031295776367188
0.0006670951843261719
0.0009806156158447266
0.011845111846923828
0.001748800277709961
0.0008893013000488281
0.0020842552185058594
0.0005681514739990234
0.0005526542663574219
0.0037932395935058594
0.0005807876586914062
0.0003566741943359375
0.003930330276489258
0.0029900074005126953
0.0005729198455810547
0.0003514289855957031
0.0012285709381103516
0.003428220748901367
0.0076677799224853516
0.0006477832794189453
0.0008921623229980469
0.0006735324859619141
0.00083160400390625
0.0008449554443359375
0.006567239761352539
0.0005776882171630859
0.002958059310913086
0.0033850669860839844
0.0037841796875
0.002185821533203125
0.002053499221801758
0.0017101764678955078
0.0007963180541992188
0.0009543895721435547
0.0011029243469238281
0.0015723705291748047
0.0040433406829833984
0.0019049644470214844
0.0007989406585693359
0.0007979869842529297
0.003954172134399414
0.0023047924041748047
0.005672931671142578
0.003030061721801758
0.002772808074951172
0.0032553672790527344
0.002897024154663086
0.0008044242858886719
0.0018110275268554688
0.004094123840332031
0.0009191036224365234
0.007066249847412109
0.0047245025634765625
0.003630399703979492
0.0007848739624023438
0.0027153491973876953
0.0009908676147460938
0.0018651485443115234
0.0008473396301269531
0.0008296966552734375
0.0010371208190917969
0.001935720443725586
0.0007920265197753906
0.0008776187896728516
0.0008459091186523438
0.0008549690246582031
0.003363370895385742
0.0012202262878417969
0.007961273193359375
0.001978635787963867
0.001004934310913086
0.0020596981048583984
0.0020210742950439453
0.0017199516296386719
0.0018362998962402344
0.0009870529174804688
0.0025076866149902344
0.0006556510925292969
0.0008156299591064453
0.0006482601165771484
0.0022859573364257812
0.0029993057250976562
0.0020477771759033203
0.0014383792877197266
0.00037741661071777344
0.0037963390350341797
0.0013849735260009766
0.0020895004272460938
0.004040718078613281
0.0007321834564208984
0.001882314682006836
0.0020165443420410156
0.005517244338989258
0.0013196468353271484
0.0008289813995361328
0.0066945552825927734
0.004061222076416016
0.0007863044738769531
0.0016307830810546875
0.0019178390502929688
0.0068204402923583984
0.004200458526611328
0.0008602142333984375
0.0009567737579345703
0.0024225711822509766
0.0008728504180908203
0.0012791156768798828
0.0022249221801757812
0.0016598701477050781
0.0017392635345458984
0.005359649658203125
0.002382993698120117
0.0028023719787597656
0.003336191177368164
0.0008635520935058594
0.002209901809692383
0.0009942054748535156
0.0009751319885253906
0.001379251480102539
0.0009865760803222656
0.002194643020629883
0.0014905929565429688
0.00040411949157714844
0.0006687641143798828
0.002247333526611328
0.004239559173583984
0.0006630420684814453
0.0008902549743652344
0.008306503295898438
0.0014617443084716797
0.0021741390228271484
0.00386810302734375
0.0026092529296875
0.0009329319000244141
0.0013456344604492188
0.0019817352294921875
0.00687098503112793
0.00439143180847168
0.003096342086791992
0.001354217529296875
0.0008878707885742188
0.0009331703186035156
0.0018472671508789062
0.00035572052001953125
0.0033597946166992188
0.0006608963012695312
0.0020437240600585938
0.001991748809814453
0.0036573410034179688
0.0009143352508544922
