326	id-00000	3	3	4	7	1703.0	1703.0	1703.18	1703.5709	1710.0	4.946	COMPLETED
326	id-00001	7	4	4	2	1704.0	1704.0	1704.17	1704.3365	1706.0	11.967	COMPLETED
326	id-00002	4	7	9	6	1704.0	1704.0	1704.41	1704.6623	1710.0	17.597	COMPLETED
326	id-00003	3	2	8	3	1704.0	1704.0	1704.4	1704.6547	1707.0	18.533	COMPLETED
326	id-00004	9	11	4	6	1706.0	1706.0	1706.2	1706.3019	1712.0	27.799	COMPLETED
326	id-00005	9	15	1	1	1706.0	1706.0	1706.04	1707.0	1707.0	4.051	EXPIRED
326	id-00006	10	6	8	4	1708.0	1708.0	1708.4	1708.8596	1712.0	61.776	COMPLETED
326	id-00007	6	11	2	1	1709.0	1709.0	1709.09	1710.0	1710.0	6.643	EXPIRED
326	id-00008	10	3	9	3	1714.0	1714.0	1714.41	1714.8618	1717.0	55.589	COMPLETED
326	id-00009	1	2	2	4	1718.0	1718.0	1718.1	1718.3453	1722.0	1.544	COMPLETED
326	id-00010	1	2	5	1	1719.0	1719.0	1719.25	1720.0	1720.0	3.861	EXPIRED
326	id-00011	8	15	6	4	1722.0	1722.0	1722.27	1722.4437	1726.0	28.268	COMPLETED
326	id-00012	4	2	5	1	1728.0	1728.0	1728.21	1729.0	1729.0	5.053	EXPIRED
326	id-00013	7	3	5	7	1728.0	1728.0	1728.24	1728.7201	1735.0	23.683	COMPLETED
326	id-00014	1	2	9	1	1729.0	1729.0	1729.45	1730.0	1730.0	6.95	EXPIRED
326	id-00015	2	2	2	2	1730.0	1730.0	1730.1	1730.435	1732.0	3.089	COMPLETED
326	id-00016	9	6	1	1	1731.0	1731.0	1731.04	1732.0	1732.0	4.051	EXPIRED
326	id-00017	5	5	3	4	1731.0	1731.0	1731.14	1731.4623	1735.0	9.491	COMPLETED
326	id-00018	7	7	8	7	1732.0	1732.0	1732.38	1732.697	1739.0	37.498	COMPLETED
326	id-00019	10	14	2	4	1736.0	1736.0	1736.09	1736.3927	1740.0	11.354	COMPLETED
326	id-00020	9	5	5	7	1736.0	1736.0	1736.22	1736.4589	1743.0	24.357	COMPLETED
326	id-00021	6	3	7	2	1736.0	1736.0	1736.32	1736.5861	1738.0	23.619	COMPLETED
326	id-00022	2	3	9	2	1737.0	1737.0	1737.43	1737.6593	1739.0	9.228	COMPLETED
326	id-00023	2	3	8	2	1738.0	1738.0	1738.76	1738.9492	1740.0	23.475	COMPLETED
326	id-00024	3	6	4	6	1738.0	1738.0	1738.38	1738.8776	1744.0	14.024	COMPLETED
326	id-00025	7	7	10	4	1739.0	1739.0	1739.43	1739.6694	1743.0	34.324	COMPLETED
326	id-00026	2	4	10	3	1739.0	1739.0	1739.48	1739.8886	1742.0	10.301	COMPLETED
326	id-00027	6	12	7	5	1739.0	1739.0	1739.61	1739.8441	1744.0	56.525	COMPLETED
326	id-00028	9	17	6	7	1739.0	1739.0	1739.52	1739.9482	1746.0	57.57	COMPLETED
326	id-00029	1	2	2	7	1740.0	1740.0	1740.08	1740.276	1747.0	0.481	COMPLETED
326	id-00030	1	2	8	3	1740.0	1740.0	1740.8	1741.0619	1743.0	12.355	COMPLETED
326	id-00031	10	19	7	3	1740.0	1740.0	1740.3	1740.6242	1743.0	37.847	COMPLETED
326	id-00032	1	2	3	7	1740.0	1740.0	1740.3	1740.6062	1747.0	4.633	COMPLETED
326	id-00033	9	15	3	2	1741.0	1741.0	1741.12	1741.4476	1743.0	11.023	COMPLETED
326	id-00034	3	6	8	7	1742.0	1742.0	1742.38	1742.6755	1749.0	14.024	COMPLETED
326	id-00035	2	2	2	6	1745.0	1745.0	1745.1	1745.2485	1751.0	3.089	COMPLETED
326	id-00036	7	14	4	2	1746.0	1746.0	1746.19	1746.575	1748.0	18.749	COMPLETED
326	id-00037	9	16	5	2	1747.0	1747.0	1747.23	1747.5265	1749.0	27.632	COMPLETED
326	id-00038	5	9	4	7	1749.0	1749.0	1749.19	1749.4802	1756.0	12.88	COMPLETED
326	id-00039	5	6	5	3	1750.0	1750.0	1750.24	1750.7021	1753.0	16.27	COMPLETED
326	id-00040	6	3	8	1	1751.0	1751.0	1751.33	1752.0	1752.0	18.134	EXPIRED
326	id-00041	8	5	9	6	1751.0	1751.0	1751.43	1751.7227	1757.0	49.073	COMPLETED
326	id-00042	2	4	7	7	1752.0	1752.0	1752.35	1752.7317	1759.0	10.811	COMPLETED
326	id-00043	1	2	8	4	1752.0	1752.0	1752.38	1752.7318	1756.0	2.286	COMPLETED
326	id-00044	5	5	5	7	1754.0	1754.0	1754.21	1754.5726	1761.0	8.297	COMPLETED
326	id-00045	8	10	10	1	1754.0	1754.0	1754.48	1755.0	1755.0	54.78	EXPIRED
326	id-00046	5	5	7	1	1755.0	1755.0	1755.33	1756.0	1756.0	22.371	EXPIRED
326	id-00047	2	2	6	5	1756.0	1756.0	1756.29	1756.6402	1761.0	6.223	COMPLETED
326	id-00048	7	10	7	5	1756.0	1756.0	1756.3	1756.5721	1761.0	23.947	COMPLETED
326	id-00049	5	5	4	2	1757.0	1757.0	1757.17	1757.4834	1759.0	8.319	COMPLETED
326	id-00050	9	5	8	3	1757.0	1757.0	1757.36	1757.811	1760.0	43.25	COMPLETED
326	id-00051	6	8	5	1	1758.0	1758.0	1758.22	1759.0	1759.0	14.164	EXPIRED
326	id-00052	5	3	6	4	1758.0	1758.0	1758.29	1758.4474	1762.0	19.66	COMPLETED
326	id-00053	5	10	3	4	1759.0	1759.0	1759.14	1759.2773	1763.0	8.171	COMPLETED
326	id-00054	9	3	8	5	1759.0	1759.0	1759.35	1759.8381	1764.0	38.749	COMPLETED
326	id-00055	6	4	2	6	1759.0	1759.0	1759.1	1759.4815	1765.0	8.324	COMPLETED
326	id-00056	1	2	8	3	1760.0	1760.0	1760.4	1760.691	1763.0	6.178	COMPLETED
326	id-00057	5	6	3	7	1761.0	1761.0	1761.14	1761.6241	1768.0	8.171	COMPLETED
326	id-00058	6	3	4	3	1761.0	1761.0	1761.18	1761.4894	1764.0	13.285	COMPLETED
326	id-00059	7	10	2	4	1761.0	1761.0	1761.09	1761.4891	1765.0	8.033	COMPLETED
326	id-00060	4	6	8	5	1762.0	1762.0	1762.36	1762.5333	1767.0	15.451	COMPLETED
326	id-00061	4	3	2	6	1763.0	1763.0	1763.18	1763.5349	1769.0	7.726	COMPLETED
326	id-00062	6	3	1	4	1763.0	1763.0	1763.05	1763.3793	1767.0	3.69	COMPLETED
326	id-00063	10	5	1	1	1763.0	1763.0	1763.04	1764.0	1764.0	4.669	EXPIRED
326	id-00064	3	6	7	2	1763.0	1763.0	1763.64	1763.8833	1765.0	29.652	COMPLETED
326	id-00065	2	2	3	6	1764.0	1764.0	1764.15	1764.4889	1770.0	4.633	COMPLETED
326	id-00066	5	9	9	1	1765.0	1765.0	1765.78	1766.0	1766.0	52.878	EXPIRED
326	id-00067	2	2	5	4	1765.0	1765.0	1765.43	1765.8854	1769.0	5.174	COMPLETED
326	id-00068	10	19	10	2	1767.0	1767.0	1767.43	1767.7206	1769.0	54.247	COMPLETED
326	id-00069	8	10	3	2	1768.0	1768.0	1768.13	1768.577	1770.0	12.385	COMPLETED
326	id-00070	4	2	4	3	1768.0	1768.0	1768.35	1768.6549	1771.0	21.622	COMPLETED
326	id-00071	4	3	7	5	1768.0	1768.0	1768.61	1768.7911	1773.0	20.43	COMPLETED
326	id-00072	9	11	5	4	1770.0	1770.0	1770.21	1770.5127	1774.0	21.27	COMPLETED
326	id-00073	1	2	9	7	1771.0	1771.0	1771.82	1772.2173	1778.0	12.664	COMPLETED
326	id-00074	4	3	1	7	1771.0	1771.0	1771.09	1771.3174	1778.0	3.863	COMPLETED
326	id-00075	1	2	2	4	1773.0	1773.0	1773.1	1773.5308	1777.0	1.544	COMPLETED
326	id-00076	10	7	9	2	1775.0	1775.0	1775.38	1775.8395	1777.0	44.357	COMPLETED
326	id-00077	9	7	5	1	1777.0	1777.0	1777.2	1778.0	1778.0	18.371	EXPIRED
326	id-00078	4	7	10	5	1778.0	1778.0	1778.5	1778.616	1783.0	30.888	COMPLETED
326	id-00079	10	20	5	4	1778.0	1778.0	1778.21	1778.6895	1782.0	24.513	COMPLETED
326	id-00080	5	4	9	4	1778.0	1778.0	1778.72	1779.1224	1782.0	48.81	COMPLETED
326	id-00081	3	2	4	7	1778.0	1778.0	1778.16	1778.6553	1785.0	2.888	COMPLETED
326	id-00082	4	7	7	7	1778.0	1778.0	1778.56	1778.7833	1785.0	13.476	COMPLETED
326	id-00083	10	5	10	2	1782.0	1782.0	1782.42	1782.761	1784.0	49.026	COMPLETED
326	id-00084	9	3	10	5	1782.0	1782.0	1782.43	1782.6093	1787.0	47.606	COMPLETED
326	id-00085	8	14	7	5	1783.0	1783.0	1783.33	1783.4513	1788.0	37.661	COMPLETED
326	id-00086	2	2	3	2	1784.0	1784.0	1784.14	1784.2907	1786.0	3.004	COMPLETED
326	id-00087	5	8	10	5	1784.0	1784.0	1784.38	1784.8275	1789.0	11.43	COMPLETED
326	id-00088	8	9	5	5	1785.0	1785.0	1785.25	1785.4714	1790.0	30.888	COMPLETED
326	id-00089	4	5	9	5	1786.0	1786.0	1786.45	1786.6553	1791.0	27.799	COMPLETED
326	id-00090	6	6	6	3	1788.0	1788.0	1788.6	1788.8214	1791.0	55.598	COMPLETED
326	id-00091	1	2	2	6	1788.0	1788.0	1788.2	1788.6468	1794.0	3.089	COMPLETED
326	id-00092	3	3	2	3	1788.0	1788.0	1788.08	1788.5514	1791.0	1.444	COMPLETED
326	id-00093	6	11	2	4	1789.0	1789.0	1789.1	1789.4866	1793.0	9.266	COMPLETED
326	id-00094	6	9	6	7	1790.0	1790.0	1790.3	1790.6219	1797.0	27.799	COMPLETED
326	id-00095	5	2	8	7	1791.0	1791.0	1791.64	1791.8458	1798.0	37.353	COMPLETED
326	id-00096	3	4	9	1	1791.0	1791.0	1791.72	1792.0	1792.0	12.995	EXPIRED
326	id-00097	8	9	4	7	1791.0	1791.0	1791.2	1791.3416	1798.0	24.71	COMPLETED
326	id-00098	10	11	1	2	1792.0	1792.0	1792.04	1792.3143	1794.0	4.292	COMPLETED
326	id-00099	5	3	7	1	1792.0	1792.0	1792.28	1793.0	1793.0	8.422	EXPIRED
326	id-00100	4	6	4	5	1794.0	1794.0	1794.2	1794.659	1799.0	12.355	COMPLETED
326	id-00101	4	6	8	4	1796.0	1796.0	1796.4	1796.8542	1800.0	24.71	COMPLETED
326	id-00102	5	8	5	7	1797.0	1797.0	1797.25	1797.3567	1804.0	19.305	COMPLETED
326	id-00103	5	3	7	7	1798.0	1798.0	1798.35	1798.5773	1805.0	27.027	COMPLETED
326	id-00104	7	13	7	6	1798.0	1798.0	1798.26	1798.3956	1804.0	10.949	COMPLETED
326	id-00105	6	5	5	6	1799.0	1799.0	1799.19	1799.5736	1805.0	6.858	COMPLETED
326	id-00106	8	3	9	7	1799.0	1799.0	1799.45	1799.9497	1806.0	55.598	COMPLETED
326	id-00107	9	2	1	2	1799.0	1799.0	1799.05	1799.1744	1801.0	6.007	COMPLETED
326	id-00108	9	11	9	6	1799.0	1799.0	1799.38	1799.834	1805.0	38.488	COMPLETED
326	id-00109	7	4	7	3	1800.0	1800.0	1800.35	1800.8403	1803.0	37.838	COMPLETED
326	id-00110	9	12	9	1	1802.0	1802.0	1802.33	1803.0	1803.0	24.09	EXPIRED
326	id-00111	4	4	5	1	1804.0	1804.0	1804.25	1805.0	1805.0	15.444	EXPIRED
326	id-00112	8	8	5	7	1805.0	1805.0	1805.24	1805.5184	1812.0	27.39	COMPLETED
326	id-00113	10	13	10	5	1807.0	1807.0	1807.4	1807.7558	1812.0	42.92	COMPLETED
326	id-00114	2	2	5	6	1809.0	1809.0	1809.37	1809.8006	1815.0	7.94	COMPLETED
326	id-00115	1	2	4	1	1809.0	1809.0	1809.38	1810.0	1810.0	5.869	EXPIRED
326	id-00116	6	8	9	6	1809.0	1809.0	1809.67	1809.8508	1815.0	24.184	COMPLETED
326	id-00117	4	8	8	2	1809.0	1809.0	1809.76	1810.1589	1811.0	39.784	COMPLETED
326	id-00118	6	6	3	4	1809.0	1809.0	1809.12	1809.6092	1813.0	5.463	COMPLETED
326	id-00119	8	6	3	3	1810.0	1810.0	1810.14	1810.4467	1813.0	15.977	COMPLETED
326	id-00120	8	5	2	5	1813.0	1813.0	1813.06	1813.3019	1818.0	2.888	COMPLETED
326	id-00121	2	2	5	5	1813.0	1813.0	1813.25	1813.531	1818.0	7.722	COMPLETED
326	id-00122	5	4	5	5	1813.0	1813.0	1813.24	1813.6693	1818.0	16.27	COMPLETED
326	id-00123	4	8	3	7	1814.0	1814.0	1814.14	1814.594	1821.0	7.329	COMPLETED
326	id-00124	7	8	10	3	1814.0	1814.0	1814.32	1814.6923	1817.0	13.476	COMPLETED
326	id-00125	4	3	1	2	1816.0	1816.0	1816.05	1816.526	1818.0	2.617	COMPLETED
326	id-00126	8	12	8	5	1816.0	1816.0	1816.28	1816.4601	1821.0	13.476	COMPLETED
326	id-00127	1	2	1	3	1816.0	1816.0	1816.05	1816.1913	1819.0	0.772	COMPLETED
326	id-00128	6	12	9	2	1820.0	1820.0	1820.45	1820.8986	1822.0	41.699	COMPLETED
326	id-00129	4	2	3	1	1820.0	1820.0	1820.1	1821.0	1821.0	2.406	EXPIRED
326	id-00130	10	5	3	3	1822.0	1822.0	1822.11	1822.5327	1825.0	9.729	COMPLETED
326	id-00131	7	10	4	7	1823.0	1823.0	1823.2	1823.4633	1830.0	21.622	COMPLETED
326	id-00132	9	7	1	7	1823.0	1823.0	1823.03	1823.2068	1830.0	1.624	COMPLETED
326	id-00133	3	6	7	2	1824.0	1824.0	1824.35	1824.5994	1826.0	16.216	COMPLETED
326	id-00134	10	8	1	7	1826.0	1826.0	1826.04	1826.5295	1833.0	3.915	COMPLETED
326	id-00135	2	4	4	5	1828.0	1828.0	1828.2	1828.3513	1833.0	6.178	COMPLETED
326	id-00136	9	7	9	7	1829.0	1829.0	1829.35	1829.4829	1836.0	28.85	COMPLETED
326	id-00137	10	20	10	2	1829.0	1829.0	1829.38	1829.5887	1831.0	37.191	COMPLETED
326	id-00138	2	4	9	4	1833.0	1833.0	1833.45	1833.9102	1837.0	13.9	COMPLETED
326	id-00139	2	4	10	6	1833.0	1833.0	1833.5	1833.7357	1839.0	15.444	COMPLETED
326	id-00140	1	2	4	5	1834.0	1834.0	1834.2	1834.5181	1839.0	3.089	COMPLETED
326	id-00141	1	2	8	3	1835.0	1835.0	1835.4	1835.7598	1838.0	6.178	COMPLETED
326	id-00142	10	11	2	4	1836.0	1836.0	1836.07	1836.2939	1840.0	6.191	COMPLETED
326	id-00143	10	5	5	6	1838.0	1838.0	1838.21	1838.5508	1844.0	24.513	COMPLETED
326	id-00144	2	3	2	3	1838.0	1838.0	1838.1	1838.5132	1841.0	3.089	COMPLETED
326	id-00145	3	2	5	5	1838.0	1838.0	1838.19	1838.4673	1843.0	3.429	COMPLETED
326	id-00146	9	4	3	4	1839.0	1839.0	1839.12	1839.6107	1843.0	12.154	COMPLETED
326	id-00147	6	12	9	5	1840.0	1840.0	1840.36	1840.5974	1845.0	16.389	COMPLETED
326	id-00148	6	12	7	2	1840.0	1840.0	1840.33	1840.7446	1842.0	27.468	COMPLETED
326	id-00149	8	13	9	6	1840.0	1840.0	1840.35	1840.4665	1846.0	23.444	COMPLETED
326	id-00150	5	5	8	1	1840.0	1840.0	1840.3	1841.0	1841.0	9.024	EXPIRED
326	id-00151	10	15	10	7	1843.0	1843.0	1843.37	1843.6758	1850.0	32.724	COMPLETED
326	id-00152	1	2	4	3	1843.0	1843.0	1843.2	1843.557	1846.0	3.089	COMPLETED
326	id-00153	9	16	5	2	1844.0	1844.0	1844.2	1844.403	1846.0	18.371	COMPLETED
326	id-00154	7	5	8	3	1844.0	1844.0	1844.3	1844.6642	1847.0	12.634	COMPLETED
326	id-00155	6	9	1	7	1846.0	1846.0	1846.04	1846.1882	1853.0	1.821	COMPLETED
326	id-00156	2	3	8	4	1846.0	1846.0	1846.4	1846.7351	1850.0	12.355	COMPLETED
326	id-00157	1	2	9	6	1846.0	1846.0	1846.45	1846.7307	1852.0	6.95	COMPLETED
326	id-00158	9	10	4	4	1847.0	1847.0	1847.15	1847.3547	1851.0	10.95	COMPLETED
326	id-00159	8	15	7	1	1847.0	1847.0	1847.28	1848.0	1848.0	21.395	EXPIRED
326	id-00160	8	12	3	7	1848.0	1848.0	1848.15	1848.3222	1855.0	18.533	COMPLETED
326	id-00161	8	6	9	7	1849.0	1849.0	1849.36	1849.6475	1856.0	27.508	COMPLETED
326	id-00162	4	6	3	4	1849.0	1849.0	1849.15	1849.4954	1853.0	9.266	COMPLETED
326	id-00163	3	6	2	6	1850.0	1850.0	1850.2	1850.5079	1856.0	9.266	COMPLETED
326	id-00164	9	13	7	1	1850.0	1850.0	1850.28	1851.0	1851.0	25.72	EXPIRED
326	id-00165	1	2	8	4	1850.0	1850.0	1850.8	1851.2963	1854.0	12.355	COMPLETED
326	id-00166	10	16	10	5	1852.0	1852.0	1852.4	1852.6058	1857.0	42.92	COMPLETED
326	id-00167	9	8	2	6	1853.0	1853.0	1853.08	1853.291	1859.0	8.103	COMPLETED
326	id-00168	4	4	3	7	1853.0	1853.0	1853.15	1853.2763	1860.0	9.266	COMPLETED
326	id-00169	2	2	3	6	1853.0	1853.0	1853.12	1853.3337	1859.0	1.444	COMPLETED
326	id-00170	3	4	9	6	1853.0	1853.0	1853.72	1854.0767	1859.0	12.995	COMPLETED
326	id-00171	8	5	5	2	1853.0	1853.0	1853.4	1853.6524	1855.0	41.878	COMPLETED
326	id-00172	6	3	1	5	1855.0	1855.0	1855.04	1855.1445	1860.0	1.821	COMPLETED
326	id-00173	6	10	10	3	1855.0	1855.0	1855.4	1855.8989	1858.0	18.21	COMPLETED
326	id-00174	2	3	7	4	1855.0	1855.0	1855.35	1855.5571	1859.0	10.811	COMPLETED
326	id-00175	3	4	6	3	1855.0	1855.0	1855.3	1855.6198	1858.0	13.9	COMPLETED
326	id-00176	10	20	5	4	1858.0	1858.0	1858.2	1858.5412	1862.0	21.46	COMPLETED
326	id-00177	6	12	3	2	1858.0	1858.0	1858.24	1858.5036	1860.0	10.926	COMPLETED
326	id-00178	1	2	4	5	1858.0	1858.0	1858.32	1858.5104	1863.0	4.942	COMPLETED
326	id-00179	7	5	2	4	1860.0	1860.0	1860.1	1860.4252	1864.0	10.811	COMPLETED
326	id-00180	8	11	6	2	1861.0	1861.0	1861.25	1861.5371	1863.0	21.46	COMPLETED
326	id-00181	9	14	5	5	1861.0	1861.0	1861.2	1861.5849	1866.0	18.371	COMPLETED
326	id-00182	3	5	5	1	1861.0	1861.0	1861.25	1862.0	1862.0	11.583	EXPIRED
326	id-00183	6	9	4	1	1863.0	1863.0	1863.2	1864.0	1864.0	18.533	EXPIRED
326	id-00184	7	12	7	5	1865.0	1865.0	1865.3	1865.6684	1870.0	23.947	COMPLETED
326	id-00185	6	2	2	3	1865.0	1865.0	1865.1	1865.3871	1868.0	9.266	COMPLETED
326	id-00186	5	9	8	5	1867.0	1867.0	1867.4	1867.8991	1872.0	30.888	COMPLETED
326	id-00187	6	11	7	3	1868.0	1868.0	1868.35	1868.7606	1871.0	32.432	COMPLETED
326	id-00188	6	4	4	6	1869.0	1869.0	1869.2	1869.4143	1875.0	18.533	COMPLETED
326	id-00189	1	2	8	5	1870.0	1870.0	1870.73	1870.9633	1875.0	11.274	COMPLETED
326	id-00190	6	7	6	1	1870.0	1870.0	1870.55	1871.0	1871.0	40.594	EXPIRED
326	id-00191	7	7	4	2	1871.0	1871.0	1871.18	1871.5931	1873.0	16.065	COMPLETED
326	id-00192	10	14	8	5	1872.0	1872.0	1872.31	1872.8011	1877.0	30.34	COMPLETED
326	id-00193	6	12	7	2	1874.0	1874.0	1874.32	1874.8114	1876.0	23.619	COMPLETED
326	id-00194	4	8	10	3	1875.0	1875.0	1875.45	1875.7792	1878.0	19.314	COMPLETED
326	id-00195	10	17	6	1	1878.0	1878.0	1878.25	1879.0	1879.0	29.182	EXPIRED
326	id-00196	4	5	1	7	1878.0	1878.0	1878.04	1878.3365	1885.0	0.963	COMPLETED
326	id-00197	6	2	7	3	1879.0	1879.0	1879.32	1879.5113	1882.0	23.619	COMPLETED
326	id-00198	1	2	9	3	1882.0	1882.0	1882.41	1882.5756	1885.0	2.467	COMPLETED
326	id-00199	8	15	3	4	1882.0	1882.0	1882.24	1882.441	1886.0	18.339	COMPLETED
326	id-00200	6	4	3	7	1882.0	1882.0	1882.24	1882.6461	1889.0	22.239	COMPLETED
326	id-00201	6	6	9	3	1882.0	1882.0	1882.33	1882.4801	1885.0	11.912	COMPLETED
326	id-00202	7	10	4	1	1884.0	1884.0	1884.18	1885.0	1885.0	16.065	EXPIRED
326	id-00203	10	18	10	7	1885.0	1885.0	1885.4	1885.6582	1892.0	42.92	COMPLETED
326	id-00204	6	2	5	5	1886.0	1886.0	1886.21	1886.6857	1891.0	11.54	COMPLETED
326	id-00205	10	19	5	2	1887.0	1887.0	1887.2	1887.3255	1889.0	21.46	COMPLETED
326	id-00206	5	8	2	5	1887.0	1887.0	1887.08	1887.407	1892.0	3.161	COMPLETED
326	id-00207	6	7	10	2	1889.0	1889.0	1889.42	1889.6216	1891.0	23.08	COMPLETED
326	id-00208	4	4	3	2	1891.0	1891.0	1891.12	1891.3706	1893.0	2.888	COMPLETED
326	id-00209	5	6	4	5	1893.0	1893.0	1893.17	1893.5539	1898.0	6.716	COMPLETED
326	id-00210	4	7	7	2	1894.0	1894.0	1894.27	1894.4157	1896.0	6.497	COMPLETED
326	id-00211	5	9	9	7	1894.0	1894.0	1894.38	1894.5577	1901.0	15.013	COMPLETED
326	id-00212	4	3	2	5	1895.0	1895.0	1895.08	1895.5275	1900.0	1.925	COMPLETED
326	id-00213	9	17	7	3	1896.0	1896.0	1896.29	1896.574	1899.0	29.372	COMPLETED
326	id-00214	3	6	6	7	1898.0	1898.0	1898.25	1898.5078	1905.0	4.512	COMPLETED
326	id-00215	10	2	1	3	1900.0	1900.0	1900.04	1900.1732	1903.0	3.915	COMPLETED
326	id-00216	4	7	2	4	1900.0	1900.0	1900.08	1900.4315	1904.0	1.925	COMPLETED
326	id-00217	7	3	6	2	1901.0	1901.0	1901.25	1901.6582	1903.0	17.599	COMPLETED
326	id-00218	7	4	2	7	1901.0	1901.0	1901.08	1901.2122	1908.0	4.123	COMPLETED
326	id-00219	8	2	2	6	1901.0	1901.0	1901.08	1901.3894	1907.0	5.359	COMPLETED
326	id-00220	9	15	1	2	1903.0	1903.0	1903.04	1903.165	1905.0	3.297	COMPLETED
326	id-00221	8	16	1	5	1904.0	1904.0	1904.04	1904.2367	1909.0	3.434	COMPLETED
326	id-00222	8	9	4	5	1905.0	1905.0	1905.17	1905.5566	1910.0	16.196	COMPLETED
326	id-00223	4	6	10	3	1908.0	1908.0	1908.37	1908.8338	1911.0	8.904	COMPLETED
326	id-00224	4	6	9	7	1908.0	1908.0	1908.35	1908.613	1915.0	8.422	COMPLETED
326	id-00225	7	13	8	5	1908.0	1908.0	1908.35	1908.8078	1913.0	27.938	COMPLETED
326	id-00226	7	12	3	6	1910.0	1910.0	1910.13	1910.543	1916.0	10.377	COMPLETED
326	id-00227	3	6	7	5	1911.0	1911.0	1911.28	1911.4715	1916.0	5.053	COMPLETED
326	id-00228	6	2	6	1	1911.0	1911.0	1911.26	1912.0	1912.0	16.739	EXPIRED
326	id-00229	1	2	2	5	1913.0	1913.0	1913.1	1913.4041	1918.0	1.544	COMPLETED
326	id-00230	6	4	7	5	1913.0	1913.0	1913.61	1913.9884	1918.0	50.774	COMPLETED
326	id-00231	2	2	1	3	1913.0	1913.0	1913.09	1913.4645	1916.0	1.083	COMPLETED
326	id-00232	8	10	4	6	1918.0	1918.0	1918.18	1918.4687	1924.0	18.845	COMPLETED
326	id-00233	3	4	10	5	1919.0	1919.0	1919.45	1919.6055	1924.0	12.364	COMPLETED
326	id-00234	9	8	2	4	1920.0	1920.0	1920.08	1920.1917	1924.0	8.103	COMPLETED
326	id-00235	2	4	2	7	1920.0	1920.0	1920.1	1920.4112	1927.0	3.089	COMPLETED
326	id-00236	4	7	10	7	1921.0	1921.0	1921.45	1921.8232	1928.0	19.314	COMPLETED
326	id-00237	6	10	4	3	1921.0	1921.0	1921.33	1921.5186	1924.0	18.134	COMPLETED
326	id-00238	1	2	2	3	1921.0	1921.0	1921.17	1921.6485	1924.0	2.625	COMPLETED
326	id-00239	2	3	10	2	1923.0	1923.0	1923.5	1923.891	1925.0	15.444	COMPLETED
326	id-00240	6	7	7	1	1924.0	1924.0	1924.32	1925.0	1925.0	23.619	EXPIRED
326	id-00241	10	4	2	3	1926.0	1926.0	1926.17	1926.4596	1929.0	26.255	COMPLETED
326	id-00242	7	11	8	5	1926.0	1926.0	1926.31	1926.6342	1931.0	15.977	COMPLETED
326	id-00243	5	6	7	2	1926.0	1926.0	1926.58	1926.7913	1928.0	22.915	COMPLETED
326	id-00244	5	5	10	7	1928.0	1928.0	1928.43	1928.7884	1935.0	21.042	COMPLETED
326	id-00245	7	6	10	5	1928.0	1928.0	1928.42	1928.7008	1933.0	29.566	COMPLETED
326	id-00246	4	8	7	4	1930.0	1930.0	1930.32	1930.6566	1934.0	13.734	COMPLETED
326	id-00247	10	10	10	4	1931.0	1931.0	1931.36	1931.5731	1935.0	28.446	COMPLETED
326	id-00248	6	3	3	2	1931.0	1931.0	1931.14	1931.624	1933.0	10.333	COMPLETED
326	id-00249	2	3	10	4	1932.0	1932.0	1932.5	1932.6573	1936.0	15.444	COMPLETED
326	id-00250	10	15	4	3	1933.0	1933.0	1933.14	1933.6115	1936.0	11.062	COMPLETED
326	id-00251	10	20	6	2	1933.0	1933.0	1933.25	1933.3911	1935.0	29.182	COMPLETED
326	id-00252	7	6	4	7	1933.0	1933.0	1933.18	1933.4207	1940.0	16.065	COMPLETED
326	id-00253	4	4	7	5	1934.0	1934.0	1934.32	1934.5287	1939.0	13.734	COMPLETED
326	id-00254	8	16	8	6	1934.0	1934.0	1934.29	1934.4866	1940.0	13.957	COMPLETED
326	id-00255	3	5	9	5	1934.0	1934.0	1934.38	1934.6984	1939.0	6.858	COMPLETED
326	id-00256	6	8	9	1	1935.0	1935.0	1935.43	1936.0	1936.0	35.791	EXPIRED
326	id-00257	5	3	6	3	1937.0	1937.0	1937.29	1937.7522	1940.0	19.66	COMPLETED
326	id-00258	5	4	9	4	1938.0	1938.0	1938.41	1938.5452	1942.0	23.929	COMPLETED
326	id-00259	3	4	2	7	1938.0	1938.0	1938.1	1938.4332	1945.0	3.69	COMPLETED
326	id-00260	1	2	10	6	1939.0	1939.0	1939.5	1939.6324	1945.0	7.722	COMPLETED
326	id-00261	1	2	1	5	1940.0	1940.0	1940.05	1940.3024	1945.0	0.772	COMPLETED
326	id-00262	4	5	1	6	1940.0	1940.0	1940.05	1940.3466	1946.0	2.617	COMPLETED
326	id-00263	3	6	2	5	1942.0	1942.0	1942.08	1942.3628	1947.0	1.444	COMPLETED
326	id-00264	9	17	3	3	1942.0	1942.0	1942.13	1942.4139	1945.0	14.393	COMPLETED
326	id-00265	1	2	6	1	1943.0	1943.0	1943.26	1944.0	1944.0	1.564	EXPIRED
326	id-00266	6	10	8	2	1943.0	1943.0	1943.38	1943.7497	1945.0	31.63	COMPLETED
326	id-00267	9	14	4	7	1944.0	1944.0	1944.17	1944.6498	1951.0	18.821	COMPLETED
326	id-00268	6	12	5	2	1945.0	1945.0	1945.24	1945.3759	1947.0	19.977	COMPLETED
326	id-00269	9	13	5	1	1945.0	1945.0	1945.2	1946.0	1946.0	18.371	EXPIRED
326	id-00270	7	8	6	1	1945.0	1945.0	1945.25	1946.0	1946.0	17.599	EXPIRED
326	id-00271	2	4	10	1	1947.0	1947.0	1947.5	1948.0	1948.0	15.444	EXPIRED
326	id-00272	8	3	1	1	1948.0	1948.0	1948.05	1949.0	1949.0	5.706	EXPIRED
326	id-00273	4	7	7	4	1948.0	1948.0	1948.29	1948.4629	1952.0	6.979	COMPLETED
326	id-00274	7	11	7	6	1949.0	1949.0	1949.28	1949.5193	1955.0	17.071	COMPLETED
326	id-00275	10	14	10	3	1949.0	1949.0	1949.43	1949.7313	1952.0	54.247	COMPLETED
326	id-00276	5	6	10	7	1949.0	1949.0	1949.42	1949.6896	1956.0	16.593	COMPLETED
326	id-00277	9	7	3	2	1950.0	1950.0	1950.14	1950.5701	1952.0	16.82	COMPLETED
326	id-00278	8	10	1	3	1952.0	1952.0	1952.04	1952.5257	1955.0	3.811	COMPLETED
326	id-00279	5	10	1	7	1953.0	1953.0	1953.04	1953.2247	1960.0	1.957	COMPLETED
326	id-00280	10	9	1	1	1954.0	1954.0	1954.04	1955.0	1955.0	4.292	EXPIRED
326	id-00281	9	10	9	5	1956.0	1956.0	1956.39	1956.758	1961.0	43.178	COMPLETED
326	id-00282	4	6	2	2	1957.0	1957.0	1957.09	1957.5323	1959.0	3.863	COMPLETED
326	id-00283	5	7	8	6	1958.0	1958.0	1958.36	1958.7338	1964.0	21.011	COMPLETED
326	id-00284	6	9	7	4	1959.0	1959.0	1959.32	1959.5675	1963.0	23.619	COMPLETED
326	id-00285	6	2	7	3	1961.0	1961.0	1961.33	1961.6979	1964.0	27.468	COMPLETED
326	id-00286	8	10	8	6	1962.0	1962.0	1962.38	1962.6213	1968.0	43.367	COMPLETED
326	id-00287	2	2	10	6	1963.0	1963.0	1963.5	1963.6025	1969.0	15.444	COMPLETED
326	id-00288	9	16	8	1	1963.0	1963.0	1963.35	1964.0	1964.0	38.749	EXPIRED
326	id-00289	5	2	7	1	1964.0	1964.0	1964.3	1965.0	1965.0	14.681	EXPIRED
326	id-00290	9	18	1	1	1964.0	1964.0	1964.04	1965.0	1965.0	2.92	EXPIRED
326	id-00291	4	6	8	1	1965.0	1965.0	1965.38	1966.0	1966.0	19.892	EXPIRED
326	id-00292	10	15	6	1	1966.0	1966.0	1966.22	1967.0	1967.0	19.458	EXPIRED
326	id-00293	3	3	6	2	1967.0	1967.0	1967.29	1967.654	1969.0	10.702	COMPLETED
326	id-00294	5	2	7	7	1967.0	1967.0	1967.58	1967.9578	1974.0	22.915	COMPLETED
326	id-00295	4	7	4	3	1967.0	1967.0	1967.33	1967.6793	1970.0	20.386	COMPLETED
326	id-00296	6	12	9	4	1969.0	1969.0	1969.43	1969.757	1973.0	35.791	COMPLETED
326	id-00297	5	2	7	6	1970.0	1970.0	1970.32	1970.5301	1976.0	18.676	COMPLETED
326	id-00298	4	5	8	7	1970.0	1970.0	1970.4	1970.7707	1977.0	24.71	COMPLETED
326	id-00299	9	17	8	1	1971.0	1971.0	1971.36	1972.0	1972.0	43.25	EXPIRED
326	id-00300	10	16	8	2	1971.0	1971.0	1971.32	1971.4667	1973.0	34.336	COMPLETED
326	id-00301	9	10	5	2	1972.0	1972.0	1972.23	1972.5235	1974.0	27.632	COMPLETED
326	id-00302	5	7	9	5	1972.0	1972.0	1972.45	1972.652	1977.0	34.749	COMPLETED
326	id-00303	1	2	5	7	1977.0	1977.0	1977.25	1977.6862	1984.0	3.861	COMPLETED
326	id-00304	9	17	7	7	1978.0	1978.0	1978.33	1978.7277	1985.0	42.757	COMPLETED
326	id-00305	10	5	2	3	1979.0	1979.0	1979.08	1979.5016	1982.0	8.584	COMPLETED
326	id-00306	8	15	3	2	1980.0	1980.0	1980.15	1980.5482	1982.0	18.533	COMPLETED
326	id-00307	6	8	8	7	1980.0	1980.0	1980.33	1980.52	1987.0	18.134	COMPLETED
326	id-00308	7	6	9	6	1981.0	1981.0	1981.45	1981.5537	1987.0	48.649	COMPLETED
326	id-00309	3	4	8	5	1981.0	1981.0	1981.33	1981.5542	1986.0	5.956	COMPLETED
326	id-00310	10	3	4	5	1982.0	1982.0	1982.16	1982.4298	1987.0	17.168	COMPLETED
326	id-00311	10	19	5	6	1982.0	1982.0	1982.22	1982.5804	1988.0	27.754	COMPLETED
326	id-00312	9	17	10	1	1983.0	1983.0	1983.42	1984.0	1984.0	42.539	EXPIRED
326	id-00313	6	4	7	2	1984.0	1984.0	1984.35	1984.6002	1986.0	32.432	COMPLETED
326	id-00314	3	2	8	7	1985.0	1985.0	1985.4	1985.5316	1992.0	18.533	COMPLETED
326	id-00315	1	2	8	4	1987.0	1987.0	1987.4	1987.6041	1991.0	6.178	COMPLETED
326	id-00316	9	2	6	3	1989.0	1989.0	1989.25	1989.456	1992.0	25.321	COMPLETED
326	id-00317	3	5	10	6	1993.0	1993.0	1994.0	1994.1462	1999.0	46.332	COMPLETED
326	id-00318	4	8	3	4	1993.0	1993.0	1993.3	1993.4888	1997.0	18.533	COMPLETED
326	id-00319	3	4	9	6	1995.0	1995.0	1995.45	1995.8869	2001.0	20.849	COMPLETED
326	id-00320	6	2	5	2	1997.0	1997.0	1997.25	1997.6274	1999.0	23.166	COMPLETED
326	id-00321	10	12	2	4	1998.0	1998.0	1998.08	1998.2789	2002.0	8.584	COMPLETED
326	id-00322	2	4	3	5	1999.0	1999.0	1999.15	1999.4905	2004.0	4.633	COMPLETED
326	id-00323	5	7	4	3	1999.0	1999.0	1999.4	1999.8573	2002.0	30.888	COMPLETED
326	id-00324	2	3	9	3	1999.0	1999.0	1999.9	2000.3887	2002.0	27.799	COMPLETED
326	id-00325	3	3	2	6	2000.0	2000.0	2000.1	2000.5219	2006.0	3.69	COMPLETED
