0.0018646717071533203
0.0003833770751953125
0.005932807922363281
0.0008881092071533203
0.0009722709655761719
0.002222776412963867
0.0033218860626220703
0.0003533363342285156
0.0021021366119384766
0.0014348030090332031
0.0007011890411376953
0.0004317760467529297
0.0029518604278564453
0.00413966178894043
0.0020613670349121094
0.001291513442993164
0.002299070358276367
0.00121307373046875
0.0011343955993652344
0.004195451736450195
0.0011110305786132812
0.003222942352294922
0.0010061264038085938
0.0008113384246826172
0.00220489501953125
0.0009739398956298828
0.002706766128540039
0.0009505748748779297
0.007450580596923828
0.0008161067962646484
0.0009469985961914062
0.0024538040161132812
0.0010623931884765625
0.001739501953125
0.002983570098876953
0.0025529861450195312
0.002074003219604492
0.001977682113647461
0.0007996559143066406
0.0008106231689453125
0.002541065216064453
0.0002930164337158203
0.0005609989166259766
0.0009181499481201172
0.0026710033416748047
0.0013713836669921875
0.00034308433532714844
0.0008263587951660156
0.0012958049774169922
0.0037322044372558594
0.0019807815551757812
0.003200054168701172
0.0007674694061279297
0.001903533935546875
0.0017991065979003906
0.005415439605712891
0.000797271728515625
0.0014357566833496094
0.0019223690032958984
0.002248525619506836
0.0012230873107910156
0.0022072792053222656
0.0014650821685791016
0.0004417896270751953
0.00030159950256347656
0.0010042190551757812
0.0014371871948242188
0.0018224716186523438
0.0012600421905517578
0.0014243125915527344
0.0027489662170410156
0.0024771690368652344
0.0026743412017822266
0.0064351558685302734
0.0015976428985595703
0.0022859573364257812
0.0024008750915527344
0.001519918441772461
0.0007627010345458984
0.0007638931274414062
0.00432896614074707
0.0007317066192626953
0.0006017684936523438
0.0011138916015625
0.0005354881286621094
0.008100032806396484
0.0007395744323730469
0.0007724761962890625
0.0007693767547607422
0.0014872550964355469
0.0007348060607910156
0.007287740707397461
0.0007808208465576172
0.0012946128845214844
0.0012652873992919922
0.0003237724304199219
0.0056569576263427734
0.0021915435791015625
0.001294851303100586
0.0006468296051025391
0.0009875297546386719
0.0017938613891601562
0.0018715858459472656
0.001032114028930664
0.0029134750366210938
0.0010857582092285156
0.0006251335144042969
0.003714323043823242
0.002649068832397461
0.0026459693908691406
0.0019571781158447266
0.0008180141448974609
0.0024421215057373047
0.0003349781036376953
0.002232074737548828
0.0008592605590820312
0.001912832260131836
0.0005145072937011719
0.0030281543731689453
0.001207113265991211
0.0014681816101074219
0.0007255077362060547
0.0021085739135742188
0.0006635189056396484
0.0006666183471679688
0.002047300338745117
0.0010600090026855469
0.0003561973571777344
0.0008900165557861328
0.0008485317230224609
0.0005946159362792969
0.0019326210021972656
0.0005743503570556641
0.002226591110229492
0.0020186901092529297
0.0036439895629882812
0.0013892650604248047
0.0017096996307373047
0.005499601364135742
0.003978252410888672
0.001631021499633789
0.0008420944213867188
0.0008854866027832031
0.000835418701171875
0.0011401176452636719
0.0058023929595947266
0.0005452632904052734
0.0014090538024902344
0.0017659664154052734
0.0009784698486328125
0.000728607177734375
0.000743865966796875
0.003230571746826172
0.0008025169372558594
0.0011610984802246094
0.0009493827819824219
0.0012671947479248047
0.001325368881225586
0.0024793148040771484
0.0028874874114990234
0.0019304752349853516
0.0032770633697509766
0.0010066032409667969
0.0007829666137695312
0.0015535354614257812
0.0005946159362792969
0.004395246505737305
0.0008995532989501953
0.0018682479858398438
0.0017385482788085938
0.000331878662109375
0.007654905319213867
0.0005581378936767578
0.00179290771484375
0.003964424133300781
0.0005688667297363281
0.003323078155517578
0.001543283462524414
0.0010120868682861328
0.0008015632629394531
0.0018374919891357422
0.007059812545776367
0.0043833255767822266
0.0026998519897460938
0.0008563995361328125
