0.0015316009521484375
0.0022258758544921875
0.002543210983276367
0.001499176025390625
0.0009217262268066406
0.0015113353729248047
0.0017325878143310547
0.0006756782531738281
0.0015289783477783203
0.0041387081146240234
0.0009315013885498047
0.0008380413055419922
0.0018877983093261719
0.0020151138305664062
0.002681732177734375
0.0008711814880371094
0.004758358001708984
0.005292177200317383
0.005984067916870117
0.0009021759033203125
0.001149892807006836
0.0007960796356201172
0.0010347366333007812
0.0007905960083007812
0.0006639957427978516
0.000896453857421875
0.003938913345336914
0.0018935203552246094
0.0037190914154052734
0.0008704662322998047
0.0019974708557128906
0.001477956771850586
0.0014276504516601562
0.0035915374755859375
0.0007758140563964844
0.002768278121948242
0.0008378028869628906
0.004166364669799805
0.0013704299926757812
0.0016360282897949219
0.0008826255798339844
0.005905628204345703
0.0005469322204589844
0.0017924308776855469
0.0021278858184814453
0.0008053779602050781
0.0009009838104248047
0.008491039276123047
0.0022072792053222656
0.002007007598876953
0.001976490020751953
0.0005347728729248047
0.0009171962738037109
0.002580881118774414
0.0018219947814941406
0.0005300045013427734
0.003253936767578125
0.001535177230834961
0.0017015933990478516
0.0017614364624023438
0.0005352497100830078
0.002971649169921875
0.004010438919067383
0.0007615089416503906
0.0010395050048828125
0.0017576217651367188
0.000759124755859375
0.001871347427368164
0.006428718566894531
0.0005481243133544922
0.0030641555786132812
0.0027697086334228516
0.001766204833984375
0.0023651123046875
0.0010128021240234375
0.002379179000854492
0.00029969215393066406
0.0005238056182861328
0.0012187957763671875
0.003674030303955078
0.0026683807373046875
0.0006930828094482422
0.001279592514038086
0.0010273456573486328
0.002368450164794922
0.0007822513580322266
0.0037441253662109375
0.0034089088439941406
0.0018761157989501953
0.0026345252990722656
0.0041027069091796875
0.0007960796356201172
0.003186464309692383
0.0032036304473876953
0.0006451606750488281
0.009546518325805664
0.005423784255981445
0.005354642868041992
0.0007510185241699219
0.005496501922607422
0.0017790794372558594
0.0017638206481933594
0.0008323192596435547
0.0007424354553222656
0.0011737346649169922
0.0037899017333984375
0.00028967857360839844
0.0021209716796875
0.0005345344543457031
0.0007750988006591797
0.002504587173461914
0.0013480186462402344
0.0037462711334228516
0.0018453598022460938
0.0008168220520019531
0.0010769367218017578
0.0019850730895996094
0.0012602806091308594
0.0024406909942626953
0.0017819404602050781
0.003355264663696289
0.0008230209350585938
0.0012054443359375
0.0011644363403320312
0.0015766620635986328
0.002686738967895508
0.0015285015106201172
0.0003314018249511719
0.0007920265197753906
0.001934051513671875
0.0008647441864013672
0.0018455982208251953
0.002959728240966797
0.0008091926574707031
0.0005729198455810547
0.002279520034790039
0.004094839096069336
0.001382589340209961
0.0006046295166015625
0.003274202346801758
0.0024824142456054688
0.0008511543273925781
0.0022118091583251953
0.0008177757263183594
0.007894277572631836
0.005156755447387695
0.0007913112640380859
0.001180887222290039
0.0010967254638671875
0.0005955696105957031
0.002644062042236328
0.0010311603546142578
0.0032606124877929688
0.0007982254028320312
0.0031592845916748047
0.001882791519165039
0.0012357234954833984
0.005147218704223633
0.0007877349853515625
0.0009789466857910156
0.003473997116088867
0.00046443939208984375
0.0013735294342041016
0.0021033287048339844
0.0014677047729492188
0.0007779598236083984
0.002138853073120117
0.0012516975402832031
0.004121541976928711
0.0040814876556396484
0.0012922286987304688
0.0012979507446289062
0.004377126693725586
0.0006163120269775391
0.0033349990844726562
0.0011742115020751953
0.001516103744506836
0.0006551742553710938
0.0008232593536376953
0.0012965202331542969
0.001691579818725586
0.002296924591064453
0.002153158187866211
0.0018086433410644531
0.0005540847778320312
0.0007624626159667969
0.0028448104858398438
0.001641988754272461
0.0033431053161621094
0.0005557537078857422
0.0008561611175537109
0.001779794692993164
0.006877422332763672
0.0005359649658203125
