0.002607107162475586
0.0006372928619384766
0.0009419918060302734
0.012425661087036133
0.0011928081512451172
0.00063323974609375
0.00252532958984375
0.001035928726196289
0.0010449886322021484
0.0030431747436523438
0.0009183883666992188
0.00077056884765625
0.0007379055023193359
0.0020303726196289062
0.000985860824584961
0.0010111331939697266
0.0009734630584716797
0.0013206005096435547
0.002431631088256836
0.0008637905120849609
0.004364728927612305
0.006233930587768555
0.0008015632629394531
0.0009913444519042969
0.005121469497680664
0.004102945327758789
0.0013110637664794922
0.0008647441864013672
0.0008566379547119141
0.0007944107055664062
0.0011489391326904297
0.0008685588836669922
0.0009467601776123047
0.0006330013275146484
0.0007176399230957031
0.0038962364196777344
0.0019876956939697266
0.0008041858673095703
0.002134084701538086
0.0007419586181640625
0.0024230480194091797
0.0006875991821289062
0.0055599212646484375
0.0006074905395507812
0.0003829002380371094
0.000637054443359375
0.0015969276428222656
0.0005941390991210938
0.0023424625396728516
0.0007612705230712891
0.0025060176849365234
0.00263214111328125
0.0005908012390136719
0.0007641315460205078
0.0017027854919433594
0.0005936622619628906
0.001798391342163086
0.001650094985961914
0.0010285377502441406
0.0010454654693603516
0.0009968280792236328
0.0008575916290283203
0.0063631534576416016
0.0018525123596191406
0.00412440299987793
0.004754304885864258
0.0008323192596435547
0.0008504390716552734
0.000865936279296875
0.00193023681640625
0.000823974609375
0.0008804798126220703
0.004849910736083984
0.008078336715698242
0.001512765884399414
0.001470327377319336
0.005991697311401367
0.005899906158447266
0.001943826675415039
0.002056598663330078
0.0031290054321289062
0.003883838653564453
0.003276824951171875
0.0061702728271484375
0.003961324691772461
0.0009219646453857422
0.0025937557220458984
0.0019526481628417969
0.0026917457580566406
0.00746917724609375
0.002428293228149414
0.0011832714080810547
0.0020515918731689453
0.0015387535095214844
0.0012164115905761719
0.0009717941284179688
0.0012187957763671875
0.002563953399658203
0.001430511474609375
0.0006568431854248047
0.0026378631591796875
0.0007035732269287109
0.0015342235565185547
0.001847982406616211
0.0009524822235107422
0.005621910095214844
0.0015110969543457031
0.0022602081298828125
0.003622770309448242
0.0004241466522216797
0.0010645389556884766
0.0016503334045410156
0.00040340423583984375
0.002486705780029297
0.0010230541229248047
0.0038046836853027344
0.002168416976928711
0.003164529800415039
0.0014336109161376953
0.0014040470123291016
0.007905960083007812
0.0009174346923828125
0.0007104873657226562
0.002516031265258789
0.0031659603118896484
0.0008046627044677734
0.0025773048400878906
0.0014526844024658203
0.001466512680053711
0.001978158950805664
0.004487276077270508
0.0024662017822265625
0.00042128562927246094
0.0008058547973632812
0.0007719993591308594
0.0025556087493896484
0.0010645389556884766
0.008265018463134766
0.002433300018310547
0.003890514373779297
0.0010192394256591797
0.003840208053588867
0.0006883144378662109
0.009553670883178711
0.0010304450988769531
0.003279447555541992
0.0004246234893798828
0.002718687057495117
0.0034766197204589844
0.006556510925292969
0.008656978607177734
0.006572246551513672
0.0022873878479003906
0.0009980201721191406
0.002298116683959961
0.004188060760498047
0.001238107681274414
0.0022678375244140625
0.002878904342651367
0.0041272640228271484
0.0012578964233398438
0.001043081283569336
0.0006830692291259766
0.0009634494781494141
0.002216339111328125
0.004265308380126953
0.0009465217590332031
0.0006847381591796875
0.0009496212005615234
0.0009517669677734375
0.0010259151458740234
0.003917217254638672
0.0009005069732666016
0.0022246837615966797
0.0010418891906738281
0.001430511474609375
0.0013244152069091797
0.0008771419525146484
0.0009334087371826172
0.00036907196044921875
0.0006206035614013672
0.001302957534790039
0.002421855926513672
0.004778861999511719
0.0020999908447265625
0.0014109611511230469
0.0014312267303466797
0.0033059120178222656
0.0020918846130371094
0.008227109909057617
1.8596649169921875e-05
0.0011441707611083984
0.0009319782257080078
0.0011985301971435547
0.0006167888641357422
0.0006153583526611328
0.0006160736083984375
0.002733945846557617
