0.003768444061279297
0.0009589195251464844
0.0010633468627929688
0.0009157657623291016
0.0015223026275634766
0.0013544559478759766
0.0019521713256835938
0.002180337905883789
0.0008428096771240234
0.003147125244140625
0.003148794174194336
0.0010716915130615234
0.0009560585021972656
0.0008993148803710938
0.0014567375183105469
0.0010161399841308594
0.0006988048553466797
0.008013010025024414
0.0009329319000244141
0.0008974075317382812
0.0012671947479248047
0.0009214878082275391
0.0012180805206298828
0.0010159015655517578
0.0007741451263427734
0.001005411148071289
0.0011837482452392578
0.0006992816925048828
0.005153179168701172
0.0011534690856933594
0.000774383544921875
0.0038809776306152344
0.0017805099487304688
0.0028014183044433594
0.0008780956268310547
0.004197597503662109
0.003934383392333984
0.0011341571807861328
0.003098726272583008
0.0020852088928222656
0.00089263916015625
0.0006463527679443359
0.0006508827209472656
0.0026574134826660156
0.0009679794311523438
0.0017008781433105469
0.0024602413177490234
0.0021860599517822266
0.0008952617645263672
0.0003879070281982422
0.0033512115478515625
0.0015559196472167969
0.0034394264221191406
0.0008533000946044922
0.0008759498596191406
0.0023534297943115234
0.0005774497985839844
0.0010459423065185547
0.0008299350738525391
0.0008318424224853516
0.002048015594482422
0.0020837783813476562
0.0007860660552978516
0.0035338401794433594
0.0010178089141845703
0.0007331371307373047
0.0005054473876953125
0.0008244514465332031
0.001039266586303711
0.00030994415283203125
0.002200603485107422
0.0014698505401611328
0.0011684894561767578
0.0008537769317626953
0.0021567344665527344
0.0007498264312744141
0.0007460117340087891
0.0020232200622558594
0.0065708160400390625
0.007755279541015625
0.0027234554290771484
0.0016884803771972656
0.0007658004760742188
0.0011436939239501953
0.000751495361328125
0.0021109580993652344
0.0012307167053222656
0.004956960678100586
0.0005211830139160156
0.005084514617919922
0.001308441162109375
0.000774383544921875
0.0007607936859130859
0.0007944107055664062
0.0014576911926269531
0.004606485366821289
0.0026960372924804688
0.0006308555603027344
0.0009326934814453125
0.0005643367767333984
0.0016531944274902344
0.0005381107330322266
0.004782438278198242
0.004249095916748047
0.0005521774291992188
0.0010211467742919922
0.0010101795196533203
0.0007581710815429688
0.004364013671875
0.0008428096771240234
0.004014253616333008
0.0008115768432617188
0.0012812614440917969
0.0034737586975097656
0.004498481750488281
0.00434565544128418
0.00490117073059082
0.0008265972137451172
0.0008308887481689453
0.0018396377563476562
0.0008704662322998047
0.0034151077270507812
0.0007708072662353516
0.0021333694458007812
0.0013854503631591797
0.0003132820129394531
0.00060272216796875
0.0011456012725830078
0.0009963512420654297
0.0009565353393554688
0.0044708251953125
0.002311229705810547
0.004931211471557617
0.004098653793334961
0.0011458396911621094
0.0020258426666259766
0.002384662628173828
0.0006110668182373047
0.0014307498931884766
0.001718282699584961
0.0023300647735595703
0.0006163120269775391
0.0006158351898193359
0.003034353256225586
0.0007929801940917969
0.0004868507385253906
0.0018701553344726562
0.0025255680084228516
0.0015735626220703125
0.0071637630462646484
0.0012505054473876953
0.0008318424224853516
0.0008268356323242188
0.0017886161804199219
0.0031452178955078125
0.0010793209075927734
0.001970052719116211
0.0021750926971435547
0.0056018829345703125
0.004073619842529297
0.0011932849884033203
0.0017657279968261719
0.003260374069213867
0.00038814544677734375
0.0056111812591552734
0.0013875961303710938
0.001953125
0.0006396770477294922
0.003578662872314453
0.0028238296508789062
0.0018041133880615234
0.007783174514770508
0.0024025440216064453
0.0030562877655029297
0.0005519390106201172
0.002239227294921875
0.0006480216979980469
0.005116701126098633
0.0034966468811035156
0.0009944438934326172
0.0007660388946533203
0.0006866455078125
0.001967191696166992
0.002564668655395508
0.0007357597351074219
0.0017504692077636719
0.0003600120544433594
0.0012483596801757812
0.0018799304962158203
0.0007641315460205078
0.0008685588836669922
0.003095388412475586
