0.0020084381103515625
0.0008137226104736328
0.004536151885986328
0.0009961128234863281
0.0013799667358398438
0.0016546249389648438
0.003179311752319336
0.0013241767883300781
0.0007805824279785156
0.001355886459350586
0.001424551010131836
0.0009632110595703125
0.0015339851379394531
0.004270315170288086
0.0006062984466552734
0.0010228157043457031
0.0045964717864990234
0.003023862838745117
0.0009107589721679688
0.007755279541015625
0.0010077953338623047
0.0018925666809082031
0.0013883113861083984
0.0009257793426513672
0.004328012466430664
0.0007212162017822266
0.0011882781982421875
0.00147247314453125
0.0021283626556396484
0.00044345855712890625
0.0009615421295166016
0.002087831497192383
0.002721071243286133
0.001638650894165039
0.0020933151245117188
0.0019221305847167969
0.0008854866027832031
0.0013995170593261719
0.0013668537139892578
0.0015308856964111328
0.0009827613830566406
0.0007214546203613281
0.00033593177795410156
0.0010135173797607422
0.0023615360260009766
0.00038504600524902344
0.0010001659393310547
0.0009202957153320312
0.0003578662872314453
0.004338502883911133
0.0005960464477539062
0.008272171020507812
0.001367807388305664
0.002295970916748047
0.002315044403076172
0.0043849945068359375
0.0010533332824707031
0.0013821125030517578
0.002153158187866211
0.0012009143829345703
0.0003771781921386719
0.001699209213256836
0.0020799636840820312
0.0007610321044921875
0.00043582916259765625
0.0009224414825439453
0.0024695396423339844
0.0038900375366210938
0.0008378028869628906
0.0005900859832763672
0.003301858901977539
0.002903461456298828
0.0018780231475830078
0.004375934600830078
0.0013930797576904297
0.000560760498046875
0.002733945846557617
0.0032401084899902344
0.0007822513580322266
0.0007369518280029297
0.0023267269134521484
0.0012712478637695312
0.0007879734039306641
0.0008025169372558594
0.0007548332214355469
0.009050369262695312
0.0017290115356445312
0.0007569789886474609
0.0011475086212158203
0.0013949871063232422
0.0005283355712890625
0.002498626708984375
0.0005176067352294922
0.0003349781036376953
0.0010859966278076172
0.0006349086761474609
0.011961221694946289
0.0012054443359375
0.0005283355712890625
0.0007698535919189453
0.0033409595489501953
0.0006353855133056641
0.0029718875885009766
0.0018682479858398438
0.0026085376739501953
0.0006835460662841797
0.0009229183197021484
0.0046291351318359375
0.003006458282470703
0.0028028488159179688
0.0013523101806640625
0.0008599758148193359
0.001087188720703125
0.0013315677642822266
0.0018024444580078125
0.0010788440704345703
0.004198312759399414
0.0006234645843505859
0.0026628971099853516
0.0005371570587158203
0.0018992424011230469
0.0005605220794677734
0.0021986961364746094
0.0009028911590576172
0.0008418560028076172
0.0012955665588378906
0.0006465911865234375
0.0011057853698730469
0.0006961822509765625
0.0006449222564697266
0.0008831024169921875
0.0020394325256347656
0.0003428459167480469
0.0022797584533691406
0.0009737014770507812
0.0011665821075439453
0.0006358623504638672
0.0005397796630859375
0.00657343864440918
0.0058994293212890625
0.0038878917694091797
0.0012967586517333984
0.0009562969207763672
0.0015175342559814453
0.00039577484130859375
0.004145383834838867
0.000858306884765625
0.0021131038665771484
0.0017023086547851562
0.001211404800415039
0.0007367134094238281
0.0006692409515380859
0.003654003143310547
0.0003790855407714844
0.0009591579437255859
0.0027871131896972656
0.0014595985412597656
0.0007867813110351562
0.0022428035736083984
0.0031931400299072266
0.0015492439270019531
0.002170562744140625
0.001336812973022461
0.0020012855529785156
0.003097057342529297
0.000804901123046875
0.0037178993225097656
0.002310514450073242
0.0012357234954833984
0.0018939971923828125
0.0012729167938232422
0.0033605098724365234
0.0006628036499023438
0.0013806819915771484
0.0037407875061035156
0.0005903244018554688
0.00400233268737793
0.0015485286712646484
0.0007350444793701172
0.0005221366882324219
0.003407001495361328
0.004281044006347656
0.0021784305572509766
0.004094123840332031
0.0013782978057861328
