303	id-00000	9	3	10	2	1700.0	1700.0	1700.42	1700.6608	1702.0	42.539	COMPLETED
303	id-00001	6	4	9	1	1700.0	1700.0	1700.41	1701.0	1701.0	30.261	EXPIRED
303	id-00002	2	2	2	1	1702.0	1702.0	1702.1	1703.0	1703.0	3.089	EXPIRED
303	id-00003	5	8	4	2	1703.0	1703.0	1703.33	1703.7397	1705.0	13.038	COMPLETED
303	id-00004	3	5	7	1	1703.0	1703.0	1703.58	1704.0	1704.0	26.873	EXPIRED
303	id-00005	4	6	5	1	1703.0	1703.0	1703.23	1704.0	1704.0	9.872	EXPIRED
303	id-00006	1	2	5	1	1705.0	1705.0	1705.25	1706.0	1706.0	3.861	EXPIRED
303	id-00007	5	8	9	1	1706.0	1706.0	1706.41	1707.0	1707.0	23.929	EXPIRED
303	id-00008	6	9	10	3	1709.0	1709.0	1709.45	1709.7581	1712.0	33.214	COMPLETED
303	id-00009	1	2	7	2	1711.0	1711.0	1711.32	1711.6799	1713.0	1.925	COMPLETED
303	id-00010	1	2	5	2	1711.0	1711.0	1711.25	1711.421	1713.0	3.861	COMPLETED
303	id-00011	2	2	8	1	1712.0	1712.0	1712.4	1713.0	1713.0	12.355	EXPIRED
303	id-00012	9	7	4	1	1714.0	1714.0	1714.17	1715.0	1715.0	18.821	EXPIRED
303	id-00013	1	2	3	2	1715.0	1715.0	1715.15	1715.5448	1717.0	2.317	COMPLETED
303	id-00014	6	4	8	3	1715.0	1715.0	1715.36	1715.8016	1718.0	26.571	COMPLETED
303	id-00015	1	2	1	3	1717.0	1717.0	1717.05	1717.4809	1720.0	0.772	COMPLETED
303	id-00016	2	4	8	2	1719.0	1719.0	1719.4	1719.7268	1721.0	12.355	COMPLETED
303	id-00017	7	2	5	3	1720.0	1720.0	1720.22	1720.5369	1723.0	17.561	COMPLETED
303	id-00018	1	2	9	2	1720.0	1720.0	1720.41	1720.6319	1722.0	2.467	COMPLETED
303	id-00019	5	3	1	2	1722.0	1722.0	1722.05	1722.1919	1724.0	2.918	COMPLETED
303	id-00020	6	2	1	2	1722.0	1722.0	1722.04	1722.3806	1724.0	2.575	COMPLETED
303	id-00021	3	6	9	3	1722.0	1722.0	1722.41	1722.9007	1725.0	11.265	COMPLETED
303	id-00022	9	10	9	2	1724.0	1724.0	1724.39	1724.5071	1726.0	43.178	COMPLETED
303	id-00023	10	14	10	1	1725.0	1725.0	1725.43	1726.0	1726.0	54.247	EXPIRED
303	id-00024	6	9	5	2	1726.0	1726.0	1726.48	1726.6881	1728.0	39.953	COMPLETED
303	id-00025	1	2	3	1	1726.0	1726.0	1726.29	1727.0	1727.0	4.479	EXPIRED
303	id-00026	2	3	10	2	1726.0	1726.0	1726.5	1726.917	1728.0	15.444	COMPLETED
303	id-00027	2	2	9	2	1728.0	1728.0	1728.45	1728.6494	1730.0	13.9	COMPLETED
303	id-00028	6	7	5	3	1728.0	1728.0	1728.24	1728.5934	1731.0	19.977	COMPLETED
303	id-00029	3	2	7	3	1729.0	1729.0	1729.33	1729.4915	1732.0	12.178	COMPLETED
303	id-00030	3	4	3	3	1732.0	1732.0	1732.13	1732.2543	1735.0	2.346	COMPLETED
303	id-00031	10	8	2	3	1732.0	1732.0	1732.1	1732.2486	1735.0	14.501	COMPLETED
303	id-00032	2	2	6	3	1732.0	1732.0	1732.3	1732.4268	1735.0	9.266	COMPLETED
303	id-00033	3	5	3	3	1733.0	1733.0	1733.14	1733.4669	1736.0	5.167	COMPLETED
303	id-00034	10	19	1	1	1735.0	1735.0	1735.04	1736.0	1736.0	5.046	EXPIRED
303	id-00035	4	4	6	1	1735.0	1735.0	1735.27	1736.0	1736.0	11.588	EXPIRED
303	id-00036	3	2	5	3	1736.0	1736.0	1736.24	1736.5341	1739.0	8.857	COMPLETED
303	id-00037	6	7	10	1	1739.0	1739.0	1739.48	1740.0	1740.0	39.953	EXPIRED
303	id-00038	8	10	7	1	1740.0	1740.0	1740.33	1741.0	1741.0	37.661	EXPIRED
303	id-00039	9	16	7	1	1740.0	1740.0	1740.28	1741.0	1741.0	25.72	EXPIRED
303	id-00040	8	10	6	3	1740.0	1740.0	1740.26	1740.716	1743.0	24.77	COMPLETED
303	id-00041	7	6	9	2	1741.0	1741.0	1741.43	1741.7571	1743.0	42.432	COMPLETED
303	id-00042	3	3	2	1	1743.0	1743.0	1743.1	1744.0	1744.0	3.69	EXPIRED
303	id-00043	6	11	5	1	1743.0	1743.0	1743.2	1744.0	1744.0	9.105	EXPIRED
303	id-00044	6	8	2	2	1747.0	1747.0	1747.1	1747.5503	1749.0	8.324	COMPLETED
303	id-00045	1	2	7	3	1748.0	1748.0	1748.3	1748.6198	1751.0	1.805	COMPLETED
303	id-00046	10	12	10	3	1748.0	1748.0	1748.42	1748.8007	1751.0	49.026	COMPLETED
303	id-00047	4	7	6	1	1750.0	1750.0	1750.29	1751.0	1751.0	15.181	EXPIRED
303	id-00048	5	3	8	3	1753.0	1753.0	1753.38	1753.5188	1756.0	25.761	COMPLETED
303	id-00049	7	9	1	2	1754.0	1754.0	1754.05	1754.3692	1756.0	4.934	COMPLETED
303	id-00050	5	9	2	2	1754.0	1754.0	1754.08	1754.2143	1756.0	3.161	COMPLETED
303	id-00051	5	5	1	3	1755.0	1755.0	1755.05	1755.2238	1758.0	3.39	COMPLETED
303	id-00052	2	2	8	3	1755.0	1755.0	1755.4	1755.8442	1758.0	12.355	COMPLETED
303	id-00053	8	14	1	1	1757.0	1757.0	1757.05	1758.0	1758.0	5.706	EXPIRED
303	id-00054	4	5	2	2	1757.0	1757.0	1757.09	1757.266	1759.0	3.014	COMPLETED
303	id-00055	8	12	3	2	1759.0	1759.0	1759.14	1759.6073	1761.0	15.977	COMPLETED
303	id-00056	10	9	5	3	1759.0	1759.0	1759.23	1759.3895	1762.0	31.184	COMPLETED
303	id-00057	3	3	5	2	1760.0	1760.0	1760.23	1760.4303	1762.0	6.319	COMPLETED
303	id-00058	6	11	9	3	1760.0	1760.0	1760.41	1760.8673	1763.0	30.261	COMPLETED
303	id-00059	7	13	6	3	1763.0	1763.0	1763.27	1763.6815	1766.0	24.098	COMPLETED
303	id-00060	9	10	6	1	1764.0	1764.0	1764.27	1765.0	1765.0	32.438	EXPIRED
303	id-00061	4	6	2	1	1765.0	1765.0	1765.09	1766.0	1766.0	3.014	EXPIRED
303	id-00062	6	12	4	1	1767.0	1767.0	1767.17	1768.0	1768.0	10.945	EXPIRED
303	id-00063	4	4	5	1	1768.0	1768.0	1768.22	1769.0	1769.0	7.368	EXPIRED
303	id-00064	3	6	9	2	1768.0	1768.0	1768.39	1768.5125	1770.0	7.039	COMPLETED
303	id-00065	2	3	10	2	1769.0	1769.0	1769.5	1769.8684	1771.0	15.444	COMPLETED
303	id-00066	8	4	9	2	1770.0	1770.0	1770.41	1770.7656	1772.0	42.925	COMPLETED
303	id-00067	9	6	3	1	1773.0	1773.0	1773.12	1774.0	1774.0	12.154	EXPIRED
303	id-00068	9	3	6	1	1774.0	1774.0	1774.26	1775.0	1775.0	28.785	EXPIRED
303	id-00069	6	9	10	2	1774.0	1774.0	1774.42	1774.7637	1776.0	23.08	COMPLETED
303	id-00070	10	13	10	2	1775.0	1775.0	1775.42	1775.9031	1777.0	49.026	COMPLETED
303	id-00071	2	2	1	3	1777.0	1777.0	1777.05	1777.2779	1780.0	1.544	COMPLETED
303	id-00072	1	2	3	2	1778.0	1778.0	1778.15	1778.519	1780.0	2.317	COMPLETED
303	id-00073	10	8	10	3	1779.0	1779.0	1779.42	1779.66	1782.0	49.026	COMPLETED
303	id-00074	7	7	4	3	1780.0	1780.0	1780.19	1780.5073	1783.0	18.749	COMPLETED
303	id-00075	7	9	9	2	1780.0	1780.0	1780.35	1780.6895	1782.0	18.039	COMPLETED
303	id-00076	7	4	10	3	1780.0	1780.0	1780.43	1780.8181	1783.0	34.324	COMPLETED
303	id-00077	9	9	4	3	1782.0	1782.0	1782.15	1782.5887	1785.0	12.364	COMPLETED
303	id-00078	6	9	5	3	1783.0	1783.0	1783.19	1783.3738	1786.0	6.858	COMPLETED
303	id-00079	3	2	10	2	1783.0	1783.0	1783.95	1784.3492	1785.0	35.059	COMPLETED
303	id-00080	2	3	10	3	1783.0	1783.0	1783.95	1784.1393	1786.0	29.344	COMPLETED
303	id-00081	9	12	7	3	1785.0	1785.0	1785.29	1785.4096	1788.0	29.372	COMPLETED
303	id-00082	2	4	7	2	1787.0	1787.0	1787.7	1788.1136	1789.0	21.622	COMPLETED
303	id-00083	4	3	9	3	1787.0	1787.0	1787.9	1788.0371	1790.0	55.598	COMPLETED
303	id-00084	8	8	6	3	1788.0	1788.0	1788.3	1788.4428	1791.0	37.066	COMPLETED
303	id-00085	10	9	5	3	1788.0	1788.0	1788.21	1788.3879	1791.0	24.513	COMPLETED
303	id-00086	1	2	9	1	1792.0	1792.0	1792.72	1793.0	1793.0	4.332	EXPIRED
303	id-00087	5	9	10	3	1792.0	1792.0	1792.4	1792.8786	1795.0	12.032	COMPLETED
303	id-00088	10	14	10	1	1792.0	1792.0	1792.8	1793.0	1793.0	93.382	EXPIRED
303	id-00089	6	12	6	3	1794.0	1794.0	1794.3	1794.7688	1797.0	27.799	COMPLETED
303	id-00090	5	8	1	3	1795.0	1795.0	1795.1	1795.4959	1798.0	7.722	COMPLETED
303	id-00091	3	2	4	1	1795.0	1795.0	1795.4	1796.0	1796.0	18.533	EXPIRED
303	id-00092	5	4	5	1	1796.0	1796.0	1796.25	1797.0	1797.0	19.305	EXPIRED
303	id-00093	5	10	5	3	1796.0	1796.0	1796.19	1796.3283	1799.0	5.715	COMPLETED
303	id-00094	3	2	3	1	1798.0	1798.0	1798.15	1799.0	1799.0	6.95	EXPIRED
303	id-00095	10	8	9	3	1799.0	1799.0	1799.38	1799.5036	1802.0	44.357	COMPLETED
303	id-00096	9	12	10	2	1802.0	1802.0	1802.37	1802.5194	1804.0	27.01	COMPLETED
303	id-00097	6	12	9	1	1802.0	1802.0	1802.36	1803.0	1803.0	16.389	EXPIRED
303	id-00098	5	9	10	1	1803.0	1803.0	1803.37	1804.0	1804.0	11.13	EXPIRED
303	id-00099	8	7	8	1	1803.0	1803.0	1803.4	1804.0	1804.0	49.421	EXPIRED
303	id-00100	2	2	4	2	1805.0	1805.0	1805.2	1805.6658	1807.0	6.178	COMPLETED
303	id-00101	2	3	7	2	1806.0	1806.0	1806.35	1806.5766	1808.0	10.811	COMPLETED
303	id-00102	3	4	9	2	1807.0	1807.0	1807.43	1807.9075	1809.0	15.869	COMPLETED
303	id-00103	5	6	9	1	1808.0	1808.0	1808.43	1809.0	1809.0	29.151	EXPIRED
303	id-00104	1	2	4	2	1808.0	1808.0	1808.2	1808.5378	1810.0	3.089	COMPLETED
303	id-00105	4	3	4	3	1813.0	1813.0	1813.19	1813.3855	1816.0	9.946	COMPLETED
303	id-00106	2	2	4	2	1813.0	1813.0	1813.2	1813.4954	1815.0	6.178	COMPLETED
303	id-00107	7	5	4	2	1814.0	1814.0	1814.19	1814.4704	1816.0	18.749	COMPLETED
303	id-00108	10	7	1	1	1822.0	1822.0	1822.04	1823.0	1823.0	3.538	EXPIRED
303	id-00109	7	13	1	1	1824.0	1824.0	1824.05	1825.0	1825.0	5.405	EXPIRED
303	id-00110	6	7	9	3	1824.0	1824.0	1824.62	1825.1132	1827.0	22.38	COMPLETED
303	id-00111	3	3	10	1	1824.0	1824.0	1824.69	1825.0	1825.0	12.453	EXPIRED
303	id-00112	8	15	1	3	1827.0	1827.0	1827.05	1827.5102	1830.0	6.178	COMPLETED
303	id-00113	5	4	1	3	1827.0	1827.0	1827.04	1827.2829	1830.0	1.203	COMPLETED
303	id-00114	9	4	10	3	1827.0	1827.0	1827.38	1827.5055	1830.0	31.323	COMPLETED
303	id-00115	3	4	9	3	1828.0	1828.0	1828.35	1828.6148	1831.0	6.317	COMPLETED
303	id-00116	9	11	5	3	1828.0	1828.0	1828.19	1828.3291	1831.0	15.661	COMPLETED
303	id-00117	5	3	1	3	1829.0	1829.0	1829.04	1829.4336	1832.0	1.203	COMPLETED
303	id-00118	6	6	5	1	1829.0	1829.0	1829.19	1830.0	1830.0	6.858	EXPIRED
303	id-00119	4	3	3	3	1829.0	1829.0	1829.15	1829.528	1832.0	9.266	COMPLETED
303	id-00120	9	16	5	1	1830.0	1830.0	1830.21	1831.0	1831.0	21.27	EXPIRED
303	id-00121	4	5	9	2	1830.0	1830.0	1830.45	1830.7102	1832.0	27.799	COMPLETED
303	id-00122	3	2	3	2	1831.0	1831.0	1831.15	1831.4198	1833.0	6.95	COMPLETED
303	id-00123	10	6	3	1	1832.0	1832.0	1832.11	1833.0	1833.0	9.729	EXPIRED
303	id-00124	5	7	9	1	1832.0	1832.0	1832.45	1833.0	1833.0	34.749	EXPIRED
303	id-00125	5	10	8	3	1833.0	1833.0	1833.33	1833.4583	1836.0	13.038	COMPLETED
303	id-00126	2	4	10	2	1833.0	1833.0	1833.5	1833.6541	1835.0	15.444	COMPLETED
303	id-00127	8	13	4	2	1833.0	1833.0	1833.2	1833.3799	1835.0	24.71	COMPLETED
303	id-00128	6	10	8	1	1835.0	1835.0	1835.4	1836.0	1836.0	37.066	EXPIRED
303	id-00129	4	3	4	1	1836.0	1836.0	1836.2	1837.0	1837.0	12.355	EXPIRED
303	id-00130	7	11	3	2	1837.0	1837.0	1837.15	1837.3334	1839.0	16.216	COMPLETED
303	id-00131	5	8	8	3	1837.0	1837.0	1837.33	1837.5098	1840.0	13.038	COMPLETED
303	id-00132	6	5	1	2	1838.0	1838.0	1838.05	1838.1883	1840.0	4.633	COMPLETED
303	id-00133	8	13	3	3	1839.0	1839.0	1839.15	1839.3121	1842.0	18.533	COMPLETED
303	id-00134	3	5	6	1	1841.0	1841.0	1841.29	1842.0	1842.0	10.702	EXPIRED
303	id-00135	1	2	5	3	1842.0	1842.0	1842.25	1842.39	1845.0	3.861	COMPLETED
303	id-00136	7	10	2	2	1845.0	1845.0	1845.1	1845.461	1847.0	10.811	COMPLETED
303	id-00137	4	7	6	1	1845.0	1845.0	1845.24	1846.0	1846.0	5.775	EXPIRED
303	id-00138	5	8	3	3	1845.0	1845.0	1845.12	1845.3466	1848.0	3.61	COMPLETED
303	id-00139	2	3	5	1	1845.0	1845.0	1845.37	1846.0	1846.0	4.452	EXPIRED
303	id-00140	7	13	1	2	1845.0	1845.0	1845.07	1845.5192	1847.0	4.268	COMPLETED
303	id-00141	5	8	7	1	1846.0	1846.0	1846.35	1847.0	1847.0	27.027	EXPIRED
303	id-00142	5	9	1	1	1848.0	1848.0	1848.05	1849.0	1849.0	3.861	EXPIRED
303	id-00143	9	8	3	2	1849.0	1849.0	1849.12	1849.3087	1851.0	11.023	COMPLETED
303	id-00144	8	14	8	3	1850.0	1850.0	1850.4	1850.6893	1853.0	49.421	COMPLETED
303	id-00145	6	6	2	1	1850.0	1850.0	1850.08	1851.0	1851.0	3.642	EXPIRED
303	id-00146	4	5	7	2	1851.0	1851.0	1851.35	1851.8052	1853.0	21.622	COMPLETED
303	id-00147	1	2	8	3	1852.0	1852.0	1852.4	1852.8935	1855.0	6.178	COMPLETED
303	id-00148	3	2	6	2	1852.0	1852.0	1852.3	1852.5845	1854.0	13.9	COMPLETED
303	id-00149	6	10	5	3	1852.0	1852.0	1852.2	1852.4417	1855.0	9.105	COMPLETED
303	id-00150	5	9	10	1	1853.0	1853.0	1853.5	1854.0	1854.0	38.61	EXPIRED
303	id-00151	10	9	5	3	1855.0	1855.0	1855.2	1855.3508	1858.0	21.46	COMPLETED
303	id-00152	4	7	8	3	1856.0	1856.0	1856.4	1856.5495	1859.0	24.71	COMPLETED
303	id-00153	2	2	3	1	1858.0	1858.0	1858.15	1859.0	1859.0	4.633	EXPIRED
303	id-00154	1	2	7	1	1861.0	1861.0	1861.35	1862.0	1862.0	5.405	EXPIRED
303	id-00155	8	6	7	2	1861.0	1861.0	1861.28	1861.5272	1863.0	21.395	COMPLETED
303	id-00156	6	4	8	1	1861.0	1861.0	1861.4	1862.0	1862.0	37.066	EXPIRED
303	id-00157	8	2	2	1	1861.0	1861.0	1861.08	1862.0	1862.0	6.867	EXPIRED
303	id-00158	3	4	4	1	1862.0	1862.0	1862.2	1863.0	1863.0	9.266	EXPIRED
303	id-00159	1	2	6	1	1863.0	1863.0	1863.3	1864.0	1864.0	4.633	EXPIRED
303	id-00160	1	2	7	2	1865.0	1865.0	1865.35	1865.5869	1867.0	5.405	COMPLETED
303	id-00161	2	2	8	1	1866.0	1866.0	1866.4	1867.0	1867.0	12.355	EXPIRED
303	id-00162	6	4	10	1	1866.0	1866.0	1866.5	1867.0	1867.0	46.332	EXPIRED
303	id-00163	7	5	3	3	1868.0	1868.0	1868.15	1868.5716	1871.0	16.216	COMPLETED
303	id-00164	9	18	7	1	1871.0	1871.0	1871.28	1872.0	1872.0	25.72	EXPIRED
303	id-00165	10	3	7	1	1871.0	1871.0	1871.27	1872.0	1872.0	26.425	EXPIRED
303	id-00166	3	4	3	3	1872.0	1872.0	1872.14	1872.5395	1875.0	3.847	COMPLETED
303	id-00167	2	4	7	1	1874.0	1874.0	1874.35	1875.0	1875.0	10.811	EXPIRED
303	id-00168	1	2	9	1	1874.0	1874.0	1874.41	1875.0	1875.0	2.467	EXPIRED
303	id-00169	3	2	9	1	1875.0	1875.0	1875.41	1876.0	1876.0	11.265	EXPIRED
303	id-00170	1	2	2	2	1876.0	1876.0	1876.1	1876.4521	1878.0	1.544	COMPLETED
303	id-00171	1	2	10	2	1878.0	1878.0	1878.4	1878.8857	1880.0	2.406	COMPLETED
303	id-00172	8	6	5	3	1878.0	1878.0	1878.23	1878.675	1881.0	24.08	COMPLETED
303	id-00173	2	3	1	2	1878.0	1878.0	1878.05	1878.5023	1880.0	1.544	COMPLETED
303	id-00174	8	16	2	3	1878.0	1878.0	1878.08	1878.4435	1881.0	6.867	COMPLETED
303	id-00175	3	4	10	3	1880.0	1880.0	1880.74	1880.9053	1883.0	13.356	COMPLETED
303	id-00176	8	7	4	3	1880.0	1880.0	1880.18	1880.6142	1883.0	18.845	COMPLETED
303	id-00177	3	3	1	3	1880.0	1880.0	1880.07	1880.2499	1883.0	1.263	COMPLETED
303	id-00178	2	2	6	1	1881.0	1881.0	1881.55	1882.0	1882.0	16.988	EXPIRED
303	id-00179	3	3	6	2	1881.0	1881.0	1881.55	1881.8921	1883.0	15.112	COMPLETED
303	id-00180	1	2	1	2	1881.0	1881.0	1881.05	1881.3422	1883.0	0.772	COMPLETED
303	id-00181	4	3	10	1	1885.0	1885.0	1885.42	1886.0	1886.0	10.107	EXPIRED
303	id-00182	8	7	2	1	1885.0	1885.0	1885.08	1886.0	1886.0	5.359	EXPIRED
303	id-00183	6	10	2	1	1886.0	1886.0	1886.08	1887.0	1887.0	4.396	EXPIRED
303	id-00184	1	2	2	2	1887.0	1887.0	1887.08	1887.5103	1889.0	0.481	COMPLETED
303	id-00185	8	9	4	3	1887.0	1887.0	1887.15	1887.3573	1890.0	10.048	COMPLETED
303	id-00186	2	2	6	1	1888.0	1888.0	1888.3	1889.0	1889.0	9.266	EXPIRED
303	id-00187	5	6	3	2	1890.0	1890.0	1890.12	1890.6004	1892.0	3.61	COMPLETED
303	id-00188	10	2	1	1	1890.0	1890.0	1890.04	1891.0	1891.0	4.669	EXPIRED
303	id-00189	7	10	10	2	1893.0	1893.0	1893.42	1893.7467	1895.0	29.566	COMPLETED
303	id-00190	6	2	3	1	1895.0	1895.0	1895.12	1896.0	1896.0	6.594	EXPIRED
303	id-00191	1	2	7	2	1895.0	1895.0	1895.7	1896.0092	1897.0	10.811	COMPLETED
303	id-00192	1	2	10	3	1895.0	1895.0	1896.0	1896.198	1898.0	15.444	COMPLETED
303	id-00193	1	2	2	1	1896.0	1896.0	1896.1	1897.0	1897.0	1.544	EXPIRED
303	id-00194	3	6	8	1	1898.0	1898.0	1898.67	1899.0	1899.0	12.092	EXPIRED
303	id-00195	1	2	6	1	1898.0	1898.0	1898.5	1899.0	1899.0	3.008	EXPIRED
303	id-00196	10	18	4	3	1899.0	1899.0	1899.16	1899.5602	1902.0	17.168	COMPLETED
303	id-00197	4	5	3	3	1900.0	1900.0	1900.12	1900.4219	1903.0	2.888	COMPLETED
303	id-00198	1	2	3	1	1900.0	1900.0	1900.15	1901.0	1901.0	2.317	EXPIRED
303	id-00199	5	2	5	2	1901.0	1901.0	1901.21	1901.4197	1903.0	8.297	COMPLETED
303	id-00200	3	4	3	1	1903.0	1903.0	1903.25	1904.0	1904.0	9.226	EXPIRED
303	id-00201	3	6	5	1	1903.0	1903.0	1903.42	1904.0	1904.0	7.58	EXPIRED
303	id-00202	2	2	5	2	1904.0	1904.0	1904.25	1904.5592	1906.0	7.722	COMPLETED
303	id-00203	8	3	4	3	1905.0	1905.0	1905.17	1905.6519	1908.0	16.196	COMPLETED
303	id-00204	4	5	8	2	1906.0	1906.0	1906.35	1906.4886	1908.0	11.722	COMPLETED
303	id-00205	7	6	3	3	1906.0	1906.0	1906.12	1906.3115	1909.0	6.185	COMPLETED
303	id-00206	3	5	1	1	1909.0	1909.0	1909.04	1910.0	1910.0	0.722	EXPIRED
303	id-00207	2	3	5	2	1910.0	1910.0	1910.25	1910.6679	1912.0	7.722	COMPLETED
303	id-00208	4	7	2	1	1913.0	1913.0	1913.09	1914.0	1914.0	3.014	EXPIRED
303	id-00209	5	5	6	1	1914.0	1914.0	1914.26	1915.0	1915.0	12.723	EXPIRED
303	id-00210	1	2	9	3	1917.0	1917.0	1917.45	1917.7648	1920.0	6.95	COMPLETED
303	id-00211	8	12	10	3	1918.0	1918.0	1918.43	1918.9071	1921.0	40.965	COMPLETED
303	id-00212	3	6	10	1	1918.0	1918.0	1918.45	1919.0	1919.0	12.364	EXPIRED
303	id-00213	1	2	8	3	1919.0	1919.0	1919.4	1919.6381	1922.0	6.178	COMPLETED
303	id-00214	6	4	9	2	1920.0	1920.0	1920.38	1920.6224	1922.0	20.882	COMPLETED
303	id-00215	7	5	2	2	1920.0	1920.0	1920.09	1920.4193	1922.0	8.033	COMPLETED
303	id-00216	3	5	4	1	1922.0	1922.0	1922.18	1923.0	1923.0	4.946	EXPIRED
303	id-00217	4	3	7	1	1923.0	1923.0	1923.32	1924.0	1924.0	13.734	EXPIRED
303	id-00218	8	13	1	2	1923.0	1923.0	1923.04	1923.44	1925.0	3.434	COMPLETED
303	id-00219	6	7	7	2	1925.0	1925.0	1925.3	1925.7754	1927.0	19.314	COMPLETED
303	id-00220	4	4	3	3	1926.0	1926.0	1926.13	1926.2698	1929.0	4.354	COMPLETED
303	id-00221	2	3	5	1	1927.0	1927.0	1927.25	1928.0	1928.0	7.722	EXPIRED
303	id-00222	5	7	8	1	1927.0	1927.0	1927.35	1928.0	1928.0	17.128	EXPIRED
303	id-00223	5	2	4	3	1927.0	1927.0	1927.17	1927.4912	1930.0	6.716	COMPLETED
303	id-00224	9	16	8	3	1927.0	1927.0	1927.33	1927.743	1930.0	33.424	COMPLETED
303	id-00225	7	5	5	2	1927.0	1927.0	1927.19	1927.5211	1929.0	9.793	COMPLETED
303	id-00226	4	2	2	2	1928.0	1928.0	1928.08	1928.3499	1930.0	1.925	COMPLETED
303	id-00227	5	5	1	3	1928.0	1928.0	1928.04	1928.465	1931.0	1.957	COMPLETED
303	id-00228	4	4	4	2	1928.0	1928.0	1928.17	1928.333	1930.0	4.091	COMPLETED
303	id-00229	5	8	8	1	1929.0	1929.0	1929.33	1930.0	1930.0	13.038	EXPIRED
303	id-00230	8	4	8	3	1929.0	1929.0	1929.35	1929.5495	1932.0	33.344	COMPLETED
303	id-00231	4	7	9	1	1930.0	1930.0	1930.41	1931.0	1931.0	17.597	EXPIRED
303	id-00232	5	7	9	2	1934.0	1934.0	1934.41	1934.8595	1936.0	23.929	COMPLETED
303	id-00233	4	7	8	2	1935.0	1935.0	1935.38	1935.8621	1937.0	19.892	COMPLETED
303	id-00234	1	2	2	2	1937.0	1937.0	1937.1	1937.4636	1939.0	1.544	COMPLETED
303	id-00235	10	5	1	3	1938.0	1938.0	1938.04	1938.1796	1941.0	3.915	COMPLETED
303	id-00236	8	3	7	2	1938.0	1938.0	1938.26	1938.625	1940.0	14.965	COMPLETED
303	id-00237	2	4	4	1	1941.0	1941.0	1941.2	1942.0	1942.0	6.178	EXPIRED
303	id-00238	5	5	2	3	1943.0	1943.0	1943.09	1943.4119	1946.0	4.404	COMPLETED
303	id-00239	8	2	4	2	1943.0	1943.0	1943.19	1943.6477	1945.0	21.684	COMPLETED
303	id-00240	3	5	8	3	1944.0	1944.0	1944.38	1944.5335	1947.0	14.024	COMPLETED
303	id-00241	8	7	8	3	1944.0	1944.0	1944.35	1944.597	1947.0	33.344	COMPLETED
303	id-00242	3	3	4	3	1945.0	1945.0	1945.19	1945.5849	1948.0	7.012	COMPLETED
303	id-00243	7	3	2	3	1946.0	1946.0	1946.1	1946.302	1949.0	9.868	COMPLETED
303	id-00244	4	3	9	2	1948.0	1948.0	1948.43	1948.8075	1950.0	22.51	COMPLETED
303	id-00245	8	12	10	2	1949.0	1949.0	1949.42	1949.5637	1951.0	36.053	COMPLETED
303	id-00246	6	11	10	1	1949.0	1949.0	1949.48	1950.0	1950.0	39.953	EXPIRED
303	id-00247	8	3	10	2	1949.0	1949.0	1949.4	1949.5921	1951.0	30.565	COMPLETED
303	id-00248	5	4	5	3	1950.0	1950.0	1950.22	1950.3798	1953.0	10.766	COMPLETED
303	id-00249	3	6	7	1	1951.0	1951.0	1951.3	1952.0	1952.0	5.414	EXPIRED
303	id-00250	2	2	2	2	1953.0	1953.0	1953.1	1953.3428	1955.0	3.089	COMPLETED
303	id-00251	8	8	1	1	1953.0	1953.0	1953.04	1954.0	1954.0	3.811	EXPIRED
303	id-00252	3	5	6	3	1956.0	1956.0	1956.27	1956.4465	1959.0	7.419	COMPLETED
303	id-00253	3	4	1	2	1958.0	1958.0	1958.05	1958.2272	1960.0	1.374	COMPLETED
303	id-00254	4	5	2	1	1960.0	1960.0	1960.09	1961.0	1961.0	3.014	EXPIRED
303	id-00255	6	12	10	3	1960.0	1960.0	1960.48	1960.8756	1963.0	39.953	COMPLETED
303	id-00256	10	12	5	1	1962.0	1962.0	1962.19	1963.0	1963.0	16.804	EXPIRED
303	id-00257	6	12	3	3	1962.0	1962.0	1962.13	1962.5681	1965.0	8.369	COMPLETED
303	id-00258	9	15	4	1	1963.0	1963.0	1963.17	1964.0	1964.0	18.821	EXPIRED
303	id-00259	6	6	9	2	1963.0	1963.0	1963.43	1963.6735	1965.0	35.791	COMPLETED
303	id-00260	6	10	9	2	1965.0	1965.0	1965.38	1965.5648	1967.0	20.882	COMPLETED
303	id-00261	5	9	2	2	1965.0	1965.0	1965.1	1965.5405	1967.0	6.779	COMPLETED
303	id-00262	3	2	9	2	1966.0	1966.0	1966.43	1966.6429	1968.0	15.869	COMPLETED
303	id-00263	4	5	10	1	1967.0	1967.0	1967.48	1968.0	1968.0	25.127	EXPIRED
303	id-00264	5	4	3	1	1969.0	1969.0	1969.14	1970.0	1970.0	9.491	EXPIRED
303	id-00265	1	2	10	2	1969.0	1969.0	1969.5	1969.9027	1971.0	7.722	COMPLETED
303	id-00266	1	2	9	1	1970.0	1970.0	1970.45	1971.0	1971.0	6.95	EXPIRED
303	id-00267	10	6	7	3	1973.0	1973.0	1973.28	1973.7015	1976.0	30.044	COMPLETED
303	id-00268	10	12	6	1	1973.0	1973.0	1973.25	1974.0	1974.0	29.182	EXPIRED
303	id-00269	6	9	8	2	1973.0	1973.0	1973.4	1973.5623	1975.0	37.066	COMPLETED
303	id-00270	7	3	8	1	1974.0	1974.0	1974.4	1975.0	1975.0	43.243	EXPIRED
303	id-00271	9	6	1	1	1975.0	1975.0	1975.05	1976.0	1976.0	6.478	EXPIRED
303	id-00272	8	4	8	2	1975.0	1975.0	1975.32	1975.7997	1977.0	24.452	COMPLETED
303	id-00273	7	8	1	1	1976.0	1976.0	1976.05	1977.0	1977.0	5.405	EXPIRED
303	id-00274	9	14	5	2	1976.0	1976.0	1976.24	1976.5375	1978.0	31.096	COMPLETED
303	id-00275	2	3	2	1	1977.0	1977.0	1977.1	1978.0	1978.0	3.089	EXPIRED
303	id-00276	3	6	5	1	1979.0	1979.0	1979.5	1980.0	1980.0	23.166	EXPIRED
303	id-00277	3	4	1	3	1979.0	1979.0	1979.05	1979.3352	1982.0	1.845	COMPLETED
303	id-00278	4	7	2	3	1979.0	1979.0	1979.2	1979.3577	1982.0	12.355	COMPLETED
303	id-00279	8	14	4	2	1980.0	1980.0	1980.2	1980.4618	1982.0	24.71	COMPLETED
303	id-00280	6	10	7	3	1981.0	1981.0	1981.29	1981.4479	1984.0	15.936	COMPLETED
303	id-00281	5	9	9	2	1981.0	1981.0	1981.45	1981.6352	1983.0	34.749	COMPLETED
303	id-00282	1	2	9	2	1984.0	1984.0	1984.45	1984.6751	1986.0	6.95	COMPLETED
303	id-00283	2	3	7	2	1984.0	1984.0	1984.58	1984.7595	1986.0	17.915	COMPLETED
303	id-00284	7	13	2	3	1984.0	1984.0	1984.17	1984.6585	1987.0	11.967	COMPLETED
303	id-00285	8	9	9	3	1988.0	1988.0	1988.45	1988.6863	1991.0	55.598	COMPLETED
303	id-00286	6	5	5	2	1990.0	1990.0	1990.5	1990.9612	1992.0	46.332	COMPLETED
303	id-00287	1	2	8	2	1990.0	1990.0	1990.8	1990.9968	1992.0	12.355	COMPLETED
303	id-00288	3	2	10	2	1990.0	1990.0	1990.42	1990.7126	1992.0	7.58	COMPLETED
303	id-00289	9	4	8	3	1991.0	1991.0	1991.33	1991.6272	1994.0	33.424	COMPLETED
303	id-00290	3	3	1	3	1991.0	1991.0	1991.05	1991.5474	1994.0	2.317	COMPLETED
303	id-00291	3	2	6	1	1992.0	1992.0	1992.3	1993.0	1993.0	13.9	EXPIRED
303	id-00292	7	13	4	1	1993.0	1993.0	1993.2	1994.0	1994.0	21.622	EXPIRED
303	id-00293	5	7	8	1	1997.0	1997.0	1997.4	1998.0	1998.0	30.888	EXPIRED
303	id-00294	6	10	2	3	1997.0	1997.0	1997.08	1997.4556	2000.0	4.396	COMPLETED
303	id-00295	8	3	5	2	1998.0	1998.0	1998.21	1998.4485	2000.0	18.026	COMPLETED
303	id-00296	3	4	10	3	1998.0	1998.0	1998.5	1998.8394	2001.0	23.166	COMPLETED
303	id-00297	1	2	8	3	1998.0	1998.0	1998.32	1998.4971	2001.0	1.925	COMPLETED
303	id-00298	7	13	7	1	1999.0	1999.0	1999.35	2000.0	2000.0	37.838	EXPIRED
303	id-00299	8	12	9	1	1999.0	1999.0	1999.38	2000.0	2000.0	32.619	EXPIRED
303	id-00300	1	2	6	1	2000.0	2000.0	2000.3	2001.0	2001.0	4.633	EXPIRED
303	id-00301	1	2	2	2	2000.0	2000.0	2000.1	2000.5997	2002.0	0.602	COMPLETED
303	id-00302	9	7	9	3	2001.0	2001.0	2001.36	2004.0	2004.0	None	SUBMITTED
