0.0026204586029052734
0.0008783340454101562
0.0009262561798095703
0.013165712356567383
0.0013577938079833984
0.00036644935607910156
0.0024771690368652344
0.0008628368377685547
0.0003330707550048828
0.003297567367553711
0.0006990432739257812
0.0009524822235107422
0.0009987354278564453
0.002452850341796875
0.0007393360137939453
0.0010976791381835938
0.000934600830078125
0.0010302066802978516
0.0011544227600097656
0.0008399486541748047
0.0041654109954833984
0.002287626266479492
0.0005421638488769531
0.0009469985961914062
0.008885622024536133
0.004428863525390625
0.001438140869140625
0.0007941722869873047
0.0010113716125488281
0.0007998943328857422
0.0012052059173583984
0.00087738037109375
0.0006530284881591797
0.0014133453369140625
0.002179861068725586
0.0034525394439697266
0.0014951229095458984
0.0008511543273925781
0.0010263919830322266
0.0008592605590820312
0.0017995834350585938
0.000972747802734375
0.006926774978637695
0.0014412403106689453
0.0014147758483886719
0.001312255859375
0.001984834671020508
0.0009000301361083984
0.0025920867919921875
0.0006396770477294922
0.002935171127319336
0.0008554458618164062
0.0005991458892822266
0.0007746219635009766
0.0008552074432373047
0.0005700588226318359
0.0007832050323486328
0.0008683204650878906
0.0006656646728515625
0.0006012916564941406
0.0005967617034912109
0.0008172988891601562
0.003938198089599609
0.0012276172637939453
0.003387928009033203
0.0028228759765625
0.0009047985076904297
0.0008099079132080078
0.001249551773071289
0.0019409656524658203
0.0007402896881103516
0.0005049705505371094
0.002883434295654297
0.004075288772583008
0.00031375885009765625
0.0011680126190185547
0.004592180252075195
0.0026178359985351562
0.0011954307556152344
0.0026788711547851562
0.0020477771759033203
0.0020248889923095703
0.0025606155395507812
0.0036034584045410156
0.0016438961029052734
0.0008022785186767578
0.0023839473724365234
0.00146484375
0.0009965896606445312
0.002647876739501953
0.0014290809631347656
0.0007772445678710938
0.0008466243743896484
0.0008656978607177734
0.0005984306335449219
0.0007958412170410156
0.0003066062927246094
0.0018391609191894531
0.0009145736694335938
0.0007951259613037109
0.0026464462280273438
0.0003154277801513672
0.0007505416870117188
0.001222848892211914
0.0005507469177246094
0.0014324188232421875
0.0007727146148681641
0.0007758140563964844
0.0015256404876708984
0.0008182525634765625
0.0008234977722167969
0.0008580684661865234
0.0011162757873535156
0.0016925334930419922
0.001447916030883789
0.0006511211395263672
0.0027129650115966797
0.0012226104736328125
0.0008528232574462891
0.0011875629425048828
0.005258321762084961
0.00087738037109375
0.0009388923645019531
0.001285552978515625
0.0005576610565185547
0.0005652904510498047
0.0018930435180664062
0.00040650367736816406
0.0009372234344482422
0.0003554821014404297
0.0021810531616210938
0.0009233951568603516
0.0009191036224365234
0.0009591579437255859
0.0009019374847412109
0.0016107559204101562
0.0008585453033447266
0.00443267822265625
0.0005862712860107422
0.0009288787841796875
0.0006210803985595703
0.0038890838623046875
0.0008268356323242188
0.00244140625
0.0006728172302246094
0.0020456314086914062
0.0008943080902099609
0.00040411949157714844
0.0022890567779541016
0.004439353942871094
0.0052585601806640625
0.002849578857421875
0.0029761791229248047
0.000759124755859375
0.002666473388671875
0.0019571781158447266
0.0007526874542236328
0.0014753341674804688
0.0010845661163330078
0.003525972366333008
0.0009152889251708984
0.0004303455352783203
0.0013284683227539062
0.0010519027709960938
0.002345561981201172
0.003902435302734375
0.0033664703369140625
0.0014390945434570312
0.0013208389282226562
0.0003688335418701172
0.00033926963806152344
0.008804082870483398
0.0007073879241943359
0.002812623977661133
0.0007901191711425781
0.00029277801513671875
0.0008063316345214844
0.00033402442932128906
0.0006742477416992188
0.0007872581481933594
0.0010797977447509766
0.001253366470336914
0.0035402774810791016
0.0026862621307373047
0.0029935836791992188
0.002402067184448242
0.0005631446838378906
0.004797220230102539
0.004815578460693359
0.01323080062866211
0.00036644935607910156
0.0016927719116210938
0.0008907318115234375
0.001798868179321289
0.0017917156219482422
0.0008454322814941406
0.0018475055694580078
