0.0025594234466552734
0.001789093017578125
0.0030477046966552734
0.0006914138793945312
0.0005803108215332031
0.001071929931640625
0.001981973648071289
0.0011897087097167969
0.0014739036560058594
0.0019435882568359375
0.0009129047393798828
0.00128936767578125
0.0015919208526611328
0.005411624908447266
0.0009438991546630859
0.0010669231414794922
0.0060176849365234375
0.0031821727752685547
0.0007991790771484375
0.004458189010620117
0.0026559829711914062
0.001016855239868164
0.0005903244018554688
0.0004038810729980469
0.0033788681030273438
0.0009267330169677734
0.002658367156982422
0.0010297298431396484
0.0017766952514648438
0.0009694099426269531
0.0009706020355224609
0.004671573638916016
0.0019562244415283203
0.004918575286865234
0.0011930465698242188
0.0018620491027832031
0.0013613700866699219
0.0019249916076660156
0.0010039806365966797
0.0008139610290527344
0.0013401508331298828
0.0009560585021972656
0.0008835792541503906
0.0009775161743164062
0.0021729469299316406
0.001150369644165039
0.002071857452392578
0.0008893013000488281
0.000621795654296875
0.004462242126464844
0.0007886886596679688
0.004976034164428711
0.0008025169372558594
0.001405954360961914
0.0017960071563720703
0.003646373748779297
0.00032210350036621094
0.0009353160858154297
0.0018718242645263672
0.0008151531219482422
0.0007894039154052734
0.0019025802612304688
0.0032143592834472656
0.0008778572082519531
0.0002925395965576172
0.0007531642913818359
0.0019805431365966797
0.0023679733276367188
0.0007269382476806641
0.0005965232849121094
0.004670143127441406
0.002087831497192383
0.0044443607330322266
0.0060272216796875
0.0017268657684326172
0.0008308887481689453
0.0019626617431640625
0.005959510803222656
0.0007817745208740234
0.004675149917602539
0.002124309539794922
0.000881195068359375
0.0007426738739013672
0.0005390644073486328
0.0007252693176269531
0.0070688724517822266
0.002226114273071289
0.0007300376892089844
0.0010178089141845703
0.0016400814056396484
0.0008020401000976562
0.0037598609924316406
0.00072479248046875
0.0007762908935546875
0.0007538795471191406
0.0014159679412841797
0.007032155990600586
0.0007429122924804688
0.0011749267578125
0.0012669563293457031
0.001378774642944336
0.0005631446838378906
0.0020661354064941406
0.0007960796356201172
0.002002239227294922
0.0010857582092285156
0.0008966922760009766
0.008350849151611328
0.0025577545166015625
0.0027933120727539062
0.002354145050048828
0.0012593269348144531
0.0009996891021728516
0.0005629062652587891
0.0013699531555175781
0.0009760856628417969
0.004481315612792969
0.0010688304901123047
0.0026166439056396484
0.0005733966827392578
0.0021195411682128906
0.0020225048065185547
0.0028231143951416016
0.0010373592376708984
0.001560211181640625
0.004511594772338867
0.0009315013885498047
0.0014617443084716797
0.0015087127685546875
0.0006468296051025391
0.0008714199066162109
0.0016276836395263672
0.00034880638122558594
0.0011184215545654297
0.000997304916381836
0.0012006759643554688
0.001001596450805664
0.0008304119110107422
0.008794546127319336
0.005817413330078125
0.002544403076171875
0.0008478164672851562
0.0009527206420898438
0.0011000633239746094
0.0009307861328125
0.002566099166870117
0.0008461475372314453
0.0017430782318115234
0.003693103790283203
0.0008115768432617188
0.00079345703125
0.0006437301635742188
0.002516508102416992
0.0008859634399414062
0.0006997585296630859
0.0030908584594726562
0.0009059906005859375
0.0009846687316894531
0.002838134765625
0.002733469009399414
0.0025794506072998047
0.002368927001953125
0.0006792545318603516
0.0028204917907714844
0.0031163692474365234
0.0005936622619628906
0.006520986557006836
0.0026998519897460938
0.002504587173461914
0.0020399093627929688
0.0005092620849609375
0.003209829330444336
0.0005497932434082031
0.00458216667175293
0.0034971237182617188
0.00128936767578125
0.0031452178955078125
0.002643585205078125
0.00029850006103515625
0.0006022453308105469
0.0032570362091064453
0.004255533218383789
0.003787517547607422
0.0023241043090820312
0.0018329620361328125
