0.0043332576751708984
0.001024007797241211
0.0025501251220703125
0.00039505958557128906
0.0011115074157714844
0.0009808540344238281
0.001979351043701172
0.002620697021484375
0.0014324188232421875
0.0016865730285644531
0.0018341541290283203
0.0009343624114990234
0.0009312629699707031
0.0004096031188964844
0.0006358623504638672
0.0009906291961669922
0.0018658638000488281
0.0020067691802978516
0.0009016990661621094
0.00091552734375
0.0008234977722167969
0.001064300537109375
0.001348257064819336
0.002589702606201172
0.00031566619873046875
0.0007905960083007812
0.0008575916290283203
0.0005915164947509766
0.007165431976318359
0.0009810924530029297
0.0005905628204345703
0.0021173954010009766
0.0010156631469726562
0.0024352073669433594
0.0012357234954833984
0.0024385452270507812
0.0031626224517822266
0.0009140968322753906
0.0025107860565185547
0.0009837150573730469
0.0004336833953857422
0.0009062290191650391
0.0006537437438964844
0.0022559165954589844
0.0008428096771240234
0.0024449825286865234
0.0021610260009765625
0.0013954639434814453
0.0005810260772705078
0.0006914138793945312
0.002971172332763672
0.0021202564239501953
0.004910945892333984
0.0009295940399169922
0.000823974609375
0.002291440963745117
0.0014362335205078125
0.002360105514526367
0.0008108615875244141
0.0005500316619873047
0.0032134056091308594
0.002238035202026367
0.0003170967102050781
0.0020079612731933594
0.0008752346038818359
0.0007469654083251953
0.0005249977111816406
0.0007517337799072266
0.00030422210693359375
0.0005774497985839844
0.0022661685943603516
0.0009741783142089844
0.0018260478973388672
0.0013132095336914062
0.002683401107788086
0.0007898807525634766
0.0005407333374023438
0.0018770694732666016
0.003825664520263672
0.005032777786254883
0.0045468807220458984
0.002474069595336914
0.0007693767547607422
0.0023114681243896484
0.0007901191711425781
0.0038695335388183594
0.0003151893615722656
0.010490655899047852
0.0008397102355957031
0.003504037857055664
0.0008220672607421875
0.0012712478637695312
0.0010559558868408203
0.0014181137084960938
0.0011606216430664062
0.002711057662963867
0.004169464111328125
0.0008769035339355469
0.0008971691131591797
0.0007655620574951172
0.00095367431640625
0.0005509853363037109
0.00844883918762207
0.005591154098510742
0.0013628005981445312
0.0008075237274169922
0.001233816146850586
0.0009136199951171875
0.006858348846435547
1.5735626220703125e-05
0.0008208751678466797
0.0046503543853759766
0.0009396076202392578
0.00037360191345214844
0.002039194107055664
0.002505064010620117
0.007483720779418945
0.004698038101196289
0.0007784366607666016
0.0006022453308105469
0.0014574527740478516
0.0014977455139160156
0.003718852996826172
0.001127004623413086
0.0003349781036376953
0.0015995502471923828
0.001451730728149414
0.0006418228149414062
0.0009412765502929688
0.0009307861328125
0.0006351470947265625
0.003998756408691406
0.0005586147308349609
0.0019378662109375
0.0022411346435546875
0.0010025501251220703
0.0005841255187988281
0.0014240741729736328
0.0007679462432861328
0.002270936965942383
0.0009088516235351562
0.001481771469116211
0.0008826255798339844
0.0012774467468261719
0.004561424255371094
0.0009653568267822266
0.0006628036499023438
0.0018563270568847656
0.0003592967987060547
0.0018489360809326172
0.004157304763793945
0.0011434555053710938
0.0006594657897949219
0.0009100437164306641
0.004649639129638672
0.0031113624572753906
0.0008027553558349609
0.0012788772583007812
0.0014786720275878906
0.0031342506408691406
0.004802227020263672
0.0009951591491699219
0.0007357597351074219
0.004808664321899414
0.0010182857513427734
0.003675222396850586
0.000995635986328125
0.0011835098266601562
0.0013427734375
0.0026962757110595703
0.0011451244354248047
0.0012900829315185547
0.0028057098388671875
0.0019352436065673828
0.0012881755828857422
0.0009751319885253906
0.0015206336975097656
0.00035762786865234375
0.004303932189941406
0.003515005111694336
0.0014803409576416016
0.002660989761352539
0.0010364055633544922
0.0013380050659179688
0.0036573410034179688
0.007191658020019531
0.0003483295440673828
0.0010914802551269531
0.0007047653198242188
0.0023696422576904297
0.0006670951843261719
0.0010020732879638672
0.0018393993377685547
