0.0005295276641845703
0.0006601810455322266
0.0009131431579589844
0.0029265880584716797
0.0009920597076416016
0.0009853839874267578
0.0009121894836425781
0.0009121894836425781
0.005506992340087891
0.0008895397186279297
0.0008993148803710938
0.0030765533447265625
0.0027303695678710938
0.0008580684661865234
0.002844572067260742
0.0014171600341796875
0.0007970333099365234
0.002469778060913086
0.002127408981323242
0.0021088123321533203
0.006608009338378906
0.013520956039428711
0.0032720565795898438
0.004659175872802734
0.0009913444519042969
0.0008313655853271484
0.001943826675415039
0.001050710678100586
0.003241300582885742
0.0036516189575195312
0.003632783889770508
0.0012066364288330078
0.007358551025390625
0.001318216323852539
0.0007810592651367188
0.0032806396484375
0.003972768783569336
0.003831148147583008
0.002285480499267578
0.0012943744659423828
0.0021064281463623047
0.0010676383972167969
0.007997512817382812
0.002433300018310547
0.0004012584686279297
0.001192331314086914
0.015546083450317383
0.0012927055358886719
0.0005657672882080078
0.0003304481506347656
0.004979848861694336
0.0007638931274414062
0.0009739398956298828
0.0013110637664794922
0.0008006095886230469
0.0014376640319824219
0.0036716461181640625
0.001312255859375
0.000985860824584961
0.0011658668518066406
0.00202178955078125
0.0012590885162353516
0.003347158432006836
0.0013647079467773438
0.003183126449584961
0.004669666290283203
0.005278825759887695
0.002104520797729492
0.0021486282348632812
0.0006384849548339844
0.0010073184967041016
0.0007851123809814453
0.0008223056793212891
0.0008199214935302734
0.0011851787567138672
0.004182577133178711
0.0025866031646728516
0.003409862518310547
0.0039217472076416016
0.003814697265625
0.0010411739349365234
0.003420591354370117
0.0008084774017333984
0.0005285739898681641
0.0009531974792480469
0.0010802745819091797
0.0017385482788085938
0.0005567073822021484
0.0002963542938232422
0.000728607177734375
0.0005848407745361328
0.002708911895751953
0.0013523101806640625
0.001077890396118164
0.0007860660552978516
0.0007677078247070312
0.0007498264312744141
0.001222372055053711
0.0023822784423828125
0.0020689964294433594
0.0026216506958007812
0.0013442039489746094
0.0008299350738525391
0.0007538795471191406
0.0007700920104980469
0.0009739398956298828
0.004086971282958984
0.0008337497711181641
0.0008630752563476562
0.002383708953857422
0.0013244152069091797
0.0012600421905517578
0.002284526824951172
0.0031015872955322266
0.001453399658203125
0.005884647369384766
0.006224632263183594
0.0009870529174804688
0.0057523250579833984
0.003103971481323242
0.003282308578491211
0.0008170604705810547
0.0017359256744384766
0.00414276123046875
0.0007739067077636719
0.0017964839935302734
0.003748178482055664
0.0019516944885253906
0.003854990005493164
0.006651401519775391
0.0013267993927001953
0.0012996196746826172
0.0022706985473632812
0.0003476142883300781
0.0008833408355712891
0.003937721252441406
0.0016961097717285156
0.0008087158203125
0.0010235309600830078
0.0009677410125732422
0.002329111099243164
0.0025436878204345703
0.0009319782257080078
0.001897573471069336
0.0010457038879394531
0.0009484291076660156
0.0028917789459228516
0.0035173892974853516
0.0008082389831542969
0.0023140907287597656
0.0007555484771728516
0.0024454593658447266
0.005014896392822266
0.0007910728454589844
0.0006933212280273438
0.004095315933227539
0.0021948814392089844
0.002330303192138672
0.0009894371032714844
0.003776073455810547
0.0010159015655517578
0.004599332809448242
0.002431631088256836
0.0008862018585205078
0.0032720565795898438
0.0009675025939941406
0.0008656978607177734
0.0027039051055908203
0.0009059906005859375
0.0010528564453125
0.0009307861328125
0.0020554065704345703
0.0008375644683837891
0.0003211498260498047
0.0021271705627441406
0.0035827159881591797
0.004164934158325195
0.0007572174072265625
0.0007271766662597656
0.0015761852264404297
0.001190185546875
0.0048694610595703125
0.0007257461547851562
0.0005602836608886719
0.0005240440368652344
0.0038034915924072266
