0.0016605854034423828
0.0014925003051757812
0.0009248256683349609
0.005034446716308594
0.0010418891906738281
0.0009646415710449219
0.0009336471557617188
0.0015671253204345703
0.0055048465728759766
0.0009338855743408203
0.000982046127319336
0.003648519515991211
0.004150390625
0.0019106864929199219
0.0026946067810058594
0.0006806850433349609
0.0012845993041992188
0.0020956993103027344
0.004689693450927734
0.002094268798828125
0.003734588623046875
0.012326240539550781
0.003055572509765625
0.009138107299804688
0.0007348060607910156
0.0005910396575927734
0.002409219741821289
0.0013251304626464844
0.001821756362915039
0.0023708343505859375
0.0036268234252929688
0.0006711483001708984
0.0046617984771728516
0.00037479400634765625
0.0008592605590820312
0.0031425952911376953
0.004154205322265625
0.0019845962524414062
0.0018520355224609375
0.00087738037109375
0.0011448860168457031
0.0007987022399902344
0.004803895950317383
0.001827239990234375
0.0009229183197021484
0.0022614002227783203
0.011990785598754883
0.0008099079132080078
0.0010559558868408203
0.0005717277526855469
0.0014460086822509766
0.0008409023284912109
0.001964569091796875
0.0006043910980224609
0.00032639503479003906
0.0020291805267333984
0.0021355152130126953
0.0008037090301513672
0.0009505748748779297
0.0007510185241699219
0.0018172264099121094
0.0019295215606689453
0.0029544830322265625
0.0003304481506347656
0.0017731189727783203
0.0015842914581298828
0.0026481151580810547
0.00096893310546875
0.0007467269897460938
0.0007317066192626953
0.0021898746490478516
0.0005891323089599609
0.0003991127014160156
0.0005650520324707031
0.0009775161743164062
0.002280712127685547
0.002453327178955078
0.004932880401611328
0.0019216537475585938
0.0026137828826904297
0.0009424686431884766
0.0014300346374511719
0.0007762908935546875
0.0003104209899902344
0.0008194446563720703
0.0008251667022705078
0.0008256435394287109
0.0016491413116455078
0.0012593269348144531
0.0007672309875488281
0.0012519359588623047
0.0009751319885253906
0.0005509853363037109
0.0012135505676269531
0.0008997917175292969
0.0007610321044921875
0.00109100341796875
0.000782012939453125
0.006434440612792969
0.0014760494232177734
0.0011935234069824219
0.0013642311096191406
0.001360177993774414
0.0008368492126464844
0.0008375644683837891
0.0010225772857666016
0.002218961715698242
0.0006632804870605469
0.0009217262268066406
0.003172636032104492
0.0007901191711425781
0.0011222362518310547
0.0020322799682617188
0.0008373260498046875
0.0021820068359375
0.004873514175415039
0.005987644195556641
0.0018367767333984375
0.0033316612243652344
0.0018393993377685547
0.0035719871520996094
0.0011785030364990234
0.0013580322265625
0.0038564205169677734
0.0008766651153564453
0.002454042434692383
0.00199127197265625
0.0008378028869628906
0.007651329040527344
0.0054547786712646484
0.0005977153778076172
0.0010137557983398438
0.0022668838500976562
0.000732421875
0.00038361549377441406
0.005505084991455078
0.002111673355102539
0.000629425048828125
0.0006546974182128906
0.0008680820465087891
0.0025010108947753906
0.0018782615661621094
0.0009379386901855469
0.0022737979888916016
0.0006914138793945312
0.0006711483001708984
0.004105091094970703
0.004713296890258789
0.0007815361022949219
0.0008127689361572266
0.0008423328399658203
0.0010151863098144531
0.0054743289947509766
0.0009455680847167969
0.0016679763793945312
0.0036466121673583984
0.0012748241424560547
0.002227306365966797
0.0009286403656005859
0.0011484622955322266
0.0006763935089111328
0.00348663330078125
0.0024538040161132812
0.00038313865661621094
0.001764059066772461
0.001018524169921875
0.001157522201538086
0.0030820369720458984
0.0011491775512695312
0.0008757114410400391
0.00040030479431152344
0.0016257762908935547
0.0008363723754882812
0.0008485317230224609
0.0019366741180419922
0.0024962425231933594
0.0026726722717285156
0.0010275840759277344
0.0007956027984619141
0.0025925636291503906
0.0003161430358886719
0.0024857521057128906
0.0005776882171630859
0.0012848377227783203
0.0012717247009277344
0.004940986633300781
