0.001424551010131836
0.004898548126220703
0.002225637435913086
0.0015752315521240234
0.0009806156158447266
0.0016489028930664062
0.0016150474548339844
0.000720977783203125
0.0007586479187011719
0.0031006336212158203
0.0007224082946777344
0.00038504600524902344
0.0019044876098632812
0.0009486675262451172
0.004009246826171875
0.000370025634765625
0.0029859542846679688
0.00429844856262207
0.00441431999206543
0.0008273124694824219
0.0010476112365722656
0.0004074573516845703
0.0009031295776367188
0.0008959770202636719
0.001050710678100586
0.0009109973907470703
0.0017170906066894531
0.005642890930175781
0.002596616744995117
0.0008878707885742188
0.0021066665649414062
0.0025606155395507812
0.0026526451110839844
0.0043430328369140625
0.0006334781646728516
0.0046155452728271484
0.0019335746765136719
0.0056591033935546875
0.0003986358642578125
0.003143787384033203
0.0012791156768798828
0.003239870071411133
0.0013568401336669922
0.0030303001403808594
0.0006802082061767578
0.00141143798828125
0.0009856224060058594
0.012157917022705078
0.002931356430053711
0.0005548000335693359
0.0022983551025390625
0.0006122589111328125
0.0011930465698242188
0.003994941711425781
0.0007653236389160156
0.000885009765625
0.002565145492553711
0.002213716506958008
0.0008349418640136719
0.0014047622680664062
0.0013475418090820312
0.0033190250396728516
0.007932424545288086
0.0007994174957275391
0.0008707046508789062
0.0008838176727294922
0.0005805492401123047
0.0013549327850341797
0.006736278533935547
0.0005793571472167969
0.0020639896392822266
0.002296924591064453
0.002719402313232422
0.0027146339416503906
0.0014576911926269531
0.0018546581268310547
0.0010519027709960938
0.001684427261352539
0.00034809112548828125
0.001970529556274414
0.0018122196197509766
0.0005984306335449219
0.0005743503570556641
0.0012881755828857422
0.003368377685546875
0.0010662078857421875
0.0056056976318359375
0.0019443035125732422
0.0025970935821533203
0.0035810470581054688
0.0022401809692382812
0.0005345344543457031
0.0032508373260498047
0.0027806758880615234
0.001209259033203125
0.006966829299926758
0.004366159439086914
0.0037567615509033203
0.000789642333984375
0.003236532211303711
0.0007886886596679688
0.0018229484558105469
0.0007767677307128906
0.0007750988006591797
0.0007708072662353516
0.0018148422241210938
0.0007784366607666016
0.0012469291687011719
0.0008413791656494141
0.0008714199066162109
0.0027337074279785156
0.0008962154388427734
0.005410432815551758
0.0007984638214111328
0.0013091564178466797
0.0008673667907714844
0.0021886825561523438
0.0009210109710693359
0.0009431838989257812
0.0008516311645507812
0.0022797584533691406
0.0007801055908203125
0.0008039474487304688
0.0010046958923339844
0.004152059555053711
0.006384134292602539
0.0011479854583740234
0.0005993843078613281
0.0005936622619628906
0.0052356719970703125
0.0008943080902099609
0.003178834915161133
0.0026826858520507812
0.0006740093231201172
0.0012054443359375
0.0013148784637451172
0.004922628402709961
0.0004096031188964844
0.0009014606475830078
0.005909442901611328
0.001964092254638672
0.0008559226989746094
0.002565145492553711
0.00034880638122558594
0.004106044769287109
0.00395512580871582
0.0008680820465087891
0.0008893013000488281
0.0024912357330322266
0.0005729198455810547
0.0014247894287109375
0.0026040077209472656
0.0033740997314453125
0.0007479190826416016
0.003337860107421875
0.00030159950256347656
0.0015974044799804688
0.0038290023803710938
0.0008409023284912109
0.0006840229034423828
0.0010731220245361328
0.0015480518341064453
0.0008566379547119141
0.0008196830749511719
0.0008120536804199219
0.0008251667022705078
0.0009298324584960938
0.0006604194641113281
0.0012583732604980469
0.0031151771545410156
0.0009067058563232422
0.0014872550964355469
0.004368782043457031
0.000989675521850586
0.0021822452545166016
0.0019390583038330078
0.0016796588897705078
0.0006172657012939453
0.0007848739624023438
0.001458883285522461
0.001676321029663086
0.002240896224975586
0.002946615219116211
0.0008080005645751953
0.0008051395416259766
0.001249074935913086
0.0006220340728759766
0.0008363723754882812
0.0018918514251708984
0.0010175704956054688
0.0008139610290527344
0.0012369155883789062
0.0020041465759277344
0.001007080078125
