303	id-00000	4	8	4	6	1700.0	1700.0	1700.17	1700.3836	1706.0	4.091	COMPLETED
303	id-00001	5	8	3	7	1700.0	1700.0	1700.14	1700.5882	1707.0	8.171	COMPLETED
303	id-00002	6	10	6	2	1702.0	1702.0	1702.27	1702.7312	1704.0	19.928	COMPLETED
303	id-00003	4	7	8	5	1703.0	1703.0	1703.4	1703.712	1708.0	24.71	COMPLETED
303	id-00004	7	2	10	8	1703.0	1703.0	1703.42	1703.8489	1711.0	29.566	COMPLETED
303	id-00005	3	2	9	10	1703.0	1703.0	1703.41	1703.5533	1713.0	11.265	COMPLETED
303	id-00006	5	3	1	4	1705.0	1705.0	1705.05	1705.1843	1709.0	2.918	COMPLETED
303	id-00007	10	13	5	1	1706.0	1706.0	1706.25	1707.0	1707.0	38.61	EXPIRED
303	id-00008	5	5	9	6	1709.0	1709.0	1709.41	1709.7254	1715.0	23.929	COMPLETED
303	id-00009	10	11	3	10	1711.0	1711.0	1711.14	1711.44	1721.0	18.982	COMPLETED
303	id-00010	6	9	2	1	1711.0	1711.0	1711.09	1712.0	1712.0	6.643	EXPIRED
303	id-00011	9	18	10	8	1712.0	1712.0	1712.43	1712.8863	1720.0	47.606	COMPLETED
303	id-00012	7	9	6	2	1714.0	1714.0	1714.27	1714.6405	1716.0	24.098	COMPLETED
303	id-00013	4	2	1	10	1715.0	1715.0	1715.05	1715.3741	1725.0	2.146	COMPLETED
303	id-00014	8	6	4	5	1715.0	1715.0	1715.18	1715.6166	1720.0	18.845	COMPLETED
303	id-00015	4	3	9	5	1717.0	1717.0	1717.41	1717.5457	1722.0	17.597	COMPLETED
303	id-00016	5	10	8	2	1719.0	1719.0	1719.36	1719.61	1721.0	21.011	COMPLETED
303	id-00017	2	2	1	6	1720.0	1720.0	1720.05	1720.3649	1726.0	0.602	COMPLETED
303	id-00018	9	9	3	2	1720.0	1720.0	1720.13	1720.4737	1722.0	14.393	COMPLETED
303	id-00019	6	12	4	7	1722.0	1722.0	1722.18	1722.4091	1729.0	13.285	COMPLETED
303	id-00020	1	2	1	3	1722.0	1722.0	1722.1	1722.4809	1725.0	1.544	COMPLETED
303	id-00021	1	2	2	4	1722.0	1722.0	1722.2	1722.4342	1726.0	3.089	COMPLETED
303	id-00022	6	9	9	9	1724.0	1724.0	1724.41	1724.7502	1733.0	30.261	COMPLETED
303	id-00023	8	8	10	3	1725.0	1725.0	1725.48	1725.9103	1728.0	54.78	COMPLETED
303	id-00024	8	3	3	6	1726.0	1726.0	1726.12	1726.4489	1732.0	10.301	COMPLETED
303	id-00025	8	13	5	5	1726.0	1726.0	1726.22	1726.3499	1731.0	20.959	COMPLETED
303	id-00026	5	6	10	9	1726.0	1726.0	1726.48	1726.6697	1735.0	32.54	COMPLETED
303	id-00027	5	5	2	6	1728.0	1728.0	1728.19	1728.4417	1734.0	14.672	COMPLETED
303	id-00028	3	2	10	2	1728.0	1728.0	1728.95	1729.3788	1730.0	35.059	COMPLETED
303	id-00029	8	13	7	4	1729.0	1729.0	1729.33	1729.7903	1733.0	37.661	COMPLETED
303	id-00030	8	16	6	1	1732.0	1732.0	1732.25	1733.0	1733.0	21.46	EXPIRED
303	id-00031	7	4	9	5	1732.0	1732.0	1732.43	1732.6157	1737.0	42.432	COMPLETED
303	id-00032	7	9	9	8	1732.0	1732.0	1732.39	1732.8212	1740.0	31.131	COMPLETED
303	id-00033	5	7	1	8	1733.0	1733.0	1733.05	1733.5484	1741.0	3.39	COMPLETED
303	id-00034	7	4	4	6	1735.0	1735.0	1735.19	1735.5869	1741.0	18.749	COMPLETED
303	id-00035	8	6	6	10	1735.0	1735.0	1735.26	1735.3675	1745.0	24.77	COMPLETED
303	id-00036	7	5	8	3	1736.0	1736.0	1736.38	1736.7213	1739.0	37.498	COMPLETED
303	id-00037	5	7	9	7	1739.0	1739.0	1739.43	1739.6684	1746.0	29.151	COMPLETED
303	id-00038	7	8	5	1	1740.0	1740.0	1740.24	1741.0	1741.0	23.683	EXPIRED
303	id-00039	9	13	10	5	1740.0	1740.0	1740.4	1740.75	1745.0	36.742	COMPLETED
303	id-00040	10	4	9	6	1740.0	1740.0	1740.39	1740.6411	1746.0	49.201	COMPLETED
303	id-00041	7	11	5	3	1741.0	1741.0	1741.24	1741.4126	1744.0	23.683	COMPLETED
303	id-00042	10	7	2	3	1743.0	1743.0	1743.09	1743.5714	1746.0	11.354	COMPLETED
303	id-00043	4	5	9	8	1743.0	1743.0	1743.36	1743.6213	1751.0	8.663	COMPLETED
303	id-00044	5	8	5	10	1747.0	1747.0	1747.24	1747.7087	1757.0	16.27	COMPLETED
303	id-00045	3	5	5	1	1748.0	1748.0	1748.24	1749.0	1749.0	8.857	EXPIRED
303	id-00046	7	14	10	2	1748.0	1748.0	1748.45	1748.8263	1750.0	40.163	COMPLETED
303	id-00047	4	4	4	1	1750.0	1750.0	1750.19	1751.0	1751.0	9.946	EXPIRED
303	id-00048	2	2	1	6	1753.0	1753.0	1753.05	1753.2852	1759.0	1.544	COMPLETED
303	id-00049	6	11	2	8	1754.0	1754.0	1754.08	1754.211	1762.0	4.396	COMPLETED
303	id-00050	4	7	10	6	1754.0	1754.0	1754.48	1754.6356	1760.0	25.127	COMPLETED
303	id-00051	4	5	7	1	1755.0	1755.0	1755.3	1756.0	1756.0	10.048	EXPIRED
303	id-00052	6	10	9	9	1755.0	1755.0	1755.43	1755.7923	1764.0	35.791	COMPLETED
303	id-00053	8	15	2	5	1757.0	1757.0	1757.09	1757.4246	1762.0	8.574	COMPLETED
303	id-00054	8	9	7	4	1757.0	1757.0	1757.33	1757.7007	1761.0	37.661	COMPLETED
303	id-00055	6	8	10	7	1759.0	1759.0	1759.48	1759.6654	1766.0	39.953	COMPLETED
303	id-00056	7	8	2	9	1759.0	1759.0	1759.09	1759.3355	1768.0	7.184	COMPLETED
303	id-00057	8	15	3	3	1760.0	1760.0	1760.14	1760.6195	1763.0	14.657	COMPLETED
303	id-00058	5	7	6	1	1760.0	1760.0	1760.27	1761.0	1761.0	15.758	EXPIRED
303	id-00059	6	2	5	2	1763.0	1763.0	1763.23	1763.5196	1765.0	16.976	COMPLETED
303	id-00060	4	7	10	10	1764.0	1764.0	1764.45	1764.8755	1774.0	19.314	COMPLETED
303	id-00061	8	4	5	2	1765.0	1765.0	1765.22	1765.6492	1767.0	20.959	COMPLETED
303	id-00062	4	5	9	10	1767.0	1767.0	1767.39	1767.6757	1777.0	13.062	COMPLETED
303	id-00063	7	7	5	1	1768.0	1768.0	1768.22	1769.0	1769.0	17.561	EXPIRED
303	id-00064	5	2	9	9	1768.0	1768.0	1768.39	1768.8493	1777.0	19.085	COMPLETED
303	id-00065	10	4	2	1	1769.0	1769.0	1769.09	1770.0	1770.0	11.354	EXPIRED
303	id-00066	7	13	10	6	1770.0	1770.0	1770.45	1770.9096	1776.0	40.163	COMPLETED
303	id-00067	2	2	5	5	1773.0	1773.0	1773.25	1773.465	1778.0	7.722	COMPLETED
303	id-00068	10	5	5	4	1774.0	1774.0	1774.22	1774.7154	1778.0	27.754	COMPLETED
303	id-00069	9	4	6	2	1774.0	1774.0	1774.25	1774.6689	1776.0	25.321	COMPLETED
303	id-00070	2	4	2	9	1775.0	1775.0	1775.1	1775.5683	1784.0	3.089	COMPLETED
303	id-00071	9	9	1	5	1777.0	1777.0	1777.04	1777.4719	1782.0	3.674	COMPLETED
303	id-00072	5	2	7	3	1778.0	1778.0	1778.33	1778.4836	1781.0	22.371	COMPLETED
303	id-00073	9	5	2	9	1779.0	1779.0	1779.08	1779.5579	1788.0	7.348	COMPLETED
303	id-00074	4	4	2	1	1780.0	1780.0	1780.08	1781.0	1781.0	1.925	EXPIRED
303	id-00075	8	16	6	3	1780.0	1780.0	1780.26	1780.6896	1783.0	24.77	COMPLETED
303	id-00076	7	10	1	8	1780.0	1780.0	1780.05	1780.39	1788.0	4.934	COMPLETED
303	id-00077	6	10	10	2	1782.0	1782.0	1782.48	1782.863	1784.0	39.953	COMPLETED
303	id-00078	10	7	5	2	1783.0	1783.0	1783.22	1783.603	1785.0	27.754	COMPLETED
303	id-00079	2	2	9	5	1783.0	1783.0	1783.45	1783.7263	1788.0	13.9	COMPLETED
303	id-00080	3	4	3	9	1783.0	1783.0	1783.12	1783.3347	1792.0	2.166	COMPLETED
303	id-00081	3	4	1	7	1785.0	1785.0	1785.05	1785.1609	1792.0	2.317	COMPLETED
303	id-00082	4	3	7	2	1787.0	1787.0	1787.35	1787.7518	1789.0	21.622	COMPLETED
303	id-00083	7	5	3	6	1787.0	1787.0	1787.12	1787.4167	1793.0	8.448	COMPLETED
303	id-00084	7	9	6	6	1788.0	1788.0	1788.3	1788.5521	1794.0	32.432	COMPLETED
303	id-00085	5	10	4	8	1788.0	1788.0	1788.17	1788.5259	1796.0	6.716	COMPLETED
303	id-00086	3	5	8	9	1792.0	1792.0	1792.8	1793.1522	1801.0	37.066	COMPLETED
303	id-00087	1	2	6	7	1792.0	1792.0	1792.3	1792.5	1799.0	4.633	COMPLETED
303	id-00088	1	2	7	4	1792.0	1792.0	1792.7	1793.1906	1796.0	10.811	COMPLETED
303	id-00089	10	13	8	9	1794.0	1794.0	1794.32	1794.4313	1803.0	34.336	COMPLETED
303	id-00090	10	7	9	3	1795.0	1795.0	1795.38	1795.8295	1798.0	44.357	COMPLETED
303	id-00091	2	2	5	2	1795.0	1795.0	1795.19	1795.5847	1797.0	2.286	COMPLETED
303	id-00092	5	2	4	8	1796.0	1796.0	1796.2	1796.4564	1804.0	15.444	COMPLETED
303	id-00093	1	2	4	8	1796.0	1796.0	1796.2	1796.5008	1804.0	3.089	COMPLETED
303	id-00094	5	7	3	6	1798.0	1798.0	1798.15	1798.3698	1804.0	11.583	COMPLETED
303	id-00095	4	5	6	8	1799.0	1799.0	1799.3	1799.4566	1807.0	18.533	COMPLETED
303	id-00096	7	7	10	8	1802.0	1802.0	1802.37	1802.7231	1810.0	15.581	COMPLETED
303	id-00097	10	5	4	7	1802.0	1802.0	1802.16	1802.3276	1809.0	17.168	COMPLETED
303	id-00098	5	9	7	5	1803.0	1803.0	1803.26	1803.6059	1808.0	7.821	COMPLETED
303	id-00099	10	20	1	9	1803.0	1803.0	1803.04	1803.2876	1812.0	4.292	COMPLETED
303	id-00100	5	7	2	8	1805.0	1805.0	1805.1	1805.3624	1813.0	6.779	COMPLETED
303	id-00101	3	5	4	8	1806.0	1806.0	1806.19	1806.6143	1814.0	7.012	COMPLETED
303	id-00102	10	18	6	6	1807.0	1807.0	1807.24	1807.6453	1813.0	25.752	COMPLETED
303	id-00103	7	9	1	9	1808.0	1808.0	1808.04	1808.4997	1817.0	1.684	COMPLETED
303	id-00104	10	7	5	3	1808.0	1808.0	1808.2	1808.437	1811.0	21.46	COMPLETED
303	id-00105	10	5	8	2	1813.0	1813.0	1813.32	1813.681	1815.0	34.336	COMPLETED
303	id-00106	8	13	7	3	1813.0	1813.0	1813.23	1813.6645	1816.0	11.069	COMPLETED
303	id-00107	9	18	10	1	1814.0	1814.0	1814.32	1815.0	1815.0	17.326	EXPIRED
303	id-00108	4	8	4	3	1822.0	1822.0	1822.2	1822.3755	1825.0	12.355	COMPLETED
303	id-00109	1	2	6	6	1824.0	1824.0	1824.3	1824.7594	1830.0	4.633	COMPLETED
303	id-00110	3	6	1	10	1824.0	1824.0	1824.1	1824.5245	1834.0	4.633	COMPLETED
303	id-00111	4	4	2	9	1824.0	1824.0	1824.2	1824.425	1833.0	12.355	COMPLETED
303	id-00112	6	5	10	8	1827.0	1827.0	1828.0	1828.26	1835.0	92.664	COMPLETED
303	id-00113	4	7	4	8	1827.0	1827.0	1827.15	1827.3421	1835.0	3.61	COMPLETED
303	id-00114	1	2	4	9	1827.0	1827.0	1827.4	1827.7519	1836.0	6.178	COMPLETED
303	id-00115	8	9	2	8	1828.0	1828.0	1828.1	1828.5488	1836.0	12.355	COMPLETED
303	id-00116	1	2	1	8	1828.0	1828.0	1828.05	1828.523	1836.0	0.772	COMPLETED
303	id-00117	1	2	1	3	1829.0	1829.0	1829.05	1829.5174	1832.0	0.772	COMPLETED
303	id-00118	10	13	9	4	1829.0	1829.0	1829.35	1829.6449	1833.0	34.255	COMPLETED
303	id-00119	9	9	10	2	1829.0	1829.0	1829.38	1829.6794	1831.0	31.323	COMPLETED
303	id-00120	1	2	7	7	1830.0	1830.0	1830.35	1830.5925	1837.0	5.405	COMPLETED
303	id-00121	8	13	3	7	1830.0	1830.0	1830.15	1830.5541	1837.0	18.533	COMPLETED
303	id-00122	7	13	5	2	1831.0	1831.0	1831.25	1831.5052	1833.0	27.027	COMPLETED
303	id-00123	4	7	8	5	1832.0	1832.0	1832.33	1832.8189	1837.0	7.941	COMPLETED
303	id-00124	5	4	10	6	1832.0	1832.0	1832.5	1832.6414	1838.0	38.61	COMPLETED
303	id-00125	9	17	5	7	1833.0	1833.0	1833.19	1833.3983	1840.0	13.87	COMPLETED
303	id-00126	5	8	10	9	1833.0	1833.0	1833.42	1833.8565	1842.0	16.593	COMPLETED
303	id-00127	10	15	8	8	1833.0	1833.0	1833.35	1833.6531	1841.0	44.155	COMPLETED
303	id-00128	7	5	7	9	1835.0	1835.0	1835.35	1835.6609	1844.0	37.838	COMPLETED
303	id-00129	4	7	1	5	1836.0	1836.0	1836.05	1836.5414	1841.0	3.089	COMPLETED
303	id-00130	7	10	9	7	1837.0	1837.0	1837.45	1837.6939	1844.0	48.649	COMPLETED
303	id-00131	7	8	8	2	1837.0	1837.0	1837.33	1837.7498	1839.0	23.231	COMPLETED
303	id-00132	3	6	2	6	1838.0	1838.0	1838.1	1838.4539	1844.0	4.633	COMPLETED
303	id-00133	6	11	9	2	1839.0	1839.0	1839.45	1839.8032	1841.0	41.699	COMPLETED
303	id-00134	8	13	10	10	1841.0	1841.0	1841.48	1841.8491	1851.0	54.78	COMPLETED
303	id-00135	8	11	2	1	1842.0	1842.0	1842.1	1843.0	1843.0	11.412	EXPIRED
303	id-00136	8	8	4	10	1845.0	1845.0	1845.3	1845.5971	1855.0	17.267	COMPLETED
303	id-00137	3	2	6	4	1845.0	1845.0	1845.24	1845.4976	1849.0	4.332	COMPLETED
303	id-00138	6	12	8	9	1845.0	1845.0	1845.4	1845.534	1854.0	37.066	COMPLETED
303	id-00139	3	5	8	9	1845.0	1845.0	1845.59	1845.8377	1854.0	27.336	COMPLETED
303	id-00140	8	15	5	1	1845.0	1845.0	1845.2	1846.0	1846.0	15.282	EXPIRED
303	id-00141	2	3	6	9	1846.0	1846.0	1846.3	1846.7922	1855.0	9.266	COMPLETED
303	id-00142	7	2	1	9	1848.0	1848.0	1848.05	1848.3992	1857.0	5.405	COMPLETED
303	id-00143	1	2	3	6	1849.0	1849.0	1849.15	1849.3981	1855.0	2.317	COMPLETED
303	id-00144	8	14	9	4	1850.0	1850.0	1850.45	1850.6513	1854.0	55.598	COMPLETED
303	id-00145	3	6	3	9	1850.0	1850.0	1850.12	1850.5118	1859.0	2.166	COMPLETED
303	id-00146	2	3	1	8	1851.0	1851.0	1851.05	1851.3925	1859.0	1.544	COMPLETED
303	id-00147	7	5	10	9	1852.0	1852.0	1852.4	1852.8986	1861.0	24.387	COMPLETED
303	id-00148	7	3	2	2	1852.0	1852.0	1852.1	1852.3263	1854.0	10.811	COMPLETED
303	id-00149	3	6	3	10	1852.0	1852.0	1852.12	1852.3875	1862.0	2.166	COMPLETED
303	id-00150	6	3	4	1	1853.0	1853.0	1853.2	1854.0	1854.0	18.533	EXPIRED
303	id-00151	2	4	9	1	1855.0	1855.0	1855.45	1856.0	1856.0	13.9	EXPIRED
303	id-00152	7	13	7	1	1856.0	1856.0	1856.35	1857.0	1857.0	37.838	EXPIRED
303	id-00153	5	7	7	5	1858.0	1858.0	1858.35	1858.492	1863.0	27.027	COMPLETED
303	id-00154	2	4	5	1	1861.0	1861.0	1861.25	1862.0	1862.0	7.722	EXPIRED
303	id-00155	1	2	7	9	1861.0	1861.0	1861.28	1861.6621	1870.0	1.684	COMPLETED
303	id-00156	8	11	5	10	1861.0	1861.0	1861.25	1861.3767	1871.0	30.888	COMPLETED
303	id-00157	9	5	2	3	1861.0	1861.0	1861.08	1861.5515	1864.0	8.103	COMPLETED
303	id-00158	2	4	6	2	1862.0	1862.0	1862.3	1862.4329	1864.0	9.266	COMPLETED
303	id-00159	9	4	2	10	1863.0	1863.0	1863.08	1863.5251	1873.0	8.103	COMPLETED
303	id-00160	7	7	7	8	1865.0	1865.0	1865.35	1865.5786	1873.0	37.838	COMPLETED
303	id-00161	8	13	4	10	1866.0	1866.0	1866.17	1866.582	1876.0	16.196	COMPLETED
303	id-00162	3	5	2	4	1866.0	1866.0	1866.1	1866.2514	1870.0	4.633	COMPLETED
303	id-00163	7	8	8	8	1868.0	1868.0	1868.4	1868.8041	1876.0	43.243	COMPLETED
303	id-00164	10	17	4	10	1871.0	1871.0	1871.15	1871.4082	1881.0	14.681	COMPLETED
303	id-00165	2	4	3	7	1871.0	1871.0	1871.15	1871.3257	1878.0	4.633	COMPLETED
303	id-00166	6	10	1	5	1872.0	1872.0	1872.05	1872.2903	1877.0	3.69	COMPLETED
303	id-00167	2	4	10	8	1874.0	1874.0	1874.5	1874.9115	1882.0	15.444	COMPLETED
303	id-00168	6	12	6	6	1874.0	1874.0	1874.27	1874.6749	1880.0	19.928	COMPLETED
303	id-00169	10	12	2	3	1875.0	1875.0	1875.08	1875.4505	1878.0	9.338	COMPLETED
303	id-00170	7	4	9	4	1876.0	1876.0	1876.41	1876.6034	1880.0	36.593	COMPLETED
303	id-00171	8	6	9	9	1878.0	1878.0	1878.41	1878.7003	1887.0	42.925	COMPLETED
303	id-00172	1	2	8	1	1878.0	1878.0	1878.67	1879.0	1879.0	4.031	EXPIRED
303	id-00173	5	4	1	8	1878.0	1878.0	1878.04	1878.396	1886.0	1.203	COMPLETED
303	id-00174	4	4	4	7	1878.0	1878.0	1878.33	1878.7701	1885.0	11.052	COMPLETED
303	id-00175	4	3	10	10	1880.0	1880.0	1880.45	1880.7006	1890.0	19.314	COMPLETED
303	id-00176	7	10	4	2	1880.0	1880.0	1880.16	1880.6116	1882.0	9.755	COMPLETED
303	id-00177	5	6	6	4	1880.0	1880.0	1880.22	1880.5022	1884.0	6.618	COMPLETED
303	id-00178	3	2	6	5	1881.0	1881.0	1881.22	1881.3684	1886.0	3.971	COMPLETED
303	id-00179	10	9	8	3	1881.0	1881.0	1881.32	1881.4703	1884.0	34.336	COMPLETED
303	id-00180	8	13	8	8	1881.0	1881.0	1881.36	1881.5702	1889.0	37.691	COMPLETED
303	id-00181	5	10	9	1	1885.0	1885.0	1885.35	1886.0	1886.0	10.528	EXPIRED
303	id-00182	6	11	4	2	1885.0	1885.0	1885.17	1885.3998	1887.0	9.342	COMPLETED
303	id-00183	4	3	9	1	1886.0	1886.0	1886.38	1887.0	1887.0	9.144	EXPIRED
303	id-00184	9	7	1	9	1887.0	1887.0	1887.04	1887.2371	1896.0	3.297	COMPLETED
303	id-00185	4	2	7	10	1887.0	1887.0	1887.28	1887.5951	1897.0	6.738	COMPLETED
303	id-00186	4	8	3	10	1888.0	1888.0	1888.12	1888.2804	1898.0	2.888	COMPLETED
303	id-00187	1	2	6	5	1890.0	1890.0	1890.3	1890.5864	1895.0	4.633	COMPLETED
303	id-00188	4	7	1	6	1890.0	1890.0	1890.04	1890.4058	1896.0	0.963	COMPLETED
303	id-00189	8	2	1	9	1893.0	1893.0	1893.04	1893.4764	1902.0	3.434	COMPLETED
303	id-00190	2	2	8	7	1895.0	1895.0	1895.4	1895.552	1902.0	12.355	COMPLETED
303	id-00191	7	4	8	1	1895.0	1895.0	1895.33	1896.0	1896.0	23.231	EXPIRED
303	id-00192	7	5	2	7	1895.0	1895.0	1895.08	1895.4888	1902.0	5.632	COMPLETED
303	id-00193	8	9	10	2	1896.0	1896.0	1896.42	1896.7687	1898.0	36.053	COMPLETED
303	id-00194	2	3	9	9	1898.0	1898.0	1898.38	1898.8542	1907.0	4.572	COMPLETED
303	id-00195	7	2	4	4	1898.0	1898.0	1898.17	1898.6698	1902.0	11.967	COMPLETED
303	id-00196	10	19	4	1	1899.0	1899.0	1899.16	1900.0	1900.0	17.168	EXPIRED
303	id-00197	3	2	10	3	1900.0	1900.0	1900.42	1900.7998	1903.0	7.58	COMPLETED
303	id-00198	1	2	7	7	1900.0	1900.0	1900.35	1900.6059	1907.0	5.405	COMPLETED
303	id-00199	3	6	5	9	1901.0	1901.0	1901.21	1901.4104	1910.0	3.79	COMPLETED
303	id-00200	4	6	6	1	1903.0	1903.0	1903.25	1904.0	1904.0	6.016	EXPIRED
303	id-00201	6	6	10	2	1903.0	1903.0	1903.38	1903.517	1905.0	13.716	COMPLETED
303	id-00202	2	2	5	1	1904.0	1904.0	1904.25	1905.0	1905.0	7.722	EXPIRED
303	id-00203	8	10	4	7	1905.0	1905.0	1905.17	1905.4227	1912.0	16.196	COMPLETED
303	id-00204	10	7	2	6	1906.0	1906.0	1906.09	1906.3287	1912.0	11.354	COMPLETED
303	id-00205	5	2	9	10	1906.0	1906.0	1906.33	1906.8044	1916.0	9.926	COMPLETED
303	id-00206	3	4	3	10	1909.0	1909.0	1909.13	1909.3101	1919.0	2.346	COMPLETED
303	id-00207	2	3	7	9	1910.0	1910.0	1910.35	1910.6899	1919.0	10.811	COMPLETED
303	id-00208	2	3	3	10	1913.0	1913.0	1913.15	1913.4503	1923.0	4.633	COMPLETED
303	id-00209	3	5	2	6	1914.0	1914.0	1914.09	1914.2933	1920.0	1.624	COMPLETED
303	id-00210	10	12	4	9	1917.0	1917.0	1917.15	1917.523	1926.0	14.681	COMPLETED
303	id-00211	1	2	1	6	1918.0	1918.0	1918.04	1918.2092	1924.0	0.241	COMPLETED
303	id-00212	10	11	7	6	1918.0	1918.0	1918.27	1918.3986	1924.0	26.425	COMPLETED
303	id-00213	6	10	4	2	1919.0	1919.0	1919.18	1919.2894	1921.0	13.285	COMPLETED
303	id-00214	4	5	7	5	1920.0	1920.0	1920.32	1920.5906	1925.0	13.734	COMPLETED
303	id-00215	8	9	2	5	1920.0	1920.0	1920.08	1920.2268	1925.0	6.867	COMPLETED
303	id-00216	4	4	7	10	1922.0	1922.0	1922.32	1922.5636	1932.0	13.734	COMPLETED
303	id-00217	9	13	7	1	1923.0	1923.0	1923.29	1924.0	1924.0	29.372	EXPIRED
303	id-00218	6	12	4	9	1923.0	1923.0	1923.18	1923.6461	1932.0	13.285	COMPLETED
303	id-00219	1	2	9	5	1925.0	1925.0	1925.45	1925.7707	1930.0	6.95	COMPLETED
303	id-00220	2	3	3	2	1926.0	1926.0	1926.15	1926.455	1928.0	4.633	COMPLETED
303	id-00221	4	6	6	9	1927.0	1927.0	1927.26	1927.4465	1936.0	8.708	COMPLETED
303	id-00222	5	5	6	2	1927.0	1927.0	1927.5	1927.8326	1929.0	38.61	COMPLETED
303	id-00223	4	6	9	6	1927.0	1927.0	1927.69	1927.807	1933.0	16.604	COMPLETED
303	id-00224	4	2	7	8	1927.0	1927.0	1927.58	1927.8618	1935.0	13.957	COMPLETED
303	id-00225	1	2	5	4	1927.0	1927.0	1927.38	1927.6391	1931.0	2.286	COMPLETED
303	id-00226	10	16	2	10	1928.0	1928.0	1928.08	1928.3937	1938.0	7.83	COMPLETED
303	id-00227	1	2	10	6	1928.0	1928.0	1928.43	1928.7949	1934.0	2.587	COMPLETED
303	id-00228	9	6	9	6	1928.0	1928.0	1928.38	1928.8211	1934.0	38.488	COMPLETED
303	id-00229	1	2	4	7	1929.0	1929.0	1929.2	1929.6726	1936.0	3.089	COMPLETED
303	id-00230	6	12	4	5	1929.0	1929.0	1929.17	1929.288	1934.0	10.945	COMPLETED
303	id-00231	6	10	5	5	1930.0	1930.0	1930.23	1930.4949	1935.0	16.976	COMPLETED
303	id-00232	3	4	10	5	1934.0	1934.0	1934.45	1934.6634	1939.0	12.364	COMPLETED
303	id-00233	8	11	2	2	1935.0	1935.0	1935.1	1935.4557	1937.0	11.412	COMPLETED
303	id-00234	5	9	1	4	1937.0	1937.0	1937.05	1937.401	1941.0	3.39	COMPLETED
303	id-00235	4	6	3	3	1938.0	1938.0	1938.29	1938.5026	1941.0	17.915	COMPLETED
303	id-00236	4	6	3	1	1938.0	1938.0	1938.29	1939.0	1939.0	15.181	EXPIRED
303	id-00237	6	4	3	8	1941.0	1941.0	1941.14	1941.4115	1949.0	11.653	COMPLETED
303	id-00238	4	8	2	10	1943.0	1943.0	1943.09	1943.2477	1953.0	3.014	COMPLETED
303	id-00239	8	4	6	7	1943.0	1943.0	1943.29	1943.4135	1950.0	33.096	COMPLETED
303	id-00240	3	3	8	9	1944.0	1944.0	1944.38	1944.7923	1953.0	14.024	COMPLETED
303	id-00241	7	13	5	3	1944.0	1944.0	1944.22	1944.4464	1947.0	17.561	COMPLETED
303	id-00242	5	5	2	3	1945.0	1945.0	1945.1	1945.4061	1948.0	6.779	COMPLETED
303	id-00243	5	3	4	2	1946.0	1946.0	1946.19	1946.5565	1948.0	12.88	COMPLETED
303	id-00244	5	7	6	8	1948.0	1948.0	1948.29	1948.4378	1956.0	19.66	COMPLETED
303	id-00245	4	2	6	9	1949.0	1949.0	1949.5	1949.7656	1958.0	21.46	COMPLETED
303	id-00246	2	2	1	2	1949.0	1949.0	1949.08	1949.4965	1951.0	0.963	COMPLETED
303	id-00247	10	15	10	3	1949.0	1949.0	1949.4	1949.5453	1952.0	42.92	COMPLETED
303	id-00248	8	12	4	4	1950.0	1950.0	1950.17	1950.5134	1954.0	16.196	COMPLETED
303	id-00249	10	17	3	6	1951.0	1951.0	1951.12	1951.5135	1957.0	12.876	COMPLETED
303	id-00250	4	5	8	7	1953.0	1953.0	1953.35	1953.761	1960.0	11.722	COMPLETED
303	id-00251	6	8	5	9	1953.0	1953.0	1953.23	1953.6871	1962.0	16.976	COMPLETED
303	id-00252	4	2	5	2	1956.0	1956.0	1956.23	1956.5679	1958.0	9.872	COMPLETED
303	id-00253	5	10	1	1	1958.0	1958.0	1958.05	1959.0	1959.0	2.918	EXPIRED
303	id-00254	1	2	5	7	1960.0	1960.0	1960.25	1960.6537	1967.0	3.861	COMPLETED
303	id-00255	5	9	2	1	1960.0	1960.0	1960.1	1961.0	1961.0	6.779	EXPIRED
303	id-00256	6	2	6	7	1962.0	1962.0	1962.26	1962.4063	1969.0	16.739	COMPLETED
303	id-00257	4	2	9	5	1962.0	1962.0	1962.43	1962.8979	1967.0	22.51	COMPLETED
303	id-00258	5	10	7	3	1963.0	1963.0	1963.33	1963.5243	1966.0	22.371	COMPLETED
303	id-00259	4	6	3	9	1963.0	1963.0	1963.13	1963.5598	1972.0	4.354	COMPLETED
303	id-00260	1	2	9	1	1965.0	1965.0	1965.45	1966.0	1966.0	6.95	EXPIRED
303	id-00261	10	15	8	1	1965.0	1965.0	1965.3	1966.0	1966.0	26.533	EXPIRED
303	id-00262	3	3	5	3	1966.0	1966.0	1966.24	1966.7241	1969.0	8.857	COMPLETED
303	id-00263	4	6	3	3	1967.0	1967.0	1967.14	1967.5027	1970.0	7.329	COMPLETED
303	id-00264	5	10	2	2	1969.0	1969.0	1969.1	1969.3364	1971.0	6.779	COMPLETED
303	id-00265	2	3	9	9	1969.0	1969.0	1969.45	1969.5838	1978.0	13.9	COMPLETED
303	id-00266	3	6	5	4	1970.0	1970.0	1970.25	1970.6924	1974.0	11.583	COMPLETED
303	id-00267	1	2	5	3	1973.0	1973.0	1973.75	1974.1959	1976.0	11.583	COMPLETED
303	id-00268	5	6	4	9	1973.0	1973.0	1973.6	1973.8649	1982.0	46.332	COMPLETED
303	id-00269	1	2	2	5	1973.0	1973.0	1973.3	1973.6091	1978.0	4.633	COMPLETED
303	id-00270	7	11	10	4	1974.0	1974.0	1974.5	1974.7725	1978.0	54.054	COMPLETED
303	id-00271	5	8	2	7	1975.0	1975.0	1975.1	1975.3847	1982.0	6.779	COMPLETED
303	id-00272	7	14	5	2	1975.0	1975.0	1975.25	1975.3562	1977.0	27.027	COMPLETED
303	id-00273	4	3	2	7	1976.0	1976.0	1976.1	1976.478	1983.0	6.178	COMPLETED
303	id-00274	2	2	10	6	1976.0	1976.0	1976.48	1976.9506	1982.0	10.301	COMPLETED
303	id-00275	6	7	6	3	1977.0	1977.0	1977.3	1977.623	1980.0	27.799	COMPLETED
303	id-00276	4	3	2	3	1979.0	1979.0	1979.1	1979.2841	1982.0	5.235	COMPLETED
303	id-00277	8	13	10	4	1979.0	1979.0	1979.4	1979.8271	1983.0	30.565	COMPLETED
303	id-00278	10	10	1	3	1979.0	1979.0	1979.04	1979.391	1982.0	4.292	COMPLETED
303	id-00279	7	5	4	8	1980.0	1980.0	1980.2	1980.4907	1988.0	21.622	COMPLETED
303	id-00280	8	15	10	1	1981.0	1981.0	1981.5	1982.0	1982.0	61.776	EXPIRED
303	id-00281	8	10	3	10	1981.0	1981.0	1981.12	1981.62	1991.0	10.301	COMPLETED
303	id-00282	3	4	9	9	1984.0	1984.0	1984.9	1985.3561	1993.0	41.699	COMPLETED
303	id-00283	8	9	8	2	1984.0	1984.0	1984.33	1984.5777	1986.0	28.327	COMPLETED
303	id-00284	5	8	3	3	1984.0	1984.0	1984.3	1984.5029	1987.0	23.166	COMPLETED
303	id-00285	3	5	6	5	1988.0	1988.0	1988.3	1988.4387	1993.0	13.9	COMPLETED
303	id-00286	7	14	4	6	1990.0	1990.0	1990.17	1990.4094	1996.0	13.57	COMPLETED
303	id-00287	8	11	5	9	1990.0	1990.0	1990.25	1990.4327	1999.0	30.888	COMPLETED
303	id-00288	10	10	8	2	1990.0	1990.0	1990.32	1990.6146	1992.0	34.336	COMPLETED
303	id-00289	5	10	6	10	1991.0	1991.0	1991.3	1991.4114	2001.0	23.166	COMPLETED
303	id-00290	10	18	2	6	1991.0	1991.0	1991.09	1991.2005	1997.0	11.354	COMPLETED
303	id-00291	5	3	8	4	1992.0	1992.0	1992.4	1992.701	1996.0	30.888	COMPLETED
303	id-00292	1	2	10	6	1993.0	1993.0	1993.48	1993.9513	1999.0	2.888	COMPLETED
303	id-00293	5	7	2	1	1997.0	1997.0	1997.1	1998.0	1998.0	7.722	EXPIRED
303	id-00294	9	7	6	4	1997.0	1997.0	1997.25	1997.5259	2001.0	25.321	COMPLETED
303	id-00295	5	4	8	2	1998.0	1998.0	1998.67	1999.011	2000.0	26.47	COMPLETED
303	id-00296	4	7	6	10	1998.0	1998.0	1998.5	1998.84	2008.0	30.888	COMPLETED
303	id-00297	10	14	5	5	1998.0	1998.0	1998.2	1998.4036	2003.0	21.46	COMPLETED
303	id-00298	3	3	4	1	1999.0	1999.0	1999.17	2000.0	2000.0	3.068	EXPIRED
303	id-00299	3	6	4	1	1999.0	1999.0	1999.2	2000.0	2000.0	9.266	EXPIRED
303	id-00300	7	9	9	2	2000.0	2000.0	2000.36	2000.7677	2002.0	21.948	COMPLETED
303	id-00301	9	12	9	3	2000.0	2000.0	2000.35	2000.7743	2003.0	28.85	COMPLETED
303	id-00302	8	10	7	9	2001.0	2001.0	2001.33	2010.0	2010.0	None	SUBMITTED
