0.0024008750915527344
0.0010738372802734375
0.0050318241119384766
0.0010669231414794922
0.0009565353393554688
0.0009677410125732422
0.002185821533203125
0.0009109973907470703
0.0009388923645019531
0.0012958049774169922
0.00067901611328125
0.0009751319885253906
0.002753734588623047
0.005244255065917969
0.0009391307830810547
0.0009083747863769531
0.0035512447357177734
0.0021767616271972656
0.0015304088592529297
0.004038572311401367
0.0008769035339355469
0.0019426345825195312
0.001312255859375
0.0014612674713134766
0.0036864280700683594
0.0008509159088134766
0.0022726058959960938
0.0009741783142089844
0.002755880355834961
0.0012001991271972656
0.0014369487762451172
0.0024271011352539062
0.0018336772918701172
0.0021381378173828125
0.003007173538208008
0.003589153289794922
0.0009195804595947266
0.0015811920166015625
0.0008542537689208984
0.0003268718719482422
0.0025055408477783203
0.0008335113525390625
0.0005626678466796875
0.0010051727294921875
0.0018651485443115234
0.0011394023895263672
0.0009150505065917969
0.0009491443634033203
0.0015823841094970703
0.003220081329345703
0.0014383792877197266
0.004675626754760742
0.0008013248443603516
0.001911163330078125
0.0020189285278320312
0.0023148059844970703
0.0012314319610595703
0.001678466796875
0.0013892650604248047
0.0007646083831787109
0.0007758140563964844
0.0020475387573242188
0.0025501251220703125
0.0008294582366943359
0.0012226104736328125
0.0010263919830322266
0.00185394287109375
0.0014863014221191406
0.0012483596801757812
0.0013172626495361328
0.003813505172729492
0.00413823127746582
0.0023300647735595703
0.0028159618377685547
0.0018634796142578125
0.0007801055908203125
0.0022895336151123047
0.0035321712493896484
0.0008075237274169922
0.0003135204315185547
0.001962900161743164
0.0008182525634765625
0.0007989406585693359
0.0008323192596435547
0.0008003711700439453
0.007965803146362305
0.0009989738464355469
0.0009770393371582031
0.000370025634765625
0.0013973712921142578
0.0008003711700439453
0.006134510040283203
0.0005619525909423828
0.0007920265197753906
0.0009906291961669922
0.0007746219635009766
0.0043642520904541016
0.0007684230804443359
0.0005345344543457031
0.001249551773071289
0.0016193389892578125
0.0009996891021728516
0.002570629119873047
0.0008804798126220703
0.0037081241607666016
0.0008478164672851562
0.0018696784973144531
0.004515409469604492
0.0041599273681640625
0.003909111022949219
0.0016057491302490234
0.0008571147918701172
0.003966093063354492
0.0015075206756591797
0.001407623291015625
0.0012726783752441406
0.005147457122802734
0.0017704963684082031
0.002741575241088867
0.0017914772033691406
0.0018186569213867188
0.0005307197570800781
0.0016245841979980469
0.0006093978881835938
0.0006256103515625
0.006953001022338867
0.0009853839874267578
0.0006189346313476562
0.0009586811065673828
0.0009107589721679688
0.000881195068359375
0.002249002456665039
0.0006525516510009766
0.0027322769165039062
0.00229644775390625
0.0047914981842041016
0.001070261001586914
0.001844167709350586
0.008345842361450195
0.004913330078125
0.0011446475982666016
0.0006043910980224609
0.0008244514465332031
0.0015873908996582031
0.0006971359252929688
0.0013782978057861328
0.0015492439270019531
0.0030870437622070312
0.002076387405395508
0.0007495880126953125
0.000335693359375
0.0019690990447998047
0.004187107086181641
0.0006327629089355469
0.000652313232421875
0.0028367042541503906
0.00038051605224609375
0.0006899833679199219
0.0026221275329589844
0.0029060840606689453
0.002523660659790039
0.0021386146545410156
0.0005826950073242188
0.001220703125
0.0017714500427246094
0.0008251667022705078
0.005036115646362305
0.0017981529235839844
0.0018343925476074219
0.0034515857696533203
0.0022974014282226562
0.006816864013671875
0.0011394023895263672
0.0020928382873535156
0.003901243209838867
0.000934600830078125
0.003663778305053711
0.0014903545379638672
0.0003097057342529297
0.0005197525024414062
0.002035856246948242
0.0026865005493164062
0.002347707748413086
0.0031075477600097656
0.0006041526794433594
