0.0027327537536621094
0.0010755062103271484
0.001903533935546875
0.007916927337646484
0.0008006095886230469
0.001018524169921875
0.003099679946899414
0.0005693435668945312
0.0005726814270019531
0.0028204917907714844
0.0015795230865478516
0.0006594657897949219
0.0011911392211914062
0.002704143524169922
0.0004112720489501953
0.0009036064147949219
0.0009243488311767578
0.0009596347808837891
0.0021622180938720703
0.0008783340454101562
0.004817962646484375
0.001809835433959961
0.00037097930908203125
0.0007436275482177734
0.006707191467285156
0.004011869430541992
0.0007646083831787109
0.0009047985076904297
0.0008189678192138672
0.0010209083557128906
0.0007033348083496094
0.0008554458618164062
0.0009148120880126953
0.0014314651489257812
0.0010647773742675781
0.0033721923828125
0.004256248474121094
0.0010707378387451172
0.0038895606994628906
0.0008900165557861328
0.002487659454345703
0.0009758472442626953
0.004218101501464844
0.0008606910705566406
0.0009424686431884766
0.0015292167663574219
0.0022928714752197266
0.0010285377502441406
0.0021522045135498047
0.0008330345153808594
0.0022957324981689453
0.0022268295288085938
0.0008614063262939453
0.00030422210693359375
0.0008459091186523438
0.0005574226379394531
0.0008513927459716797
0.0008003711700439453
0.0003943443298339844
0.0008668899536132812
0.0015141963958740234
0.0008432865142822266
0.005330324172973633
0.0024080276489257812
0.0033092498779296875
0.0025146007537841797
0.0009312629699707031
0.0008418560028076172
0.0005595684051513672
0.001934051513671875
0.0006082057952880859
0.001316070556640625
0.003095865249633789
0.005005836486816406
0.0008051395416259766
0.000965118408203125
0.004498720169067383
0.0038323402404785156
0.0008349418640136719
0.0017611980438232422
0.001990079879760742
0.0018770694732666016
0.002123117446899414
0.004472970962524414
0.0009834766387939453
0.0011661052703857422
0.0027768611907958984
0.0015175342559814453
0.0008614063262939453
0.005037784576416016
0.0025131702423095703
0.000946044921875
0.0008168220520019531
0.0006344318389892578
0.0006003379821777344
0.0005419254302978516
0.0011487007141113281
0.0020914077758789062
0.001291036605834961
0.0005719661712646484
0.0024192333221435547
0.0012273788452148438
0.0007414817810058594
0.0003209114074707031
0.0007953643798828125
0.001825571060180664
0.0007433891296386719
0.0007383823394775391
0.002597808837890625
0.0007824897766113281
0.0008330345153808594
0.0006215572357177734
0.0006814002990722656
0.001752614974975586
0.0010199546813964844
0.0012252330780029297
0.0025587081909179688
0.0012812614440917969
0.0009360313415527344
0.0005936622619628906
0.004086971282958984
0.0014045238494873047
0.0006515979766845703
0.0008075237274169922
0.0003001689910888672
0.0012423992156982422
0.002730131149291992
0.0010218620300292969
0.001071929931640625
0.0010955333709716797
0.0022416114807128906
0.0009407997131347656
0.0014553070068359375
0.0009233951568603516
0.00122833251953125
0.002011537551879883
0.0006520748138427734
0.004124641418457031
0.0014004707336425781
0.0006759166717529297
0.0006139278411865234
0.003117799758911133
0.0014083385467529297
0.00688624382019043
0.0019097328186035156
0.0018241405487060547
0.0017256736755371094
0.0012290477752685547
0.0014879703521728516
0.0037360191345214844
0.00944209098815918
0.0057604312896728516
0.0017306804656982422
0.0007750988006591797
0.0026259422302246094
0.0017371177673339844
0.0005114078521728516
0.0013544559478759766
0.0007891654968261719
0.0017354488372802734
0.0006008148193359375
0.0015561580657958984
0.0004055500030517578
0.0009405612945556641
0.0027484893798828125
0.004004955291748047
0.0013535022735595703
0.0005009174346923828
0.0021708011627197266
0.0012621879577636719
0.0012814998626708984
0.003844738006591797
0.0007920265197753906
0.0014810562133789062
0.0012638568878173828
0.0008094310760498047
0.0008499622344970703
0.0009641647338867188
0.0009601116180419922
0.0011034011840820312
0.0008664131164550781
0.0010640621185302734
0.0029616355895996094
0.0032210350036621094
0.0020372867584228516
0.0008063316345214844
0.0003287792205810547
0.003198862075805664
0.0017802715301513672
0.008383989334106445
0.0003533363342285156
0.0005791187286376953
0.0010068416595458984
0.0010104179382324219
0.0005269050598144531
0.0008094310760498047
0.001622915267944336
