0.004855155944824219
0.0010867118835449219
0.0018413066864013672
0.0013244152069091797
0.0010328292846679688
0.0007171630859375
0.0023508071899414062
0.001964092254638672
0.0008466243743896484
0.0020949840545654297
0.0024209022521972656
0.0006666183471679688
0.0009617805480957031
0.0015425682067871094
0.0011706352233886719
0.0009613037109375
0.0010480880737304688
0.004425048828125
0.0007104873657226562
0.001020193099975586
0.0006844997406005859
0.0012395381927490234
0.001542806625366211
0.0029671192169189453
0.0010390281677246094
0.0010955333709716797
0.000835418701171875
0.0006148815155029297
0.006546497344970703
0.0009672641754150391
0.0009577274322509766
0.007502317428588867
0.0010199546813964844
0.003011465072631836
0.0008401870727539062
0.00450444221496582
0.003209829330444336
0.0008709430694580078
0.0019817352294921875
0.0009520053863525391
0.0006902217864990234
0.0009415149688720703
0.0009152889251708984
0.0017132759094238281
0.0008211135864257812
0.001983165740966797
0.0016715526580810547
0.0021142959594726562
0.0012028217315673828
0.0006449222564697266
0.0037627220153808594
0.002978801727294922
0.004816770553588867
0.00036644935607910156
0.0022461414337158203
0.0028977394104003906
0.001726388931274414
0.0037343502044677734
0.0005545616149902344
0.001638650894165039
0.0021626949310302734
0.0021317005157470703
0.001230478286743164
0.003470897674560547
0.0013227462768554688
0.0005764961242675781
0.0007617473602294922
0.00030612945556640625
0.0003833770751953125
0.0005605220794677734
0.0028352737426757812
0.0011906623840332031
0.001627206802368164
0.0012121200561523438
0.0020530223846435547
0.0005741119384765625
0.000751495361328125
0.001428365707397461
0.005007028579711914
0.0049419403076171875
0.004388332366943359
0.0009829998016357422
0.0007607936859130859
0.0017840862274169922
0.0012280941009521484
0.0038862228393554688
0.0012392997741699219
0.004561901092529297
0.00102996826171875
0.005373716354370117
0.00087738037109375
0.0008220672607421875
0.00079345703125
0.00054168701171875
0.0013959407806396484
0.003490924835205078
0.0037755966186523438
0.0007734298706054688
0.0013208389282226562
0.0007803440093994141
0.0032117366790771484
0.00029850006103515625
0.003740549087524414
0.0036423206329345703
0.0005736351013183594
0.0007984638214111328
0.0010552406311035156
0.0003235340118408203
0.006951332092285156
0.0005645751953125
0.002560853958129883
0.001895904541015625
0.0003254413604736328
0.002212047576904297
0.0020291805267333984
0.004557371139526367
0.0032465457916259766
0.0008330345153808594
0.0008447170257568359
0.0008313655853271484
0.0008311271667480469
0.0018455982208251953
0.0006060600280761719
0.0008454322814941406
0.0008358955383300781
0.0008394718170166016
0.0005500316619873047
0.0003502368927001953
0.0003523826599121094
0.0005645751953125
0.003633260726928711
0.0010182857513427734
0.001005411148071289
0.0025167465209960938
0.00098419189453125
0.0006911754608154297
0.002638578414916992
0.002205371856689453
0.0012936592102050781
0.0015871524810791016
0.0025718212127685547
0.00032711029052734375
0.0008091926574707031
0.0026006698608398438
0.0009405612945556641
0.0006909370422363281
0.0026035308837890625
0.0008013248443603516
0.0022242069244384766
0.0052869319915771484
0.0005936622619628906
0.0006222724914550781
0.0010466575622558594
0.0017120838165283203
0.0016834735870361328
0.0003490447998046875
0.0007929801940917969
0.0009937286376953125
0.004609823226928711
0.0029058456420898438
0.0006821155548095703
0.0008192062377929688
0.0019421577453613281
0.0009746551513671875
0.003278017044067383
0.001065969467163086
0.0009472370147705078
0.0010967254638671875
0.002115488052368164
0.0018072128295898438
0.001378774642944336
0.0042684078216552734
0.0030670166015625
0.0014383792877197266
0.00131988525390625
0.000997304916381836
0.000881195068359375
0.002173185348510742
0.0023849010467529297
0.002348661422729492
0.0015993118286132812
0.0010242462158203125
0.0008075237274169922
0.0010256767272949219
0.002152681350708008
0.0012395381927490234
0.0008170604705810547
0.0007481575012207031
0.002033233642578125
0.0007827281951904297
0.0005397796630859375
0.0027396678924560547
