0.005362749099731445
0.0009343624114990234
0.0016183853149414062
0.0008859634399414062
0.0008881092071533203
0.000629425048828125
0.002208232879638672
0.005260467529296875
0.0008130073547363281
0.0037078857421875
0.0022470951080322266
0.0014722347259521484
0.000362396240234375
0.0009014606475830078
0.0008702278137207031
0.0009815692901611328
0.0009794235229492188
0.005009889602661133
0.0018308162689208984
0.000766754150390625
0.000640869140625
0.0003597736358642578
0.0006303787231445312
0.0022754669189453125
0.000308990478515625
0.0007879734039306641
0.00031876564025878906
0.0005776882171630859
0.006992816925048828
0.0012624263763427734
0.0003681182861328125
0.0035254955291748047
0.0016093254089355469
0.0031299591064453125
0.002593517303466797
0.004334211349487305
0.00465703010559082
0.0007922649383544922
0.0023670196533203125
0.00035500526428222656
0.001020669937133789
0.001153707504272461
0.0008804798126220703
0.0029261112213134766
0.0008237361907958984
0.00196075439453125
0.0023946762084960938
0.002297639846801758
0.0010247230529785156
0.0016129016876220703
0.003208637237548828
0.0017137527465820312
0.003961801528930664
0.0009131431579589844
0.0003452301025390625
0.0018765926361083984
0.000843048095703125
0.0021448135375976562
0.0007889270782470703
0.0007944107055664062
0.003452301025390625
0.002353191375732422
0.0005600452423095703
0.0025413036346435547
0.0005273818969726562
0.0007448196411132812
0.0004401206970214844
0.0005891323089599609
0.0008065700531005859
0.0007898807525634766
0.002180337905883789
0.0009326934814453125
0.0024385452270507812
0.0008585453033447266
0.002523660659790039
0.001354217529296875
0.0008516311645507812
0.002262115478515625
0.003954887390136719
0.003660440444946289
0.0031583309173583984
0.0015139579772949219
0.00035500526428222656
0.001428365707397461
0.0007505416870117188
0.0036537647247314453
0.0009837150573730469
0.007046222686767578
0.000823974609375
0.003964662551879883
0.000827789306640625
0.0008006095886230469
0.0010569095611572266
0.0008361339569091797
0.0016510486602783203
0.002695322036743164
0.003309488296508789
0.0005507469177246094
0.0008771419525146484
0.00039577484130859375
0.0019783973693847656
0.00033092498779296875
0.005054950714111328
0.0035178661346435547
0.001148223876953125
0.0010259151458740234
0.0008206367492675781
0.0011188983917236328
0.0032281875610351562
0.0012710094451904297
0.002092123031616211
0.001065969467163086
0.0010342597961425781
0.0014727115631103516
0.0014154911041259766
0.00786137580871582
0.004945516586303711
0.0008909702301025391
0.0006372928619384766
0.0003380775451660156
0.0008120536804199219
0.002981424331665039
0.0006103515625
0.0008864402770996094
0.00040149688720703125
0.0008597373962402344
0.0008351802825927734
0.0008656978607177734
0.0008072853088378906
0.0007948875427246094
0.003267526626586914
0.0005412101745605469
0.0015866756439208984
0.0034673213958740234
0.0006468296051025391
0.0003914833068847656
0.002104043960571289
0.0008821487426757812
0.002225637435913086
0.0006339550018310547
0.0021674633026123047
0.0006339550018310547
0.000904083251953125
0.005685329437255859
0.0008685588836669922
0.0009386539459228516
0.0019910335540771484
0.0005984306335449219
0.0019464492797851562
0.0039806365966796875
0.0006210803985595703
0.00042819976806640625
0.0003619194030761719
0.0021283626556396484
0.0024404525756835938
0.0008122920989990234
0.0012674331665039062
0.0009808540344238281
0.004516124725341797
0.004158973693847656
0.0007777214050292969
0.0007944107055664062
0.0043451786041259766
0.0010178089141845703
0.00402069091796875
0.0009045600891113281
0.0013909339904785156
0.0007200241088867188
0.002343893051147461
0.0009436607360839844
0.0010366439819335938
0.004051923751831055
0.002687692642211914
0.0009729862213134766
0.0008504390716552734
0.0009641647338867188
0.0012862682342529297
0.0026290416717529297
0.001934051513671875
0.0018229484558105469
0.0014917850494384766
0.0008053779602050781
0.0008194446563720703
0.0018494129180908203
0.0021963119506835938
0.0002999305725097656
0.0009131431579589844
0.0007758140563964844
0.0024595260620117188
0.0007956027984619141
0.0006940364837646484
0.0013246536254882812
