326	id-00000	7	9	8	2	1703.0	1703.0	1703.36	1703.8566	1705.0	32.131	COMPLETED
326	id-00001	9	10	8	2	1704.0	1704.0	1704.33	1704.584	1706.0	33.424	COMPLETED
326	id-00002	6	10	3	1	1704.0	1704.0	1704.14	1705.0	1705.0	10.333	EXPIRED
326	id-00003	9	10	5	2	1704.0	1704.0	1704.25	1704.6453	1706.0	34.749	COMPLETED
326	id-00004	8	11	1	1	1706.0	1706.0	1706.04	1707.0	1707.0	3.434	EXPIRED
326	id-00005	5	10	2	1	1706.0	1706.0	1706.09	1707.0	1707.0	5.253	EXPIRED
326	id-00006	9	17	5	1	1708.0	1708.0	1708.21	1709.0	1709.0	21.27	EXPIRED
326	id-00007	10	11	9	1	1709.0	1709.0	1709.45	1710.0	1710.0	69.498	EXPIRED
326	id-00008	2	4	4	3	1714.0	1714.0	1714.2	1714.4892	1717.0	6.178	COMPLETED
326	id-00009	2	2	7	3	1718.0	1718.0	1718.35	1718.4537	1721.0	10.811	COMPLETED
326	id-00010	10	9	2	2	1719.0	1719.0	1719.09	1719.3685	1721.0	11.354	COMPLETED
326	id-00011	7	4	1	2	1722.0	1722.0	1722.05	1722.2271	1724.0	4.463	COMPLETED
326	id-00012	8	13	1	1	1728.0	1728.0	1728.05	1729.0	1729.0	5.706	EXPIRED
326	id-00013	2	3	3	2	1728.0	1728.0	1728.12	1728.379	1730.0	1.444	COMPLETED
326	id-00014	7	4	7	1	1729.0	1729.0	1729.33	1730.0	1730.0	32.564	EXPIRED
326	id-00015	10	18	10	3	1730.0	1730.0	1730.43	1730.7944	1733.0	54.247	COMPLETED
326	id-00016	1	2	3	3	1731.0	1731.0	1731.15	1731.6148	1734.0	2.317	COMPLETED
326	id-00017	8	2	7	2	1731.0	1731.0	1731.33	1731.6638	1733.0	37.661	COMPLETED
326	id-00018	9	5	2	2	1732.0	1732.0	1732.08	1732.2901	1734.0	8.103	COMPLETED
326	id-00019	1	2	3	3	1736.0	1736.0	1736.26	1736.625	1739.0	4.015	COMPLETED
326	id-00020	10	20	4	3	1736.0	1736.0	1736.18	1736.5608	1739.0	24.405	COMPLETED
326	id-00021	3	4	4	1	1736.0	1736.0	1736.35	1737.0	1737.0	6.317	EXPIRED
326	id-00022	4	4	3	1	1737.0	1737.0	1737.14	1738.0	1738.0	7.329	EXPIRED
326	id-00023	5	4	3	1	1738.0	1738.0	1738.14	1739.0	1739.0	9.491	EXPIRED
326	id-00024	10	14	10	1	1738.0	1738.0	1738.43	1739.0	1739.0	54.247	EXPIRED
326	id-00025	4	8	3	2	1739.0	1739.0	1739.13	1739.3972	1741.0	4.354	COMPLETED
326	id-00026	6	9	1	1	1739.0	1739.0	1739.05	1740.0	1740.0	4.162	EXPIRED
326	id-00027	6	11	2	1	1739.0	1739.0	1739.09	1740.0	1740.0	5.794	EXPIRED
326	id-00028	2	3	4	2	1739.0	1739.0	1739.19	1739.4562	1741.0	4.077	COMPLETED
326	id-00029	9	13	7	3	1740.0	1740.0	1740.35	1740.8166	1743.0	48.649	COMPLETED
326	id-00030	8	7	2	2	1740.0	1740.0	1740.09	1740.4291	1742.0	9.423	COMPLETED
326	id-00031	10	17	4	3	1740.0	1740.0	1740.17	1740.4508	1743.0	21.447	COMPLETED
326	id-00032	1	2	10	1	1740.0	1740.0	1740.48	1741.0	1741.0	2.888	EXPIRED
326	id-00033	4	3	5	2	1741.0	1741.0	1741.24	1741.5577	1743.0	12.564	COMPLETED
326	id-00034	6	9	8	3	1742.0	1742.0	1742.38	1742.7994	1745.0	31.63	COMPLETED
326	id-00035	7	11	4	1	1745.0	1745.0	1745.19	1746.0	1746.0	18.749	EXPIRED
326	id-00036	3	4	6	2	1746.0	1746.0	1746.29	1746.7251	1748.0	10.702	COMPLETED
326	id-00037	5	7	3	2	1747.0	1747.0	1747.14	1747.5839	1749.0	9.491	COMPLETED
326	id-00038	10	15	4	1	1749.0	1749.0	1749.17	1750.0	1750.0	21.447	EXPIRED
326	id-00039	4	7	5	2	1750.0	1750.0	1750.24	1750.3906	1752.0	12.564	COMPLETED
326	id-00040	10	13	7	3	1751.0	1751.0	1751.32	1751.4382	1754.0	43.387	COMPLETED
326	id-00041	7	2	8	3	1751.0	1751.0	1751.35	1751.733	1754.0	27.938	COMPLETED
326	id-00042	10	12	7	1	1752.0	1752.0	1752.32	1753.0	1753.0	43.387	EXPIRED
326	id-00043	2	3	10	2	1752.0	1752.0	1752.48	1752.6507	1754.0	10.301	COMPLETED
326	id-00044	9	17	9	2	1754.0	1754.0	1754.38	1754.5508	1756.0	38.488	COMPLETED
326	id-00045	2	2	1	3	1754.0	1754.0	1754.05	1754.2078	1757.0	1.073	COMPLETED
326	id-00046	10	5	6	2	1755.0	1755.0	1755.27	1755.5276	1757.0	36.608	COMPLETED
326	id-00047	10	15	7	1	1756.0	1756.0	1756.32	1757.0	1757.0	43.387	EXPIRED
326	id-00048	10	4	2	3	1756.0	1756.0	1756.08	1756.5239	1759.0	9.338	COMPLETED
326	id-00049	3	6	7	2	1757.0	1757.0	1757.67	1757.9716	1759.0	24.726	COMPLETED
326	id-00050	4	3	4	1	1757.0	1757.0	1757.38	1758.0	1758.0	23.475	EXPIRED
326	id-00051	10	17	6	2	1758.0	1758.0	1758.27	1758.5333	1760.0	36.608	COMPLETED
326	id-00052	4	7	2	3	1758.0	1758.0	1758.1	1758.3296	1761.0	5.235	COMPLETED
326	id-00053	10	14	2	3	1759.0	1759.0	1759.09	1759.3641	1762.0	12.203	COMPLETED
326	id-00054	5	8	7	1	1759.0	1759.0	1759.67	1760.0	1760.0	51.737	EXPIRED
326	id-00055	3	2	8	3	1759.0	1759.0	1759.76	1760.1748	1762.0	28.047	COMPLETED
326	id-00056	8	11	9	3	1760.0	1760.0	1760.41	1760.6025	1763.0	42.925	COMPLETED
326	id-00057	5	5	9	2	1761.0	1761.0	1761.41	1761.7919	1763.0	23.929	COMPLETED
326	id-00058	1	2	7	2	1761.0	1761.0	1761.35	1761.6885	1763.0	5.405	COMPLETED
326	id-00059	8	16	10	3	1761.0	1761.0	1761.45	1761.9311	1764.0	47.113	COMPLETED
326	id-00060	4	3	6	1	1762.0	1762.0	1762.27	1763.0	1763.0	11.588	EXPIRED
326	id-00061	3	6	7	3	1763.0	1763.0	1763.64	1764.0876	1766.0	29.652	COMPLETED
326	id-00062	9	18	6	1	1763.0	1763.0	1763.27	1764.0	1764.0	32.438	EXPIRED
326	id-00063	5	5	6	2	1763.0	1763.0	1763.55	1763.8952	1765.0	32.1	COMPLETED
326	id-00064	2	2	2	2	1763.0	1763.0	1763.09	1763.3237	1765.0	1.083	COMPLETED
326	id-00065	8	7	10	3	1764.0	1764.0	1764.45	1764.6619	1767.0	47.113	COMPLETED
326	id-00066	9	18	9	3	1765.0	1765.0	1765.39	1765.8471	1768.0	43.178	COMPLETED
326	id-00067	1	2	5	3	1765.0	1765.0	1765.25	1765.6888	1768.0	3.861	COMPLETED
326	id-00068	6	3	3	1	1767.0	1767.0	1767.13	1768.0	1768.0	8.369	EXPIRED
326	id-00069	8	4	1	1	1768.0	1768.0	1768.04	1769.0	1769.0	3.811	EXPIRED
326	id-00070	5	10	5	2	1768.0	1768.0	1768.22	1768.5167	1770.0	10.766	COMPLETED
326	id-00071	10	15	2	2	1768.0	1768.0	1768.09	1768.1955	1770.0	11.354	COMPLETED
326	id-00072	3	3	6	2	1770.0	1770.0	1770.27	1770.7444	1772.0	7.419	COMPLETED
326	id-00073	2	2	3	2	1771.0	1771.0	1771.15	1771.4812	1773.0	4.633	COMPLETED
326	id-00074	3	4	4	1	1771.0	1771.0	1771.18	1772.0	1772.0	4.946	EXPIRED
326	id-00075	6	11	9	3	1773.0	1773.0	1773.41	1773.7892	1776.0	30.261	COMPLETED
326	id-00076	1	2	9	1	1775.0	1775.0	1775.45	1776.0	1776.0	6.95	EXPIRED
326	id-00077	7	13	1	2	1777.0	1777.0	1777.05	1777.5332	1779.0	4.934	COMPLETED
326	id-00078	10	14	10	3	1778.0	1778.0	1778.42	1778.8191	1781.0	49.026	COMPLETED
326	id-00079	2	3	8	1	1778.0	1778.0	1778.64	1779.0	1779.0	7.7	EXPIRED
326	id-00080	9	17	7	1	1778.0	1778.0	1778.28	1779.0	1779.0	25.72	EXPIRED
326	id-00081	2	2	9	1	1778.0	1778.0	1778.72	1779.0	1779.0	8.663	EXPIRED
326	id-00082	10	16	7	2	1778.0	1778.0	1778.35	1778.8018	1780.0	54.054	COMPLETED
326	id-00083	1	2	2	2	1782.0	1782.0	1782.1	1782.4484	1784.0	1.544	COMPLETED
326	id-00084	3	3	10	2	1782.0	1782.0	1782.48	1782.7064	1784.0	17.714	COMPLETED
326	id-00085	6	6	4	1	1783.0	1783.0	1783.19	1784.0	1784.0	15.815	EXPIRED
326	id-00086	7	3	7	2	1784.0	1784.0	1784.33	1784.4597	1786.0	32.564	COMPLETED
326	id-00087	5	2	9	2	1784.0	1784.0	1784.35	1784.5879	1786.0	10.528	COMPLETED
326	id-00088	1	2	8	1	1785.0	1785.0	1785.4	1786.0	1786.0	6.178	EXPIRED
326	id-00089	8	2	4	1	1786.0	1786.0	1786.2	1787.0	1787.0	24.71	EXPIRED
326	id-00090	7	11	5	1	1788.0	1788.0	1788.21	1789.0	1789.0	14.783	EXPIRED
326	id-00091	6	11	1	3	1788.0	1788.0	1788.04	1788.223	1791.0	2.198	COMPLETED
326	id-00092	2	4	7	1	1788.0	1788.0	1788.35	1789.0	1789.0	10.811	EXPIRED
326	id-00093	8	13	10	3	1789.0	1789.0	1789.5	1789.7728	1792.0	61.776	COMPLETED
326	id-00094	2	3	6	2	1790.0	1790.0	1790.3	1790.6719	1792.0	9.266	COMPLETED
326	id-00095	2	4	6	2	1791.0	1791.0	1791.3	1791.7318	1793.0	9.266	COMPLETED
326	id-00096	2	4	10	2	1791.0	1791.0	1791.4	1791.6089	1793.0	4.813	COMPLETED
326	id-00097	10	14	1	1	1791.0	1791.0	1791.04	1792.0	1792.0	4.292	EXPIRED
326	id-00098	5	2	9	2	1792.0	1792.0	1792.45	1792.9271	1794.0	34.749	COMPLETED
326	id-00099	5	9	1	1	1792.0	1792.0	1792.04	1793.0	1793.0	1.203	EXPIRED
326	id-00100	8	13	4	2	1794.0	1794.0	1794.2	1794.6803	1796.0	24.71	COMPLETED
326	id-00101	2	2	10	2	1796.0	1796.0	1796.5	1796.6056	1798.0	15.444	COMPLETED
326	id-00102	3	5	5	2	1797.0	1797.0	1797.25	1797.3931	1799.0	11.583	COMPLETED
326	id-00103	1	2	7	2	1798.0	1798.0	1798.26	1798.6295	1800.0	1.564	COMPLETED
326	id-00104	9	17	1	1	1798.0	1798.0	1798.04	1799.0	1799.0	4.051	EXPIRED
326	id-00105	4	5	6	3	1799.0	1799.0	1799.22	1799.4823	1802.0	5.294	COMPLETED
326	id-00106	6	10	8	1	1799.0	1799.0	1799.4	1800.0	1800.0	37.066	EXPIRED
326	id-00107	4	2	2	3	1799.0	1799.0	1799.17	1799.3608	1802.0	10.502	COMPLETED
326	id-00108	4	7	10	3	1799.0	1799.0	1799.83	1800.0716	1802.0	19.973	COMPLETED
326	id-00109	8	3	7	2	1800.0	1800.0	1800.35	1800.6759	1802.0	43.243	COMPLETED
326	id-00110	9	8	2	3	1802.0	1802.0	1802.07	1802.3379	1805.0	5.11	COMPLETED
326	id-00111	8	7	6	1	1804.0	1804.0	1804.3	1805.0	1805.0	37.066	EXPIRED
326	id-00112	5	6	10	1	1805.0	1805.0	1805.48	1806.0	1806.0	32.54	EXPIRED
326	id-00113	6	10	3	1	1807.0	1807.0	1807.14	1808.0	1808.0	11.653	EXPIRED
326	id-00114	6	11	2	2	1809.0	1809.0	1809.22	1809.61	1811.0	10.015	COMPLETED
326	id-00115	4	2	1	2	1809.0	1809.0	1809.05	1809.337	1811.0	2.617	COMPLETED
326	id-00116	1	2	5	1	1809.0	1809.0	1809.56	1810.0	1810.0	3.369	EXPIRED
326	id-00117	1	2	5	3	1809.0	1809.0	1809.56	1809.9021	1812.0	3.369	COMPLETED
326	id-00118	2	2	3	3	1809.0	1809.0	1809.15	1809.5643	1812.0	4.633	COMPLETED
326	id-00119	8	7	3	2	1810.0	1810.0	1810.14	1810.295	1812.0	15.977	COMPLETED
326	id-00120	8	16	10	3	1813.0	1813.0	1813.32	1813.6129	1816.0	15.401	COMPLETED
326	id-00121	7	9	3	3	1813.0	1813.0	1813.12	1813.5941	1816.0	7.316	COMPLETED
326	id-00122	8	8	2	2	1813.0	1813.0	1813.1	1813.381	1815.0	11.412	COMPLETED
326	id-00123	4	6	9	3	1814.0	1814.0	1814.43	1814.7976	1817.0	22.51	COMPLETED
326	id-00124	1	2	3	1	1814.0	1814.0	1814.1	1815.0	1815.0	0.602	EXPIRED
326	id-00125	6	6	6	1	1816.0	1816.0	1816.21	1817.0	1817.0	7.58	EXPIRED
326	id-00126	3	2	5	3	1816.0	1816.0	1816.48	1816.7434	1819.0	22.239	COMPLETED
326	id-00127	2	4	7	2	1816.0	1816.0	1816.67	1816.8954	1818.0	14.378	COMPLETED
326	id-00128	7	13	1	3	1820.0	1820.0	1820.03	1820.1907	1823.0	1.263	COMPLETED
326	id-00129	5	4	5	2	1820.0	1820.0	1820.25	1820.5892	1822.0	19.305	COMPLETED
326	id-00130	10	13	4	1	1822.0	1822.0	1822.15	1823.0	1823.0	13.267	EXPIRED
326	id-00131	4	6	7	3	1823.0	1823.0	1823.35	1823.7157	1826.0	21.622	COMPLETED
326	id-00132	9	2	2	3	1823.0	1823.0	1823.07	1823.508	1826.0	3.79	COMPLETED
326	id-00133	6	4	4	1	1824.0	1824.0	1824.2	1825.0	1825.0	18.533	EXPIRED
326	id-00134	1	2	10	1	1826.0	1826.0	1826.5	1827.0	1827.0	7.722	EXPIRED
326	id-00135	3	6	4	3	1828.0	1828.0	1828.2	1828.6165	1831.0	9.266	COMPLETED
326	id-00136	5	3	1	2	1829.0	1829.0	1829.04	1829.343	1831.0	1.203	COMPLETED
326	id-00137	8	12	10	3	1829.0	1829.0	1829.5	1829.7708	1832.0	61.776	COMPLETED
326	id-00138	4	8	7	2	1833.0	1833.0	1833.29	1833.6385	1835.0	6.979	COMPLETED
326	id-00139	6	2	10	1	1833.0	1833.0	1833.5	1834.0	1834.0	46.332	EXPIRED
326	id-00140	10	4	7	2	1834.0	1834.0	1834.26	1834.6458	1836.0	22.995	COMPLETED
326	id-00141	9	5	8	1	1835.0	1835.0	1835.33	1836.0	1836.0	33.424	EXPIRED
326	id-00142	6	5	9	1	1836.0	1836.0	1836.45	1837.0	1837.0	41.699	EXPIRED
326	id-00143	2	4	2	1	1838.0	1838.0	1838.1	1839.0	1839.0	3.089	EXPIRED
326	id-00144	9	17	8	2	1838.0	1838.0	1838.3	1838.6717	1840.0	21.9	COMPLETED
326	id-00145	9	18	10	3	1838.0	1838.0	1838.42	1838.8229	1841.0	42.539	COMPLETED
326	id-00146	10	10	1	1	1839.0	1839.0	1839.04	1840.0	1840.0	3.538	EXPIRED
326	id-00147	5	7	9	2	1840.0	1840.0	1840.43	1840.7908	1842.0	29.151	COMPLETED
326	id-00148	4	8	9	1	1840.0	1840.0	1840.72	1841.0	1841.0	37.691	EXPIRED
326	id-00149	4	5	10	1	1840.0	1840.0	1840.8	1841.0	1841.0	19.251	EXPIRED
326	id-00150	3	2	2	2	1840.0	1840.0	1840.07	1840.3633	1842.0	1.263	COMPLETED
326	id-00151	10	9	10	2	1843.0	1843.0	1843.37	1843.5825	1845.0	32.724	COMPLETED
326	id-00152	5	7	10	2	1843.0	1843.0	1843.48	1843.5928	1845.0	32.54	COMPLETED
326	id-00153	7	9	1	1	1844.0	1844.0	1844.05	1845.0	1845.0	4.934	EXPIRED
326	id-00154	2	2	4	1	1844.0	1844.0	1844.16	1845.0	1845.0	1.925	EXPIRED
326	id-00155	8	4	2	3	1846.0	1846.0	1846.07	1846.3444	1849.0	4.029	COMPLETED
326	id-00156	4	5	9	2	1846.0	1846.0	1846.45	1846.6676	1848.0	27.799	COMPLETED
326	id-00157	5	9	3	1	1846.0	1846.0	1846.12	1847.0	1847.0	3.61	EXPIRED
326	id-00158	5	8	10	2	1847.0	1847.0	1847.5	1847.7685	1849.0	38.61	COMPLETED
326	id-00159	2	2	9	2	1847.0	1847.0	1847.36	1847.684	1849.0	4.332	COMPLETED
326	id-00160	9	7	8	1	1848.0	1848.0	1848.32	1849.0	1849.0	29.394	EXPIRED
326	id-00161	5	10	8	1	1849.0	1849.0	1849.4	1850.0	1850.0	30.888	EXPIRED
326	id-00162	9	8	2	3	1849.0	1849.0	1849.08	1849.5155	1852.0	7.348	COMPLETED
326	id-00163	4	2	9	1	1850.0	1850.0	1850.9	1851.0	1851.0	55.598	EXPIRED
326	id-00164	1	2	7	3	1850.0	1850.0	1850.28	1850.5109	1853.0	1.684	COMPLETED
326	id-00165	4	7	10	2	1850.0	1850.0	1851.0	1851.1768	1852.0	61.776	COMPLETED
326	id-00166	6	3	6	3	1852.0	1852.0	1852.3	1852.779	1855.0	27.799	COMPLETED
326	id-00167	3	4	7	3	1853.0	1853.0	1853.58	1853.8295	1856.0	10.468	COMPLETED
326	id-00168	9	8	4	3	1853.0	1853.0	1853.16	1853.517	1856.0	14.697	COMPLETED
326	id-00169	7	11	10	1	1853.0	1853.0	1853.83	1854.0	1854.0	81.904	EXPIRED
326	id-00170	5	3	1	3	1853.0	1853.0	1853.05	1853.2591	1856.0	3.861	COMPLETED
326	id-00171	9	12	5	1	1853.0	1853.0	1853.2	1854.0	1854.0	18.371	EXPIRED
326	id-00172	8	8	6	1	1855.0	1855.0	1855.24	1856.0	1856.0	18.339	EXPIRED
326	id-00173	4	5	5	3	1855.0	1855.0	1855.5	1855.6504	1858.0	30.888	COMPLETED
326	id-00174	8	15	8	1	1855.0	1855.0	1855.32	1856.0	1856.0	24.452	EXPIRED
326	id-00175	1	2	10	3	1855.0	1855.0	1856.0	1856.135	1858.0	15.444	COMPLETED
326	id-00176	2	2	1	1	1858.0	1858.0	1858.08	1859.0	1859.0	0.963	EXPIRED
326	id-00177	10	4	8	3	1858.0	1858.0	1858.64	1858.9683	1861.0	80.74	COMPLETED
326	id-00178	2	2	4	2	1858.0	1858.0	1858.2	1858.4675	1860.0	6.178	COMPLETED
326	id-00179	7	11	10	1	1860.0	1860.0	1860.5	1861.0	1861.0	54.054	EXPIRED
326	id-00180	8	10	9	3	1861.0	1861.0	1861.45	1861.7507	1864.0	55.598	COMPLETED
326	id-00181	10	9	5	1	1861.0	1861.0	1861.2	1862.0	1862.0	21.46	EXPIRED
326	id-00182	1	2	9	1	1861.0	1861.0	1861.38	1862.0	1862.0	2.286	EXPIRED
326	id-00183	5	3	8	1	1863.0	1863.0	1863.4	1864.0	1864.0	30.888	EXPIRED
326	id-00184	9	17	5	2	1865.0	1865.0	1865.2	1865.3155	1867.0	18.371	COMPLETED
326	id-00185	9	18	7	1	1865.0	1865.0	1865.3	1866.0	1866.0	33.214	EXPIRED
326	id-00186	9	4	10	1	1867.0	1867.0	1867.43	1868.0	1868.0	47.606	EXPIRED
326	id-00187	4	8	5	3	1868.0	1868.0	1868.25	1868.4145	1871.0	15.444	COMPLETED
326	id-00188	5	5	2	2	1869.0	1869.0	1869.1	1869.4082	1871.0	7.722	COMPLETED
326	id-00189	7	13	5	1	1870.0	1870.0	1870.2	1871.0	1871.0	12.194	EXPIRED
326	id-00190	4	8	8	2	1870.0	1870.0	1870.36	1870.4934	1872.0	15.451	COMPLETED
326	id-00191	9	10	6	1	1871.0	1871.0	1871.24	1872.0	1872.0	22.045	EXPIRED
326	id-00192	6	3	1	1	1872.0	1872.0	1872.05	1873.0	1873.0	3.69	EXPIRED
326	id-00193	7	9	1	2	1874.0	1874.0	1874.05	1874.3138	1876.0	4.463	COMPLETED
326	id-00194	6	2	5	3	1875.0	1875.0	1875.23	1875.4334	1878.0	16.976	COMPLETED
326	id-00195	10	5	7	3	1878.0	1878.0	1878.29	1878.4833	1881.0	33.851	COMPLETED
326	id-00196	10	10	4	2	1878.0	1878.0	1878.15	1878.5161	1880.0	13.267	COMPLETED
326	id-00197	3	3	1	3	1879.0	1879.0	1879.05	1879.2079	1882.0	1.374	COMPLETED
326	id-00198	10	6	4	1	1882.0	1882.0	1882.16	1883.0	1883.0	17.168	EXPIRED
326	id-00199	6	11	2	1	1882.0	1882.0	1882.09	1883.0	1883.0	6.643	EXPIRED
326	id-00200	7	5	7	3	1882.0	1882.0	1882.32	1882.6489	1885.0	28.561	COMPLETED
326	id-00201	10	20	5	3	1882.0	1882.0	1882.25	1882.4349	1885.0	38.61	COMPLETED
326	id-00202	6	2	9	2	1884.0	1884.0	1884.41	1884.8388	1886.0	30.261	COMPLETED
326	id-00203	5	4	5	2	1885.0	1885.0	1885.21	1885.3407	1887.0	8.297	COMPLETED
326	id-00204	7	7	5	2	1886.0	1886.0	1886.21	1886.5938	1888.0	14.783	COMPLETED
326	id-00205	8	11	9	1	1887.0	1887.0	1887.35	1888.0	1888.0	23.444	EXPIRED
326	id-00206	3	5	8	1	1887.0	1887.0	1887.33	1888.0	1888.0	5.956	EXPIRED
326	id-00207	7	13	6	3	1889.0	1889.0	1889.25	1889.5263	1892.0	17.599	COMPLETED
326	id-00208	6	4	8	1	1891.0	1891.0	1891.33	1892.0	1892.0	18.134	EXPIRED
326	id-00209	9	9	7	1	1893.0	1893.0	1893.27	1894.0	1894.0	22.256	EXPIRED
326	id-00210	7	14	5	2	1894.0	1894.0	1894.21	1894.6457	1896.0	14.783	COMPLETED
326	id-00211	9	9	2	2	1894.0	1894.0	1894.08	1894.5577	1896.0	6.594	COMPLETED
326	id-00212	1	2	1	2	1895.0	1895.0	1895.05	1895.3789	1897.0	0.772	COMPLETED
326	id-00213	9	12	1	3	1896.0	1896.0	1896.04	1896.3059	1899.0	4.051	COMPLETED
326	id-00214	2	3	8	3	1898.0	1898.0	1898.4	1898.7123	1901.0	12.355	COMPLETED
326	id-00215	9	4	5	3	1900.0	1900.0	1900.19	1900.5916	1903.0	15.661	COMPLETED
326	id-00216	5	3	5	1	1900.0	1900.0	1900.19	1901.0	1901.0	5.715	EXPIRED
326	id-00217	5	2	6	2	1901.0	1901.0	1901.23	1901.3448	1903.0	6.918	COMPLETED
326	id-00218	2	3	8	3	1901.0	1901.0	1901.4	1901.7024	1904.0	12.355	COMPLETED
326	id-00219	7	8	6	2	1901.0	1901.0	1901.25	1901.4461	1903.0	17.599	COMPLETED
326	id-00220	7	2	6	1	1903.0	1903.0	1903.25	1904.0	1904.0	17.599	EXPIRED
326	id-00221	8	8	3	3	1904.0	1904.0	1904.12	1904.3826	1907.0	10.301	COMPLETED
326	id-00222	2	2	5	2	1905.0	1905.0	1905.25	1905.388	1907.0	7.722	COMPLETED
326	id-00223	7	11	10	3	1908.0	1908.0	1908.38	1908.7069	1911.0	19.585	COMPLETED
326	id-00224	8	9	5	2	1908.0	1908.0	1908.19	1908.6422	1910.0	10.936	COMPLETED
326	id-00225	3	6	2	2	1908.0	1908.0	1908.09	1908.2812	1910.0	1.624	COMPLETED
326	id-00226	10	18	3	3	1910.0	1910.0	1910.12	1910.2713	1913.0	12.876	COMPLETED
326	id-00227	7	3	1	3	1911.0	1911.0	1911.04	1911.25	1914.0	2.439	COMPLETED
326	id-00228	2	3	2	2	1911.0	1911.0	1911.09	1911.4575	1913.0	1.083	COMPLETED
326	id-00229	2	2	4	3	1913.0	1913.0	1913.2	1913.3179	1916.0	6.178	COMPLETED
326	id-00230	7	2	6	1	1913.0	1913.0	1913.26	1914.0	1914.0	20.754	EXPIRED
326	id-00231	1	2	2	3	1913.0	1913.0	1913.08	1913.42	1916.0	0.481	COMPLETED
326	id-00232	2	3	5	1	1918.0	1918.0	1918.25	1919.0	1919.0	7.722	EXPIRED
326	id-00233	4	3	3	3	1919.0	1919.0	1919.14	1919.4349	1922.0	6.009	COMPLETED
326	id-00234	6	5	2	2	1920.0	1920.0	1920.08	1920.5322	1922.0	4.396	COMPLETED
326	id-00235	7	13	7	1	1920.0	1920.0	1920.32	1921.0	1921.0	28.561	EXPIRED
326	id-00236	3	3	9	3	1921.0	1921.0	1921.75	1922.0686	1924.0	13.536	COMPLETED
326	id-00237	9	11	7	3	1921.0	1921.0	1921.26	1921.4433	1924.0	18.98	COMPLETED
326	id-00238	1	2	6	3	1921.0	1921.0	1921.5	1921.8223	1924.0	3.008	COMPLETED
326	id-00239	1	2	6	2	1923.0	1923.0	1923.3	1923.5426	1925.0	4.633	COMPLETED
326	id-00240	4	6	5	3	1924.0	1924.0	1924.23	1924.3569	1927.0	9.872	COMPLETED
326	id-00241	7	6	9	3	1926.0	1926.0	1926.38	1926.5984	1929.0	26.75	COMPLETED
326	id-00242	4	4	7	2	1926.0	1926.0	1926.3	1926.5686	1928.0	10.048	COMPLETED
326	id-00243	5	8	9	3	1926.0	1926.0	1926.35	1926.7162	1929.0	10.528	COMPLETED
326	id-00244	2	3	10	2	1928.0	1928.0	1928.42	1928.8408	1930.0	5.053	COMPLETED
326	id-00245	4	4	3	2	1928.0	1928.0	1928.13	1928.4602	1930.0	4.354	COMPLETED
326	id-00246	5	8	1	3	1930.0	1930.0	1930.05	1930.2862	1933.0	2.918	COMPLETED
326	id-00247	9	18	7	1	1931.0	1931.0	1931.29	1932.0	1932.0	29.372	EXPIRED
326	id-00248	3	4	5	1	1931.0	1931.0	1931.23	1932.0	1932.0	6.319	EXPIRED
326	id-00249	7	11	2	3	1932.0	1932.0	1932.09	1932.2131	1935.0	8.033	COMPLETED
326	id-00250	3	6	10	3	1933.0	1933.0	1933.36	1933.6193	1936.0	6.497	COMPLETED
326	id-00251	4	2	3	1	1933.0	1933.0	1933.14	1934.0	1934.0	6.009	EXPIRED
326	id-00252	7	9	2	3	1933.0	1933.0	1933.08	1933.5558	1936.0	5.632	COMPLETED
326	id-00253	9	13	6	3	1934.0	1934.0	1934.25	1934.5299	1937.0	25.321	COMPLETED
326	id-00254	5	7	2	2	1934.0	1934.0	1934.09	1934.3976	1936.0	5.253	COMPLETED
326	id-00255	9	15	4	2	1934.0	1934.0	1934.14	1934.3633	1936.0	8.9	COMPLETED
326	id-00256	7	4	7	2	1935.0	1935.0	1935.33	1935.4735	1937.0	32.564	COMPLETED
326	id-00257	9	6	1	1	1937.0	1937.0	1937.05	1938.0	1938.0	6.007	EXPIRED
326	id-00258	10	8	2	1	1938.0	1938.0	1938.08	1939.0	1939.0	7.83	EXPIRED
326	id-00259	5	4	4	2	1938.0	1938.0	1938.19	1938.5573	1940.0	12.88	COMPLETED
326	id-00260	4	6	4	3	1939.0	1939.0	1939.19	1939.5332	1942.0	9.946	COMPLETED
326	id-00261	2	3	8	1	1940.0	1940.0	1940.4	1941.0	1941.0	12.355	EXPIRED
326	id-00262	3	3	10	3	1940.0	1940.0	1940.48	1940.6162	1943.0	17.714	COMPLETED
326	id-00263	10	19	6	1	1942.0	1942.0	1942.24	1943.0	1943.0	25.752	EXPIRED
326	id-00264	7	2	3	1	1942.0	1942.0	1942.14	1943.0	1943.0	13.815	EXPIRED
326	id-00265	9	11	3	2	1943.0	1943.0	1943.13	1943.547	1945.0	14.393	COMPLETED
326	id-00266	5	5	7	2	1943.0	1943.0	1943.33	1943.6025	1945.0	22.371	COMPLETED
326	id-00267	7	7	7	1	1944.0	1944.0	1944.33	1945.0	1945.0	32.564	EXPIRED
326	id-00268	10	10	9	2	1945.0	1945.0	1945.36	1945.6602	1947.0	38.628	COMPLETED
326	id-00269	7	14	2	3	1945.0	1945.0	1945.1	1945.3029	1948.0	10.811	COMPLETED
326	id-00270	7	14	5	1	1945.0	1945.0	1945.22	1946.0	1946.0	17.561	EXPIRED
326	id-00271	3	5	1	3	1947.0	1947.0	1947.05	1947.2666	1950.0	1.845	COMPLETED
326	id-00272	10	20	7	1	1948.0	1948.0	1948.28	1949.0	1949.0	30.044	EXPIRED
326	id-00273	1	2	4	2	1948.0	1948.0	1948.2	1948.4343	1950.0	3.089	COMPLETED
326	id-00274	5	10	9	2	1949.0	1949.0	1949.38	1949.822	1951.0	15.013	COMPLETED
326	id-00275	1	2	6	3	1949.0	1949.0	1949.3	1949.4683	1952.0	4.633	COMPLETED
326	id-00276	10	7	5	1	1949.0	1949.0	1949.2	1950.0	1950.0	21.46	EXPIRED
326	id-00277	4	5	2	2	1950.0	1950.0	1950.09	1950.4562	1952.0	3.014	COMPLETED
326	id-00278	4	6	10	3	1952.0	1952.0	1952.43	1952.7963	1955.0	14.402	COMPLETED
326	id-00279	5	4	9	3	1953.0	1953.0	1953.39	1953.7751	1956.0	19.085	COMPLETED
326	id-00280	4	3	1	3	1954.0	1954.0	1954.04	1954.4115	1957.0	1.34	COMPLETED
326	id-00281	1	2	10	2	1956.0	1956.0	1956.5	1956.96	1958.0	7.722	COMPLETED
326	id-00282	9	10	4	3	1957.0	1957.0	1957.17	1957.6439	1960.0	18.821	COMPLETED
326	id-00283	9	16	3	1	1958.0	1958.0	1958.13	1959.0	1959.0	14.393	EXPIRED
326	id-00284	8	2	9	2	1959.0	1959.0	1959.41	1959.7808	1961.0	42.925	COMPLETED
326	id-00285	2	2	3	1	1961.0	1961.0	1961.15	1962.0	1962.0	4.633	EXPIRED
326	id-00286	8	13	1	2	1962.0	1962.0	1962.05	1962.3938	1964.0	5.706	COMPLETED
326	id-00287	7	5	5	2	1963.0	1963.0	1963.24	1963.4218	1965.0	23.683	COMPLETED
326	id-00288	8	15	3	1	1963.0	1963.0	1963.13	1964.0	1964.0	12.385	EXPIRED
326	id-00289	2	4	1	2	1964.0	1964.0	1964.05	1964.3116	1966.0	1.544	COMPLETED
326	id-00290	10	5	8	2	1964.0	1964.0	1964.3	1964.4441	1966.0	26.533	COMPLETED
326	id-00291	8	5	2	3	1965.0	1965.0	1965.1	1965.5441	1968.0	11.412	COMPLETED
326	id-00292	9	4	7	3	1966.0	1966.0	1966.29	1966.535	1969.0	29.372	COMPLETED
326	id-00293	3	5	5	3	1967.0	1967.0	1967.19	1967.3368	1970.0	3.429	COMPLETED
326	id-00294	7	14	7	3	1967.0	1967.0	1967.29	1967.4381	1970.0	20.415	COMPLETED
326	id-00295	7	8	8	2	1967.0	1967.0	1967.38	1967.6193	1969.0	37.498	COMPLETED
326	id-00296	10	5	5	1	1969.0	1969.0	1969.19	1970.0	1970.0	16.804	EXPIRED
326	id-00297	7	11	10	2	1970.0	1970.0	1970.45	1970.5525	1972.0	40.163	COMPLETED
326	id-00298	5	4	1	1	1970.0	1970.0	1970.05	1971.0	1971.0	3.861	EXPIRED
326	id-00299	1	2	6	3	1971.0	1971.0	1971.3	1971.4764	1974.0	4.633	COMPLETED
326	id-00300	7	3	6	3	1971.0	1971.0	1971.3	1971.4346	1974.0	32.432	COMPLETED
326	id-00301	3	5	9	2	1972.0	1972.0	1972.45	1972.6754	1974.0	20.849	COMPLETED
326	id-00302	7	7	3	3	1972.0	1972.0	1972.14	1972.5198	1975.0	12.495	COMPLETED
326	id-00303	4	3	5	2	1977.0	1977.0	1977.25	1977.4573	1979.0	15.444	COMPLETED
326	id-00304	1	2	1	2	1978.0	1978.0	1978.05	1978.4762	1980.0	0.772	COMPLETED
326	id-00305	7	8	9	3	1979.0	1979.0	1979.45	1979.8393	1982.0	48.649	COMPLETED
326	id-00306	1	2	2	3	1980.0	1980.0	1980.08	1980.5674	1983.0	0.481	COMPLETED
326	id-00307	10	2	9	3	1980.0	1980.0	1980.39	1980.7701	1983.0	49.201	COMPLETED
326	id-00308	7	10	3	2	1981.0	1981.0	1981.15	1981.4418	1983.0	16.216	COMPLETED
326	id-00309	8	15	8	3	1981.0	1981.0	1981.33	1981.4834	1984.0	28.327	COMPLETED
326	id-00310	7	5	10	1	1982.0	1982.0	1982.5	1983.0	1983.0	54.054	EXPIRED
326	id-00311	10	5	9	3	1982.0	1982.0	1982.39	1982.795	1985.0	49.201	COMPLETED
326	id-00312	8	6	2	2	1983.0	1983.0	1983.1	1983.3454	1985.0	12.355	COMPLETED
326	id-00313	5	10	9	2	1984.0	1984.0	1984.45	1984.8926	1986.0	34.749	COMPLETED
326	id-00314	9	10	4	1	1985.0	1985.0	1985.17	1986.0	1986.0	17.218	EXPIRED
326	id-00315	6	11	4	2	1987.0	1987.0	1987.2	1987.3131	1989.0	18.533	COMPLETED
326	id-00316	2	3	8	1	1989.0	1989.0	1989.4	1990.0	1990.0	12.355	EXPIRED
326	id-00317	2	3	4	2	1993.0	1993.0	1993.4	1993.7007	1995.0	12.355	COMPLETED
326	id-00318	3	6	9	2	1993.0	1993.0	1993.9	1994.3299	1995.0	41.699	COMPLETED
326	id-00319	8	3	7	1	1995.0	1995.0	1995.35	1996.0	1996.0	43.243	EXPIRED
326	id-00320	7	12	3	1	1997.0	1997.0	1997.15	1998.0	1998.0	16.216	EXPIRED
326	id-00321	4	3	5	3	1998.0	1998.0	1998.25	1998.3604	2001.0	15.444	COMPLETED
326	id-00322	6	9	7	3	1999.0	1999.0	1999.29	1999.7299	2002.0	15.936	COMPLETED
326	id-00323	7	9	4	1	1999.0	1999.0	1999.2	2000.0	2000.0	21.622	EXPIRED
326	id-00324	2	4	4	3	1999.0	1999.0	1999.2	1999.5789	2002.0	6.178	COMPLETED
326	id-00325	9	5	6	2	2000.0	2000.0	2000.24	2000.6831	2002.0	22.045	COMPLETED
