0.0016624927520751953
0.0062711238861083984
0.002302885055541992
0.001726388931274414
0.0015277862548828125
0.0025627613067626953
0.0015647411346435547
0.001959085464477539
0.0006368160247802734
0.002741098403930664
0.0012698173522949219
0.000934600830078125
0.0028162002563476562
0.0020945072174072266
0.008202314376831055
0.001852273941040039
0.001483917236328125
0.00678706169128418
0.006994962692260742
0.0014081001281738281
0.0014617443084716797
0.0011630058288574219
0.0006225109100341797
0.002011537551879883
0.0007281303405761719
0.0007374286651611328
0.0025565624237060547
0.0026443004608154297
0.0031690597534179688
0.0008962154388427734
0.00289154052734375
0.0022356510162353516
0.0037789344787597656
0.004558086395263672
0.0006198883056640625
0.007603168487548828
0.0019221305847167969
0.007856607437133789
0.0012028217315673828
0.0018923282623291016
0.0007810592651367188
0.0069103240966796875
0.00033926963806152344
0.0018470287322998047
0.00039315223693847656
0.0011136531829833984
0.00160980224609375
0.011152029037475586
0.006579875946044922
0.0006871223449707031
0.011905193328857422
0.0007917881011962891
0.0007603168487548828
0.008252859115600586
0.0017096996307373047
0.0014348030090332031
0.005418539047241211
0.0010483264923095703
0.0017726421356201172
0.000789642333984375
0.0011985301971435547
0.0033197402954101562
0.013876914978027344
0.0006172657012939453
0.0008368492126464844
0.0008225440979003906
0.0008502006530761719
0.00037360191345214844
0.011332273483276367
0.0005750656127929688
0.003058195114135742
0.002221345901489258
0.008214473724365234
0.0035202503204345703
0.0007688999176025391
0.001691579818725586
0.0006043910980224609
0.0010712146759033203
0.0007739067077636719
0.0026235580444335938
0.0038862228393554688
0.0010905265808105469
0.0007610321044921875
0.001203298568725586
0.002553701400756836
0.0008349418640136719
0.0026311874389648438
0.00437474250793457
0.0019028186798095703
0.0022842884063720703
0.003419160842895508
0.0005803108215332031
0.0014758110046386719
0.002901315689086914
0.0010843276977539062
0.010417699813842773
0.0057373046875
0.00712895393371582
0.0005555152893066406
0.005185365676879883
0.0005822181701660156
0.002440929412841797
0.00174713134765625
0.0028047561645507812
0.0017049312591552734
0.0022742748260498047
0.0009694099426269531
0.0007510185241699219
0.0012021064758300781
0.0008184909820556641
0.003172636032104492
0.0019309520721435547
0.01031041145324707
0.0012733936309814453
0.0012998580932617188
0.0012791156768798828
0.0017054080963134766
0.0009477138519287109
0.0008759498596191406
0.0019259452819824219
0.0020394325256347656
0.0007951259613037109
0.0006480216979980469
0.0013365745544433594
0.0022020339965820312
0.008207321166992188
0.0018694400787353516
0.0008044242858886719
0.0008041858673095703
0.0050699710845947266
0.0014662742614746094
0.0021026134490966797
0.0038001537322998047
0.0014252662658691406
0.0014920234680175781
0.0024154186248779297
0.004312753677368164
0.0008990764617919922
0.0014679431915283203
0.0045926570892333984
0.0036420822143554688
0.0008950233459472656
0.0029456615447998047
0.0009377002716064453
0.0044367313385009766
0.004673957824707031
0.0006184577941894531
0.0019614696502685547
0.002607107162475586
0.0013773441314697266
0.0028095245361328125
0.001991748809814453
0.0016713142395019531
0.0008151531219482422
0.004567384719848633
0.000553131103515625
0.00400543212890625
0.003941059112548828
0.000606536865234375
0.0015652179718017578
0.0017066001892089844
0.0028734207153320312
0.0011377334594726562
0.0013539791107177734
0.0014774799346923828
0.0014262199401855469
0.0021736621856689453
0.0006613731384277344
0.005974769592285156
0.0028433799743652344
0.000843048095703125
0.0006253719329833984
0.006574392318725586
0.0012226104736328125
0.0013213157653808594
0.005219221115112305
0.0036895275115966797
0.0009152889251708984
0.001338958740234375
0.0018944740295410156
0.0014569759368896484
0.0068988800048828125
0.0049326419830322266
0.0017004013061523438
0.0005474090576171875
0.00078582763671875
0.0006365776062011719
0.0017349720001220703
0.0012555122375488281
0.00033164024353027344
0.0006160736083984375
0.0010046958923339844
0.002758026123046875
0.0005459785461425781
