326	id-00000	1	2	10	1	1703.0	1703.0	1703.5	1704.0	1704.0	7.722	EXPIRED
326	id-00001	3	2	5	10	1704.0	1704.0	1704.23	1704.7	1714.0	6.319	COMPLETED
326	id-00002	7	10	8	7	1704.0	1704.0	1704.33	1704.5602	1711.0	23.231	COMPLETED
326	id-00003	8	8	3	10	1704.0	1704.0	1704.15	1704.3219	1714.0	18.533	COMPLETED
326	id-00004	9	15	3	6	1706.0	1706.0	1706.12	1706.4785	1712.0	12.154	COMPLETED
326	id-00005	10	17	3	1	1706.0	1706.0	1706.15	1707.0	1707.0	23.166	EXPIRED
326	id-00006	10	7	4	9	1708.0	1708.0	1708.2	1708.4558	1717.0	30.888	COMPLETED
326	id-00007	10	8	5	10	1709.0	1709.0	1709.25	1709.4653	1719.0	38.61	COMPLETED
326	id-00008	3	3	3	5	1714.0	1714.0	1714.14	1714.5347	1719.0	3.847	COMPLETED
326	id-00009	8	15	8	8	1718.0	1718.0	1718.36	1718.8169	1726.0	37.691	COMPLETED
326	id-00010	4	4	1	7	1719.0	1719.0	1719.05	1719.5317	1726.0	2.146	COMPLETED
326	id-00011	2	4	2	1	1722.0	1722.0	1722.1	1723.0	1723.0	3.089	EXPIRED
326	id-00012	9	10	4	9	1728.0	1728.0	1728.17	1728.2795	1737.0	17.218	COMPLETED
326	id-00013	6	8	3	6	1728.0	1728.0	1728.14	1728.3381	1734.0	11.653	COMPLETED
326	id-00014	3	6	3	9	1729.0	1729.0	1729.14	1729.4536	1738.0	5.167	COMPLETED
326	id-00015	7	12	6	7	1730.0	1730.0	1730.29	1730.6989	1737.0	28.617	COMPLETED
326	id-00016	7	2	9	5	1731.0	1731.0	1731.38	1731.6767	1736.0	26.75	COMPLETED
326	id-00017	3	6	5	4	1731.0	1731.0	1731.24	1731.4751	1735.0	8.857	COMPLETED
326	id-00018	6	3	2	2	1732.0	1732.0	1732.1	1732.3863	1734.0	8.324	COMPLETED
326	id-00019	9	15	9	1	1736.0	1736.0	1736.41	1737.0	1737.0	49.257	EXPIRED
326	id-00020	9	16	4	5	1736.0	1736.0	1736.17	1736.6474	1741.0	18.821	COMPLETED
326	id-00021	5	6	1	8	1736.0	1736.0	1736.04	1736.3538	1744.0	1.957	COMPLETED
326	id-00022	4	8	8	7	1737.0	1737.0	1737.38	1737.7283	1744.0	19.892	COMPLETED
326	id-00023	7	8	6	5	1738.0	1738.0	1738.29	1738.7171	1743.0	28.617	COMPLETED
326	id-00024	1	2	9	9	1738.0	1738.0	1738.43	1738.6395	1747.0	2.587	COMPLETED
326	id-00025	2	2	1	7	1739.0	1739.0	1739.05	1739.1766	1746.0	1.073	COMPLETED
326	id-00026	5	9	1	3	1739.0	1739.0	1739.09	1739.4616	1742.0	6.95	COMPLETED
326	id-00027	9	17	2	6	1739.0	1739.0	1739.09	1739.2516	1745.0	9.964	COMPLETED
326	id-00028	4	6	7	6	1739.0	1739.0	1739.61	1739.8472	1745.0	20.43	COMPLETED
326	id-00029	1	2	3	9	1740.0	1740.0	1740.13	1740.5337	1749.0	0.782	COMPLETED
326	id-00030	8	3	3	8	1740.0	1740.0	1740.14	1740.3848	1748.0	15.977	COMPLETED
326	id-00031	1	2	6	10	1740.0	1740.0	1740.48	1740.755	1750.0	7.413	COMPLETED
326	id-00032	6	3	1	7	1740.0	1740.0	1740.08	1740.4882	1747.0	3.642	COMPLETED
326	id-00033	8	15	2	3	1741.0	1741.0	1741.1	1741.596	1744.0	11.412	COMPLETED
326	id-00034	3	6	9	1	1742.0	1742.0	1742.43	1743.0	1743.0	15.869	EXPIRED
326	id-00035	3	3	2	9	1745.0	1745.0	1745.1	1745.5906	1754.0	3.69	COMPLETED
326	id-00036	1	2	7	9	1746.0	1746.0	1746.35	1746.5218	1755.0	5.405	COMPLETED
326	id-00037	7	6	1	7	1747.0	1747.0	1747.05	1747.4921	1754.0	4.934	COMPLETED
326	id-00038	8	9	6	7	1749.0	1749.0	1749.29	1749.6787	1756.0	33.096	COMPLETED
326	id-00039	8	5	4	6	1750.0	1750.0	1750.19	1750.4674	1756.0	21.684	COMPLETED
326	id-00040	5	6	10	4	1751.0	1751.0	1751.48	1751.7478	1755.0	32.54	COMPLETED
326	id-00041	10	6	4	4	1751.0	1751.0	1751.18	1751.5709	1755.0	24.405	COMPLETED
326	id-00042	3	5	6	1	1752.0	1752.0	1752.25	1753.0	1753.0	4.512	EXPIRED
326	id-00043	6	6	9	4	1752.0	1752.0	1752.43	1752.9226	1756.0	35.791	COMPLETED
326	id-00044	4	8	9	8	1754.0	1754.0	1754.38	1754.8187	1762.0	9.144	COMPLETED
326	id-00045	7	4	3	10	1754.0	1754.0	1754.14	1754.2478	1764.0	13.815	COMPLETED
326	id-00046	7	6	7	9	1755.0	1755.0	1755.33	1755.4365	1764.0	32.564	COMPLETED
326	id-00047	9	10	4	8	1756.0	1756.0	1756.18	1756.3968	1764.0	21.625	COMPLETED
326	id-00048	3	6	3	6	1756.0	1756.0	1756.13	1756.5898	1762.0	2.346	COMPLETED
326	id-00049	3	3	10	3	1757.0	1757.0	1757.48	1757.682	1760.0	17.714	COMPLETED
326	id-00050	10	14	8	2	1757.0	1757.0	1757.36	1757.5598	1759.0	48.81	COMPLETED
326	id-00051	5	8	7	6	1758.0	1758.0	1758.3	1758.696	1764.0	14.681	COMPLETED
326	id-00052	8	6	2	3	1758.0	1758.0	1758.1	1758.4965	1761.0	11.412	COMPLETED
326	id-00053	8	9	3	1	1759.0	1759.0	1759.13	1760.0	1760.0	12.385	EXPIRED
326	id-00054	4	5	7	5	1759.0	1759.0	1759.33	1759.5478	1764.0	17.275	COMPLETED
326	id-00055	8	6	10	10	1759.0	1759.0	1759.45	1759.8963	1769.0	47.113	COMPLETED
326	id-00056	8	3	10	10	1760.0	1760.0	1760.45	1760.7632	1770.0	47.113	COMPLETED
326	id-00057	6	12	5	5	1761.0	1761.0	1761.23	1761.5846	1766.0	16.976	COMPLETED
326	id-00058	6	7	6	10	1761.0	1761.0	1761.27	1761.739	1771.0	19.928	COMPLETED
326	id-00059	10	13	1	1	1761.0	1761.0	1761.05	1762.0	1762.0	6.779	EXPIRED
326	id-00060	9	10	2	3	1762.0	1762.0	1762.09	1762.3246	1765.0	10.813	COMPLETED
326	id-00061	10	13	2	8	1763.0	1763.0	1763.09	1763.1945	1771.0	12.203	COMPLETED
326	id-00062	6	7	8	7	1763.0	1763.0	1763.33	1763.7408	1770.0	18.134	COMPLETED
326	id-00063	7	12	7	3	1763.0	1763.0	1763.32	1763.5911	1766.0	28.561	COMPLETED
326	id-00064	7	13	2	5	1763.0	1763.0	1763.09	1763.4594	1768.0	8.033	COMPLETED
326	id-00065	8	5	3	3	1764.0	1764.0	1764.14	1764.3143	1767.0	14.657	COMPLETED
326	id-00066	7	8	5	7	1765.0	1765.0	1765.22	1765.6307	1772.0	17.561	COMPLETED
326	id-00067	5	9	2	5	1765.0	1765.0	1765.09	1765.3718	1770.0	4.404	COMPLETED
326	id-00068	4	3	5	5	1767.0	1767.0	1767.22	1767.7177	1772.0	7.368	COMPLETED
326	id-00069	9	17	5	9	1768.0	1768.0	1768.22	1768.5243	1777.0	24.357	COMPLETED
326	id-00070	3	3	1	6	1768.0	1768.0	1768.09	1768.2514	1774.0	1.624	COMPLETED
326	id-00071	2	2	1	5	1768.0	1768.0	1768.09	1768.5719	1773.0	2.78	COMPLETED
326	id-00072	2	2	3	3	1770.0	1770.0	1770.15	1770.5704	1773.0	4.633	COMPLETED
326	id-00073	3	5	4	3	1771.0	1771.0	1771.18	1771.5823	1774.0	4.946	COMPLETED
326	id-00074	9	2	8	3	1771.0	1771.0	1771.33	1771.5981	1774.0	33.424	COMPLETED
326	id-00075	2	3	9	4	1773.0	1773.0	1773.45	1773.7961	1777.0	13.9	COMPLETED
326	id-00076	3	6	7	8	1775.0	1775.0	1775.33	1775.4538	1783.0	12.178	COMPLETED
326	id-00077	10	3	7	1	1777.0	1777.0	1777.29	1778.0	1778.0	33.851	EXPIRED
326	id-00078	5	9	7	2	1778.0	1778.0	1778.33	1778.7609	1780.0	22.371	COMPLETED
326	id-00079	3	3	10	10	1778.0	1778.0	1778.83	1779.2493	1788.0	14.98	COMPLETED
326	id-00080	8	8	6	8	1778.0	1778.0	1778.5	1778.9336	1786.0	57.062	COMPLETED
326	id-00081	9	9	3	2	1778.0	1778.0	1778.12	1778.2431	1780.0	11.023	COMPLETED
326	id-00082	3	4	8	10	1778.0	1778.0	1778.32	1778.6168	1788.0	5.775	COMPLETED
326	id-00083	9	11	4	1	1782.0	1782.0	1782.15	1783.0	1783.0	12.364	EXPIRED
326	id-00084	1	2	10	3	1782.0	1782.0	1782.43	1782.5351	1785.0	2.587	COMPLETED
326	id-00085	2	2	10	4	1783.0	1783.0	1783.5	1783.9955	1787.0	15.444	COMPLETED
326	id-00086	10	13	2	8	1784.0	1784.0	1784.09	1784.349	1792.0	11.354	COMPLETED
326	id-00087	1	2	7	9	1784.0	1784.0	1784.33	1784.7352	1793.0	1.985	COMPLETED
326	id-00088	6	10	2	8	1785.0	1785.0	1785.1	1785.271	1793.0	9.266	COMPLETED
326	id-00089	5	2	1	9	1786.0	1786.0	1786.05	1786.2755	1795.0	3.861	COMPLETED
326	id-00090	6	10	5	4	1788.0	1788.0	1788.5	1788.95	1792.0	46.332	COMPLETED
326	id-00091	1	2	3	1	1788.0	1788.0	1788.3	1789.0	1789.0	4.633	EXPIRED
326	id-00092	1	2	4	4	1788.0	1788.0	1788.17	1788.5359	1792.0	1.023	COMPLETED
326	id-00093	9	3	9	7	1789.0	1789.0	1789.38	1789.7332	1796.0	38.488	COMPLETED
326	id-00094	3	5	10	1	1790.0	1790.0	1790.5	1791.0	1791.0	23.166	EXPIRED
326	id-00095	4	7	2	4	1791.0	1791.0	1791.2	1791.6798	1795.0	12.355	COMPLETED
326	id-00096	4	8	5	1	1791.0	1791.0	1791.5	1792.0	1792.0	30.888	EXPIRED
326	id-00097	1	2	8	6	1791.0	1791.0	1791.4	1791.5935	1797.0	6.178	COMPLETED
326	id-00098	6	9	6	9	1792.0	1792.0	1792.3	1792.4001	1801.0	27.799	COMPLETED
326	id-00099	2	4	9	3	1792.0	1792.0	1792.45	1792.6511	1795.0	13.9	COMPLETED
326	id-00100	7	4	7	5	1794.0	1794.0	1794.35	1794.5338	1799.0	37.838	COMPLETED
326	id-00101	6	7	6	2	1796.0	1796.0	1796.3	1796.6785	1798.0	27.799	COMPLETED
326	id-00102	8	2	10	7	1797.0	1797.0	1797.5	1797.8347	1804.0	61.776	COMPLETED
326	id-00103	1	2	1	2	1798.0	1798.0	1798.05	1798.4144	1800.0	0.772	COMPLETED
326	id-00104	6	9	3	3	1798.0	1798.0	1798.15	1798.5727	1801.0	13.9	COMPLETED
326	id-00105	8	10	6	4	1799.0	1799.0	1799.3	1799.7117	1803.0	37.066	COMPLETED
326	id-00106	6	5	10	5	1799.0	1799.0	1799.37	1799.5113	1804.0	13.356	COMPLETED
326	id-00107	5	3	2	10	1799.0	1799.0	1799.09	1799.2841	1809.0	5.253	COMPLETED
326	id-00108	4	5	4	3	1799.0	1799.0	1799.17	1799.3598	1802.0	4.091	COMPLETED
326	id-00109	1	2	5	4	1800.0	1800.0	1800.25	1800.6203	1804.0	3.861	COMPLETED
326	id-00110	9	10	5	2	1802.0	1802.0	1802.19	1802.6097	1804.0	13.87	COMPLETED
326	id-00111	9	6	7	7	1804.0	1804.0	1804.26	1804.6054	1811.0	18.98	COMPLETED
326	id-00112	7	7	9	8	1805.0	1805.0	1805.43	1805.5997	1813.0	42.432	COMPLETED
326	id-00113	2	3	10	3	1807.0	1807.0	1807.5	1807.8452	1810.0	15.444	COMPLETED
326	id-00114	3	2	2	4	1809.0	1809.0	1809.1	1809.3541	1813.0	3.69	COMPLETED
326	id-00115	9	11	9	9	1809.0	1809.0	1809.72	1809.9757	1818.0	66.136	COMPLETED
326	id-00116	3	2	5	8	1809.0	1809.0	1809.4	1809.6506	1817.0	18.533	COMPLETED
326	id-00117	10	19	5	8	1809.0	1809.0	1809.25	1809.7123	1817.0	38.61	COMPLETED
326	id-00118	4	7	2	1	1809.0	1809.0	1809.07	1810.0	1810.0	1.684	EXPIRED
326	id-00119	8	6	9	1	1810.0	1810.0	1810.43	1811.0	1811.0	49.073	EXPIRED
326	id-00120	6	4	7	9	1813.0	1813.0	1813.23	1813.5364	1822.0	8.302	COMPLETED
326	id-00121	3	3	9	4	1813.0	1813.0	1813.86	1813.9661	1817.0	31.737	COMPLETED
326	id-00122	2	3	9	7	1813.0	1813.0	1813.86	1814.2986	1820.0	26.564	COMPLETED
326	id-00123	6	7	10	4	1814.0	1814.0	1814.48	1814.7462	1818.0	39.953	COMPLETED
326	id-00124	2	4	9	8	1814.0	1814.0	1814.45	1814.7209	1822.0	13.9	COMPLETED
326	id-00125	4	5	4	10	1816.0	1816.0	1816.19	1816.5385	1826.0	9.946	COMPLETED
326	id-00126	4	2	6	5	1816.0	1816.0	1816.24	1816.365	1821.0	5.775	COMPLETED
326	id-00127	6	7	10	6	1816.0	1816.0	1816.34	1816.6211	1822.0	12.273	COMPLETED
326	id-00128	5	2	8	8	1820.0	1820.0	1820.4	1820.8222	1828.0	30.888	COMPLETED
326	id-00129	1	2	9	8	1820.0	1820.0	1820.31	1820.4551	1828.0	1.865	COMPLETED
326	id-00130	6	9	10	2	1822.0	1822.0	1822.5	1822.8698	1824.0	46.332	COMPLETED
326	id-00131	8	6	6	1	1823.0	1823.0	1823.3	1824.0	1824.0	37.066	EXPIRED
326	id-00132	2	2	3	1	1823.0	1823.0	1823.15	1824.0	1824.0	4.633	EXPIRED
326	id-00133	2	4	9	1	1824.0	1824.0	1824.45	1825.0	1825.0	13.9	EXPIRED
326	id-00134	3	6	6	6	1826.0	1826.0	1826.3	1826.4034	1832.0	13.9	COMPLETED
326	id-00135	8	2	8	3	1828.0	1828.0	1828.4	1828.6802	1831.0	49.421	COMPLETED
326	id-00136	7	14	8	1	1829.0	1829.0	1829.31	1830.0	1830.0	15.977	EXPIRED
326	id-00137	9	3	4	7	1829.0	1829.0	1829.15	1829.3498	1836.0	12.364	COMPLETED
326	id-00138	3	2	9	5	1833.0	1833.0	1833.45	1833.7607	1838.0	20.849	COMPLETED
326	id-00139	9	14	8	8	1833.0	1833.0	1833.33	1833.7	1841.0	33.424	COMPLETED
326	id-00140	3	2	2	5	1834.0	1834.0	1834.1	1834.435	1839.0	4.633	COMPLETED
326	id-00141	6	10	5	10	1835.0	1835.0	1835.25	1835.6738	1845.0	23.166	COMPLETED
326	id-00142	3	6	5	4	1836.0	1836.0	1836.25	1836.5398	1840.0	11.583	COMPLETED
326	id-00143	2	3	2	1	1838.0	1838.0	1838.1	1839.0	1839.0	3.089	EXPIRED
326	id-00144	7	9	10	5	1838.0	1838.0	1838.5	1838.6337	1843.0	54.054	COMPLETED
326	id-00145	7	2	3	5	1838.0	1838.0	1838.12	1838.4979	1843.0	8.448	COMPLETED
326	id-00146	5	4	2	6	1839.0	1839.0	1839.1	1839.503	1845.0	7.722	COMPLETED
326	id-00147	7	2	3	10	1840.0	1840.0	1840.29	1840.5651	1850.0	31.351	COMPLETED
326	id-00148	1	2	9	5	1840.0	1840.0	1840.86	1841.3447	1845.0	5.174	COMPLETED
326	id-00149	2	2	10	10	1840.0	1840.0	1840.5	1840.787	1850.0	15.444	COMPLETED
326	id-00150	6	7	3	2	1840.0	1840.0	1840.12	1840.221	1842.0	5.463	COMPLETED
326	id-00151	2	2	3	9	1843.0	1843.0	1843.12	1843.5868	1852.0	1.444	COMPLETED
326	id-00152	4	8	3	5	1843.0	1843.0	1843.14	1843.3066	1848.0	7.329	COMPLETED
326	id-00153	9	2	1	2	1844.0	1844.0	1844.04	1844.2119	1846.0	3.674	COMPLETED
326	id-00154	8	13	10	1	1844.0	1844.0	1844.37	1845.0	1845.0	21.296	EXPIRED
326	id-00155	9	8	8	6	1846.0	1846.0	1846.32	1846.7319	1852.0	29.394	COMPLETED
326	id-00156	9	5	9	8	1846.0	1846.0	1846.33	1846.5185	1854.0	24.09	COMPLETED
326	id-00157	8	9	9	1	1846.0	1846.0	1846.45	1847.0	1847.0	55.598	EXPIRED
326	id-00158	6	10	3	1	1847.0	1847.0	1847.15	1848.0	1848.0	13.9	EXPIRED
326	id-00159	4	6	4	3	1847.0	1847.0	1847.16	1847.5055	1850.0	3.85	COMPLETED
326	id-00160	1	2	8	7	1848.0	1848.0	1848.4	1848.8081	1855.0	6.178	COMPLETED
326	id-00161	7	14	7	6	1849.0	1849.0	1849.35	1849.8228	1855.0	37.838	COMPLETED
326	id-00162	1	2	3	5	1849.0	1849.0	1849.15	1849.647	1854.0	2.317	COMPLETED
326	id-00163	3	3	3	2	1850.0	1850.0	1850.12	1850.5959	1852.0	2.166	COMPLETED
326	id-00164	8	4	2	8	1850.0	1850.0	1850.1	1850.4356	1858.0	12.355	COMPLETED
326	id-00165	9	9	4	6	1850.0	1850.0	1850.16	1850.4943	1856.0	14.697	COMPLETED
326	id-00166	3	2	8	8	1852.0	1852.0	1852.4	1852.7493	1860.0	18.533	COMPLETED
326	id-00167	5	3	2	9	1853.0	1853.0	1853.2	1853.3789	1862.0	15.444	COMPLETED
326	id-00168	10	19	8	7	1853.0	1853.0	1853.4	1853.6734	1860.0	61.776	COMPLETED
326	id-00169	4	8	10	1	1853.0	1853.0	1853.42	1854.0	1854.0	10.107	EXPIRED
326	id-00170	3	2	9	5	1853.0	1853.0	1853.36	1853.547	1858.0	6.497	COMPLETED
326	id-00171	3	2	2	9	1853.0	1853.0	1853.2	1853.3267	1862.0	9.266	COMPLETED
326	id-00172	9	18	4	7	1855.0	1855.0	1855.17	1855.404	1862.0	17.218	COMPLETED
326	id-00173	7	10	6	4	1855.0	1855.0	1855.24	1855.5926	1859.0	14.632	COMPLETED
326	id-00174	3	2	10	5	1855.0	1855.0	1855.5	1855.9974	1860.0	23.166	COMPLETED
326	id-00175	5	2	4	10	1855.0	1855.0	1855.16	1855.3542	1865.0	4.813	COMPLETED
326	id-00176	9	5	2	5	1858.0	1858.0	1858.08	1858.5542	1863.0	7.348	COMPLETED
326	id-00177	6	12	8	2	1858.0	1858.0	1858.32	1858.5879	1860.0	14.568	COMPLETED
326	id-00178	1	2	3	5	1858.0	1858.0	1858.15	1858.4507	1863.0	2.317	COMPLETED
326	id-00179	1	2	1	2	1860.0	1860.0	1860.05	1860.2067	1862.0	0.772	COMPLETED
326	id-00180	7	4	4	6	1861.0	1861.0	1861.15	1861.3817	1867.0	7.731	COMPLETED
326	id-00181	10	20	10	4	1861.0	1861.0	1861.4	1861.8432	1865.0	42.92	COMPLETED
326	id-00182	7	5	4	4	1861.0	1861.0	1861.17	1861.4257	1865.0	11.967	COMPLETED
326	id-00183	1	2	6	5	1863.0	1863.0	1863.3	1863.4216	1868.0	4.633	COMPLETED
326	id-00184	6	8	9	1	1865.0	1865.0	1865.39	1866.0	1866.0	25.108	EXPIRED
326	id-00185	10	19	4	6	1865.0	1865.0	1865.16	1865.3411	1871.0	17.168	COMPLETED
326	id-00186	6	5	7	8	1867.0	1867.0	1867.35	1867.7001	1875.0	32.432	COMPLETED
326	id-00187	10	7	6	3	1868.0	1868.0	1868.24	1868.5661	1871.0	25.752	COMPLETED
326	id-00188	7	4	4	9	1869.0	1869.0	1869.2	1869.4753	1878.0	21.622	COMPLETED
326	id-00189	10	10	2	3	1870.0	1870.0	1870.08	1870.347	1873.0	7.83	COMPLETED
326	id-00190	6	2	10	2	1870.0	1870.0	1870.4	1870.7574	1872.0	18.21	COMPLETED
326	id-00191	3	3	10	10	1871.0	1871.0	1871.45	1871.8369	1881.0	12.364	COMPLETED
326	id-00192	4	7	7	6	1872.0	1872.0	1872.32	1872.6548	1878.0	13.734	COMPLETED
326	id-00193	8	7	4	8	1874.0	1874.0	1874.18	1874.6683	1882.0	18.845	COMPLETED
326	id-00194	6	4	7	6	1875.0	1875.0	1875.32	1875.708	1881.0	23.619	COMPLETED
326	id-00195	4	3	9	7	1878.0	1878.0	1878.41	1878.8255	1885.0	17.597	COMPLETED
326	id-00196	5	5	6	2	1878.0	1878.0	1878.24	1878.63	1880.0	7.219	COMPLETED
326	id-00197	6	9	4	4	1879.0	1879.0	1879.18	1879.4901	1883.0	13.285	COMPLETED
326	id-00198	2	3	10	4	1882.0	1882.0	1882.91	1883.2622	1886.0	19.529	COMPLETED
326	id-00199	1	2	8	6	1882.0	1882.0	1882.59	1882.9104	1888.0	3.549	COMPLETED
326	id-00200	8	14	3	8	1882.0	1882.0	1882.22	1882.6871	1890.0	14.736	COMPLETED
326	id-00201	1	2	5	6	1882.0	1882.0	1882.45	1882.7413	1888.0	2.707	COMPLETED
326	id-00202	1	2	2	6	1884.0	1884.0	1884.1	1884.4682	1890.0	1.544	COMPLETED
326	id-00203	1	2	1	6	1885.0	1885.0	1885.05	1885.3635	1891.0	0.772	COMPLETED
326	id-00204	8	2	4	6	1886.0	1886.0	1886.17	1886.6151	1892.0	14.593	COMPLETED
326	id-00205	9	17	5	9	1887.0	1887.0	1887.19	1887.336	1896.0	15.661	COMPLETED
326	id-00206	4	2	1	6	1887.0	1887.0	1887.04	1887.2678	1893.0	0.963	COMPLETED
326	id-00207	6	4	4	3	1889.0	1889.0	1889.17	1889.4894	1892.0	9.342	COMPLETED
326	id-00208	7	4	9	4	1891.0	1891.0	1891.38	1891.622	1895.0	26.75	COMPLETED
326	id-00209	9	15	8	8	1893.0	1893.0	1893.31	1893.7353	1901.0	25.553	COMPLETED
326	id-00210	1	2	6	10	1894.0	1894.0	1894.5	1894.6289	1904.0	3.008	COMPLETED
326	id-00211	6	4	8	10	1894.0	1894.0	1894.67	1894.9334	1904.0	43.135	COMPLETED
326	id-00212	5	9	3	9	1895.0	1895.0	1895.12	1895.4618	1904.0	4.741	COMPLETED
326	id-00213	2	4	6	10	1896.0	1896.0	1896.3	1896.5204	1906.0	9.266	COMPLETED
326	id-00214	10	19	4	2	1898.0	1898.0	1898.16	1898.6246	1900.0	17.168	COMPLETED
326	id-00215	7	3	6	9	1900.0	1900.0	1900.23	1900.414	1909.0	11.854	COMPLETED
326	id-00216	7	5	2	6	1900.0	1900.0	1900.08	1900.5273	1906.0	5.632	COMPLETED
326	id-00217	7	2	5	4	1901.0	1901.0	1901.19	1901.4868	1905.0	9.793	COMPLETED
326	id-00218	1	2	2	8	1901.0	1901.0	1901.08	1901.4692	1909.0	0.481	COMPLETED
326	id-00219	2	3	2	8	1901.0	1901.0	1901.08	1901.3048	1909.0	0.963	COMPLETED
326	id-00220	4	2	9	4	1903.0	1903.0	1903.38	1903.7332	1907.0	9.144	COMPLETED
326	id-00221	7	10	10	6	1904.0	1904.0	1904.42	1904.7929	1910.0	29.566	COMPLETED
326	id-00222	6	6	1	6	1905.0	1905.0	1905.04	1905.3695	1911.0	2.575	COMPLETED
326	id-00223	10	10	10	6	1908.0	1908.0	1908.43	1908.538	1914.0	54.247	COMPLETED
326	id-00224	1	2	6	4	1908.0	1908.0	1908.44	1908.9317	1912.0	2.647	COMPLETED
326	id-00225	10	9	9	8	1908.0	1908.0	1908.67	1909.1429	1916.0	65.574	COMPLETED
326	id-00226	10	15	10	1	1910.0	1910.0	1910.4	1911.0	1911.0	42.92	EXPIRED
326	id-00227	2	3	1	9	1911.0	1911.0	1911.04	1911.2905	1920.0	0.481	COMPLETED
326	id-00228	1	2	2	9	1911.0	1911.0	1911.1	1911.3495	1920.0	1.544	COMPLETED
326	id-00229	6	11	3	2	1913.0	1913.0	1913.12	1913.3122	1915.0	5.463	COMPLETED
326	id-00230	9	14	8	7	1913.0	1913.0	1913.32	1913.4562	1920.0	29.394	COMPLETED
326	id-00231	6	10	6	2	1913.0	1913.0	1913.26	1913.6102	1915.0	16.739	COMPLETED
326	id-00232	4	6	10	6	1918.0	1918.0	1918.45	1918.7775	1924.0	19.314	COMPLETED
326	id-00233	10	2	9	4	1919.0	1919.0	1919.35	1919.4967	1923.0	34.255	COMPLETED
326	id-00234	4	3	8	8	1920.0	1920.0	1920.33	1920.4918	1928.0	7.941	COMPLETED
326	id-00235	7	11	6	6	1920.0	1920.0	1920.27	1920.7335	1926.0	24.098	COMPLETED
326	id-00236	1	2	9	6	1921.0	1921.0	1921.82	1922.27	1927.0	4.933	COMPLETED
326	id-00237	7	9	7	2	1921.0	1921.0	1921.29	1921.6641	1923.0	20.415	COMPLETED
326	id-00238	5	2	4	5	1921.0	1921.0	1921.36	1921.5097	1926.0	24.405	COMPLETED
326	id-00239	1	2	4	10	1923.0	1923.0	1923.2	1923.6312	1933.0	3.089	COMPLETED
326	id-00240	10	17	9	1	1924.0	1924.0	1924.33	1925.0	1925.0	29.187	EXPIRED
326	id-00241	1	2	10	6	1926.0	1926.0	1926.87	1927.1965	1932.0	5.234	COMPLETED
326	id-00242	5	6	4	4	1926.0	1926.0	1926.17	1926.5521	1930.0	6.716	COMPLETED
326	id-00243	3	3	9	1	1926.0	1926.0	1926.78	1927.0	1927.0	21.431	EXPIRED
326	id-00244	2	4	4	9	1928.0	1928.0	1928.17	1928.6509	1937.0	2.045	COMPLETED
326	id-00245	7	9	2	2	1928.0	1928.0	1928.08	1928.5402	1930.0	5.632	COMPLETED
326	id-00246	5	6	7	1	1930.0	1930.0	1930.32	1931.0	1931.0	18.676	EXPIRED
326	id-00247	4	3	1	10	1931.0	1931.0	1931.04	1931.4398	1941.0	0.963	COMPLETED
326	id-00248	3	3	8	4	1931.0	1931.0	1931.36	1931.7146	1935.0	9.891	COMPLETED
326	id-00249	6	5	1	5	1932.0	1932.0	1932.05	1932.443	1937.0	3.69	COMPLETED
326	id-00250	9	18	6	5	1933.0	1933.0	1933.21	1933.6975	1938.0	13.35	COMPLETED
326	id-00251	7	6	10	9	1933.0	1933.0	1933.42	1933.767	1942.0	29.566	COMPLETED
326	id-00252	10	10	9	4	1933.0	1933.0	1933.38	1933.7684	1937.0	44.357	COMPLETED
326	id-00253	4	5	8	9	1934.0	1934.0	1934.36	1934.4821	1943.0	15.451	COMPLETED
326	id-00254	2	2	8	6	1934.0	1934.0	1934.33	1934.6629	1940.0	3.971	COMPLETED
326	id-00255	7	2	10	10	1934.0	1934.0	1934.36	1934.627	1944.0	15.16	COMPLETED
326	id-00256	8	7	9	5	1935.0	1935.0	1935.43	1935.5857	1940.0	49.073	COMPLETED
326	id-00257	6	9	1	1	1937.0	1937.0	1937.05	1938.0	1938.0	4.162	EXPIRED
326	id-00258	4	7	4	9	1938.0	1938.0	1938.38	1938.767	1947.0	23.475	COMPLETED
326	id-00259	4	8	10	4	1938.0	1938.0	1938.95	1939.3146	1942.0	49.731	COMPLETED
326	id-00260	10	18	3	7	1939.0	1939.0	1939.12	1939.4773	1946.0	11.745	COMPLETED
326	id-00261	9	8	2	5	1940.0	1940.0	1940.08	1940.1869	1945.0	7.348	COMPLETED
326	id-00262	4	6	2	9	1940.0	1940.0	1940.09	1940.2774	1949.0	3.014	COMPLETED
326	id-00263	5	6	5	6	1942.0	1942.0	1942.22	1942.6538	1948.0	10.766	COMPLETED
326	id-00264	4	6	5	7	1942.0	1942.0	1942.24	1942.6121	1949.0	12.564	COMPLETED
326	id-00265	6	8	5	10	1943.0	1943.0	1943.24	1943.3599	1953.0	19.977	COMPLETED
326	id-00266	9	12	10	1	1943.0	1943.0	1943.43	1944.0	1944.0	47.606	EXPIRED
326	id-00267	9	14	6	7	1944.0	1944.0	1944.26	1944.3695	1951.0	28.785	COMPLETED
326	id-00268	10	2	8	10	1945.0	1945.0	1945.4	1945.5421	1955.0	61.776	COMPLETED
326	id-00269	9	9	5	5	1945.0	1945.0	1945.22	1945.3871	1950.0	24.357	COMPLETED
326	id-00270	10	12	10	2	1945.0	1945.0	1945.4	1945.7008	1947.0	42.92	COMPLETED
326	id-00271	1	2	5	6	1947.0	1947.0	1947.25	1947.7405	1953.0	3.861	COMPLETED
326	id-00272	2	2	3	1	1948.0	1948.0	1948.12	1949.0	1949.0	1.444	EXPIRED
326	id-00273	6	10	6	5	1948.0	1948.0	1948.29	1948.4342	1953.0	24.138	COMPLETED
326	id-00274	8	4	7	4	1949.0	1949.0	1949.28	1949.4461	1953.0	21.395	COMPLETED
326	id-00275	10	7	7	5	1949.0	1949.0	1949.3	1949.6683	1954.0	37.847	COMPLETED
326	id-00276	6	3	4	7	1949.0	1949.0	1949.19	1949.3157	1956.0	15.815	COMPLETED
326	id-00277	1	2	2	6	1950.0	1950.0	1950.1	1950.4134	1956.0	1.544	COMPLETED
326	id-00278	10	14	1	4	1952.0	1952.0	1952.04	1952.4471	1956.0	4.292	COMPLETED
326	id-00279	3	4	10	7	1953.0	1953.0	1953.43	1953.5562	1960.0	7.761	COMPLETED
326	id-00280	3	6	7	4	1954.0	1954.0	1954.3	1954.6305	1958.0	5.414	COMPLETED
326	id-00281	3	6	10	2	1956.0	1956.0	1956.45	1956.6021	1958.0	12.364	COMPLETED
326	id-00282	8	8	2	2	1957.0	1957.0	1957.09	1957.4628	1959.0	9.423	COMPLETED
326	id-00283	10	12	9	2	1958.0	1958.0	1958.33	1958.4318	1960.0	29.187	COMPLETED
326	id-00284	1	2	2	9	1959.0	1959.0	1959.1	1959.3475	1968.0	1.544	COMPLETED
326	id-00285	5	8	8	7	1961.0	1961.0	1961.38	1961.7432	1968.0	25.761	COMPLETED
326	id-00286	8	12	4	4	1962.0	1962.0	1962.19	1962.5896	1966.0	21.684	COMPLETED
326	id-00287	6	7	9	8	1963.0	1963.0	1963.43	1963.81	1971.0	35.791	COMPLETED
326	id-00288	3	4	3	7	1963.0	1963.0	1963.13	1963.4886	1970.0	2.346	COMPLETED
326	id-00289	1	2	5	5	1964.0	1964.0	1964.25	1964.5053	1969.0	3.861	COMPLETED
326	id-00290	3	4	9	5	1964.0	1964.0	1964.43	1964.9236	1969.0	15.869	COMPLETED
326	id-00291	5	2	5	5	1965.0	1965.0	1965.24	1965.4415	1970.0	16.27	COMPLETED
326	id-00292	8	16	8	10	1966.0	1966.0	1966.38	1966.6947	1976.0	43.367	COMPLETED
326	id-00293	6	4	3	5	1967.0	1967.0	1967.14	1967.5843	1972.0	11.653	COMPLETED
326	id-00294	3	4	9	2	1967.0	1967.0	1967.38	1967.7471	1969.0	6.858	COMPLETED
326	id-00295	9	12	8	4	1967.0	1967.0	1967.3	1967.7992	1971.0	21.9	COMPLETED
326	id-00296	3	5	3	2	1969.0	1969.0	1969.14	1969.4582	1971.0	5.167	COMPLETED
326	id-00297	2	3	4	3	1970.0	1970.0	1970.2	1970.3517	1973.0	6.178	COMPLETED
326	id-00298	3	4	5	4	1970.0	1970.0	1970.25	1970.6511	1974.0	11.583	COMPLETED
326	id-00299	3	2	1	5	1971.0	1971.0	1971.05	1971.2006	1976.0	2.317	COMPLETED
326	id-00300	8	15	8	2	1971.0	1971.0	1971.36	1971.7887	1973.0	37.691	COMPLETED
326	id-00301	8	8	7	8	1972.0	1972.0	1972.32	1972.6738	1980.0	33.503	COMPLETED
326	id-00302	2	2	5	4	1972.0	1972.0	1972.25	1972.3578	1976.0	7.722	COMPLETED
326	id-00303	4	6	3	1	1977.0	1977.0	1977.15	1978.0	1978.0	9.266	EXPIRED
326	id-00304	8	5	3	3	1978.0	1978.0	1978.15	1978.5312	1981.0	18.533	COMPLETED
326	id-00305	4	2	9	9	1979.0	1979.0	1979.45	1979.6514	1988.0	27.799	COMPLETED
326	id-00306	10	6	10	4	1980.0	1980.0	1980.43	1980.883	1984.0	54.247	COMPLETED
326	id-00307	2	4	4	3	1980.0	1980.0	1980.2	1980.4734	1983.0	6.178	COMPLETED
326	id-00308	4	8	2	4	1981.0	1981.0	1981.1	1981.2686	1985.0	6.178	COMPLETED
326	id-00309	1	2	4	8	1981.0	1981.0	1981.17	1981.5771	1989.0	1.023	COMPLETED
326	id-00310	4	6	10	4	1982.0	1982.0	1982.42	1982.8438	1986.0	10.107	COMPLETED
326	id-00311	7	11	7	3	1982.0	1982.0	1982.35	1982.628	1985.0	37.838	COMPLETED
326	id-00312	6	2	9	6	1983.0	1983.0	1983.45	1983.8305	1989.0	41.699	COMPLETED
326	id-00313	1	2	9	5	1984.0	1984.0	1984.45	1984.8276	1989.0	6.95	COMPLETED
326	id-00314	5	4	7	6	1985.0	1985.0	1985.35	1985.829	1991.0	27.027	COMPLETED
326	id-00315	2	4	5	9	1987.0	1987.0	1987.25	1987.4808	1996.0	7.722	COMPLETED
326	id-00316	6	2	9	4	1989.0	1989.0	1989.45	1989.5849	1993.0	41.699	COMPLETED
326	id-00317	7	12	9	5	1993.0	1993.0	1993.45	1993.5732	1998.0	48.649	COMPLETED
326	id-00318	2	2	5	8	1993.0	1993.0	1993.24	1993.7284	2001.0	5.15	COMPLETED
326	id-00319	2	3	10	1	1995.0	1995.0	1995.5	1996.0	1996.0	15.444	EXPIRED
326	id-00320	1	2	8	1	1997.0	1997.0	1997.4	1998.0	1998.0	6.178	EXPIRED
326	id-00321	3	5	2	1	1998.0	1998.0	1998.1	1999.0	1999.0	4.633	EXPIRED
326	id-00322	10	2	8	10	1999.0	1999.0	1999.32	1999.5591	2009.0	34.336	COMPLETED
326	id-00323	4	2	1	4	1999.0	1999.0	1999.1	1999.3883	2003.0	6.178	COMPLETED
326	id-00324	4	8	7	4	1999.0	1999.0	1999.7	2000.0971	2003.0	43.243	COMPLETED
326	id-00325	1	2	7	3	2000.0	2000.0	2000.35	2000.4707	2003.0	5.405	COMPLETED
