0.00226593017578125
0.0008900165557861328
0.0014126300811767578
0.012598037719726562
0.0008134841918945312
0.001255035400390625
0.002686738967895508
0.0008518695831298828
0.00054168701171875
0.003909587860107422
0.0009796619415283203
0.0031654834747314453
0.001573801040649414
0.0017502307891845703
0.0016596317291259766
0.0022373199462890625
0.0009746551513671875
0.0017282962799072266
0.0010755062103271484
0.0005829334259033203
0.005466461181640625
0.0027413368225097656
0.00035119056701660156
0.0009999275207519531
0.005196809768676758
0.0038073062896728516
0.0006618499755859375
0.0008673667907714844
0.0013735294342041016
0.0015132427215576172
0.0009367465972900391
0.0009045600891113281
0.0009639263153076172
0.0014882087707519531
0.001605987548828125
0.003965616226196289
0.0011479854583740234
0.001026153564453125
0.0024251937866210938
0.001077413558959961
0.0023193359375
0.0011484622955322266
0.004328727722167969
0.0004165172576904297
0.0010428428649902344
0.0006811618804931641
0.004459857940673828
0.0008492469787597656
0.0025348663330078125
0.0008754730224609375
0.0022869110107421875
0.001325368881225586
0.0008220672607421875
0.0009253025054931641
0.0008690357208251953
0.001287221908569336
0.0013442039489746094
0.0012056827545166016
0.0005497932434082031
0.0011916160583496094
0.0008900165557861328
0.0011255741119384766
0.0057392120361328125
0.0007774829864501953
0.002311229705810547
0.0014638900756835938
0.0008647441864013672
0.0005812644958496094
0.0013616085052490234
0.002460479736328125
0.00057220458984375
0.0005884170532226562
0.004799842834472656
0.002736330032348633
0.0008273124694824219
0.0005557537078857422
0.005589962005615234
0.0029969215393066406
0.0009577274322509766
0.002771615982055664
0.0036983489990234375
0.0019061565399169922
0.0009710788726806641
0.0030164718627929688
0.0027458667755126953
0.001466989517211914
0.0016181468963623047
0.0015549659729003906
0.0005624294281005859
0.0035049915313720703
0.003534555435180664
0.0007741451263427734
0.0010051727294921875
0.0007431507110595703
0.0007350444793701172
0.0008585453033447266
0.0009953975677490234
0.0011081695556640625
0.0013394355773925781
0.0003330707550048828
0.0019583702087402344
0.00128936767578125
0.0012173652648925781
0.002992868423461914
0.0005404949188232422
0.0015833377838134766
0.0007984638214111328
0.0005438327789306641
0.002666950225830078
0.0008208751678466797
0.0008189678192138672
0.0008280277252197266
0.0010464191436767578
0.002939939498901367
0.000873565673828125
0.00036334991455078125
0.0014863014221191406
0.00037860870361328125
0.0012710094451904297
0.0005943775177001953
0.004045009613037109
0.0023682117462158203
0.0008792877197265625
0.0015287399291992188
0.0008387565612792969
0.0008299350738525391
0.0016651153564453125
0.0018947124481201172
0.0008411407470703125
0.0017001628875732422
0.0021479129791259766
0.0003383159637451172
0.001424551010131836
0.0009396076202392578
0.0009405612945556641
0.0013742446899414062
0.0009312629699707031
0.007686614990234375
0.0008807182312011719
0.0023474693298339844
0.0009558200836181641
0.004278898239135742
0.0008473396301269531
0.004217386245727539
0.0009081363677978516
0.0010981559753417969
0.0006496906280517578
0.0013079643249511719
0.003746509552001953
0.002367734909057617
0.0074770450592041016
0.004279613494873047
0.0005888938903808594
0.0003542900085449219
0.002268552780151367
0.0020449161529541016
0.0013916492462158203
0.0022513866424560547
0.0008246898651123047
0.0022344589233398438
0.001322031021118164
0.0007069110870361328
0.0014462471008300781
0.0009453296661376953
0.0021033287048339844
0.002673625946044922
0.0009248256683349609
0.0007205009460449219
0.0021011829376220703
0.0008654594421386719
0.0003898143768310547
0.0036427974700927734
0.001676321029663086
0.002181529998779297
0.0008752346038818359
0.0008687973022460938
0.0009126663208007812
0.0021529197692871094
0.0010957717895507812
0.00031948089599609375
0.0005693435668945312
0.0010445117950439453
0.0016698837280273438
0.0034575462341308594
0.0019497871398925781
0.0012328624725341797
0.0007736682891845703
0.0033707618713378906
0.0015914440155029297
0.0069048404693603516
0.0008149147033691406
0.0005366802215576172
0.0008099079132080078
0.0012180805206298828
0.0012056827545166016
0.001157999038696289
0.0015630722045898438
