303	id-00000	8	2	10	2	1700.0	1700.0	1700.45	1700.9379	1702.0	47.113	COMPLETED
303	id-00001	3	2	2	6	1700.0	1700.0	1700.08	1700.271	1706.0	1.444	COMPLETED
303	id-00002	1	2	6	11	1702.0	1702.0	1702.3	1702.7064	1713.0	4.633	COMPLETED
303	id-00003	9	4	2	3	1703.0	1703.0	1703.1	1703.5223	1706.0	13.9	COMPLETED
303	id-00004	1	2	9	8	1703.0	1703.0	1703.41	1703.532	1711.0	2.467	COMPLETED
303	id-00005	7	10	1	5	1703.0	1703.0	1703.04	1703.3376	1708.0	2.816	COMPLETED
303	id-00006	4	4	3	13	1705.0	1705.0	1705.14	1705.5316	1718.0	6.009	COMPLETED
303	id-00007	9	11	2	12	1706.0	1706.0	1706.08	1706.289	1718.0	8.103	COMPLETED
303	id-00008	9	16	3	12	1709.0	1709.0	1709.12	1709.4148	1721.0	12.154	COMPLETED
303	id-00009	7	10	5	4	1711.0	1711.0	1711.23	1711.7098	1715.0	20.528	COMPLETED
303	id-00010	7	3	9	5	1711.0	1711.0	1711.39	1711.7938	1716.0	31.131	COMPLETED
303	id-00011	7	4	1	4	1712.0	1712.0	1712.05	1712.4955	1716.0	4.463	COMPLETED
303	id-00012	6	2	4	5	1714.0	1714.0	1714.18	1714.3709	1719.0	13.285	COMPLETED
303	id-00013	1	2	7	9	1715.0	1715.0	1715.35	1715.5798	1724.0	5.405	COMPLETED
303	id-00014	7	4	9	15	1715.0	1715.0	1715.41	1715.6313	1730.0	36.593	COMPLETED
303	id-00015	10	11	3	13	1717.0	1717.0	1717.13	1717.3607	1730.0	16.4	COMPLETED
303	id-00016	7	6	8	15	1719.0	1719.0	1719.36	1719.4774	1734.0	32.131	COMPLETED
303	id-00017	8	5	1	15	1720.0	1720.0	1720.05	1720.1836	1735.0	5.235	COMPLETED
303	id-00018	7	10	9	6	1720.0	1720.0	1720.39	1720.8183	1726.0	31.131	COMPLETED
303	id-00019	5	7	1	13	1722.0	1722.0	1722.09	1722.4689	1735.0	4.404	COMPLETED
303	id-00020	3	2	8	10	1722.0	1722.0	1722.7	1722.8143	1732.0	32.432	COMPLETED
303	id-00021	3	5	8	10	1722.0	1722.0	1722.36	1722.6775	1732.0	9.891	COMPLETED
303	id-00022	8	8	7	1	1724.0	1724.0	1724.32	1725.0	1725.0	33.503	EXPIRED
303	id-00023	3	2	10	14	1725.0	1725.0	1725.48	1725.7559	1739.0	17.714	COMPLETED
303	id-00024	9	13	3	9	1726.0	1726.0	1726.13	1726.3447	1735.0	14.393	COMPLETED
303	id-00025	9	2	9	15	1726.0	1726.0	1726.43	1726.7486	1741.0	55.714	COMPLETED
303	id-00026	3	2	10	8	1726.0	1726.0	1726.42	1726.5741	1734.0	7.58	COMPLETED
303	id-00027	3	2	3	13	1728.0	1728.0	1728.13	1728.3458	1741.0	2.346	COMPLETED
303	id-00028	9	4	6	14	1728.0	1728.0	1728.25	1728.3619	1742.0	25.321	COMPLETED
303	id-00029	7	4	8	4	1729.0	1729.0	1729.38	1729.576	1733.0	37.498	COMPLETED
303	id-00030	6	6	9	5	1732.0	1732.0	1732.39	1732.5364	1737.0	25.108	COMPLETED
303	id-00031	3	6	7	10	1732.0	1732.0	1732.33	1732.6401	1742.0	12.178	COMPLETED
303	id-00032	7	3	10	11	1732.0	1732.0	1732.42	1732.8442	1743.0	29.566	COMPLETED
303	id-00033	8	3	7	10	1733.0	1733.0	1733.33	1733.8171	1743.0	37.661	COMPLETED
303	id-00034	4	6	7	11	1735.0	1735.0	1735.33	1735.451	1746.0	17.275	COMPLETED
303	id-00035	5	8	2	7	1735.0	1735.0	1735.09	1735.5837	1742.0	4.404	COMPLETED
303	id-00036	9	16	2	7	1736.0	1736.0	1736.09	1736.5446	1743.0	9.964	COMPLETED
303	id-00037	6	12	3	6	1739.0	1739.0	1739.14	1739.3016	1745.0	11.653	COMPLETED
303	id-00038	4	4	10	11	1740.0	1740.0	1740.4	1740.8915	1751.0	9.626	COMPLETED
303	id-00039	6	3	3	6	1740.0	1740.0	1740.14	1740.3717	1746.0	11.653	COMPLETED
303	id-00040	3	6	3	1	1740.0	1740.0	1740.13	1741.0	1741.0	2.346	EXPIRED
303	id-00041	1	2	8	11	1741.0	1741.0	1741.4	1741.8962	1752.0	6.178	COMPLETED
303	id-00042	2	3	2	6	1743.0	1743.0	1743.1	1743.4644	1749.0	3.089	COMPLETED
303	id-00043	6	10	5	4	1743.0	1743.0	1743.24	1743.5022	1747.0	19.977	COMPLETED
303	id-00044	10	18	3	14	1747.0	1747.0	1747.13	1747.3639	1761.0	16.4	COMPLETED
303	id-00045	8	3	1	13	1748.0	1748.0	1748.05	1748.5046	1761.0	5.235	COMPLETED
303	id-00046	3	5	9	15	1748.0	1748.0	1748.43	1748.6545	1763.0	15.869	COMPLETED
303	id-00047	2	4	5	14	1750.0	1750.0	1750.25	1750.7153	1764.0	7.722	COMPLETED
303	id-00048	9	9	5	9	1753.0	1753.0	1753.21	1753.4623	1762.0	21.27	COMPLETED
303	id-00049	1	2	8	10	1754.0	1754.0	1754.4	1754.5947	1764.0	6.178	COMPLETED
303	id-00050	3	2	10	11	1754.0	1754.0	1754.48	1754.9657	1765.0	17.714	COMPLETED
303	id-00051	6	3	1	7	1755.0	1755.0	1755.05	1755.5149	1762.0	4.162	COMPLETED
303	id-00052	2	3	1	9	1755.0	1755.0	1755.04	1755.523	1764.0	0.481	COMPLETED
303	id-00053	8	2	8	7	1757.0	1757.0	1757.38	1757.8011	1764.0	43.367	COMPLETED
303	id-00054	5	7	3	3	1757.0	1757.0	1757.13	1757.3409	1760.0	6.362	COMPLETED
303	id-00055	4	5	5	11	1759.0	1759.0	1759.24	1759.3641	1770.0	12.564	COMPLETED
303	id-00056	2	3	6	9	1759.0	1759.0	1759.3	1759.5742	1768.0	9.266	COMPLETED
303	id-00057	9	9	3	9	1760.0	1760.0	1760.14	1760.4672	1769.0	16.82	COMPLETED
303	id-00058	5	9	3	1	1760.0	1760.0	1760.14	1761.0	1761.0	8.171	EXPIRED
303	id-00059	9	9	2	8	1763.0	1763.0	1763.09	1763.5823	1771.0	10.813	COMPLETED
303	id-00060	10	15	10	9	1764.0	1764.0	1764.45	1764.5723	1773.0	61.013	COMPLETED
303	id-00061	7	5	4	1	1765.0	1765.0	1765.17	1766.0	1766.0	13.57	EXPIRED
303	id-00062	10	3	5	12	1767.0	1767.0	1767.22	1767.5365	1779.0	27.754	COMPLETED
303	id-00063	5	9	5	5	1768.0	1768.0	1768.22	1768.4811	1773.0	10.766	COMPLETED
303	id-00064	2	2	3	13	1768.0	1768.0	1768.15	1768.4961	1781.0	4.633	COMPLETED
303	id-00065	6	3	7	3	1769.0	1769.0	1769.3	1769.5942	1772.0	19.314	COMPLETED
303	id-00066	2	2	3	14	1770.0	1770.0	1770.15	1770.5268	1784.0	4.633	COMPLETED
303	id-00067	9	17	6	13	1773.0	1773.0	1773.25	1773.7167	1786.0	25.321	COMPLETED
303	id-00068	7	11	10	15	1774.0	1774.0	1774.42	1774.6843	1789.0	29.566	COMPLETED
303	id-00069	4	6	3	14	1774.0	1774.0	1774.14	1774.631	1788.0	6.009	COMPLETED
303	id-00070	2	3	1	8	1775.0	1775.0	1775.05	1775.3376	1783.0	1.544	COMPLETED
303	id-00071	9	5	1	1	1777.0	1777.0	1777.04	1778.0	1778.0	3.674	EXPIRED
303	id-00072	4	7	3	14	1778.0	1778.0	1778.14	1778.5095	1792.0	7.329	COMPLETED
303	id-00073	2	4	3	11	1779.0	1779.0	1779.15	1779.6496	1790.0	4.633	COMPLETED
303	id-00074	9	3	3	7	1780.0	1780.0	1780.26	1780.3642	1787.0	36.139	COMPLETED
303	id-00075	3	2	2	9	1780.0	1780.0	1780.17	1780.5466	1789.0	3.068	COMPLETED
303	id-00076	6	12	1	6	1780.0	1780.0	1780.04	1780.3823	1786.0	1.444	COMPLETED
303	id-00077	2	2	6	15	1782.0	1782.0	1782.3	1782.7034	1797.0	9.266	COMPLETED
303	id-00078	10	8	5	11	1783.0	1783.0	1783.21	1783.4778	1794.0	24.513	COMPLETED
303	id-00079	9	18	3	10	1783.0	1783.0	1783.26	1783.615	1793.0	28.785	COMPLETED
303	id-00080	3	5	4	15	1783.0	1783.0	1783.35	1783.6006	1798.0	16.216	COMPLETED
303	id-00081	7	3	1	6	1785.0	1785.0	1785.05	1785.5093	1791.0	5.405	COMPLETED
303	id-00082	5	9	8	5	1787.0	1787.0	1787.33	1787.5216	1792.0	13.038	COMPLETED
303	id-00083	10	14	9	2	1787.0	1787.0	1787.38	1787.7566	1789.0	44.357	COMPLETED
303	id-00084	3	5	4	4	1788.0	1788.0	1788.2	1788.4234	1792.0	9.266	COMPLETED
303	id-00085	8	10	10	5	1788.0	1788.0	1788.42	1788.7592	1793.0	36.053	COMPLETED
303	id-00086	2	2	9	2	1792.0	1792.0	1792.36	1792.5442	1794.0	4.332	COMPLETED
303	id-00087	4	6	7	2	1792.0	1792.0	1792.35	1792.469	1794.0	21.622	COMPLETED
303	id-00088	5	10	5	10	1792.0	1792.0	1792.2	1792.6736	1802.0	6.016	COMPLETED
303	id-00089	3	6	10	2	1794.0	1794.0	1794.5	1794.8086	1796.0	23.166	COMPLETED
303	id-00090	5	7	3	12	1795.0	1795.0	1795.11	1795.5076	1807.0	3.309	COMPLETED
303	id-00091	8	10	5	15	1795.0	1795.0	1795.25	1795.5131	1810.0	30.888	COMPLETED
303	id-00092	5	6	9	14	1796.0	1796.0	1796.33	1796.6291	1810.0	9.926	COMPLETED
303	id-00093	8	8	7	15	1796.0	1796.0	1796.35	1796.6319	1811.0	43.243	COMPLETED
303	id-00094	7	10	9	8	1798.0	1798.0	1798.45	1798.5883	1806.0	48.649	COMPLETED
303	id-00095	2	2	1	10	1799.0	1799.0	1799.05	1799.2862	1809.0	1.544	COMPLETED
303	id-00096	5	9	8	9	1802.0	1802.0	1802.4	1802.8685	1811.0	30.888	COMPLETED
303	id-00097	1	2	6	5	1802.0	1802.0	1802.3	1802.5697	1807.0	4.633	COMPLETED
303	id-00098	3	2	8	15	1803.0	1803.0	1803.8	1804.046	1818.0	37.066	COMPLETED
303	id-00099	5	4	9	13	1803.0	1803.0	1803.9	1804.3845	1816.0	69.498	COMPLETED
303	id-00100	5	10	8	12	1805.0	1805.0	1805.38	1805.5989	1817.0	25.761	COMPLETED
303	id-00101	2	2	8	9	1806.0	1806.0	1806.4	1806.6486	1815.0	12.355	COMPLETED
303	id-00102	7	6	3	7	1807.0	1807.0	1807.14	1807.4429	1814.0	13.815	COMPLETED
303	id-00103	3	3	4	9	1808.0	1808.0	1808.19	1808.4105	1817.0	7.012	COMPLETED
303	id-00104	1	2	4	4	1808.0	1808.0	1808.2	1808.5851	1812.0	3.089	COMPLETED
303	id-00105	9	18	1	12	1813.0	1813.0	1813.03	1813.4651	1825.0	1.624	COMPLETED
303	id-00106	3	3	4	9	1813.0	1813.0	1813.16	1813.4455	1822.0	2.888	COMPLETED
303	id-00107	6	11	10	12	1814.0	1814.0	1814.48	1814.6311	1826.0	39.953	COMPLETED
303	id-00108	8	12	6	7	1822.0	1822.0	1822.3	1822.6934	1829.0	37.066	COMPLETED
303	id-00109	9	12	4	14	1824.0	1824.0	1824.15	1824.3159	1838.0	10.95	COMPLETED
303	id-00110	4	2	6	4	1824.0	1824.0	1824.3	1824.5151	1828.0	18.533	COMPLETED
303	id-00111	3	3	6	15	1824.0	1824.0	1824.21	1824.6258	1839.0	3.79	COMPLETED
303	id-00112	9	8	9	1	1827.0	1827.0	1827.35	1828.0	1828.0	28.85	EXPIRED
303	id-00113	3	6	2	13	1827.0	1827.0	1827.2	1827.415	1840.0	9.266	COMPLETED
303	id-00114	4	4	9	6	1827.0	1827.0	1827.9	1828.2171	1833.0	55.598	COMPLETED
303	id-00115	3	5	4	14	1828.0	1828.0	1828.2	1828.6153	1842.0	9.266	COMPLETED
303	id-00116	7	13	1	15	1828.0	1828.0	1828.04	1828.3861	1843.0	2.062	COMPLETED
303	id-00117	10	14	2	8	1829.0	1829.0	1829.15	1829.3111	1837.0	16.095	COMPLETED
303	id-00118	1	2	2	2	1829.0	1829.0	1829.15	1829.4573	1831.0	0.902	COMPLETED
303	id-00119	8	9	7	6	1829.0	1829.0	1829.35	1829.5358	1835.0	43.243	COMPLETED
303	id-00120	7	11	10	12	1830.0	1830.0	1830.42	1830.5643	1842.0	29.566	COMPLETED
303	id-00121	8	10	6	5	1830.0	1830.0	1830.3	1830.6068	1835.0	37.066	COMPLETED
303	id-00122	8	2	1	9	1831.0	1831.0	1831.05	1831.3619	1840.0	6.178	COMPLETED
303	id-00123	3	6	5	11	1832.0	1832.0	1832.25	1832.3678	1843.0	11.583	COMPLETED
303	id-00124	8	16	9	3	1832.0	1832.0	1832.38	1832.5504	1835.0	32.619	COMPLETED
303	id-00125	8	16	4	3	1833.0	1833.0	1833.17	1833.2972	1836.0	14.593	COMPLETED
303	id-00126	5	9	2	1	1833.0	1833.0	1833.1	1834.0	1834.0	7.722	EXPIRED
303	id-00127	10	16	8	4	1833.0	1833.0	1833.3	1833.5719	1837.0	26.533	COMPLETED
303	id-00128	4	5	9	14	1835.0	1835.0	1835.45	1835.6765	1849.0	27.799	COMPLETED
303	id-00129	7	12	8	11	1836.0	1836.0	1836.4	1836.7382	1847.0	43.243	COMPLETED
303	id-00130	9	9	8	4	1837.0	1837.0	1837.3	1837.7002	1841.0	21.9	COMPLETED
303	id-00131	5	9	8	11	1837.0	1837.0	1837.33	1837.5095	1848.0	13.038	COMPLETED
303	id-00132	10	20	5	4	1838.0	1838.0	1838.19	1838.5291	1842.0	16.804	COMPLETED
303	id-00133	5	6	10	4	1839.0	1839.0	1839.5	1839.8752	1843.0	38.61	COMPLETED
303	id-00134	7	3	4	7	1841.0	1841.0	1841.19	1841.2914	1848.0	18.749	COMPLETED
303	id-00135	6	8	5	11	1842.0	1842.0	1842.24	1842.5518	1853.0	19.977	COMPLETED
303	id-00136	3	5	5	6	1845.0	1845.0	1845.37	1845.6378	1851.0	6.678	COMPLETED
303	id-00137	4	3	10	9	1845.0	1845.0	1845.74	1846.0366	1854.0	17.807	COMPLETED
303	id-00138	10	7	5	1	1845.0	1845.0	1845.2	1846.0	1846.0	21.46	EXPIRED
303	id-00139	3	5	5	5	1845.0	1845.0	1845.2	1845.6592	1850.0	3.61	COMPLETED
303	id-00140	5	7	7	8	1845.0	1845.0	1845.35	1845.5757	1853.0	27.027	COMPLETED
303	id-00141	9	8	10	2	1846.0	1846.0	1846.4	1846.866	1848.0	36.742	COMPLETED
303	id-00142	7	11	2	12	1848.0	1848.0	1848.1	1848.269	1860.0	10.811	COMPLETED
303	id-00143	1	2	2	13	1849.0	1849.0	1849.1	1849.2796	1862.0	1.544	COMPLETED
303	id-00144	7	3	1	3	1850.0	1850.0	1850.04	1850.1916	1853.0	2.439	COMPLETED
303	id-00145	8	14	6	13	1850.0	1850.0	1850.3	1850.589	1863.0	37.066	COMPLETED
303	id-00146	8	4	3	1	1851.0	1851.0	1851.15	1852.0	1852.0	18.533	EXPIRED
303	id-00147	7	2	4	5	1852.0	1852.0	1852.4	1852.5193	1857.0	43.243	COMPLETED
303	id-00148	3	3	2	10	1852.0	1852.0	1852.08	1852.1861	1862.0	1.444	COMPLETED
303	id-00149	1	2	2	3	1852.0	1852.0	1852.2	1852.4045	1855.0	3.089	COMPLETED
303	id-00150	8	2	5	7	1853.0	1853.0	1853.25	1853.5481	1860.0	30.888	COMPLETED
303	id-00151	2	3	5	1	1855.0	1855.0	1855.25	1856.0	1856.0	7.722	EXPIRED
303	id-00152	3	6	4	1	1856.0	1856.0	1856.2	1857.0	1857.0	9.266	EXPIRED
303	id-00153	1	2	9	13	1858.0	1858.0	1858.45	1858.5832	1871.0	6.95	COMPLETED
303	id-00154	1	2	2	4	1861.0	1861.0	1861.1	1861.2025	1865.0	0.602	COMPLETED
303	id-00155	10	17	9	8	1861.0	1861.0	1861.35	1861.5613	1869.0	34.255	COMPLETED
303	id-00156	7	11	7	11	1861.0	1861.0	1861.28	1861.3824	1872.0	17.071	COMPLETED
303	id-00157	10	14	10	7	1861.0	1861.0	1861.5	1861.6242	1868.0	77.22	COMPLETED
303	id-00158	1	2	4	9	1862.0	1862.0	1862.2	1862.3103	1871.0	3.089	COMPLETED
303	id-00159	1	2	5	4	1863.0	1863.0	1863.25	1863.6351	1867.0	3.861	COMPLETED
303	id-00160	6	10	5	4	1865.0	1865.0	1865.25	1865.4174	1869.0	23.166	COMPLETED
303	id-00161	4	4	7	4	1866.0	1866.0	1866.35	1866.6732	1870.0	21.622	COMPLETED
303	id-00162	1	2	3	13	1866.0	1866.0	1866.13	1866.4903	1879.0	0.782	COMPLETED
303	id-00163	1	2	10	5	1868.0	1868.0	1868.5	1868.7775	1873.0	7.722	COMPLETED
303	id-00164	10	19	8	2	1871.0	1871.0	1871.31	1871.7423	1873.0	30.34	COMPLETED
303	id-00165	7	4	10	8	1871.0	1871.0	1871.45	1871.7768	1879.0	40.163	COMPLETED
303	id-00166	7	6	9	14	1872.0	1872.0	1872.41	1872.8122	1886.0	36.593	COMPLETED
303	id-00167	7	10	4	9	1874.0	1874.0	1874.16	1874.274	1883.0	9.755	COMPLETED
303	id-00168	3	4	6	2	1874.0	1874.0	1874.27	1874.4415	1876.0	7.419	COMPLETED
303	id-00169	8	12	8	11	1875.0	1875.0	1875.36	1875.8241	1886.0	37.691	COMPLETED
303	id-00170	9	12	8	2	1876.0	1876.0	1876.32	1876.7035	1878.0	29.394	COMPLETED
303	id-00171	7	10	10	5	1878.0	1878.0	1878.91	1879.1835	1883.0	89.799	COMPLETED
303	id-00172	1	2	4	13	1878.0	1878.0	1878.16	1878.3391	1891.0	0.963	COMPLETED
303	id-00173	1	2	8	10	1878.0	1878.0	1878.73	1879.1646	1888.0	4.392	COMPLETED
303	id-00174	9	15	6	4	1878.0	1878.0	1878.25	1878.5355	1882.0	25.321	COMPLETED
303	id-00175	5	10	5	4	1880.0	1880.0	1880.19	1880.5331	1884.0	5.715	COMPLETED
303	id-00176	3	5	3	14	1880.0	1880.0	1880.27	1880.5509	1894.0	12.51	COMPLETED
303	id-00177	3	2	5	10	1880.0	1880.0	1880.45	1880.9082	1890.0	12.364	COMPLETED
303	id-00178	1	2	1	4	1881.0	1881.0	1881.05	1881.3821	1885.0	0.301	COMPLETED
303	id-00179	10	18	4	8	1881.0	1881.0	1881.16	1881.2652	1889.0	17.168	COMPLETED
303	id-00180	2	4	1	4	1881.0	1881.0	1881.05	1881.21	1885.0	1.544	COMPLETED
303	id-00181	9	13	8	8	1885.0	1885.0	1885.31	1885.6467	1893.0	25.553	COMPLETED
303	id-00182	8	5	3	13	1885.0	1885.0	1885.12	1885.3652	1898.0	10.301	COMPLETED
303	id-00183	6	7	8	13	1886.0	1886.0	1886.33	1886.7483	1899.0	18.134	COMPLETED
303	id-00184	2	4	5	3	1887.0	1887.0	1887.25	1887.3518	1890.0	7.722	COMPLETED
303	id-00185	4	6	2	7	1887.0	1887.0	1887.08	1887.2345	1894.0	1.925	COMPLETED
303	id-00186	10	12	4	1	1888.0	1888.0	1888.16	1889.0	1889.0	17.168	EXPIRED
303	id-00187	7	13	7	2	1890.0	1890.0	1890.29	1890.4078	1892.0	20.415	COMPLETED
303	id-00188	8	9	7	3	1890.0	1890.0	1890.27	1890.6437	1893.0	18.086	COMPLETED
303	id-00189	3	6	10	6	1893.0	1893.0	1893.42	1893.8596	1899.0	7.58	COMPLETED
303	id-00190	3	2	7	4	1895.0	1895.0	1895.29	1895.7823	1899.0	5.234	COMPLETED
303	id-00191	2	3	7	6	1895.0	1895.0	1895.58	1895.7403	1901.0	6.979	COMPLETED
303	id-00192	4	7	2	5	1895.0	1895.0	1895.17	1895.4407	1900.0	7.296	COMPLETED
303	id-00193	2	3	1	8	1896.0	1896.0	1896.05	1896.5384	1904.0	1.544	COMPLETED
303	id-00194	8	3	9	3	1898.0	1898.0	1898.36	1898.6365	1901.0	27.508	COMPLETED
303	id-00195	10	9	9	14	1898.0	1898.0	1898.39	1898.7053	1912.0	49.201	COMPLETED
303	id-00196	8	3	4	8	1899.0	1899.0	1899.17	1899.353	1907.0	14.593	COMPLETED
303	id-00197	5	6	9	11	1900.0	1900.0	1900.38	1900.6727	1911.0	15.013	COMPLETED
303	id-00198	8	9	2	3	1900.0	1900.0	1900.08	1900.544	1903.0	5.359	COMPLETED
303	id-00199	8	7	5	9	1901.0	1901.0	1901.21	1901.43	1910.0	18.026	COMPLETED
303	id-00200	6	3	8	3	1903.0	1903.0	1903.31	1903.4993	1906.0	11.19	COMPLETED
303	id-00201	4	8	1	9	1903.0	1903.0	1903.04	1903.2623	1912.0	0.963	COMPLETED
303	id-00202	6	3	9	4	1904.0	1904.0	1904.38	1904.8428	1908.0	20.882	COMPLETED
303	id-00203	7	8	6	13	1905.0	1905.0	1905.26	1905.499	1918.0	20.754	COMPLETED
303	id-00204	1	2	5	2	1906.0	1906.0	1906.25	1906.6347	1908.0	3.861	COMPLETED
303	id-00205	8	15	8	14	1906.0	1906.0	1906.35	1906.6637	1920.0	33.344	COMPLETED
303	id-00206	1	2	10	1	1909.0	1909.0	1909.5	1910.0	1910.0	7.722	EXPIRED
303	id-00207	1	2	8	15	1910.0	1910.0	1910.4	1910.8275	1925.0	6.178	COMPLETED
303	id-00208	8	9	8	7	1913.0	1913.0	1913.35	1913.7059	1920.0	33.344	COMPLETED
303	id-00209	1	2	10	6	1914.0	1914.0	1914.5	1914.8664	1920.0	7.722	COMPLETED
303	id-00210	7	9	5	6	1917.0	1917.0	1917.23	1917.3911	1923.0	20.528	COMPLETED
303	id-00211	7	3	4	15	1918.0	1918.0	1918.18	1918.5717	1933.0	16.065	COMPLETED
303	id-00212	7	9	3	10	1918.0	1918.0	1918.13	1918.379	1928.0	10.377	COMPLETED
303	id-00213	2	2	9	1	1919.0	1919.0	1919.45	1920.0	1920.0	13.9	EXPIRED
303	id-00214	4	6	8	13	1920.0	1920.0	1920.36	1920.6293	1933.0	15.451	COMPLETED
303	id-00215	4	7	3	9	1920.0	1920.0	1920.12	1920.5315	1929.0	2.888	COMPLETED
303	id-00216	4	8	3	13	1922.0	1922.0	1922.14	1922.2514	1935.0	6.009	COMPLETED
303	id-00217	2	2	10	2	1923.0	1923.0	1923.5	1923.7345	1925.0	15.444	COMPLETED
303	id-00218	4	4	6	12	1923.0	1923.0	1923.27	1923.6351	1935.0	11.588	COMPLETED
303	id-00219	8	2	8	5	1925.0	1925.0	1925.35	1925.633	1930.0	33.344	COMPLETED
303	id-00220	1	2	9	10	1926.0	1926.0	1926.45	1926.8238	1936.0	6.95	COMPLETED
303	id-00221	3	5	10	7	1927.0	1927.0	1927.87	1928.1914	1934.0	15.702	COMPLETED
303	id-00222	5	10	6	9	1927.0	1927.0	1927.52	1928.0105	1936.0	40.154	COMPLETED
303	id-00223	8	7	9	7	1927.0	1927.0	1927.35	1927.4881	1934.0	23.444	COMPLETED
303	id-00224	5	2	9	13	1927.0	1927.0	1927.38	1927.4928	1940.0	15.013	COMPLETED
303	id-00225	2	2	3	11	1927.0	1927.0	1927.12	1927.4977	1938.0	1.444	COMPLETED
303	id-00226	7	13	9	15	1928.0	1928.0	1928.39	1928.7148	1943.0	31.131	COMPLETED
303	id-00227	3	2	10	15	1928.0	1928.0	1928.42	1928.7682	1943.0	7.58	COMPLETED
303	id-00228	8	7	10	7	1928.0	1928.0	1928.38	1928.8479	1935.0	25.454	COMPLETED
303	id-00229	6	4	7	7	1929.0	1929.0	1929.29	1929.7738	1936.0	15.936	COMPLETED
303	id-00230	3	6	4	3	1929.0	1929.0	1929.17	1929.3396	1932.0	3.068	COMPLETED
303	id-00231	9	14	5	15	1930.0	1930.0	1930.21	1930.5082	1945.0	21.27	COMPLETED
303	id-00232	6	11	8	13	1934.0	1934.0	1934.36	1934.5815	1947.0	26.571	COMPLETED
303	id-00233	6	9	5	14	1935.0	1935.0	1935.24	1935.4227	1949.0	19.977	COMPLETED
303	id-00234	2	4	5	1	1937.0	1937.0	1937.25	1938.0	1938.0	7.722	EXPIRED
303	id-00235	7	3	9	2	1938.0	1938.0	1938.43	1938.6226	1940.0	42.432	COMPLETED
303	id-00236	1	2	8	13	1938.0	1938.0	1938.36	1938.7993	1951.0	2.166	COMPLETED
303	id-00237	9	6	4	4	1941.0	1941.0	1941.17	1941.442	1945.0	18.821	COMPLETED
303	id-00238	6	10	6	7	1943.0	1943.0	1943.29	1943.5775	1950.0	24.138	COMPLETED
303	id-00239	10	5	6	11	1943.0	1943.0	1943.24	1943.3787	1954.0	25.752	COMPLETED
303	id-00240	3	3	6	4	1944.0	1944.0	1944.57	1945.0553	1948.0	26.409	COMPLETED
303	id-00241	4	2	3	1	1944.0	1944.0	1944.29	1945.0	1945.0	15.181	EXPIRED
303	id-00242	10	13	3	1	1945.0	1945.0	1945.12	1946.0	1946.0	12.876	EXPIRED
303	id-00243	4	6	10	7	1946.0	1946.0	1946.48	1946.9284	1953.0	25.127	COMPLETED
303	id-00244	8	16	6	12	1948.0	1948.0	1948.29	1948.7428	1960.0	33.096	COMPLETED
303	id-00245	6	3	4	9	1949.0	1949.0	1949.19	1949.6878	1958.0	15.815	COMPLETED
303	id-00246	7	2	9	15	1949.0	1949.0	1949.38	1949.4879	1964.0	26.75	COMPLETED
303	id-00247	7	4	2	5	1949.0	1949.0	1949.08	1949.3501	1954.0	4.877	COMPLETED
303	id-00248	2	3	2	3	1950.0	1950.0	1950.1	1950.5974	1953.0	3.089	COMPLETED
303	id-00249	7	7	9	6	1951.0	1951.0	1951.39	1951.6998	1957.0	31.131	COMPLETED
303	id-00250	3	4	3	7	1953.0	1953.0	1953.13	1953.6096	1960.0	2.346	COMPLETED
303	id-00251	6	6	2	8	1953.0	1953.0	1953.09	1953.3736	1961.0	6.643	COMPLETED
303	id-00252	10	10	1	14	1956.0	1956.0	1956.04	1956.2522	1970.0	3.538	COMPLETED
303	id-00253	8	8	1	5	1958.0	1958.0	1958.05	1958.5424	1963.0	5.235	COMPLETED
303	id-00254	1	2	10	14	1960.0	1960.0	1960.5	1960.9572	1974.0	7.722	COMPLETED
303	id-00255	10	4	9	9	1960.0	1960.0	1960.33	1960.521	1969.0	29.187	COMPLETED
303	id-00256	9	17	3	1	1962.0	1962.0	1962.13	1963.0	1963.0	14.393	EXPIRED
303	id-00257	3	6	10	15	1962.0	1962.0	1962.37	1962.5428	1977.0	6.678	COMPLETED
303	id-00258	9	2	9	10	1963.0	1963.0	1963.39	1963.7792	1973.0	43.178	COMPLETED
303	id-00259	8	14	7	11	1963.0	1963.0	1963.33	1963.5499	1974.0	37.661	COMPLETED
303	id-00260	6	12	8	14	1965.0	1965.0	1965.38	1965.4914	1979.0	31.63	COMPLETED
303	id-00261	5	7	4	6	1965.0	1965.0	1965.17	1965.3277	1971.0	6.716	COMPLETED
303	id-00262	10	19	7	1	1966.0	1966.0	1966.26	1967.0	1967.0	22.995	EXPIRED
303	id-00263	9	15	1	13	1967.0	1967.0	1967.04	1967.3515	1980.0	4.051	COMPLETED
303	id-00264	10	7	5	7	1969.0	1969.0	1969.19	1969.4839	1976.0	16.804	COMPLETED
303	id-00265	10	3	2	8	1969.0	1969.0	1969.09	1969.3284	1977.0	12.203	COMPLETED
303	id-00266	7	7	7	6	1970.0	1970.0	1970.35	1970.8246	1976.0	37.838	COMPLETED
303	id-00267	4	8	1	7	1973.0	1973.0	1973.05	1973.2204	1980.0	3.089	COMPLETED
303	id-00268	5	3	6	4	1973.0	1973.0	1973.27	1973.7434	1977.0	15.758	COMPLETED
303	id-00269	8	12	4	15	1973.0	1973.0	1973.16	1973.281	1988.0	12.226	COMPLETED
303	id-00270	3	4	1	7	1974.0	1974.0	1974.05	1974.1631	1981.0	2.317	COMPLETED
303	id-00271	2	2	7	4	1975.0	1975.0	1975.35	1975.5156	1979.0	10.811	COMPLETED
303	id-00272	3	3	5	5	1975.0	1975.0	1975.25	1975.3636	1980.0	11.583	COMPLETED
303	id-00273	7	13	2	2	1976.0	1976.0	1976.1	1976.4682	1978.0	9.868	COMPLETED
303	id-00274	3	5	9	13	1976.0	1976.0	1976.45	1976.8199	1989.0	20.849	COMPLETED
303	id-00275	10	11	10	2	1977.0	1977.0	1977.4	1977.8276	1979.0	42.92	COMPLETED
303	id-00276	7	2	8	15	1979.0	1979.0	1979.4	1979.7643	1994.0	43.243	COMPLETED
303	id-00277	8	7	9	11	1979.0	1979.0	1979.43	1979.9234	1990.0	49.073	COMPLETED
303	id-00278	10	8	2	3	1979.0	1979.0	1979.08	1979.2246	1982.0	8.584	COMPLETED
303	id-00279	8	5	7	1	1980.0	1980.0	1980.35	1981.0	1981.0	43.243	EXPIRED
303	id-00280	1	2	6	11	1981.0	1981.0	1981.3	1981.7557	1992.0	4.633	COMPLETED
303	id-00281	6	2	7	14	1981.0	1981.0	1981.35	1981.4836	1995.0	32.432	COMPLETED
303	id-00282	1	2	8	13	1984.0	1984.0	1984.67	1985.05	1997.0	4.031	COMPLETED
303	id-00283	8	9	9	6	1984.0	1984.0	1984.45	1984.8337	1990.0	55.598	COMPLETED
303	id-00284	3	4	4	8	1984.0	1984.0	1984.33	1984.8012	1992.0	5.956	COMPLETED
303	id-00285	8	10	3	6	1988.0	1988.0	1988.15	1988.6237	1994.0	18.533	COMPLETED
303	id-00286	4	3	5	5	1990.0	1990.0	1990.21	1990.399	1995.0	5.053	COMPLETED
303	id-00287	9	13	5	7	1990.0	1990.0	1990.22	1990.5985	1997.0	24.357	COMPLETED
303	id-00288	8	12	8	11	1990.0	1990.0	1990.32	1990.6597	2001.0	24.452	COMPLETED
303	id-00289	9	9	4	14	1991.0	1991.0	1991.17	1991.4988	2005.0	17.218	COMPLETED
303	id-00290	4	4	2	13	1991.0	1991.0	1991.1	1991.2509	2004.0	6.178	COMPLETED
303	id-00291	9	4	6	2	1992.0	1992.0	1992.25	1992.5099	1994.0	25.321	COMPLETED
303	id-00292	8	15	6	2	1993.0	1993.0	1993.3	1993.4195	1995.0	37.066	COMPLETED
303	id-00293	3	4	9	5	1997.0	1997.0	1997.45	1997.6748	2002.0	20.849	COMPLETED
303	id-00294	6	3	1	14	1997.0	1997.0	1997.04	1997.5183	2011.0	2.198	COMPLETED
303	id-00295	7	14	8	9	1998.0	1998.0	1998.33	1998.4961	2007.0	23.231	COMPLETED
303	id-00296	3	5	10	10	1998.0	1998.0	1998.5	1998.8566	2008.0	23.166	COMPLETED
303	id-00297	6	5	5	6	1998.0	1998.0	1998.2	1998.5091	2004.0	9.105	COMPLETED
303	id-00298	3	3	9	6	1999.0	1999.0	1999.45	1999.8209	2005.0	20.849	COMPLETED
303	id-00299	8	15	3	9	1999.0	1999.0	1999.12	1999.3602	2008.0	10.301	COMPLETED
303	id-00300	1	2	9	12	2000.0	2000.0	2000.43	2000.5983	2012.0	2.587	COMPLETED
303	id-00301	1	2	4	6	2000.0	2000.0	2000.2	2000.3825	2006.0	3.089	COMPLETED
303	id-00302	10	7	4	13	2001.0	2001.0	2001.15	2014.0	2014.0	None	SUBMITTED
