0.0026679039001464844
0.0009424686431884766
0.004866361618041992
0.0009748935699462891
0.0013842582702636719
0.002026081085205078
0.002231121063232422
0.0008676052093505859
0.0011425018310546875
0.0019555091857910156
0.0013928413391113281
0.0009214878082275391
0.0034656524658203125
0.0020503997802734375
0.0008893013000488281
0.0005578994750976562
0.004109859466552734
0.0022974014282226562
0.0006737709045410156
0.0038344860076904297
0.0008685588836669922
0.0020694732666015625
0.0008814334869384766
0.0016322135925292969
0.0028123855590820312
0.0009765625
0.0030493736267089844
0.0009357929229736328
0.002547025680541992
0.0008492469787597656
0.0008418560028076172
0.003705739974975586
0.002283334732055664
0.002132415771484375
0.002315044403076172
0.001979827880859375
0.0015137195587158203
0.0008161067962646484
0.0005867481231689453
0.0008296966552734375
0.002290964126586914
0.0012326240539550781
0.0008075237274169922
0.0004184246063232422
0.0022859573364257812
0.00035858154296875
0.0009667873382568359
0.0009264945983886719
0.0009293556213378906
0.0037980079650878906
0.0009262561798095703
0.0026733875274658203
0.0009849071502685547
0.001898050308227539
0.0019533634185791016
0.0036318302154541016
0.0012805461883544922
0.0034220218658447266
0.001455545425415039
0.001636505126953125
0.0007481575012207031
0.0025756359100341797
0.002450227737426758
0.0007696151733398438
0.0010497570037841797
0.0013508796691894531
0.00246429443359375
0.0024755001068115234
0.0007669925689697266
0.0008561611175537109
0.0035238265991210938
0.003391742706298828
0.0012161731719970703
0.003582477569580078
0.0011594295501708984
0.0007545948028564453
0.002061605453491211
0.0038526058197021484
0.0008411407470703125
0.0007414817810058594
0.0018663406372070312
0.001107931137084961
0.0008847713470458984
0.0006060600280761719
0.0005509853363037109
0.006921291351318359
0.0003323554992675781
0.0018451213836669922
0.0005557537078857422
0.002250194549560547
0.000316619873046875
0.003644704818725586
0.0008084774017333984
0.00032019615173339844
0.0007891654968261719
0.0017998218536376953
0.0053446292877197266
0.00041031837463378906
0.0019412040710449219
0.0007569789886474609
0.0021512508392333984
0.0013740062713623047
0.001470804214477539
0.0007662773132324219
0.001007080078125
0.001333475112915039
0.0008454322814941406
0.006790637969970703
0.0035409927368164062
0.002681255340576172
0.0020666122436523438
0.0008308887481689453
0.002615213394165039
0.0009565353393554688
0.0014317035675048828
0.0008141994476318359
0.002025604248046875
0.0005486011505126953
0.004617214202880859
0.001287221908569336
0.0015442371368408203
0.0009531974792480469
0.003790616989135742
0.0004010200500488281
0.0005829334259033203
0.003317117691040039
0.0013365745544433594
0.0003783702850341797
0.0004773139953613281
0.0012578964233398438
0.0014083385467529297
0.0040891170501708984
0.0008120536804199219
0.0019345283508300781
0.0009055137634277344
0.0028951168060302734
0.0005872249603271484
0.00033164024353027344
0.008896589279174805
0.0037527084350585938
0.0016674995422363281
0.0008642673492431641
0.0026810169219970703
0.0006084442138671875
0.0009303092956542969
0.002496480941772461
0.0008273124694824219
0.0030596256256103516
0.0018546581268310547
0.0007688999176025391
0.0007424354553222656
0.0017800331115722656
0.005033016204833984
0.0006108283996582031
0.0013980865478515625
0.003930807113647461
0.0008881092071533203
0.0014197826385498047
0.0015513896942138672
0.002270221710205078
0.0024776458740234375
0.0020651817321777344
0.0011255741119384766
0.0008978843688964844
0.0012319087982177734
0.0010404586791992188
0.003987312316894531
0.0009069442749023438
0.001920461654663086
0.0026082992553710938
0.0008187294006347656
0.006530284881591797
0.0008492469787597656
0.0016036033630371094
0.005383968353271484
0.0025560855865478516
0.003487110137939453
0.0020432472229003906
0.0007824897766113281
0.0011699199676513672
0.0017292499542236328
0.0031325817108154297
0.0025949478149414062
0.002187490463256836
0.0006253719329833984
