0.002255678176879883
0.0014429092407226562
0.001500844955444336
0.011476278305053711
0.0003223419189453125
0.0011548995971679688
0.0023450851440429688
0.001951456069946289
0.00038909912109375
0.002188444137573242
0.0004227161407470703
0.0009555816650390625
0.002225160598754883
0.0018835067749023438
0.0013353824615478516
0.0013005733489990234
0.0009353160858154297
0.0011987686157226562
0.002304553985595703
0.0010869503021240234
0.0037229061126708984
0.0018498897552490234
0.0008804798126220703
0.0009884834289550781
0.005621433258056641
0.006609916687011719
0.0012309551239013672
0.0009915828704833984
0.0019989013671875
0.00046944618225097656
0.0007991790771484375
0.0009200572967529297
0.0009202957153320312
0.0003972053527832031
0.002318859100341797
0.004412412643432617
0.001230001449584961
0.0008423328399658203
0.003345012664794922
0.0008544921875
0.0018312931060791016
0.0015952587127685547
0.0041654109954833984
0.0010194778442382812
0.001012563705444336
0.0015554428100585938
0.0022897720336914062
0.0006995201110839844
0.0029973983764648438
0.0006170272827148438
0.0015594959259033203
0.0018284320831298828
0.0008561611175537109
0.0008447170257568359
0.0005571842193603516
0.0011320114135742188
0.000919342041015625
0.0012655258178710938
0.0008344650268554688
0.0013263225555419922
0.0012958049774169922
0.0008234977722167969
0.00577855110168457
0.0013031959533691406
0.0020723342895507812
0.0021605491638183594
0.0007715225219726562
0.0005323886871337891
0.0007805824279785156
0.00683903694152832
0.0003485679626464844
0.0007493495941162109
0.0048220157623291016
0.005591392517089844
0.0008294582366943359
0.0005490779876708984
0.008036613464355469
0.00436854362487793
0.0009949207305908203
0.0018024444580078125
0.004698514938354492
0.0018069744110107422
0.0024445056915283203
0.004990100860595703
0.002347230911254883
0.0007679462432861328
0.00491642951965332
0.002065896987915039
0.0009906291961669922
0.0034837722778320312
0.004225969314575195
0.0006358623504638672
0.0008261203765869141
0.0007908344268798828
0.0008192062377929688
0.0007538795471191406
0.0007688999176025391
0.002162456512451172
0.0006098747253417969
0.0009634494781494141
0.0018224716186523438
0.0008339881896972656
0.0005540847778320312
0.0009355545043945312
0.0008084774017333984
0.0018410682678222656
0.0007596015930175781
0.0007579326629638672
0.0013885498046875
0.0008432865142822266
0.0005345344543457031
0.0008766651153564453
0.001056671142578125
0.0024254322052001953
0.00035500526428222656
0.0009477138519287109
0.002309560775756836
0.0009350776672363281
0.0008955001831054688
0.0005908012390136719
0.0034012794494628906
0.0012981891632080078
0.0008058547973632812
0.0012500286102294922
0.0005581378936767578
0.0007636547088623047
0.0022521018981933594
0.0007395744323730469
0.0003895759582519531
0.0009479522705078125
0.0021851062774658203
0.0015137195587158203
0.0008857250213623047
0.001238107681274414
0.0009307861328125
0.00249481201171875
0.0005927085876464844
0.0025293827056884766
0.0008053779602050781
0.0011425018310546875
0.0008857250213623047
0.004479408264160156
0.0012772083282470703
0.002636432647705078
0.0006811618804931641
0.0027892589569091797
0.0008437633514404297
0.0008647441864013672
0.0014734268188476562
0.0034143924713134766
0.005370140075683594
0.004297494888305664
0.0003447532653808594
0.0005517005920410156
0.0009493827819824219
0.001390218734741211
0.0008249282836914062
0.0019121170043945312
0.0007498264312744141
0.0013782978057861328
0.0013437271118164062
0.0007109642028808594
0.0006988048553466797
0.0004558563232421875
0.0012898445129394531
0.001878499984741211
0.001016855239868164
0.0010018348693847656
0.001013040542602539
0.0009613037109375
0.0008900165557861328
0.002831697463989258
0.0008647441864013672
0.0021080970764160156
0.0010747909545898438
0.0006537437438964844
0.00083160400390625
0.0008347034454345703
0.001251220703125
0.0008091926574707031
0.00057220458984375
0.0005474090576171875
0.002344369888305664
0.003813505172729492
0.0021500587463378906
0.0018029212951660156
0.0005586147308349609
0.003453969955444336
0.001842498779296875
0.008709430694580078
2.0503997802734375e-05
0.0007703304290771484
0.0007541179656982422
0.0007812976837158203
0.000989675521850586
0.0012011528015136719
0.0008983612060546875
0.003049612045288086
