0.0008184909820556641
0.001470327377319336
0.0008924007415771484
0.005158901214599609
0.0006251335144042969
0.0006661415100097656
0.0006992816925048828
0.002130270004272461
0.004327297210693359
0.0009970664978027344
0.0014729499816894531
0.0034072399139404297
0.0029883384704589844
0.0014045238494873047
0.0019016265869140625
0.0004057884216308594
0.0008866786956787109
0.002136707305908203
0.0025908946990966797
0.0017521381378173828
0.0038118362426757812
0.012476444244384766
0.0014696121215820312
0.0038919448852539062
0.0007693767547607422
0.0013091564178466797
0.0034470558166503906
0.0009546279907226562
0.0014851093292236328
0.002432584762573242
0.004460334777832031
0.0008263587951660156
0.004978656768798828
0.0005943775177001953
0.0009765625
0.004352092742919922
0.0046579837799072266
0.0036628246307373047
0.0020084381103515625
0.0003750324249267578
0.0011248588562011719
0.0009095668792724609
0.002950429916381836
0.0038661956787109375
0.0006613731384277344
0.0008068084716796875
0.015766143798828125
0.0012218952178955078
0.0011057853698730469
0.000885009765625
0.0026493072509765625
0.001348257064819336
0.002062559127807617
0.0008022785186767578
0.0016238689422607422
0.002094745635986328
0.0020465850830078125
0.0007534027099609375
0.0005781650543212891
0.0012667179107666016
0.0015430450439453125
0.002499103546142578
0.0028498172760009766
0.00066375732421875
0.0025811195373535156
0.0020318031311035156
0.0028204917907714844
0.001405954360961914
0.00034618377685546875
0.0005974769592285156
0.0019767284393310547
0.0005605220794677734
0.0006539821624755859
0.0013470649719238281
0.0008311271667480469
0.00400543212890625
0.0023877620697021484
0.008309125900268555
0.001962900161743164
0.0016300678253173828
0.0008265972137451172
0.0019195079803466797
0.0004916191101074219
0.0008552074432373047
0.0012710094451904297
0.0005908012390136719
0.002794027328491211
0.0009343624114990234
0.00080108642578125
0.00033020973205566406
0.0007712841033935547
0.0018548965454101562
0.0007989406585693359
0.0003113746643066406
0.0007994174957275391
0.0010039806365966797
0.0011293888092041016
0.0008561611175537109
0.0028460025787353516
0.002308368682861328
0.002780437469482422
0.0018970966339111328
0.0005736351013183594
0.0010826587677001953
0.00032806396484375
0.0014238357543945312
0.0023353099822998047
0.0011305809020996094
0.0009403228759765625
0.0027129650115966797
0.0008838176727294922
0.0007979869842529297
0.0014870166778564453
0.0009152889251708984
0.0015821456909179688
0.002277374267578125
0.006247282028198242
0.001882314682006836
0.0036699771881103516
0.0018041133880615234
0.0038623809814453125
0.0005295276641845703
0.0018198490142822266
0.0026993751525878906
0.00042557716369628906
0.002119302749633789
0.0016002655029296875
0.0011718273162841797
0.007957220077514648
0.004581928253173828
0.0008041858673095703
0.0007679462432861328
0.0015821456909179688
0.001519918441772461
0.000993967056274414
0.002693653106689453
0.0016760826110839844
0.0014827251434326172
0.0012431144714355469
0.0003590583801269531
0.002071380615234375
0.0017247200012207031
0.0014216899871826172
0.0032806396484375
0.0006759166717529297
0.0006215572357177734
0.004700183868408203
0.0038928985595703125
0.000858306884765625
0.0010678768157958984
0.0008084774017333984
0.00030112266540527344
0.0036787986755371094
0.0014927387237548828
0.0004279613494873047
0.005052328109741211
0.0040950775146484375
0.0018815994262695312
0.0009593963623046875
0.0036907196044921875
0.0011553764343261719
0.009322404861450195
0.003975629806518555
0.0003032684326171875
0.003371715545654297
0.0008788108825683594
0.0010311603546142578
0.0019714832305908203
0.0009822845458984375
0.0016541481018066406
0.001100301742553711
0.0047838687896728516
0.0011854171752929688
0.0006937980651855469
0.0019292831420898438
0.003656625747680664
0.00402522087097168
0.0012211799621582031
0.0007538795471191406
0.002680540084838867
0.0006561279296875
0.005822658538818359
0.0007472038269042969
0.0008423328399658203
0.0011649131774902344
0.0035762786865234375
