322	id-00000	8	9	4	6	1700.0	1700.0	1700.18	1700.6266	1706.0	18.845	COMPLETED
322	id-00001	10	19	1	3	1701.0	1701.0	1701.05	1701.2115	1704.0	7.722	COMPLETED
322	id-00002	4	5	5	4	1702.0	1702.0	1702.23	1702.3816	1706.0	9.872	COMPLETED
322	id-00003	2	3	10	5	1704.0	1704.0	1704.42	1704.5927	1709.0	5.053	COMPLETED
322	id-00004	3	5	2	1	1704.0	1704.0	1704.09	1705.0	1705.0	2.473	EXPIRED
322	id-00005	10	15	10	5	1704.0	1704.0	1704.5	1704.977	1709.0	77.22	COMPLETED
322	id-00006	1	2	9	4	1705.0	1705.0	1705.45	1705.5791	1709.0	6.95	COMPLETED
322	id-00007	1	2	5	7	1708.0	1708.0	1708.25	1708.4819	1715.0	3.861	COMPLETED
322	id-00008	1	2	5	6	1712.0	1712.0	1712.25	1712.6356	1718.0	3.861	COMPLETED
322	id-00009	9	9	6	1	1714.0	1714.0	1714.26	1715.0	1715.0	28.785	EXPIRED
322	id-00010	5	2	3	5	1715.0	1715.0	1715.27	1715.4081	1720.0	15.758	COMPLETED
322	id-00011	3	4	5	2	1715.0	1715.0	1715.45	1715.8549	1717.0	20.849	COMPLETED
322	id-00012	7	9	1	5	1715.0	1715.0	1715.04	1715.459	1720.0	3.193	COMPLETED
322	id-00013	5	2	9	4	1715.0	1715.0	1715.41	1715.8598	1719.0	23.929	COMPLETED
322	id-00014	7	7	10	2	1717.0	1717.0	1717.45	1717.9459	1719.0	40.163	COMPLETED
322	id-00015	8	10	10	2	1718.0	1718.0	1718.45	1718.7901	1720.0	47.113	COMPLETED
322	id-00016	9	3	4	2	1719.0	1719.0	1719.18	1719.4141	1721.0	21.625	COMPLETED
322	id-00017	10	18	7	1	1719.0	1719.0	1719.3	1720.0	1720.0	37.847	EXPIRED
322	id-00018	3	3	3	6	1720.0	1720.0	1720.13	1720.3459	1726.0	2.346	COMPLETED
322	id-00019	10	10	7	1	1720.0	1720.0	1720.32	1721.0	1721.0	43.387	EXPIRED
322	id-00020	2	4	7	4	1720.0	1720.0	1720.35	1720.6195	1724.0	10.811	COMPLETED
322	id-00021	1	2	1	6	1722.0	1722.0	1722.05	1722.3749	1728.0	0.772	COMPLETED
322	id-00022	9	7	1	5	1725.0	1725.0	1725.04	1725.1709	1730.0	4.428	COMPLETED
322	id-00023	9	6	9	4	1725.0	1725.0	1725.38	1725.8074	1729.0	38.488	COMPLETED
322	id-00024	2	4	7	5	1727.0	1727.0	1727.35	1727.5149	1732.0	10.811	COMPLETED
322	id-00025	4	8	4	6	1730.0	1730.0	1730.19	1730.4165	1736.0	9.946	COMPLETED
322	id-00026	9	8	1	3	1732.0	1732.0	1732.04	1732.2275	1735.0	4.051	COMPLETED
322	id-00027	9	13	8	4	1732.0	1732.0	1732.35	1732.5369	1736.0	38.749	COMPLETED
322	id-00028	3	5	7	6	1733.0	1733.0	1733.33	1733.4917	1739.0	12.178	COMPLETED
322	id-00029	8	12	5	7	1733.0	1733.0	1733.21	1733.7012	1740.0	18.026	COMPLETED
322	id-00030	8	12	4	5	1735.0	1735.0	1735.19	1735.6509	1740.0	21.684	COMPLETED
322	id-00031	10	15	6	1	1735.0	1735.0	1735.26	1736.0	1736.0	32.801	EXPIRED
322	id-00032	6	5	7	1	1736.0	1736.0	1736.32	1737.0	1737.0	23.619	EXPIRED
322	id-00033	9	17	10	5	1736.0	1736.0	1736.43	1736.6286	1741.0	47.606	COMPLETED
322	id-00034	9	13	2	6	1736.0	1736.0	1736.09	1736.2548	1742.0	9.964	COMPLETED
322	id-00035	5	5	5	7	1737.0	1737.0	1737.22	1737.666	1744.0	10.766	COMPLETED
322	id-00036	8	3	2	4	1737.0	1737.0	1737.1	1737.5378	1741.0	12.355	COMPLETED
322	id-00037	4	4	2	4	1737.0	1737.0	1737.17	1737.4971	1741.0	5.694	COMPLETED
322	id-00038	2	4	4	1	1737.0	1737.0	1737.19	1738.0	1738.0	4.077	EXPIRED
322	id-00039	7	10	4	4	1737.0	1737.0	1737.35	1737.647	1741.0	37.838	COMPLETED
322	id-00040	7	2	2	7	1737.0	1737.0	1737.09	1737.3368	1744.0	8.033	COMPLETED
322	id-00041	8	3	9	3	1738.0	1738.0	1738.43	1738.6492	1741.0	49.073	COMPLETED
322	id-00042	8	3	9	4	1738.0	1738.0	1738.39	1738.6562	1742.0	37.155	COMPLETED
322	id-00043	8	10	1	5	1739.0	1739.0	1739.05	1739.1706	1744.0	5.706	COMPLETED
322	id-00044	5	4	10	4	1739.0	1739.0	1739.43	1739.6516	1743.0	21.042	COMPLETED
322	id-00045	2	2	5	6	1739.0	1739.0	1739.24	1739.3775	1745.0	5.15	COMPLETED
322	id-00046	5	9	10	4	1739.0	1739.0	1739.43	1739.8087	1743.0	21.042	COMPLETED
322	id-00047	4	2	2	5	1740.0	1740.0	1740.1	1740.3902	1745.0	5.235	COMPLETED
322	id-00048	3	6	9	3	1741.0	1741.0	1741.43	1741.8653	1744.0	15.869	COMPLETED
322	id-00049	9	9	5	7	1742.0	1742.0	1742.2	1742.4758	1749.0	18.371	COMPLETED
322	id-00050	9	13	1	3	1742.0	1742.0	1742.04	1742.3012	1745.0	4.428	COMPLETED
322	id-00051	7	10	5	5	1743.0	1743.0	1743.24	1743.4355	1748.0	23.683	COMPLETED
322	id-00052	8	13	8	2	1744.0	1744.0	1744.38	1744.8118	1746.0	43.367	COMPLETED
322	id-00053	9	7	5	5	1744.0	1744.0	1744.2	1744.3153	1749.0	18.371	COMPLETED
322	id-00054	3	2	3	2	1746.0	1746.0	1746.14	1746.349	1748.0	3.847	COMPLETED
322	id-00055	10	17	9	5	1746.0	1746.0	1746.39	1746.5424	1751.0	49.201	COMPLETED
322	id-00056	3	4	6	5	1750.0	1750.0	1750.25	1750.7277	1755.0	4.512	COMPLETED
322	id-00057	3	5	7	1	1750.0	1750.0	1750.32	1751.0	1751.0	8.792	EXPIRED
322	id-00058	5	8	10	1	1750.0	1750.0	1750.48	1751.0	1751.0	32.54	EXPIRED
322	id-00059	2	4	6	7	1753.0	1753.0	1753.3	1753.4716	1760.0	9.266	COMPLETED
322	id-00060	2	3	9	6	1754.0	1754.0	1754.45	1754.738	1760.0	13.9	COMPLETED
322	id-00061	9	3	10	3	1754.0	1754.0	1754.45	1754.6501	1757.0	54.063	COMPLETED
322	id-00062	8	2	1	3	1754.0	1754.0	1754.04	1754.347	1757.0	3.434	COMPLETED
322	id-00063	8	6	2	4	1755.0	1755.0	1755.1	1755.4985	1759.0	11.412	COMPLETED
322	id-00064	9	8	1	5	1756.0	1756.0	1756.04	1756.1755	1761.0	4.428	COMPLETED
322	id-00065	4	4	9	1	1757.0	1757.0	1757.43	1758.0	1758.0	22.51	EXPIRED
322	id-00066	8	14	9	4	1757.0	1757.0	1757.41	1757.8279	1761.0	42.925	COMPLETED
322	id-00067	5	8	5	5	1757.0	1757.0	1757.22	1757.4267	1762.0	10.766	COMPLETED
322	id-00068	7	2	7	2	1758.0	1758.0	1758.64	1759.0677	1760.0	69.189	COMPLETED
322	id-00069	9	16	5	7	1758.0	1758.0	1758.22	1758.3741	1765.0	24.357	COMPLETED
322	id-00070	4	4	9	5	1758.0	1758.0	1758.82	1759.0345	1763.0	35.194	COMPLETED
322	id-00071	10	13	5	4	1759.0	1759.0	1759.23	1759.5837	1763.0	31.184	COMPLETED
322	id-00072	8	2	7	6	1759.0	1759.0	1759.3	1759.7538	1765.0	28.58	COMPLETED
322	id-00073	8	3	2	7	1760.0	1760.0	1760.09	1760.2107	1767.0	9.423	COMPLETED
322	id-00074	7	6	4	6	1760.0	1760.0	1760.18	1760.3753	1766.0	16.065	COMPLETED
322	id-00075	2	2	2	1	1766.0	1766.0	1766.1	1767.0	1767.0	3.089	EXPIRED
322	id-00076	3	5	7	6	1768.0	1768.0	1768.3	1768.5719	1774.0	5.414	COMPLETED
322	id-00077	5	5	1	6	1770.0	1770.0	1770.05	1770.431	1776.0	2.918	COMPLETED
322	id-00078	5	7	5	5	1772.0	1772.0	1772.21	1772.665	1777.0	8.297	COMPLETED
322	id-00079	3	5	9	5	1772.0	1772.0	1772.82	1772.9488	1777.0	37.992	COMPLETED
322	id-00080	5	9	4	5	1772.0	1772.0	1772.36	1772.7271	1777.0	21.011	COMPLETED
322	id-00081	2	2	4	1	1773.0	1773.0	1773.2	1774.0	1774.0	6.178	EXPIRED
322	id-00082	2	4	8	1	1773.0	1773.0	1773.36	1774.0	1774.0	4.332	EXPIRED
322	id-00083	8	5	2	1	1774.0	1774.0	1774.09	1775.0	1775.0	9.423	EXPIRED
322	id-00084	8	12	9	5	1775.0	1775.0	1775.43	1775.6891	1780.0	49.073	COMPLETED
322	id-00085	2	2	2	1	1775.0	1775.0	1775.1	1776.0	1776.0	3.089	EXPIRED
322	id-00086	5	2	4	1	1776.0	1776.0	1776.19	1777.0	1777.0	12.88	EXPIRED
322	id-00087	10	2	10	2	1776.0	1776.0	1776.5	1776.8546	1778.0	77.22	COMPLETED
322	id-00088	8	6	10	2	1776.0	1776.0	1776.48	1776.8541	1778.0	54.78	COMPLETED
322	id-00089	10	19	1	1	1776.0	1776.0	1776.08	1777.0	1777.0	10.092	EXPIRED
322	id-00090	1	2	2	1	1776.0	1776.0	1776.17	1777.0	1777.0	1.023	EXPIRED
322	id-00091	7	7	2	5	1776.0	1776.0	1776.16	1776.3351	1781.0	17.297	COMPLETED
322	id-00092	5	7	4	3	1776.0	1776.0	1776.32	1776.7162	1779.0	9.626	COMPLETED
322	id-00093	1	2	10	6	1777.0	1777.0	1777.5	1777.9212	1783.0	7.722	COMPLETED
322	id-00094	3	5	7	2	1778.0	1778.0	1778.33	1778.4605	1780.0	12.178	COMPLETED
322	id-00095	5	8	5	1	1779.0	1779.0	1779.24	1780.0	1780.0	16.27	EXPIRED
322	id-00096	4	3	2	5	1780.0	1780.0	1780.17	1780.5499	1785.0	5.694	COMPLETED
322	id-00097	10	12	4	6	1780.0	1780.0	1780.35	1780.5043	1786.0	54.054	COMPLETED
322	id-00098	5	3	6	3	1781.0	1781.0	1781.29	1781.7298	1784.0	19.66	COMPLETED
322	id-00099	2	2	8	1	1784.0	1784.0	1784.76	1785.0	1785.0	23.475	EXPIRED
322	id-00100	3	4	3	4	1784.0	1784.0	1784.29	1784.5139	1788.0	10.702	COMPLETED
322	id-00101	6	11	2	6	1788.0	1788.0	1788.1	1788.5728	1794.0	9.266	COMPLETED
322	id-00102	3	4	6	2	1789.0	1789.0	1789.3	1789.4524	1791.0	13.9	COMPLETED
322	id-00103	10	4	1	6	1791.0	1791.0	1791.04	1791.4033	1797.0	4.292	COMPLETED
322	id-00104	6	9	4	4	1791.0	1791.0	1791.2	1791.4798	1795.0	18.533	COMPLETED
322	id-00105	3	4	10	3	1795.0	1795.0	1795.5	1795.9095	1798.0	23.166	COMPLETED
322	id-00106	10	3	7	4	1795.0	1795.0	1795.29	1795.6583	1799.0	33.851	COMPLETED
322	id-00107	7	4	2	2	1796.0	1796.0	1796.1	1796.5822	1798.0	10.811	COMPLETED
322	id-00108	1	2	1	1	1797.0	1797.0	1797.05	1798.0	1798.0	0.772	EXPIRED
322	id-00109	10	5	6	2	1798.0	1798.0	1798.25	1798.5692	1800.0	29.182	COMPLETED
322	id-00110	1	2	2	3	1799.0	1799.0	1799.1	1799.5421	1802.0	1.544	COMPLETED
322	id-00111	5	9	6	4	1799.0	1799.0	1799.3	1799.7315	1803.0	23.166	COMPLETED
322	id-00112	10	15	9	3	1800.0	1800.0	1800.36	1800.7912	1803.0	38.628	COMPLETED
322	id-00113	6	6	6	2	1800.0	1800.0	1800.3	1800.7257	1802.0	27.799	COMPLETED
322	id-00114	4	8	2	7	1806.0	1806.0	1806.15	1806.4915	1813.0	6.438	COMPLETED
322	id-00115	5	6	1	4	1806.0	1806.0	1806.07	1806.2487	1810.0	2.106	COMPLETED
322	id-00116	6	4	2	6	1806.0	1806.0	1806.1	1806.3259	1812.0	8.324	COMPLETED
322	id-00117	8	14	10	2	1812.0	1812.0	1812.48	1812.8589	1814.0	54.78	COMPLETED
322	id-00118	8	3	4	1	1813.0	1813.0	1813.13	1814.0	1814.0	6.257	EXPIRED
322	id-00119	10	6	3	2	1813.0	1813.0	1813.12	1813.362	1815.0	12.876	COMPLETED
322	id-00120	2	2	1	3	1814.0	1814.0	1814.1	1814.3817	1817.0	2.146	COMPLETED
322	id-00121	4	3	2	2	1814.0	1814.0	1814.19	1814.3404	1816.0	11.737	COMPLETED
322	id-00122	4	3	5	7	1815.0	1815.0	1815.24	1815.7234	1822.0	12.564	COMPLETED
322	id-00123	10	8	10	1	1815.0	1815.0	1815.4	1816.0	1816.0	42.92	EXPIRED
322	id-00124	10	13	7	7	1816.0	1816.0	1816.28	1816.6398	1823.0	30.044	COMPLETED
322	id-00125	2	3	2	5	1817.0	1817.0	1817.1	1817.3218	1822.0	3.089	COMPLETED
322	id-00126	8	16	8	7	1818.0	1818.0	1818.38	1818.5698	1825.0	43.367	COMPLETED
322	id-00127	10	3	8	5	1819.0	1819.0	1819.32	1819.7578	1824.0	34.336	COMPLETED
322	id-00128	1	2	3	5	1819.0	1819.0	1819.15	1819.3753	1824.0	2.317	COMPLETED
322	id-00129	2	3	3	7	1820.0	1820.0	1820.15	1820.6175	1827.0	4.633	COMPLETED
322	id-00130	1	2	4	1	1824.0	1824.0	1824.2	1825.0	1825.0	3.089	EXPIRED
322	id-00131	10	2	6	6	1825.0	1825.0	1825.23	1825.7048	1831.0	22.511	COMPLETED
322	id-00132	4	8	7	1	1828.0	1828.0	1828.35	1829.0	1829.0	21.622	EXPIRED
322	id-00133	10	2	3	6	1829.0	1829.0	1829.12	1829.4472	1835.0	11.745	COMPLETED
322	id-00134	9	9	9	7	1829.0	1829.0	1829.35	1829.4933	1836.0	28.85	COMPLETED
322	id-00135	8	3	1	7	1829.0	1829.0	1829.04	1829.354	1836.0	2.679	COMPLETED
322	id-00136	9	17	9	4	1830.0	1830.0	1830.33	1830.7748	1834.0	24.09	COMPLETED
322	id-00137	6	6	6	5	1830.0	1830.0	1830.25	1830.6325	1835.0	13.738	COMPLETED
322	id-00138	9	18	3	5	1832.0	1832.0	1832.11	1832.3639	1837.0	8.03	COMPLETED
322	id-00139	1	2	7	2	1832.0	1832.0	1832.35	1832.6192	1834.0	5.405	COMPLETED
322	id-00140	10	7	7	2	1832.0	1832.0	1832.3	1832.6288	1834.0	37.847	COMPLETED
322	id-00141	3	3	1	7	1833.0	1833.0	1833.1	1833.3756	1840.0	4.633	COMPLETED
322	id-00142	4	7	1	7	1833.0	1833.0	1833.1	1833.4578	1840.0	6.178	COMPLETED
322	id-00143	6	8	4	3	1836.0	1836.0	1836.17	1836.573	1839.0	9.342	COMPLETED
322	id-00144	8	7	1	7	1836.0	1836.0	1836.05	1836.5379	1843.0	6.178	COMPLETED
322	id-00145	2	2	8	2	1836.0	1836.0	1836.4	1836.838	1838.0	12.355	COMPLETED
322	id-00146	7	4	7	2	1839.0	1839.0	1839.35	1839.8333	1841.0	37.838	COMPLETED
322	id-00147	6	11	3	3	1842.0	1842.0	1842.14	1842.3392	1845.0	11.653	COMPLETED
322	id-00148	5	5	5	4	1842.0	1842.0	1842.2	1842.3165	1846.0	6.016	COMPLETED
322	id-00149	2	2	5	3	1843.0	1843.0	1843.25	1843.5289	1846.0	7.722	COMPLETED
322	id-00150	6	10	5	6	1844.0	1844.0	1844.24	1844.3597	1850.0	19.977	COMPLETED
322	id-00151	10	7	6	4	1845.0	1845.0	1845.22	1845.3947	1849.0	19.458	COMPLETED
322	id-00152	1	2	5	7	1847.0	1847.0	1847.25	1847.6608	1854.0	3.861	COMPLETED
322	id-00153	10	19	3	4	1848.0	1848.0	1848.12	1848.2215	1852.0	12.876	COMPLETED
322	id-00154	9	17	4	5	1848.0	1848.0	1848.15	1848.4609	1853.0	10.95	COMPLETED
322	id-00155	1	2	2	6	1849.0	1849.0	1849.1	1849.2504	1855.0	1.544	COMPLETED
322	id-00156	7	4	1	6	1850.0	1850.0	1850.05	1850.4428	1856.0	5.405	COMPLETED
322	id-00157	2	3	7	1	1851.0	1851.0	1851.35	1852.0	1852.0	10.811	EXPIRED
322	id-00158	5	7	10	3	1852.0	1852.0	1852.5	1852.8615	1855.0	38.61	COMPLETED
322	id-00159	3	6	6	3	1855.0	1855.0	1855.3	1855.453	1858.0	13.9	COMPLETED
322	id-00160	7	8	5	2	1855.0	1855.0	1855.2	1855.3856	1857.0	12.194	COMPLETED
322	id-00161	6	8	7	3	1857.0	1857.0	1857.35	1857.6282	1860.0	32.432	COMPLETED
322	id-00162	2	3	4	2	1858.0	1858.0	1858.2	1858.6412	1860.0	6.178	COMPLETED
322	id-00163	4	8	2	2	1860.0	1860.0	1860.1	1860.5821	1862.0	6.178	COMPLETED
322	id-00164	3	3	10	3	1861.0	1861.0	1861.5	1861.8259	1864.0	23.166	COMPLETED
322	id-00165	3	4	2	5	1863.0	1863.0	1863.1	1863.4608	1868.0	4.633	COMPLETED
322	id-00166	9	12	9	5	1864.0	1864.0	1864.38	1864.5089	1869.0	38.488	COMPLETED
322	id-00167	8	9	10	4	1865.0	1865.0	1865.4	1865.6149	1869.0	30.565	COMPLETED
322	id-00168	2	3	10	4	1865.0	1865.0	1865.5	1865.8594	1869.0	15.444	COMPLETED
322	id-00169	9	2	5	4	1865.0	1865.0	1865.22	1865.4744	1869.0	24.357	COMPLETED
322	id-00170	6	6	1	3	1867.0	1867.0	1867.04	1867.3203	1870.0	2.575	COMPLETED
322	id-00171	7	7	2	4	1867.0	1867.0	1867.1	1867.411	1871.0	10.811	COMPLETED
322	id-00172	4	4	4	4	1868.0	1868.0	1868.4	1868.6187	1872.0	24.71	COMPLETED
322	id-00173	1	2	5	2	1868.0	1868.0	1868.5	1868.6117	1870.0	7.722	COMPLETED
322	id-00174	9	6	2	2	1869.0	1869.0	1869.09	1869.3881	1871.0	9.964	COMPLETED
322	id-00175	8	2	2	1	1869.0	1869.0	1869.08	1870.0	1870.0	6.113	EXPIRED
322	id-00176	1	2	2	2	1872.0	1872.0	1872.1	1872.2121	1874.0	1.544	COMPLETED
322	id-00177	3	4	9	3	1873.0	1873.0	1873.41	1873.6667	1876.0	11.265	COMPLETED
322	id-00178	2	4	10	2	1874.0	1874.0	1874.5	1874.6493	1876.0	15.444	COMPLETED
322	id-00179	10	8	3	1	1875.0	1875.0	1875.12	1876.0	1876.0	14.007	EXPIRED
322	id-00180	1	2	6	4	1877.0	1877.0	1877.27	1877.7448	1881.0	1.624	COMPLETED
322	id-00181	9	14	7	2	1877.0	1877.0	1877.28	1877.4758	1879.0	25.72	COMPLETED
322	id-00182	3	5	7	2	1878.0	1878.0	1878.32	1878.4357	1880.0	8.792	COMPLETED
322	id-00183	9	8	6	5	1879.0	1879.0	1879.24	1879.4462	1884.0	22.045	COMPLETED
322	id-00184	1	2	4	4	1880.0	1880.0	1880.36	1880.8438	1884.0	5.56	COMPLETED
322	id-00185	3	3	1	1	1880.0	1880.0	1880.09	1881.0	1881.0	2.473	EXPIRED
322	id-00186	7	4	10	6	1881.0	1881.0	1881.45	1881.6293	1887.0	40.163	COMPLETED
322	id-00187	1	2	4	7	1884.0	1884.0	1884.2	1884.4207	1891.0	3.089	COMPLETED
322	id-00188	9	7	5	7	1885.0	1885.0	1885.19	1885.3464	1892.0	15.661	COMPLETED
322	id-00189	8	12	5	3	1885.0	1885.0	1885.21	1885.4624	1888.0	18.026	COMPLETED
322	id-00190	6	5	4	5	1886.0	1886.0	1886.17	1886.5299	1891.0	9.342	COMPLETED
322	id-00191	1	2	7	6	1887.0	1887.0	1887.35	1887.4894	1893.0	5.405	COMPLETED
322	id-00192	7	6	3	1	1887.0	1887.0	1887.12	1888.0	1888.0	8.448	EXPIRED
322	id-00193	2	2	6	2	1888.0	1888.0	1888.3	1888.7195	1890.0	9.266	COMPLETED
322	id-00194	6	12	2	1	1888.0	1888.0	1888.17	1889.0	1889.0	9.342	EXPIRED
322	id-00195	1	2	8	7	1888.0	1888.0	1888.67	1889.0877	1895.0	10.347	COMPLETED
322	id-00196	9	2	3	4	1889.0	1889.0	1889.12	1889.3563	1893.0	9.891	COMPLETED
322	id-00197	9	9	10	1	1889.0	1889.0	1889.4	1890.0	1890.0	36.742	EXPIRED
322	id-00198	1	2	6	7	1889.0	1889.0	1889.25	1889.5419	1896.0	1.504	COMPLETED
322	id-00199	3	3	2	7	1889.0	1889.0	1889.09	1889.2403	1896.0	1.624	COMPLETED
322	id-00200	5	4	3	6	1890.0	1890.0	1890.12	1890.3897	1896.0	4.741	COMPLETED
322	id-00201	8	14	10	7	1890.0	1890.0	1890.38	1890.78	1897.0	25.454	COMPLETED
322	id-00202	9	3	4	1	1892.0	1892.0	1892.15	1893.0	1893.0	12.364	EXPIRED
322	id-00203	3	5	9	7	1892.0	1892.0	1892.75	1893.2374	1899.0	34.749	COMPLETED
322	id-00204	5	3	3	2	1892.0	1892.0	1892.25	1892.572	1894.0	9.877	COMPLETED
322	id-00205	7	9	3	2	1893.0	1893.0	1893.12	1893.5245	1895.0	8.448	COMPLETED
322	id-00206	8	3	6	6	1893.0	1893.0	1893.23	1893.6766	1899.0	15.406	COMPLETED
322	id-00207	5	8	1	6	1895.0	1895.0	1895.08	1895.199	1901.0	3.161	COMPLETED
322	id-00208	4	3	10	6	1895.0	1895.0	1895.42	1895.6625	1901.0	10.107	COMPLETED
322	id-00209	1	2	1	6	1895.0	1895.0	1895.08	1895.4734	1901.0	1.236	COMPLETED
322	id-00210	8	11	2	4	1896.0	1896.0	1896.08	1896.5575	1900.0	6.867	COMPLETED
322	id-00211	9	13	9	3	1897.0	1897.0	1897.38	1897.5469	1900.0	38.488	COMPLETED
322	id-00212	9	16	10	4	1897.0	1897.0	1897.4	1897.6301	1901.0	36.742	COMPLETED
322	id-00213	2	2	2	7	1899.0	1899.0	1899.08	1899.3636	1906.0	0.963	COMPLETED
322	id-00214	6	11	4	6	1899.0	1899.0	1899.17	1899.5139	1905.0	9.342	COMPLETED
322	id-00215	2	4	1	1	1899.0	1899.0	1899.05	1900.0	1900.0	1.544	EXPIRED
322	id-00216	2	3	5	3	1900.0	1900.0	1900.25	1900.4804	1903.0	7.722	COMPLETED
322	id-00217	6	4	4	2	1901.0	1901.0	1901.17	1901.3586	1903.0	9.342	COMPLETED
322	id-00218	4	8	10	2	1901.0	1901.0	1901.38	1901.5224	1903.0	9.144	COMPLETED
322	id-00219	9	16	9	1	1902.0	1902.0	1902.35	1903.0	1903.0	28.85	EXPIRED
322	id-00220	2	2	4	6	1902.0	1902.0	1902.17	1902.6277	1908.0	2.045	COMPLETED
322	id-00221	3	5	2	6	1903.0	1903.0	1903.08	1903.2817	1909.0	1.444	COMPLETED
322	id-00222	9	9	1	3	1904.0	1904.0	1904.09	1904.5082	1907.0	10.813	COMPLETED
322	id-00223	7	11	7	7	1904.0	1904.0	1904.27	1904.6236	1911.0	13.916	COMPLETED
322	id-00224	4	4	7	1	1904.0	1904.0	1904.27	1905.0	1905.0	6.497	EXPIRED
322	id-00225	3	3	8	2	1904.0	1904.0	1904.73	1905.131	1906.0	33.822	COMPLETED
322	id-00226	6	2	5	5	1905.0	1905.0	1905.37	1905.6889	1910.0	13.356	COMPLETED
322	id-00227	9	10	6	4	1905.0	1905.0	1905.23	1905.6398	1909.0	18.958	COMPLETED
322	id-00228	3	2	9	4	1905.0	1905.0	1905.39	1905.8031	1909.0	7.039	COMPLETED
322	id-00229	8	5	2	4	1905.0	1905.0	1905.15	1905.5998	1909.0	17.119	COMPLETED
322	id-00230	7	8	7	5	1906.0	1906.0	1906.3	1906.5293	1911.0	23.947	COMPLETED
322	id-00231	6	2	3	1	1907.0	1907.0	1907.13	1908.0	1908.0	8.369	EXPIRED
322	id-00232	7	2	1	1	1911.0	1911.0	1911.04	1912.0	1912.0	2.439	EXPIRED
322	id-00233	8	3	4	5	1911.0	1911.0	1911.17	1911.6459	1916.0	16.196	COMPLETED
322	id-00234	3	4	6	6	1912.0	1912.0	1912.26	1912.6797	1918.0	4.692	COMPLETED
322	id-00235	5	8	1	3	1914.0	1914.0	1914.04	1914.2487	1917.0	1.957	COMPLETED
322	id-00236	2	4	10	7	1916.0	1916.0	1916.5	1916.946	1923.0	15.444	COMPLETED
322	id-00237	7	5	2	3	1916.0	1916.0	1916.09	1916.315	1919.0	7.184	COMPLETED
322	id-00238	1	2	2	2	1916.0	1916.0	1916.09	1916.3816	1918.0	0.541	COMPLETED
322	id-00239	2	4	2	4	1917.0	1917.0	1917.1	1917.5843	1921.0	3.089	COMPLETED
322	id-00240	10	5	1	6	1917.0	1917.0	1917.04	1917.202	1923.0	3.915	COMPLETED
322	id-00241	10	13	9	7	1918.0	1918.0	1918.35	1918.4809	1925.0	34.255	COMPLETED
322	id-00242	5	5	7	3	1922.0	1922.0	1922.32	1922.7482	1925.0	18.676	COMPLETED
322	id-00243	2	4	6	5	1923.0	1923.0	1923.3	1923.5689	1928.0	9.266	COMPLETED
322	id-00244	5	9	7	3	1925.0	1925.0	1925.29	1925.6156	1928.0	11.457	COMPLETED
322	id-00245	7	13	10	7	1925.0	1925.0	1925.43	1925.8286	1932.0	34.324	COMPLETED
322	id-00246	3	5	6	4	1928.0	1928.0	1928.26	1928.5034	1932.0	4.692	COMPLETED
322	id-00247	2	4	6	1	1928.0	1928.0	1928.3	1929.0	1929.0	9.266	EXPIRED
322	id-00248	3	2	2	5	1931.0	1931.0	1931.09	1931.2296	1936.0	2.473	COMPLETED
322	id-00249	10	19	10	1	1932.0	1932.0	1932.36	1933.0	1933.0	28.446	EXPIRED
322	id-00250	4	2	9	2	1932.0	1932.0	1932.38	1932.8226	1934.0	9.144	COMPLETED
322	id-00251	8	7	8	7	1936.0	1936.0	1936.38	1936.8792	1943.0	43.367	COMPLETED
322	id-00252	8	16	7	4	1937.0	1937.0	1937.33	1937.7952	1941.0	37.661	COMPLETED
322	id-00253	9	3	5	6	1938.0	1938.0	1938.19	1938.4938	1944.0	13.87	COMPLETED
322	id-00254	7	4	5	6	1938.0	1938.0	1938.19	1938.4666	1944.0	9.793	COMPLETED
322	id-00255	5	10	9	2	1938.0	1938.0	1938.41	1938.8162	1940.0	23.929	COMPLETED
322	id-00256	7	6	3	5	1942.0	1942.0	1942.14	1942.514	1947.0	13.815	COMPLETED
322	id-00257	2	2	4	3	1942.0	1942.0	1942.17	1942.3224	1945.0	2.045	COMPLETED
322	id-00258	10	15	5	2	1942.0	1942.0	1942.2	1942.5873	1944.0	21.46	COMPLETED
322	id-00259	5	6	10	2	1944.0	1944.0	1944.48	1944.9053	1946.0	32.54	COMPLETED
322	id-00260	4	6	9	2	1947.0	1947.0	1947.43	1947.8373	1949.0	22.51	COMPLETED
322	id-00261	2	4	2	3	1947.0	1947.0	1947.1	1947.545	1950.0	3.089	COMPLETED
322	id-00262	5	4	2	7	1948.0	1948.0	1948.1	1948.3464	1955.0	6.779	COMPLETED
322	id-00263	2	3	6	4	1949.0	1949.0	1949.3	1949.7151	1953.0	9.266	COMPLETED
322	id-00264	5	3	2	4	1950.0	1950.0	1950.18	1950.4024	1954.0	12.203	COMPLETED
322	id-00265	1	2	3	2	1950.0	1950.0	1950.27	1950.659	1952.0	1.624	COMPLETED
322	id-00266	8	9	3	1	1950.0	1950.0	1950.13	1951.0	1951.0	12.385	EXPIRED
322	id-00267	10	6	8	5	1951.0	1951.0	1951.32	1951.4872	1956.0	34.336	COMPLETED
322	id-00268	2	3	2	2	1954.0	1954.0	1954.1	1954.2314	1956.0	3.089	COMPLETED
322	id-00269	6	7	10	7	1956.0	1956.0	1956.45	1956.7868	1963.0	33.214	COMPLETED
322	id-00270	5	2	6	1	1956.0	1956.0	1956.22	1957.0	1957.0	6.618	EXPIRED
322	id-00271	4	7	8	5	1956.0	1956.0	1956.35	1956.6086	1961.0	11.722	COMPLETED
322	id-00272	10	20	9	4	1957.0	1957.0	1957.33	1957.4317	1961.0	29.187	COMPLETED
322	id-00273	2	4	2	7	1957.0	1957.0	1957.09	1957.2955	1964.0	1.083	COMPLETED
322	id-00274	1	2	3	4	1958.0	1958.0	1958.15	1958.2506	1962.0	2.317	COMPLETED
322	id-00275	3	2	8	2	1958.0	1958.0	1958.36	1958.7617	1960.0	9.891	COMPLETED
322	id-00276	5	5	9	1	1959.0	1959.0	1959.41	1960.0	1960.0	23.929	EXPIRED
322	id-00277	9	6	9	6	1962.0	1962.0	1962.39	1962.6136	1968.0	43.178	COMPLETED
322	id-00278	6	2	7	6	1962.0	1962.0	1962.33	1962.5936	1968.0	27.468	COMPLETED
322	id-00279	8	6	5	6	1964.0	1964.0	1964.24	1964.6412	1970.0	27.39	COMPLETED
322	id-00280	1	2	2	1	1965.0	1965.0	1965.17	1966.0	1966.0	1.023	EXPIRED
322	id-00281	8	6	3	1	1965.0	1965.0	1965.14	1966.0	1966.0	15.977	EXPIRED
322	id-00282	1	2	2	2	1965.0	1965.0	1965.17	1965.5161	1967.0	1.023	COMPLETED
322	id-00283	8	5	10	5	1966.0	1966.0	1966.42	1966.6441	1971.0	36.053	COMPLETED
322	id-00284	6	8	9	3	1966.0	1966.0	1966.43	1966.539	1969.0	35.791	COMPLETED
322	id-00285	2	2	3	6	1967.0	1967.0	1967.15	1967.266	1973.0	4.633	COMPLETED
322	id-00286	2	4	5	6	1968.0	1968.0	1968.24	1968.6526	1974.0	5.15	COMPLETED
322	id-00287	3	3	2	6	1968.0	1968.0	1968.08	1968.4283	1974.0	1.444	COMPLETED
322	id-00288	9	3	2	5	1969.0	1969.0	1969.08	1969.3238	1974.0	8.103	COMPLETED
322	id-00289	3	6	10	7	1970.0	1970.0	1970.5	1970.9141	1977.0	23.166	COMPLETED
322	id-00290	5	4	7	5	1972.0	1972.0	1972.35	1972.5797	1977.0	27.027	COMPLETED
322	id-00291	1	2	9	6	1972.0	1972.0	1972.45	1972.8067	1978.0	6.95	COMPLETED
322	id-00292	7	3	2	4	1973.0	1973.0	1973.1	1973.4921	1977.0	10.811	COMPLETED
322	id-00293	3	4	5	5	1974.0	1974.0	1974.25	1974.6728	1979.0	11.583	COMPLETED
322	id-00294	1	2	2	1	1978.0	1978.0	1978.1	1979.0	1979.0	1.544	EXPIRED
322	id-00295	1	2	5	2	1979.0	1979.0	1979.25	1979.6131	1981.0	3.861	COMPLETED
322	id-00296	2	3	5	2	1979.0	1979.0	1979.25	1979.7186	1981.0	7.722	COMPLETED
322	id-00297	7	12	2	1	1980.0	1980.0	1980.1	1981.0	1981.0	10.811	EXPIRED
322	id-00298	2	3	7	5	1981.0	1981.0	1981.35	1981.7815	1986.0	10.811	COMPLETED
322	id-00299	8	12	8	6	1982.0	1982.0	1982.33	1982.4796	1988.0	28.327	COMPLETED
322	id-00300	7	13	6	2	1982.0	1982.0	1982.3	1982.7952	1984.0	32.432	COMPLETED
322	id-00301	6	5	2	4	1983.0	1983.0	1983.1	1983.4149	1987.0	9.266	COMPLETED
322	id-00302	9	8	7	7	1983.0	1983.0	1983.3	1983.5505	1990.0	33.214	COMPLETED
322	id-00303	3	6	9	5	1983.0	1983.0	1983.38	1983.4991	1988.0	6.858	COMPLETED
322	id-00304	5	9	1	2	1984.0	1984.0	1984.05	1984.2063	1986.0	3.861	COMPLETED
322	id-00305	6	9	10	1	1984.0	1984.0	1984.43	1985.0	1985.0	27.683	EXPIRED
322	id-00306	4	4	3	6	1984.0	1984.0	1984.12	1984.2226	1990.0	2.888	COMPLETED
322	id-00307	10	4	10	3	1985.0	1985.0	1985.43	1985.6643	1988.0	54.247	COMPLETED
322	id-00308	4	4	7	1	1986.0	1986.0	1986.35	1987.0	1987.0	21.622	EXPIRED
322	id-00309	3	4	1	7	1990.0	1990.0	1990.1	1990.4719	1997.0	4.633	COMPLETED
322	id-00310	1	2	1	4	1990.0	1990.0	1990.1	1990.337	1994.0	1.544	COMPLETED
322	id-00311	1	2	1	2	1991.0	1991.0	1991.05	1991.449	1993.0	0.301	COMPLETED
322	id-00312	2	3	9	1	1992.0	1992.0	1992.78	1993.0	1993.0	9.385	EXPIRED
322	id-00313	8	3	6	6	1992.0	1992.0	1992.52	1992.7073	1998.0	59.344	COMPLETED
322	id-00314	1	2	1	7	1992.0	1992.0	1992.05	1992.3142	1999.0	0.772	COMPLETED
322	id-00315	4	8	3	5	1992.0	1992.0	1992.12	1992.5327	1997.0	2.888	COMPLETED
322	id-00316	7	11	9	7	1993.0	1993.0	1993.45	1993.6877	2000.0	48.649	COMPLETED
322	id-00317	7	14	2	6	1995.0	1995.0	1995.1	1995.325	2001.0	10.811	COMPLETED
322	id-00318	3	2	4	5	1997.0	1997.0	1997.2	1997.5812	2002.0	9.266	COMPLETED
322	id-00319	8	10	10	1	2000.0	2000.0	2000.4	2001.0	2001.0	30.565	EXPIRED
322	id-00320	1	2	2	6	2000.0	2000.0	2000.19	2000.4765	2006.0	1.143	COMPLETED
322	id-00321	5	3	10	7	2000.0	2000.0	2000.95	2001.1786	2007.0	73.359	COMPLETED
