0.0005571842193603516
0.004803895950317383
0.0014843940734863281
0.0009031295776367188
0.0014166831970214844
0.0006756782531738281
0.0010449886322021484
0.0009877681732177734
0.0007441043853759766
0.0012693405151367188
0.001573801040649414
0.0008687973022460938
0.0023190975189208984
0.001028299331665039
0.0020003318786621094
0.001107931137084961
0.002531766891479492
0.004427433013916016
0.0050754547119140625
0.0010008811950683594
0.0003657341003417969
0.0007915496826171875
0.0009386539459228516
0.0006380081176757812
0.0009653568267822266
0.00096893310546875
0.0009357929229736328
0.0012021064758300781
0.0017507076263427734
0.0009021759033203125
0.0023279190063476562
0.003340005874633789
0.0019469261169433594
0.006246805191040039
0.0007994174957275391
0.0037186145782470703
0.00030422210693359375
0.008242368698120117
0.0010268688201904297
0.001714468002319336
0.0005781650543212891
0.005060911178588867
0.000762939453125
0.0014853477478027344
0.002237081527709961
0.0005888938903808594
0.000888824462890625
0.009818315505981445
0.0015940666198730469
0.0005743503570556641
0.002804279327392578
0.0007228851318359375
0.0008139610290527344
0.004277229309082031
0.0007750988006591797
0.0007722377777099609
0.003251791000366211
0.001718759536743164
0.0018475055694580078
0.0008130073547363281
0.0007293224334716797
0.0016515254974365234
0.0061800479888916016
0.0008368492126464844
0.0006697177886962891
0.0017158985137939453
0.0008015632629394531
0.0008306503295898438
0.006768226623535156
0.000743865966796875
0.004853963851928711
0.0019023418426513672
0.003259420394897461
0.0024650096893310547
0.0016620159149169922
0.0025386810302734375
0.000812530517578125
0.0008060932159423828
0.0006580352783203125
0.002293109893798828
0.0029556751251220703
0.0007920265197753906
0.0005638599395751953
0.0005426406860351562
0.004693269729614258
0.000293731689453125
0.008093118667602539
0.0022208690643310547
0.0017905235290527344
0.002911806106567383
0.0030455589294433594
0.0011553764343261719
0.0009100437164306641
0.002199888229370117
0.0007467269897460938
0.005102634429931641
0.005881547927856445
0.006031036376953125
0.0008020401000976562
0.005486726760864258
0.0005202293395996094
0.0014793872833251953
0.0005817413330078125
0.0005528926849365234
0.0005533695220947266
0.0018889904022216797
0.00037741661071777344
0.0005970001220703125
0.0008318424224853516
0.0003948211669921875
0.0019221305847167969
0.0008897781372070312
0.006421566009521484
0.001592874526977539
0.001190185546875
0.0011303424835205078
0.001512765884399414
0.0008385181427001953
0.0005967617034912109
0.0008904933929443359
0.0027244091033935547
0.0006000995635986328
0.000873565673828125
0.0008223056793212891
0.00341033935546875
0.0036563873291015625
0.0004222393035888672
0.0009908676147460938
0.0008940696716308594
0.0039479732513427734
0.0008854866027832031
0.0023610591888427734
0.00399327278137207
0.0008318424224853516
0.0003497600555419922
0.0023572444915771484
0.003269195556640625
0.0011799335479736328
0.0009596347808837891
0.002783536911010742
0.0021474361419677734
0.0008730888366699219
0.0021979808807373047
0.0010750293731689453
0.0036351680755615234
0.0024309158325195312
0.0008485317230224609
0.0009350776672363281
0.002469301223754883
0.0004570484161376953
0.002542257308959961
0.002246856689453125
0.0018303394317626953
0.001560211181640625
0.002000570297241211
0.0012278556823730469
0.001703023910522461
0.004580974578857422
0.0006670951843261719
0.001003265380859375
0.0006844997406005859
0.0010533332824707031
0.0012111663818359375
0.000989675521850586
0.0015320777893066406
0.0011639595031738281
0.0006504058837890625
0.0006239414215087891
0.002858400344848633
0.0012493133544921875
0.0009026527404785156
0.0006465911865234375
0.004847288131713867
0.0006427764892578125
0.0014340877532958984
0.0024242401123046875
0.002076864242553711
0.0007054805755615234
0.0012085437774658203
0.0009324550628662109
0.002748250961303711
0.0015511512756347656
0.002587556838989258
0.0008871555328369141
0.0008578300476074219
0.00104522705078125
0.0011856555938720703
0.0010673999786376953
0.002123117446899414
0.0008034706115722656
0.0012483596801757812
0.0005376338958740234
0.006510257720947266
0.0007727146148681641
