302	id-00000	9	2	2	4	1700.0	1700.0	1700.08	1700.2052	1704.0	8.103	COMPLETED
302	id-00001	7	6	4	4	1700.0	1700.0	1700.2	1700.6935	1704.0	21.622	COMPLETED
302	id-00002	6	7	3	4	1701.0	1701.0	1701.14	1701.3655	1705.0	10.333	COMPLETED
302	id-00003	4	4	9	4	1704.0	1704.0	1704.41	1704.8141	1708.0	17.597	COMPLETED
302	id-00004	10	14	1	4	1705.0	1705.0	1705.1	1705.3622	1709.0	15.444	COMPLETED
302	id-00005	1	2	8	2	1705.0	1705.0	1705.8	1706.2767	1707.0	12.355	COMPLETED
302	id-00006	10	7	7	7	1705.0	1705.0	1705.35	1705.6691	1712.0	54.054	COMPLETED
302	id-00007	6	7	5	5	1705.0	1705.0	1705.48	1705.8876	1710.0	44.479	COMPLETED
302	id-00008	3	6	7	5	1705.0	1705.0	1705.67	1706.0203	1710.0	24.726	COMPLETED
302	id-00009	7	2	7	1	1705.0	1705.0	1705.32	1706.0	1706.0	28.561	EXPIRED
302	id-00010	7	4	3	5	1706.0	1706.0	1706.14	1706.2473	1711.0	12.495	COMPLETED
302	id-00011	2	4	6	1	1710.0	1710.0	1710.3	1711.0	1711.0	9.266	EXPIRED
302	id-00012	6	11	10	3	1713.0	1713.0	1713.45	1713.7232	1716.0	33.214	COMPLETED
302	id-00013	9	4	5	7	1713.0	1713.0	1713.22	1713.3795	1720.0	24.357	COMPLETED
302	id-00014	4	7	8	7	1715.0	1715.0	1715.36	1715.583	1722.0	15.451	COMPLETED
302	id-00015	2	3	6	3	1716.0	1716.0	1716.3	1716.725	1719.0	9.266	COMPLETED
302	id-00016	10	11	9	5	1718.0	1718.0	1718.39	1718.8814	1723.0	49.201	COMPLETED
302	id-00017	6	4	9	5	1718.0	1718.0	1718.41	1718.8816	1723.0	30.261	COMPLETED
302	id-00018	8	8	6	3	1722.0	1722.0	1722.27	1722.401	1725.0	28.268	COMPLETED
302	id-00019	7	6	5	1	1723.0	1723.0	1723.23	1724.0	1724.0	20.528	EXPIRED
302	id-00020	6	12	8	2	1724.0	1724.0	1724.36	1724.7215	1726.0	26.571	COMPLETED
302	id-00021	3	6	3	4	1725.0	1725.0	1725.29	1725.7419	1729.0	10.702	COMPLETED
302	id-00022	1	2	2	4	1725.0	1725.0	1725.19	1725.3666	1729.0	2.934	COMPLETED
302	id-00023	8	13	4	6	1727.0	1727.0	1727.19	1727.4203	1733.0	21.684	COMPLETED
302	id-00024	7	2	8	2	1729.0	1729.0	1729.38	1729.5737	1731.0	37.498	COMPLETED
302	id-00025	9	10	8	7	1730.0	1730.0	1730.33	1730.7985	1737.0	33.424	COMPLETED
302	id-00026	7	3	3	7	1733.0	1733.0	1733.14	1733.5344	1740.0	13.815	COMPLETED
302	id-00027	2	3	6	3	1736.0	1736.0	1736.29	1736.7899	1739.0	6.223	COMPLETED
302	id-00028	5	6	10	3	1736.0	1736.0	1736.48	1736.8578	1739.0	32.54	COMPLETED
302	id-00029	5	10	7	4	1737.0	1737.0	1737.33	1737.8246	1741.0	22.371	COMPLETED
302	id-00030	8	16	6	3	1738.0	1738.0	1738.26	1738.4896	1741.0	24.77	COMPLETED
302	id-00031	5	7	4	2	1738.0	1738.0	1738.17	1738.3665	1740.0	8.319	COMPLETED
302	id-00032	4	7	6	1	1738.0	1738.0	1738.29	1739.0	1739.0	15.181	EXPIRED
302	id-00033	4	3	8	4	1739.0	1739.0	1739.35	1739.6769	1743.0	11.722	COMPLETED
302	id-00034	4	3	5	7	1739.0	1739.0	1739.24	1739.6963	1746.0	12.564	COMPLETED
302	id-00035	1	2	7	6	1740.0	1740.0	1740.35	1740.6287	1746.0	5.405	COMPLETED
302	id-00036	5	10	7	4	1741.0	1741.0	1741.33	1741.7746	1745.0	22.371	COMPLETED
302	id-00037	5	9	10	7	1742.0	1742.0	1742.87	1743.156	1749.0	42.574	COMPLETED
302	id-00038	5	10	1	7	1742.0	1742.0	1742.05	1742.2993	1749.0	2.918	COMPLETED
302	id-00039	9	3	1	6	1742.0	1742.0	1742.09	1742.3769	1748.0	12.51	COMPLETED
302	id-00040	4	6	10	5	1742.0	1742.0	1742.4	1742.5962	1747.0	9.626	COMPLETED
302	id-00041	1	2	9	3	1743.0	1743.0	1743.72	1743.8821	1746.0	11.12	COMPLETED
302	id-00042	6	11	6	6	1743.0	1743.0	1743.48	1743.6021	1749.0	21.852	COMPLETED
302	id-00043	8	7	6	6	1743.0	1743.0	1743.29	1743.3913	1749.0	33.096	COMPLETED
302	id-00044	9	15	9	3	1744.0	1744.0	1744.36	1744.513	1747.0	33.068	COMPLETED
302	id-00045	5	8	8	1	1745.0	1745.0	1745.38	1746.0	1746.0	25.761	EXPIRED
302	id-00046	3	3	4	3	1746.0	1746.0	1746.19	1746.6816	1749.0	7.012	COMPLETED
302	id-00047	9	4	10	5	1747.0	1747.0	1747.45	1747.6591	1752.0	54.063	COMPLETED
302	id-00048	3	2	5	3	1749.0	1749.0	1749.24	1749.7336	1752.0	8.857	COMPLETED
302	id-00049	4	3	5	5	1751.0	1751.0	1751.24	1751.4201	1756.0	12.564	COMPLETED
302	id-00050	1	2	8	3	1754.0	1754.0	1754.4	1754.6737	1757.0	6.178	COMPLETED
302	id-00051	5	5	1	4	1756.0	1756.0	1756.05	1756.5212	1760.0	3.39	COMPLETED
302	id-00052	10	7	3	5	1759.0	1759.0	1759.14	1759.4802	1764.0	18.982	COMPLETED
302	id-00053	9	5	10	5	1760.0	1760.0	1760.45	1760.7971	1765.0	54.063	COMPLETED
302	id-00054	7	11	5	3	1760.0	1760.0	1760.21	1760.3923	1763.0	14.783	COMPLETED
302	id-00055	10	10	5	3	1760.0	1760.0	1760.23	1760.7165	1763.0	31.184	COMPLETED
302	id-00056	2	3	8	4	1762.0	1762.0	1762.4	1762.6707	1766.0	12.355	COMPLETED
302	id-00057	6	6	7	2	1762.0	1762.0	1762.32	1762.6788	1764.0	23.619	COMPLETED
302	id-00058	4	2	7	6	1767.0	1767.0	1767.3	1767.5807	1773.0	10.048	COMPLETED
302	id-00059	2	3	5	6	1768.0	1768.0	1768.25	1768.7122	1774.0	7.722	COMPLETED
302	id-00060	7	9	10	5	1768.0	1768.0	1768.43	1768.8172	1773.0	34.324	COMPLETED
302	id-00061	6	5	7	4	1769.0	1769.0	1769.3	1769.4701	1773.0	19.314	COMPLETED
302	id-00062	3	4	7	7	1770.0	1770.0	1770.64	1770.9323	1777.0	29.652	COMPLETED
302	id-00063	3	6	7	1	1770.0	1770.0	1770.64	1771.0	1771.0	17.585	EXPIRED
302	id-00064	5	3	9	1	1772.0	1772.0	1772.41	1773.0	1773.0	23.929	EXPIRED
302	id-00065	6	5	2	2	1774.0	1774.0	1774.08	1774.4985	1776.0	4.396	COMPLETED
302	id-00066	1	2	4	1	1774.0	1774.0	1774.36	1775.0	1775.0	5.56	EXPIRED
302	id-00067	3	5	7	3	1774.0	1774.0	1774.64	1774.8387	1777.0	17.585	COMPLETED
302	id-00068	5	4	8	5	1775.0	1775.0	1775.38	1775.6843	1780.0	25.761	COMPLETED
302	id-00069	6	7	2	2	1777.0	1777.0	1777.1	1777.5084	1779.0	8.324	COMPLETED
302	id-00070	6	9	9	4	1778.0	1778.0	1778.43	1778.5847	1782.0	35.791	COMPLETED
302	id-00071	4	8	6	7	1779.0	1779.0	1779.29	1779.5036	1786.0	15.181	COMPLETED
302	id-00072	5	5	8	7	1779.0	1779.0	1779.32	1779.4502	1786.0	9.626	COMPLETED
302	id-00073	9	5	4	3	1780.0	1780.0	1780.15	1780.2914	1783.0	12.364	COMPLETED
302	id-00074	3	6	5	3	1781.0	1781.0	1781.24	1781.5442	1784.0	8.857	COMPLETED
302	id-00075	4	3	1	6	1781.0	1781.0	1781.04	1781.3469	1787.0	0.963	COMPLETED
302	id-00076	8	15	6	5	1782.0	1782.0	1782.29	1782.7532	1787.0	33.096	COMPLETED
302	id-00077	6	7	9	3	1783.0	1783.0	1783.43	1783.6262	1786.0	35.791	COMPLETED
302	id-00078	10	2	4	5	1783.0	1783.0	1783.17	1783.4398	1788.0	21.447	COMPLETED
302	id-00079	8	15	10	7	1784.0	1784.0	1784.48	1784.9417	1791.0	54.78	COMPLETED
302	id-00080	2	4	8	7	1784.0	1784.0	1784.4	1784.7684	1791.0	12.355	COMPLETED
302	id-00081	1	2	1	5	1786.0	1786.0	1786.05	1786.4196	1791.0	0.772	COMPLETED
302	id-00082	4	2	8	2	1787.0	1787.0	1787.4	1787.7072	1789.0	24.71	COMPLETED
302	id-00083	6	9	6	5	1788.0	1788.0	1788.3	1788.5243	1793.0	27.799	COMPLETED
302	id-00084	1	2	8	2	1792.0	1792.0	1792.4	1792.5717	1794.0	6.178	COMPLETED
302	id-00085	5	9	2	6	1794.0	1794.0	1794.1	1794.3242	1800.0	7.722	COMPLETED
302	id-00086	7	11	4	5	1798.0	1798.0	1798.2	1798.5776	1803.0	21.622	COMPLETED
302	id-00087	8	16	5	7	1800.0	1800.0	1800.25	1800.65	1807.0	30.888	COMPLETED
302	id-00088	1	2	4	4	1802.0	1802.0	1802.2	1802.3418	1806.0	3.089	COMPLETED
302	id-00089	1	2	7	4	1803.0	1803.0	1803.35	1803.7071	1807.0	5.405	COMPLETED
302	id-00090	7	6	2	4	1806.0	1806.0	1806.1	1806.2867	1810.0	9.868	COMPLETED
302	id-00091	2	2	2	3	1807.0	1807.0	1807.1	1807.4198	1810.0	3.089	COMPLETED
302	id-00092	2	2	6	5	1807.0	1807.0	1807.86	1808.2548	1812.0	18.456	COMPLETED
302	id-00093	3	2	3	1	1807.0	1807.0	1807.43	1808.0	1808.0	19.923	EXPIRED
302	id-00094	1	2	3	4	1807.0	1807.0	1807.43	1807.646	1811.0	6.641	COMPLETED
302	id-00095	10	18	4	3	1808.0	1808.0	1808.16	1808.5658	1811.0	17.168	COMPLETED
302	id-00096	10	6	1	6	1811.0	1811.0	1811.04	1811.4188	1817.0	4.669	COMPLETED
302	id-00097	5	9	7	2	1811.0	1811.0	1811.28	1811.6067	1813.0	8.422	COMPLETED
302	id-00098	9	9	3	6	1812.0	1812.0	1812.12	1812.2647	1818.0	11.023	COMPLETED
302	id-00099	4	2	7	7	1812.0	1812.0	1812.23	1812.4626	1819.0	5.535	COMPLETED
302	id-00100	4	3	2	2	1816.0	1816.0	1816.1	1816.4263	1818.0	5.235	COMPLETED
302	id-00101	4	7	1	2	1817.0	1817.0	1817.05	1817.3572	1819.0	2.617	COMPLETED
302	id-00102	10	16	3	1	1818.0	1818.0	1818.12	1819.0	1819.0	12.876	EXPIRED
302	id-00103	3	6	10	3	1819.0	1819.0	1819.48	1819.8603	1822.0	17.714	COMPLETED
302	id-00104	6	11	3	5	1819.0	1819.0	1819.1	1819.3065	1824.0	3.61	COMPLETED
302	id-00105	5	10	10	2	1820.0	1820.0	1820.5	1820.7509	1822.0	38.61	COMPLETED
302	id-00106	1	2	10	1	1821.0	1821.0	1821.5	1822.0	1822.0	7.722	EXPIRED
302	id-00107	4	4	7	4	1822.0	1822.0	1822.35	1822.8295	1826.0	21.622	COMPLETED
302	id-00108	2	3	7	1	1822.0	1822.0	1822.35	1823.0	1823.0	10.811	EXPIRED
302	id-00109	4	5	7	1	1822.0	1822.0	1822.24	1823.0	1823.0	5.775	EXPIRED
302	id-00110	3	6	4	1	1823.0	1823.0	1823.28	1824.0	1824.0	5.053	EXPIRED
302	id-00111	1	2	1	3	1823.0	1823.0	1823.07	1823.3542	1826.0	0.421	COMPLETED
302	id-00112	7	5	10	4	1823.0	1823.0	1823.5	1823.7639	1827.0	54.054	COMPLETED
302	id-00113	2	4	7	1	1825.0	1825.0	1825.35	1826.0	1826.0	10.811	EXPIRED
302	id-00114	10	11	6	5	1826.0	1826.0	1826.23	1826.4171	1831.0	22.511	COMPLETED
302	id-00115	6	6	9	5	1827.0	1827.0	1827.9	1828.2688	1832.0	83.398	COMPLETED
302	id-00116	4	2	6	6	1827.0	1827.0	1827.46	1827.6169	1833.0	11.069	COMPLETED
302	id-00117	10	15	8	2	1827.0	1827.0	1827.62	1827.8535	1829.0	84.062	COMPLETED
302	id-00118	2	4	1	5	1827.0	1827.0	1827.1	1827.511	1832.0	3.089	COMPLETED
302	id-00119	8	8	10	1	1828.0	1828.0	1828.5	1829.0	1829.0	61.776	EXPIRED
302	id-00120	7	7	10	2	1828.0	1828.0	1828.77	1829.2519	1830.0	46.945	COMPLETED
302	id-00121	1	2	1	1	1828.0	1828.0	1828.08	1829.0	1829.0	0.481	EXPIRED
302	id-00122	10	19	2	4	1829.0	1829.0	1829.08	1829.2235	1833.0	7.83	COMPLETED
302	id-00123	8	7	3	3	1831.0	1831.0	1831.13	1831.3225	1834.0	12.385	COMPLETED
302	id-00124	10	5	2	1	1831.0	1831.0	1831.07	1832.0	1832.0	6.191	EXPIRED
302	id-00125	2	3	6	7	1832.0	1832.0	1832.3	1832.5888	1839.0	9.266	COMPLETED
302	id-00126	8	10	10	1	1832.0	1832.0	1832.42	1833.0	1833.0	36.053	EXPIRED
302	id-00127	5	6	7	1	1832.0	1832.0	1832.35	1833.0	1833.0	27.027	EXPIRED
302	id-00128	10	5	2	6	1836.0	1836.0	1836.07	1836.3579	1842.0	6.191	COMPLETED
302	id-00129	6	12	4	5	1836.0	1836.0	1836.2	1836.5378	1841.0	18.533	COMPLETED
302	id-00130	1	2	6	2	1837.0	1837.0	1837.3	1837.4383	1839.0	4.633	COMPLETED
302	id-00131	2	4	7	6	1837.0	1837.0	1837.35	1837.645	1843.0	10.811	COMPLETED
302	id-00132	6	9	8	7	1838.0	1838.0	1838.67	1838.9475	1845.0	36.818	COMPLETED
302	id-00133	9	12	7	3	1838.0	1838.0	1838.26	1838.6376	1841.0	18.98	COMPLETED
302	id-00134	1	2	3	6	1838.0	1838.0	1838.25	1838.5651	1844.0	3.861	COMPLETED
302	id-00135	8	16	6	2	1839.0	1839.0	1839.3	1839.428	1841.0	37.066	COMPLETED
302	id-00136	3	5	2	6	1839.0	1839.0	1839.08	1839.4544	1845.0	1.444	COMPLETED
302	id-00137	4	8	5	6	1840.0	1840.0	1840.24	1840.665	1846.0	12.564	COMPLETED
302	id-00138	8	14	7	7	1841.0	1841.0	1841.28	1841.3955	1848.0	21.395	COMPLETED
302	id-00139	9	6	10	7	1841.0	1841.0	1841.37	1841.8152	1848.0	27.01	COMPLETED
302	id-00140	4	7	9	3	1842.0	1842.0	1842.43	1842.8467	1845.0	22.51	COMPLETED
302	id-00141	1	2	4	3	1842.0	1842.0	1842.2	1842.5255	1845.0	3.089	COMPLETED
302	id-00142	3	5	9	5	1843.0	1843.0	1843.43	1843.8175	1848.0	15.869	COMPLETED
302	id-00143	5	8	3	7	1844.0	1844.0	1844.12	1844.4899	1851.0	3.61	COMPLETED
302	id-00144	1	2	10	6	1844.0	1844.0	1844.5	1844.8818	1850.0	7.722	COMPLETED
302	id-00145	6	9	9	1	1844.0	1844.0	1844.43	1845.0	1845.0	35.791	EXPIRED
302	id-00146	8	8	9	2	1845.0	1845.0	1845.45	1845.5716	1847.0	55.598	COMPLETED
302	id-00147	5	9	7	1	1845.0	1845.0	1845.28	1846.0	1846.0	8.422	EXPIRED
302	id-00148	5	9	3	5	1846.0	1846.0	1846.15	1846.2568	1851.0	11.583	COMPLETED
302	id-00149	6	11	8	2	1847.0	1847.0	1847.4	1847.5376	1849.0	37.066	COMPLETED
302	id-00150	5	6	7	5	1848.0	1848.0	1848.35	1848.8019	1853.0	27.027	COMPLETED
302	id-00151	1	2	1	3	1849.0	1849.0	1849.05	1849.4282	1852.0	0.772	COMPLETED
302	id-00152	4	6	4	2	1850.0	1850.0	1850.2	1850.4838	1852.0	12.355	COMPLETED
302	id-00153	2	2	8	3	1851.0	1851.0	1851.4	1851.8481	1854.0	12.355	COMPLETED
302	id-00154	7	2	4	4	1852.0	1852.0	1852.16	1852.4348	1856.0	9.755	COMPLETED
302	id-00155	7	10	9	7	1852.0	1852.0	1852.45	1852.9323	1859.0	48.649	COMPLETED
302	id-00156	6	8	8	2	1854.0	1854.0	1854.4	1854.5893	1856.0	37.066	COMPLETED
302	id-00157	5	10	3	2	1855.0	1855.0	1855.15	1855.6429	1857.0	11.583	COMPLETED
302	id-00158	9	9	1	4	1860.0	1860.0	1860.04	1860.4605	1864.0	3.674	COMPLETED
302	id-00159	4	6	5	6	1860.0	1860.0	1860.21	1860.3209	1866.0	5.053	COMPLETED
302	id-00160	2	4	10	6	1862.0	1862.0	1862.5	1862.8917	1868.0	15.444	COMPLETED
302	id-00161	4	5	3	6	1863.0	1863.0	1863.15	1863.4654	1869.0	9.266	COMPLETED
302	id-00162	10	16	10	3	1864.0	1864.0	1864.4	1864.5806	1867.0	42.92	COMPLETED
302	id-00163	1	2	2	7	1865.0	1865.0	1865.1	1865.5336	1872.0	1.544	COMPLETED
302	id-00164	2	4	10	4	1866.0	1866.0	1866.5	1866.7663	1870.0	15.444	COMPLETED
302	id-00165	10	16	2	2	1866.0	1866.0	1866.08	1866.3042	1868.0	8.584	COMPLETED
302	id-00166	5	3	9	6	1867.0	1867.0	1867.45	1867.8971	1873.0	34.749	COMPLETED
302	id-00167	7	12	1	1	1868.0	1868.0	1868.05	1869.0	1869.0	5.405	EXPIRED
302	id-00168	7	6	4	1	1869.0	1869.0	1869.4	1870.0	1870.0	43.243	EXPIRED
302	id-00169	1	2	1	6	1869.0	1869.0	1869.1	1869.5471	1875.0	1.544	COMPLETED
302	id-00170	4	6	8	2	1870.0	1870.0	1870.36	1870.5222	1872.0	15.451	COMPLETED
302	id-00171	5	6	4	2	1871.0	1871.0	1871.18	1871.4977	1873.0	10.506	COMPLETED
302	id-00172	5	5	5	2	1873.0	1873.0	1873.23	1873.6321	1875.0	13.424	COMPLETED
302	id-00173	3	4	10	2	1874.0	1874.0	1874.45	1874.6993	1876.0	12.364	COMPLETED
302	id-00174	6	11	8	6	1877.0	1877.0	1877.36	1877.7394	1883.0	26.571	COMPLETED
302	id-00175	1	2	8	4	1877.0	1877.0	1877.4	1877.5683	1881.0	6.178	COMPLETED
302	id-00176	10	16	10	7	1878.0	1878.0	1878.42	1878.6091	1885.0	49.026	COMPLETED
302	id-00177	1	2	5	6	1879.0	1879.0	1879.25	1879.3634	1885.0	3.861	COMPLETED
302	id-00178	4	3	6	2	1881.0	1881.0	1881.22	1881.5617	1883.0	5.294	COMPLETED
302	id-00179	6	3	9	7	1881.0	1881.0	1881.41	1881.9064	1888.0	30.261	COMPLETED
302	id-00180	3	6	9	4	1886.0	1886.0	1886.38	1886.7311	1890.0	6.858	COMPLETED
302	id-00181	5	2	5	5	1888.0	1888.0	1888.21	1888.5936	1893.0	8.297	COMPLETED
302	id-00182	4	5	1	5	1890.0	1890.0	1890.04	1890.236	1895.0	0.963	COMPLETED
302	id-00183	2	2	10	4	1891.0	1891.0	1891.45	1891.8516	1895.0	5.414	COMPLETED
302	id-00184	9	18	10	4	1891.0	1891.0	1891.38	1891.7872	1895.0	31.323	COMPLETED
302	id-00185	9	18	6	6	1891.0	1891.0	1891.25	1891.6858	1897.0	25.321	COMPLETED
302	id-00186	5	5	3	6	1893.0	1893.0	1893.12	1893.3106	1899.0	4.741	COMPLETED
302	id-00187	5	6	3	3	1894.0	1894.0	1894.12	1894.3025	1897.0	4.741	COMPLETED
302	id-00188	10	18	9	7	1898.0	1898.0	1898.36	1898.6572	1905.0	38.628	COMPLETED
302	id-00189	1	2	1	4	1899.0	1899.0	1899.05	1899.4634	1903.0	0.772	COMPLETED
302	id-00190	8	6	1	3	1900.0	1900.0	1900.04	1900.4651	1903.0	3.434	COMPLETED
302	id-00191	3	5	9	5	1902.0	1902.0	1902.38	1902.5854	1907.0	6.858	COMPLETED
302	id-00192	8	2	7	1	1902.0	1902.0	1902.27	1903.0	1903.0	18.086	EXPIRED
302	id-00193	2	4	6	7	1903.0	1903.0	1903.3	1903.5565	1910.0	9.266	COMPLETED
302	id-00194	7	12	9	3	1904.0	1904.0	1904.38	1904.8275	1907.0	26.75	COMPLETED
302	id-00195	2	4	1	7	1906.0	1906.0	1906.05	1906.4289	1913.0	1.544	COMPLETED
302	id-00196	5	2	4	4	1907.0	1907.0	1907.15	1907.3871	1911.0	4.512	COMPLETED
302	id-00197	8	15	3	6	1907.0	1907.0	1907.13	1907.39	1913.0	12.385	COMPLETED
302	id-00198	7	3	6	3	1908.0	1908.0	1908.26	1908.4421	1911.0	20.754	COMPLETED
302	id-00199	7	8	8	2	1909.0	1909.0	1909.35	1909.5148	1911.0	27.938	COMPLETED
302	id-00200	6	6	8	6	1910.0	1910.0	1910.35	1910.7262	1916.0	22.533	COMPLETED
302	id-00201	5	10	3	3	1911.0	1911.0	1911.13	1911.4067	1914.0	6.362	COMPLETED
302	id-00202	5	6	2	1	1915.0	1915.0	1915.18	1916.0	1916.0	13.9	EXPIRED
302	id-00203	3	5	8	5	1915.0	1915.0	1915.73	1915.9858	1920.0	20.057	COMPLETED
302	id-00204	9	17	3	3	1917.0	1917.0	1917.13	1917.4228	1920.0	14.393	COMPLETED
302	id-00205	4	6	5	1	1918.0	1918.0	1918.45	1919.0	1919.0	23.557	EXPIRED
302	id-00206	3	6	5	6	1918.0	1918.0	1918.22	1918.5647	1924.0	3.971	COMPLETED
302	id-00207	1	2	1	7	1918.0	1918.0	1918.09	1918.2639	1925.0	0.541	COMPLETED
302	id-00208	8	12	9	7	1919.0	1919.0	1919.41	1919.6706	1926.0	42.925	COMPLETED
302	id-00209	7	11	7	6	1923.0	1923.0	1923.32	1923.7096	1929.0	28.561	COMPLETED
302	id-00210	1	2	9	6	1924.0	1924.0	1924.45	1924.8779	1930.0	6.95	COMPLETED
302	id-00211	1	2	7	2	1926.0	1926.0	1926.35	1926.4754	1928.0	5.405	COMPLETED
302	id-00212	5	3	3	7	1926.0	1926.0	1926.13	1926.2948	1933.0	6.362	COMPLETED
302	id-00213	2	3	2	5	1926.0	1926.0	1926.08	1926.5284	1931.0	0.963	COMPLETED
302	id-00214	4	4	6	1	1927.0	1927.0	1927.26	1928.0	1928.0	8.708	EXPIRED
302	id-00215	10	2	7	1	1928.0	1928.0	1928.27	1929.0	1929.0	26.425	EXPIRED
302	id-00216	8	15	5	6	1928.0	1928.0	1928.22	1928.691	1934.0	20.959	COMPLETED
302	id-00217	9	13	2	5	1928.0	1928.0	1928.08	1928.5213	1933.0	8.103	COMPLETED
302	id-00218	1	2	7	6	1929.0	1929.0	1929.35	1929.4997	1935.0	5.405	COMPLETED
302	id-00219	7	6	9	1	1930.0	1930.0	1930.38	1931.0	1931.0	26.75	EXPIRED
302	id-00220	5	7	3	6	1930.0	1930.0	1930.14	1930.6254	1936.0	8.171	COMPLETED
302	id-00221	6	10	3	2	1932.0	1932.0	1932.14	1932.6087	1934.0	10.333	COMPLETED
302	id-00222	2	4	3	2	1933.0	1933.0	1933.15	1933.3016	1935.0	4.633	COMPLETED
302	id-00223	6	7	3	1	1935.0	1935.0	1935.14	1936.0	1936.0	11.653	EXPIRED
302	id-00224	4	6	4	4	1935.0	1935.0	1935.18	1935.3285	1939.0	7.726	COMPLETED
302	id-00225	10	10	1	5	1936.0	1936.0	1936.04	1936.1436	1941.0	3.915	COMPLETED
302	id-00226	8	4	8	7	1936.0	1936.0	1936.3	1936.6534	1943.0	17.267	COMPLETED
302	id-00227	8	16	2	7	1936.0	1936.0	1936.09	1936.2932	1943.0	9.423	COMPLETED
302	id-00228	9	13	1	3	1937.0	1937.0	1937.04	1937.3027	1940.0	3.297	COMPLETED
302	id-00229	4	2	8	7	1937.0	1937.0	1937.76	1938.2019	1944.0	46.95	COMPLETED
302	id-00230	3	3	9	7	1937.0	1937.0	1937.86	1938.221	1944.0	31.737	COMPLETED
302	id-00231	5	4	8	2	1937.0	1937.0	1937.36	1937.8068	1939.0	21.011	COMPLETED
302	id-00232	7	9	3	2	1938.0	1938.0	1938.14	1938.3433	1940.0	12.495	COMPLETED
302	id-00233	1	2	7	2	1938.0	1938.0	1938.35	1938.7661	1940.0	5.405	COMPLETED
302	id-00234	7	12	10	1	1938.0	1938.0	1938.48	1939.0	1939.0	47.366	EXPIRED
302	id-00235	10	3	3	3	1939.0	1939.0	1939.12	1939.3073	1942.0	11.745	COMPLETED
302	id-00236	4	4	9	2	1940.0	1940.0	1940.43	1940.8069	1942.0	22.51	COMPLETED
302	id-00237	1	2	5	1	1941.0	1941.0	1941.22	1942.0	1942.0	1.324	EXPIRED
302	id-00238	9	14	1	5	1941.0	1941.0	1941.04	1941.3652	1946.0	3.674	COMPLETED
302	id-00239	3	5	5	6	1942.0	1942.0	1942.22	1942.3493	1948.0	3.971	COMPLETED
302	id-00240	6	9	3	2	1942.0	1942.0	1942.14	1942.5967	1944.0	11.653	COMPLETED
302	id-00241	4	4	1	1	1943.0	1943.0	1943.05	1944.0	1944.0	2.617	EXPIRED
302	id-00242	5	5	4	4	1944.0	1944.0	1944.38	1944.7499	1948.0	25.761	COMPLETED
302	id-00243	3	2	8	1	1944.0	1944.0	1944.76	1945.0	1945.0	35.212	EXPIRED
302	id-00244	3	5	9	1	1946.0	1946.0	1946.43	1947.0	1947.0	15.869	EXPIRED
302	id-00245	1	2	5	3	1947.0	1947.0	1947.21	1947.5669	1950.0	1.263	COMPLETED
302	id-00246	4	5	10	2	1947.0	1947.0	1947.48	1947.7413	1949.0	25.127	COMPLETED
302	id-00247	7	11	8	1	1950.0	1950.0	1950.35	1951.0	1951.0	27.938	EXPIRED
302	id-00248	2	4	7	1	1954.0	1954.0	1954.35	1955.0	1955.0	10.811	EXPIRED
302	id-00249	3	4	3	7	1955.0	1955.0	1955.14	1955.5124	1962.0	3.847	COMPLETED
302	id-00250	5	8	8	1	1957.0	1957.0	1957.36	1958.0	1958.0	21.011	EXPIRED
302	id-00251	6	7	9	4	1959.0	1959.0	1959.39	1959.8746	1963.0	25.108	COMPLETED
302	id-00252	6	9	7	1	1959.0	1959.0	1959.32	1960.0	1960.0	23.619	EXPIRED
302	id-00253	9	12	8	3	1961.0	1961.0	1961.36	1961.4758	1964.0	43.25	COMPLETED
302	id-00254	9	17	3	3	1961.0	1961.0	1961.13	1961.509	1964.0	14.393	COMPLETED
302	id-00255	7	12	1	5	1961.0	1961.0	1961.04	1961.2064	1966.0	1.684	COMPLETED
302	id-00256	10	14	10	3	1962.0	1962.0	1962.37	1962.6175	1965.0	32.724	COMPLETED
302	id-00257	7	13	4	5	1963.0	1963.0	1963.19	1963.5775	1968.0	18.749	COMPLETED
302	id-00258	3	6	9	7	1964.0	1964.0	1964.43	1964.7342	1971.0	15.869	COMPLETED
302	id-00259	2	2	4	6	1965.0	1965.0	1965.2	1965.5157	1971.0	6.178	COMPLETED
302	id-00260	2	3	5	3	1966.0	1966.0	1966.25	1966.3668	1969.0	7.722	COMPLETED
302	id-00261	3	6	4	4	1967.0	1967.0	1967.3	1967.574	1971.0	5.414	COMPLETED
302	id-00262	9	11	2	1	1967.0	1967.0	1967.15	1968.0	1968.0	15.193	EXPIRED
302	id-00263	3	3	9	1	1967.0	1967.0	1967.38	1968.0	1968.0	6.858	EXPIRED
302	id-00264	2	2	8	5	1968.0	1968.0	1968.4	1968.52	1973.0	12.355	COMPLETED
302	id-00265	3	4	9	6	1969.0	1969.0	1969.43	1969.5632	1975.0	15.869	COMPLETED
302	id-00266	3	2	2	2	1969.0	1969.0	1969.08	1969.3857	1971.0	1.444	COMPLETED
302	id-00267	5	2	4	4	1970.0	1970.0	1970.2	1970.5863	1974.0	15.444	COMPLETED
302	id-00268	2	4	9	3	1971.0	1971.0	1971.45	1971.7139	1974.0	13.9	COMPLETED
302	id-00269	4	5	2	4	1972.0	1972.0	1972.1	1972.4728	1976.0	6.178	COMPLETED
302	id-00270	2	2	1	3	1973.0	1973.0	1973.05	1973.5189	1976.0	1.544	COMPLETED
302	id-00271	1	2	10	2	1975.0	1975.0	1975.5	1975.9962	1977.0	7.722	COMPLETED
302	id-00272	7	3	1	4	1976.0	1976.0	1976.05	1976.434	1980.0	5.405	COMPLETED
302	id-00273	3	4	6	5	1977.0	1977.0	1977.3	1977.459	1982.0	13.9	COMPLETED
302	id-00274	1	2	6	6	1978.0	1978.0	1978.3	1978.4172	1984.0	4.633	COMPLETED
302	id-00275	5	9	1	6	1979.0	1979.0	1979.05	1979.3534	1985.0	3.861	COMPLETED
302	id-00276	1	2	2	2	1979.0	1979.0	1979.1	1979.5929	1981.0	1.544	COMPLETED
302	id-00277	1	2	9	1	1980.0	1980.0	1980.45	1981.0	1981.0	6.95	EXPIRED
302	id-00278	1	2	8	1	1980.0	1980.0	1980.8	1981.0	1981.0	12.355	EXPIRED
302	id-00279	6	4	10	6	1980.0	1980.0	1981.0	1981.3034	1986.0	92.664	COMPLETED
302	id-00280	3	6	7	3	1981.0	1981.0	1981.35	1981.7245	1984.0	16.216	COMPLETED
302	id-00281	2	2	6	5	1981.0	1981.0	1981.3	1981.4518	1986.0	9.266	COMPLETED
302	id-00282	3	2	5	1	1984.0	1984.0	1984.25	1985.0	1985.0	11.583	EXPIRED
302	id-00283	8	14	4	6	1985.0	1985.0	1985.2	1985.6948	1991.0	24.71	COMPLETED
302	id-00284	9	12	8	3	1987.0	1987.0	1987.35	1987.7668	1990.0	38.749	COMPLETED
302	id-00285	5	3	1	6	1987.0	1987.0	1987.04	1987.3292	1993.0	1.203	COMPLETED
302	id-00286	7	14	5	7	1987.0	1987.0	1987.21	1987.6865	1994.0	14.783	COMPLETED
302	id-00287	3	6	3	6	1988.0	1988.0	1988.12	1988.2992	1994.0	2.166	COMPLETED
302	id-00288	5	6	1	4	1988.0	1988.0	1988.05	1988.2371	1992.0	3.861	COMPLETED
302	id-00289	9	14	6	1	1989.0	1989.0	1989.52	1990.0	1990.0	57.57	EXPIRED
302	id-00290	5	2	1	5	1989.0	1989.0	1989.08	1989.2827	1994.0	4.669	COMPLETED
302	id-00291	4	8	1	5	1989.0	1989.0	1989.08	1989.2017	1994.0	1.925	COMPLETED
302	id-00292	9	13	9	2	1989.0	1989.0	1989.38	1989.7148	1991.0	38.488	COMPLETED
302	id-00293	2	2	2	3	1989.0	1989.0	1989.17	1989.4065	1992.0	5.251	COMPLETED
302	id-00294	2	3	8	3	1991.0	1991.0	1991.38	1991.5147	1994.0	8.155	COMPLETED
302	id-00295	9	7	7	5	1992.0	1992.0	1992.29	1992.714	1997.0	29.372	COMPLETED
302	id-00296	4	4	6	4	1996.0	1996.0	1996.3	1996.7076	2000.0	18.533	COMPLETED
302	id-00297	4	7	2	4	1997.0	1997.0	1997.1	1997.2583	2001.0	6.178	COMPLETED
302	id-00298	5	4	5	6	1998.0	1998.0	1998.25	1998.3898	2004.0	19.305	COMPLETED
302	id-00299	5	6	9	2	1999.0	1999.0	1999.45	1999.5683	2001.0	34.749	COMPLETED
302	id-00300	8	5	1	2	2000.0	2000.0	2000.04	2000.3779	2002.0	3.056	COMPLETED
302	id-00301	5	2	2	3	2000.0	2000.0	2000.1	2000.4523	2003.0	6.779	COMPLETED
