303	id-00000	8	10	1	3	1700.0	1700.0	1700.05	1700.3	1703.0	5.235	COMPLETED
303	id-00001	10	12	1	1	1700.0	1700.0	1700.05	1701.0	1701.0	7.722	EXPIRED
303	id-00002	6	11	1	5	1702.0	1702.0	1702.05	1702.3987	1707.0	3.69	COMPLETED
303	id-00003	9	15	1	3	1703.0	1703.0	1703.04	1703.4583	1706.0	4.051	COMPLETED
303	id-00004	4	2	2	1	1703.0	1703.0	1703.09	1704.0	1704.0	3.863	EXPIRED
303	id-00005	5	9	7	2	1703.0	1703.0	1703.35	1703.6253	1705.0	27.027	COMPLETED
303	id-00006	9	4	6	2	1705.0	1705.0	1705.25	1705.5005	1707.0	25.321	COMPLETED
303	id-00007	5	8	4	3	1706.0	1706.0	1706.18	1706.5643	1709.0	10.506	COMPLETED
303	id-00008	4	7	10	1	1709.0	1709.0	1709.45	1710.0	1710.0	19.314	EXPIRED
303	id-00009	3	6	9	1	1711.0	1711.0	1711.39	1712.0	1712.0	7.039	EXPIRED
303	id-00010	8	2	5	4	1711.0	1711.0	1711.23	1711.6848	1715.0	24.08	COMPLETED
303	id-00011	4	6	2	2	1712.0	1712.0	1712.09	1712.5222	1714.0	3.863	COMPLETED
303	id-00012	7	6	5	5	1714.0	1714.0	1714.23	1714.594	1719.0	20.528	COMPLETED
303	id-00013	3	5	9	3	1715.0	1715.0	1715.41	1715.7241	1718.0	11.265	COMPLETED
303	id-00014	2	3	9	4	1715.0	1715.0	1715.45	1715.5923	1719.0	13.9	COMPLETED
303	id-00015	1	2	10	1	1717.0	1717.0	1717.5	1718.0	1718.0	7.722	EXPIRED
303	id-00016	6	10	4	4	1719.0	1719.0	1719.18	1719.6295	1723.0	13.285	COMPLETED
303	id-00017	10	5	4	1	1720.0	1720.0	1720.18	1721.0	1721.0	24.405	EXPIRED
303	id-00018	5	4	10	3	1720.0	1720.0	1720.45	1720.5949	1723.0	26.264	COMPLETED
303	id-00019	7	8	8	1	1722.0	1722.0	1722.35	1723.0	1723.0	27.938	EXPIRED
303	id-00020	2	2	1	4	1722.0	1722.0	1722.05	1722.4011	1726.0	0.602	COMPLETED
303	id-00021	8	11	3	1	1722.0	1722.0	1722.14	1723.0	1723.0	14.657	EXPIRED
303	id-00022	5	9	4	5	1724.0	1724.0	1724.18	1724.5195	1729.0	10.506	COMPLETED
303	id-00023	5	2	6	5	1725.0	1725.0	1725.29	1725.5769	1730.0	19.66	COMPLETED
303	id-00024	10	7	7	2	1726.0	1726.0	1726.3	1726.7157	1728.0	37.847	COMPLETED
303	id-00025	2	4	10	5	1726.0	1726.0	1726.5	1726.7945	1731.0	15.444	COMPLETED
303	id-00026	3	5	3	1	1726.0	1726.0	1726.14	1727.0	1727.0	5.167	EXPIRED
303	id-00027	9	7	6	2	1728.0	1728.0	1728.25	1728.4272	1730.0	25.321	COMPLETED
303	id-00028	5	4	1	4	1728.0	1728.0	1728.05	1728.3954	1732.0	3.39	COMPLETED
303	id-00029	10	17	1	1	1729.0	1729.0	1729.04	1730.0	1730.0	5.046	EXPIRED
303	id-00030	5	2	5	3	1732.0	1732.0	1732.21	1732.6234	1735.0	8.297	COMPLETED
303	id-00031	9	11	9	1	1732.0	1732.0	1732.39	1733.0	1733.0	43.178	EXPIRED
303	id-00032	4	4	7	5	1732.0	1732.0	1732.33	1732.8121	1737.0	17.275	COMPLETED
303	id-00033	8	9	2	5	1733.0	1733.0	1733.1	1733.3767	1738.0	11.412	COMPLETED
303	id-00034	7	2	4	2	1735.0	1735.0	1735.17	1735.612	1737.0	13.57	COMPLETED
303	id-00035	3	5	3	3	1735.0	1735.0	1735.14	1735.523	1738.0	5.167	COMPLETED
303	id-00036	3	4	7	3	1736.0	1736.0	1736.33	1736.5096	1739.0	12.178	COMPLETED
303	id-00037	10	16	2	5	1739.0	1739.0	1739.09	1739.2867	1744.0	11.354	COMPLETED
303	id-00038	10	11	5	1	1740.0	1740.0	1740.22	1741.0	1741.0	27.754	EXPIRED
303	id-00039	3	3	4	2	1740.0	1740.0	1740.19	1740.576	1742.0	7.012	COMPLETED
303	id-00040	6	7	9	4	1740.0	1740.0	1740.36	1740.6429	1744.0	16.389	COMPLETED
303	id-00041	9	10	6	1	1741.0	1741.0	1741.24	1742.0	1742.0	22.045	EXPIRED
303	id-00042	1	2	3	3	1743.0	1743.0	1743.15	1743.487	1746.0	2.317	COMPLETED
303	id-00043	2	3	6	2	1743.0	1743.0	1743.29	1743.6374	1745.0	6.223	COMPLETED
303	id-00044	9	11	2	4	1747.0	1747.0	1747.09	1747.268	1751.0	10.813	COMPLETED
303	id-00045	10	15	7	1	1748.0	1748.0	1748.3	1749.0	1749.0	37.847	EXPIRED
303	id-00046	7	12	9	1	1748.0	1748.0	1748.41	1749.0	1749.0	36.593	EXPIRED
303	id-00047	3	5	7	4	1750.0	1750.0	1750.33	1750.6759	1754.0	12.178	COMPLETED
303	id-00048	3	2	10	2	1753.0	1753.0	1753.48	1753.7478	1755.0	17.714	COMPLETED
303	id-00049	4	3	7	1	1754.0	1754.0	1754.33	1755.0	1755.0	17.275	EXPIRED
303	id-00050	9	17	2	2	1754.0	1754.0	1754.08	1754.3694	1756.0	8.103	COMPLETED
303	id-00051	1	2	10	4	1755.0	1755.0	1755.48	1755.6523	1759.0	2.888	COMPLETED
303	id-00052	9	4	9	5	1755.0	1755.0	1755.39	1755.5755	1760.0	43.178	COMPLETED
303	id-00053	9	12	4	1	1757.0	1757.0	1757.17	1758.0	1758.0	18.821	EXPIRED
303	id-00054	9	2	10	4	1757.0	1757.0	1757.45	1757.8644	1761.0	54.063	COMPLETED
303	id-00055	6	8	7	1	1759.0	1759.0	1759.3	1760.0	1760.0	19.314	EXPIRED
303	id-00056	3	6	10	5	1759.0	1759.0	1759.48	1759.9441	1764.0	17.714	COMPLETED
303	id-00057	1	2	8	1	1760.0	1760.0	1760.73	1761.0	1761.0	4.392	EXPIRED
303	id-00058	3	5	6	3	1760.0	1760.0	1760.55	1760.8944	1763.0	20.297	COMPLETED
303	id-00059	5	5	3	5	1763.0	1763.0	1763.14	1763.383	1768.0	8.171	COMPLETED
303	id-00060	10	11	10	3	1764.0	1764.0	1764.45	1764.8062	1767.0	61.013	COMPLETED
303	id-00061	5	5	1	1	1765.0	1765.0	1765.04	1766.0	1766.0	1.957	EXPIRED
303	id-00062	2	3	2	3	1767.0	1767.0	1767.1	1767.226	1770.0	3.089	COMPLETED
303	id-00063	10	6	9	5	1768.0	1768.0	1768.39	1768.5785	1773.0	49.201	COMPLETED
303	id-00064	4	4	2	4	1768.0	1768.0	1768.09	1768.3087	1772.0	3.014	COMPLETED
303	id-00065	5	6	3	4	1769.0	1769.0	1769.13	1769.363	1773.0	6.362	COMPLETED
303	id-00066	1	2	10	5	1770.0	1770.0	1770.5	1770.8351	1775.0	7.722	COMPLETED
303	id-00067	7	4	6	4	1773.0	1773.0	1773.27	1773.6578	1777.0	24.098	COMPLETED
303	id-00068	4	7	3	2	1774.0	1774.0	1774.27	1774.56	1776.0	11.588	COMPLETED
303	id-00069	4	6	10	4	1774.0	1774.0	1774.91	1775.0313	1778.0	56.216	COMPLETED
303	id-00070	3	4	5	5	1775.0	1775.0	1775.24	1775.6798	1780.0	8.857	COMPLETED
303	id-00071	5	4	10	2	1777.0	1777.0	1777.48	1777.838	1779.0	32.54	COMPLETED
303	id-00072	5	6	10	1	1778.0	1778.0	1778.48	1779.0	1779.0	32.54	EXPIRED
303	id-00073	10	6	7	2	1779.0	1779.0	1779.29	1779.4557	1781.0	33.851	COMPLETED
303	id-00074	9	6	7	3	1780.0	1780.0	1780.27	1780.4672	1783.0	22.256	COMPLETED
303	id-00075	9	15	1	4	1780.0	1780.0	1780.04	1780.2173	1784.0	4.428	COMPLETED
303	id-00076	3	6	6	4	1780.0	1780.0	1780.29	1780.5792	1784.0	10.702	COMPLETED
303	id-00077	10	9	7	3	1782.0	1782.0	1782.3	1782.4736	1785.0	37.847	COMPLETED
303	id-00078	6	3	5	4	1783.0	1783.0	1783.22	1783.587	1787.0	14.164	COMPLETED
303	id-00079	3	3	8	5	1783.0	1783.0	1783.38	1783.6014	1788.0	14.024	COMPLETED
303	id-00080	7	13	10	4	1783.0	1783.0	1783.38	1783.7026	1787.0	19.585	COMPLETED
303	id-00081	9	10	7	2	1785.0	1785.0	1785.29	1785.5111	1787.0	29.372	COMPLETED
303	id-00082	5	2	9	1	1787.0	1787.0	1787.45	1788.0	1788.0	34.749	EXPIRED
303	id-00083	8	15	1	2	1787.0	1787.0	1787.04	1787.1727	1789.0	3.434	COMPLETED
303	id-00084	2	2	5	1	1788.0	1788.0	1788.25	1789.0	1789.0	7.722	EXPIRED
303	id-00085	1	2	3	1	1788.0	1788.0	1788.15	1789.0	1789.0	2.317	EXPIRED
303	id-00086	1	2	9	4	1792.0	1792.0	1792.45	1792.5916	1796.0	6.95	COMPLETED
303	id-00087	8	12	9	4	1792.0	1792.0	1792.45	1792.9475	1796.0	55.598	COMPLETED
303	id-00088	6	12	9	1	1792.0	1792.0	1792.36	1793.0	1793.0	16.389	EXPIRED
303	id-00089	10	3	9	2	1794.0	1794.0	1794.36	1794.5357	1796.0	38.628	COMPLETED
303	id-00090	10	14	6	1	1795.0	1795.0	1795.25	1796.0	1796.0	29.182	EXPIRED
303	id-00091	8	10	8	3	1795.0	1795.0	1795.4	1795.6766	1798.0	49.421	COMPLETED
303	id-00092	6	3	7	1	1796.0	1796.0	1796.35	1797.0	1797.0	32.432	EXPIRED
303	id-00093	1	2	1	5	1796.0	1796.0	1796.05	1796.4033	1801.0	0.772	COMPLETED
303	id-00094	9	2	6	1	1798.0	1798.0	1798.22	1799.0	1799.0	16.06	EXPIRED
303	id-00095	9	9	5	1	1799.0	1799.0	1799.19	1800.0	1800.0	13.87	EXPIRED
303	id-00096	3	6	7	5	1802.0	1802.0	1802.7	1803.1208	1807.0	32.432	COMPLETED
303	id-00097	4	5	5	4	1802.0	1802.0	1802.5	1802.9735	1806.0	30.888	COMPLETED
303	id-00098	6	10	5	2	1803.0	1803.0	1803.19	1803.3348	1805.0	6.858	COMPLETED
303	id-00099	2	2	1	5	1803.0	1803.0	1803.05	1803.4742	1808.0	1.544	COMPLETED
303	id-00100	9	12	5	1	1805.0	1805.0	1805.19	1806.0	1806.0	13.87	EXPIRED
303	id-00101	10	9	8	4	1806.0	1806.0	1806.32	1806.7568	1810.0	34.336	COMPLETED
303	id-00102	3	3	4	5	1807.0	1807.0	1807.19	1807.3061	1812.0	7.012	COMPLETED
303	id-00103	5	3	5	4	1808.0	1808.0	1808.24	1808.608	1812.0	16.27	COMPLETED
303	id-00104	5	3	7	5	1808.0	1808.0	1808.26	1808.7001	1813.0	7.821	COMPLETED
303	id-00105	2	2	7	3	1813.0	1813.0	1813.33	1813.5581	1816.0	7.082	COMPLETED
303	id-00106	2	4	3	4	1813.0	1813.0	1813.15	1813.5591	1817.0	4.633	COMPLETED
303	id-00107	10	2	1	2	1814.0	1814.0	1814.04	1814.1977	1816.0	4.292	COMPLETED
303	id-00108	10	14	8	3	1822.0	1822.0	1822.3	1822.7158	1825.0	26.533	COMPLETED
303	id-00109	8	3	7	3	1824.0	1824.0	1824.26	1824.6006	1827.0	14.965	COMPLETED
303	id-00110	7	11	4	2	1824.0	1824.0	1824.2	1824.6728	1826.0	21.622	COMPLETED
303	id-00111	5	9	9	4	1824.0	1824.0	1824.31	1824.6138	1828.0	9.325	COMPLETED
303	id-00112	7	5	6	2	1827.0	1827.0	1827.23	1827.6651	1829.0	11.854	COMPLETED
303	id-00113	5	10	3	3	1827.0	1827.0	1827.15	1827.34	1830.0	11.583	COMPLETED
303	id-00114	10	9	10	5	1827.0	1827.0	1827.38	1827.6197	1832.0	37.191	COMPLETED
303	id-00115	3	3	10	2	1828.0	1828.0	1828.38	1828.6722	1830.0	6.858	COMPLETED
303	id-00116	7	2	9	1	1828.0	1828.0	1828.45	1829.0	1829.0	48.649	EXPIRED
303	id-00117	10	13	6	1	1829.0	1829.0	1829.23	1830.0	1830.0	22.511	EXPIRED
303	id-00118	8	14	6	2	1829.0	1829.0	1829.3	1829.4742	1831.0	37.066	COMPLETED
303	id-00119	8	7	1	5	1829.0	1829.0	1829.04	1829.4598	1834.0	2.679	COMPLETED
303	id-00120	3	5	5	5	1830.0	1830.0	1830.25	1830.4737	1835.0	11.583	COMPLETED
303	id-00121	7	7	1	1	1830.0	1830.0	1830.04	1831.0	1831.0	2.816	EXPIRED
303	id-00122	7	7	4	2	1831.0	1831.0	1831.2	1831.4839	1833.0	21.622	COMPLETED
303	id-00123	10	8	10	3	1832.0	1832.0	1832.37	1832.8246	1835.0	32.724	COMPLETED
303	id-00124	5	2	10	5	1832.0	1832.0	1832.5	1832.7042	1837.0	38.61	COMPLETED
303	id-00125	3	3	8	3	1833.0	1833.0	1833.33	1833.6434	1836.0	5.956	COMPLETED
303	id-00126	3	2	10	4	1833.0	1833.0	1834.0	1834.4112	1837.0	46.332	COMPLETED
303	id-00127	3	2	1	1	1833.0	1833.0	1833.1	1834.0	1834.0	4.633	EXPIRED
303	id-00128	9	10	10	5	1835.0	1835.0	1835.42	1835.556	1840.0	42.539	COMPLETED
303	id-00129	2	3	5	3	1836.0	1836.0	1836.25	1836.7499	1839.0	7.722	COMPLETED
303	id-00130	2	2	1	2	1837.0	1837.0	1837.05	1837.4748	1839.0	1.544	COMPLETED
303	id-00131	1	2	8	2	1837.0	1837.0	1837.4	1837.8983	1839.0	6.178	COMPLETED
303	id-00132	6	11	7	2	1838.0	1838.0	1838.35	1838.616	1840.0	32.432	COMPLETED
303	id-00133	9	16	7	3	1839.0	1839.0	1839.29	1839.7051	1842.0	29.372	COMPLETED
303	id-00134	5	7	5	5	1841.0	1841.0	1841.24	1841.6925	1846.0	16.27	COMPLETED
303	id-00135	5	6	5	3	1842.0	1842.0	1842.24	1842.4175	1845.0	16.27	COMPLETED
303	id-00136	10	19	3	3	1845.0	1845.0	1845.22	1845.3857	1848.0	23.606	COMPLETED
303	id-00137	2	2	4	4	1845.0	1845.0	1845.3	1845.6624	1849.0	3.61	COMPLETED
303	id-00138	10	16	7	4	1845.0	1845.0	1845.33	1845.5443	1849.0	47.854	COMPLETED
303	id-00139	7	11	1	4	1845.0	1845.0	1845.04	1845.3981	1849.0	2.439	COMPLETED
303	id-00140	6	3	5	1	1845.0	1845.0	1845.2	1846.0	1846.0	9.105	EXPIRED
303	id-00141	3	4	10	1	1846.0	1846.0	1846.5	1847.0	1847.0	23.166	EXPIRED
303	id-00142	9	12	3	1	1848.0	1848.0	1848.12	1849.0	1849.0	11.023	EXPIRED
303	id-00143	2	3	9	2	1849.0	1849.0	1849.45	1849.6795	1851.0	13.9	COMPLETED
303	id-00144	4	4	10	1	1850.0	1850.0	1851.0	1851.0	1851.0	61.776	EXPIRED
303	id-00145	4	3	9	1	1850.0	1850.0	1850.9	1851.0	1851.0	55.598	EXPIRED
303	id-00146	9	8	8	3	1851.0	1851.0	1851.32	1851.6431	1854.0	29.394	COMPLETED
303	id-00147	2	2	3	2	1852.0	1852.0	1852.25	1852.6359	1854.0	7.722	COMPLETED
303	id-00148	10	7	9	4	1852.0	1852.0	1852.36	1852.5383	1856.0	38.628	COMPLETED
303	id-00149	7	5	9	3	1852.0	1852.0	1852.75	1853.2371	1855.0	52.797	COMPLETED
303	id-00150	8	8	8	3	1853.0	1853.0	1853.4	1853.5114	1856.0	49.421	COMPLETED
303	id-00151	5	8	5	1	1855.0	1855.0	1855.25	1856.0	1856.0	19.305	EXPIRED
303	id-00152	3	3	3	5	1856.0	1856.0	1856.15	1856.5884	1861.0	6.95	COMPLETED
303	id-00153	5	3	7	2	1858.0	1858.0	1858.35	1858.5094	1860.0	27.027	COMPLETED
303	id-00154	3	2	1	5	1861.0	1861.0	1861.04	1861.2101	1866.0	0.722	COMPLETED
303	id-00155	8	5	10	2	1861.0	1861.0	1861.38	1861.5722	1863.0	25.454	COMPLETED
303	id-00156	8	11	2	5	1861.0	1861.0	1861.08	1861.3048	1866.0	6.113	COMPLETED
303	id-00157	8	16	7	5	1861.0	1861.0	1861.35	1861.5971	1866.0	43.243	COMPLETED
303	id-00158	9	2	4	2	1862.0	1862.0	1862.17	1862.4586	1864.0	17.218	COMPLETED
303	id-00159	8	5	1	5	1863.0	1863.0	1863.05	1863.4188	1868.0	6.178	COMPLETED
303	id-00160	10	9	5	1	1865.0	1865.0	1865.2	1866.0	1866.0	21.46	EXPIRED
303	id-00161	5	9	2	3	1866.0	1866.0	1866.1	1866.2494	1869.0	7.722	COMPLETED
303	id-00162	9	2	7	3	1866.0	1866.0	1866.3	1866.7787	1869.0	33.214	COMPLETED
303	id-00163	9	4	10	2	1868.0	1868.0	1868.43	1868.5355	1870.0	47.606	COMPLETED
303	id-00164	2	2	1	3	1871.0	1871.0	1871.05	1871.251	1874.0	1.544	COMPLETED
303	id-00165	1	2	7	2	1871.0	1871.0	1871.32	1871.4958	1873.0	1.925	COMPLETED
303	id-00166	4	6	6	2	1872.0	1872.0	1872.27	1872.5695	1874.0	11.588	COMPLETED
303	id-00167	9	12	5	1	1874.0	1874.0	1874.2	1875.0	1875.0	18.371	EXPIRED
303	id-00168	9	15	6	3	1874.0	1874.0	1874.23	1874.3902	1877.0	18.958	COMPLETED
303	id-00169	7	9	9	3	1875.0	1875.0	1875.41	1875.6256	1878.0	36.593	COMPLETED
303	id-00170	6	11	8	2	1876.0	1876.0	1876.36	1876.5148	1878.0	26.571	COMPLETED
303	id-00171	7	10	4	5	1878.0	1878.0	1878.18	1878.3463	1883.0	16.065	COMPLETED
303	id-00172	2	2	9	3	1878.0	1878.0	1878.36	1878.7451	1881.0	4.332	COMPLETED
303	id-00173	10	13	4	3	1878.0	1878.0	1878.17	1878.3247	1881.0	19.844	COMPLETED
303	id-00174	2	3	8	5	1878.0	1878.0	1878.4	1878.6277	1883.0	12.355	COMPLETED
303	id-00175	9	2	1	2	1880.0	1880.0	1880.04	1880.2784	1882.0	2.92	COMPLETED
303	id-00176	1	2	7	1	1880.0	1880.0	1880.56	1881.0	1881.0	3.369	EXPIRED
303	id-00177	9	11	3	4	1880.0	1880.0	1880.24	1880.4143	1884.0	24.308	COMPLETED
303	id-00178	1	2	1	5	1881.0	1881.0	1881.07	1881.483	1886.0	0.421	COMPLETED
303	id-00179	4	2	8	5	1881.0	1881.0	1881.59	1881.9582	1886.0	14.198	COMPLETED
303	id-00180	3	2	10	4	1881.0	1881.0	1881.45	1881.9451	1885.0	12.364	COMPLETED
303	id-00181	7	8	2	4	1885.0	1885.0	1885.08	1885.5794	1889.0	5.632	COMPLETED
303	id-00182	1	2	8	2	1885.0	1885.0	1885.4	1885.6342	1887.0	6.178	COMPLETED
303	id-00183	4	5	6	4	1886.0	1886.0	1886.25	1886.5004	1890.0	6.016	COMPLETED
303	id-00184	1	2	1	4	1887.0	1887.0	1887.04	1887.4538	1891.0	0.241	COMPLETED
303	id-00185	2	3	6	2	1887.0	1887.0	1887.3	1887.6702	1889.0	9.266	COMPLETED
303	id-00186	3	5	3	1	1888.0	1888.0	1888.12	1889.0	1889.0	2.166	EXPIRED
303	id-00187	4	8	7	3	1890.0	1890.0	1890.29	1890.4257	1893.0	6.979	COMPLETED
303	id-00188	1	2	4	2	1890.0	1890.0	1890.2	1890.3042	1892.0	3.089	COMPLETED
303	id-00189	8	10	2	5	1893.0	1893.0	1893.08	1893.4003	1898.0	6.867	COMPLETED
303	id-00190	1	2	9	4	1895.0	1895.0	1895.75	1896.1175	1899.0	4.512	COMPLETED
303	id-00191	8	14	5	4	1895.0	1895.0	1895.21	1895.3467	1899.0	18.026	COMPLETED
303	id-00192	1	2	10	1	1895.0	1895.0	1895.83	1896.0	1896.0	4.993	EXPIRED
303	id-00193	9	9	1	4	1896.0	1896.0	1896.04	1896.1653	1900.0	4.051	COMPLETED
303	id-00194	1	2	2	5	1898.0	1898.0	1898.08	1898.243	1903.0	0.481	COMPLETED
303	id-00195	10	17	9	5	1898.0	1898.0	1898.36	1898.7607	1903.0	38.628	COMPLETED
303	id-00196	9	7	6	2	1899.0	1899.0	1899.25	1899.4154	1901.0	25.321	COMPLETED
303	id-00197	3	6	9	1	1900.0	1900.0	1900.38	1901.0	1901.0	6.858	EXPIRED
303	id-00198	8	3	5	1	1900.0	1900.0	1900.19	1901.0	1901.0	12.727	EXPIRED
303	id-00199	1	2	5	4	1901.0	1901.0	1901.25	1901.4375	1905.0	3.861	COMPLETED
303	id-00200	1	2	1	4	1903.0	1903.0	1903.05	1903.1517	1907.0	0.772	COMPLETED
303	id-00201	7	13	7	5	1903.0	1903.0	1903.29	1903.6285	1908.0	20.415	COMPLETED
303	id-00202	1	2	4	1	1904.0	1904.0	1904.2	1905.0	1905.0	3.089	EXPIRED
303	id-00203	1	2	1	1	1905.0	1905.0	1905.05	1906.0	1906.0	0.772	EXPIRED
303	id-00204	9	11	5	5	1906.0	1906.0	1906.22	1906.6321	1911.0	24.357	COMPLETED
303	id-00205	10	16	7	3	1906.0	1906.0	1906.26	1906.5104	1909.0	22.995	COMPLETED
303	id-00206	8	6	3	4	1909.0	1909.0	1909.13	1909.3984	1913.0	12.385	COMPLETED
303	id-00207	8	9	5	4	1910.0	1910.0	1910.22	1910.4181	1914.0	20.959	COMPLETED
303	id-00208	9	2	2	3	1913.0	1913.0	1913.08	1913.308	1916.0	7.348	COMPLETED
303	id-00209	4	7	8	3	1914.0	1914.0	1914.35	1914.7503	1917.0	11.722	COMPLETED
303	id-00210	5	9	10	5	1917.0	1917.0	1917.45	1917.9105	1922.0	26.264	COMPLETED
303	id-00211	3	6	6	1	1918.0	1918.0	1918.27	1919.0	1919.0	7.419	EXPIRED
303	id-00212	7	2	2	1	1918.0	1918.0	1918.09	1919.0	1919.0	7.184	EXPIRED
303	id-00213	8	9	7	4	1919.0	1919.0	1919.32	1919.6305	1923.0	33.503	COMPLETED
303	id-00214	8	6	1	4	1920.0	1920.0	1920.04	1920.3164	1924.0	3.434	COMPLETED
303	id-00215	6	10	5	5	1920.0	1920.0	1920.23	1920.6164	1925.0	16.976	COMPLETED
303	id-00216	3	6	3	5	1922.0	1922.0	1922.14	1922.365	1927.0	3.847	COMPLETED
303	id-00217	7	13	8	2	1923.0	1923.0	1923.3	1923.7037	1925.0	12.634	COMPLETED
303	id-00218	9	9	1	3	1923.0	1923.0	1923.04	1923.1937	1926.0	4.051	COMPLETED
303	id-00219	8	7	3	2	1925.0	1925.0	1925.13	1925.4861	1927.0	12.385	COMPLETED
303	id-00220	3	3	10	1	1926.0	1926.0	1926.43	1927.0	1927.0	7.761	EXPIRED
303	id-00221	7	13	6	3	1927.0	1927.0	1927.46	1927.7685	1930.0	23.708	COMPLETED
303	id-00222	7	2	4	4	1927.0	1927.0	1927.17	1927.2782	1931.0	11.967	COMPLETED
303	id-00223	8	10	4	4	1927.0	1927.0	1927.17	1927.6253	1931.0	16.196	COMPLETED
303	id-00224	6	10	9	5	1927.0	1927.0	1927.69	1927.9695	1932.0	63.938	COMPLETED
303	id-00225	8	8	3	1	1927.0	1927.0	1927.12	1928.0	1928.0	10.301	EXPIRED
303	id-00226	3	3	9	5	1928.0	1928.0	1928.38	1928.8122	1933.0	6.858	COMPLETED
303	id-00227	5	10	1	4	1928.0	1928.0	1928.04	1928.4369	1932.0	1.203	COMPLETED
303	id-00228	3	6	10	4	1928.0	1928.0	1928.43	1928.662	1932.0	7.761	COMPLETED
303	id-00229	2	2	10	2	1929.0	1929.0	1929.5	1929.6391	1931.0	15.444	COMPLETED
303	id-00230	5	8	9	4	1929.0	1929.0	1929.39	1929.6689	1933.0	19.085	COMPLETED
303	id-00231	1	2	5	5	1930.0	1930.0	1930.25	1930.747	1935.0	3.861	COMPLETED
303	id-00232	2	2	3	4	1934.0	1934.0	1934.15	1934.4979	1938.0	4.633	COMPLETED
303	id-00233	10	15	7	4	1935.0	1935.0	1935.27	1935.4289	1939.0	26.425	COMPLETED
303	id-00234	8	4	10	2	1937.0	1937.0	1937.48	1937.9112	1939.0	54.78	COMPLETED
303	id-00235	9	12	4	4	1938.0	1938.0	1938.18	1938.666	1942.0	21.625	COMPLETED
303	id-00236	2	2	6	3	1938.0	1938.0	1938.3	1938.7819	1941.0	9.266	COMPLETED
303	id-00237	3	3	4	4	1941.0	1941.0	1941.19	1941.3213	1945.0	7.012	COMPLETED
303	id-00238	10	15	1	4	1943.0	1943.0	1943.04	1943.3533	1947.0	3.915	COMPLETED
303	id-00239	10	3	7	3	1943.0	1943.0	1943.28	1943.4986	1946.0	30.044	COMPLETED
303	id-00240	1	2	1	5	1944.0	1944.0	1944.05	1944.405	1949.0	0.772	COMPLETED
303	id-00241	10	20	8	1	1944.0	1944.0	1944.32	1945.0	1945.0	34.336	EXPIRED
303	id-00242	9	11	5	4	1945.0	1945.0	1945.21	1945.7006	1949.0	21.27	COMPLETED
303	id-00243	2	4	3	4	1946.0	1946.0	1946.15	1946.6175	1950.0	4.633	COMPLETED
303	id-00244	7	13	9	2	1948.0	1948.0	1948.43	1948.7893	1950.0	42.432	COMPLETED
303	id-00245	3	4	8	1	1949.0	1949.0	1949.76	1950.0	1950.0	35.212	EXPIRED
303	id-00246	2	4	2	2	1949.0	1949.0	1949.1	1949.4877	1951.0	3.089	COMPLETED
303	id-00247	5	8	3	3	1949.0	1949.0	1949.29	1949.6901	1952.0	19.66	COMPLETED
303	id-00248	8	14	10	4	1950.0	1950.0	1950.43	1950.609	1954.0	40.965	COMPLETED
303	id-00249	1	2	5	5	1951.0	1951.0	1951.25	1951.7335	1956.0	3.861	COMPLETED
303	id-00250	9	10	5	3	1953.0	1953.0	1953.2	1953.6954	1956.0	18.371	COMPLETED
303	id-00251	6	7	6	3	1953.0	1953.0	1953.27	1953.7184	1956.0	19.928	COMPLETED
303	id-00252	2	4	5	1	1956.0	1956.0	1956.25	1957.0	1957.0	7.722	EXPIRED
303	id-00253	1	2	4	1	1958.0	1958.0	1958.2	1959.0	1959.0	3.089	EXPIRED
303	id-00254	3	5	9	5	1960.0	1960.0	1960.43	1960.6157	1965.0	15.869	COMPLETED
303	id-00255	5	8	4	2	1960.0	1960.0	1960.17	1960.4422	1962.0	8.319	COMPLETED
303	id-00256	1	2	7	5	1962.0	1962.0	1962.33	1962.5608	1967.0	1.985	COMPLETED
303	id-00257	2	3	8	3	1962.0	1962.0	1962.4	1962.5793	1965.0	12.355	COMPLETED
303	id-00258	6	8	8	2	1963.0	1963.0	1963.38	1963.6893	1965.0	31.63	COMPLETED
303	id-00259	4	3	3	4	1963.0	1963.0	1963.13	1963.3798	1967.0	4.354	COMPLETED
303	id-00260	7	2	8	3	1965.0	1965.0	1965.33	1965.4556	1968.0	23.231	COMPLETED
303	id-00261	6	9	2	2	1965.0	1965.0	1965.1	1965.2709	1967.0	8.324	COMPLETED
303	id-00262	1	2	2	2	1966.0	1966.0	1966.1	1966.4569	1968.0	1.544	COMPLETED
303	id-00263	3	2	6	3	1967.0	1967.0	1967.29	1967.7638	1970.0	10.702	COMPLETED
303	id-00264	7	2	5	3	1969.0	1969.0	1969.21	1969.6402	1972.0	14.783	COMPLETED
303	id-00265	8	13	6	5	1969.0	1969.0	1969.29	1969.755	1974.0	33.096	COMPLETED
303	id-00266	9	4	9	5	1970.0	1970.0	1970.41	1970.5672	1975.0	49.257	COMPLETED
303	id-00267	7	14	7	2	1973.0	1973.0	1973.35	1973.8375	1975.0	37.838	COMPLETED
303	id-00268	6	8	7	5	1973.0	1973.0	1973.28	1973.7707	1978.0	12.747	COMPLETED
303	id-00269	4	4	8	2	1973.0	1973.0	1973.36	1973.696	1975.0	15.451	COMPLETED
303	id-00270	9	7	9	3	1974.0	1974.0	1974.41	1974.673	1977.0	49.257	COMPLETED
303	id-00271	2	3	7	2	1975.0	1975.0	1975.35	1975.4823	1977.0	10.811	COMPLETED
303	id-00272	4	2	4	4	1975.0	1975.0	1975.2	1975.5402	1979.0	12.355	COMPLETED
303	id-00273	6	4	10	5	1976.0	1976.0	1976.5	1976.8431	1981.0	46.332	COMPLETED
303	id-00274	7	5	6	5	1976.0	1976.0	1976.29	1976.6222	1981.0	28.617	COMPLETED
303	id-00275	10	5	10	4	1977.0	1977.0	1977.4	1977.7675	1981.0	42.92	COMPLETED
303	id-00276	5	5	10	5	1979.0	1979.0	1979.48	1979.7344	1984.0	32.54	COMPLETED
303	id-00277	6	9	1	1	1979.0	1979.0	1979.04	1980.0	1980.0	1.821	EXPIRED
303	id-00278	5	10	3	5	1979.0	1979.0	1979.15	1979.4739	1984.0	11.583	COMPLETED
303	id-00279	3	6	1	3	1980.0	1980.0	1980.05	1980.1556	1983.0	2.317	COMPLETED
303	id-00280	4	6	10	2	1981.0	1981.0	1981.42	1981.7853	1983.0	10.107	COMPLETED
303	id-00281	7	12	6	1	1981.0	1981.0	1981.3	1982.0	1982.0	32.432	EXPIRED
303	id-00282	3	2	8	3	1984.0	1984.0	1984.4	1984.8679	1987.0	18.533	COMPLETED
303	id-00283	10	9	8	2	1984.0	1984.0	1984.32	1984.6921	1986.0	34.336	COMPLETED
303	id-00284	10	18	10	5	1984.0	1984.0	1984.43	1984.6786	1989.0	54.247	COMPLETED
303	id-00285	9	7	3	4	1988.0	1988.0	1988.12	1988.4789	1992.0	12.154	COMPLETED
303	id-00286	6	11	10	4	1990.0	1990.0	1990.43	1990.8892	1994.0	27.683	COMPLETED
303	id-00287	7	10	2	3	1990.0	1990.0	1990.1	1990.5526	1993.0	10.811	COMPLETED
303	id-00288	7	6	3	4	1990.0	1990.0	1990.12	1990.5216	1994.0	8.448	COMPLETED
303	id-00289	8	6	6	2	1991.0	1991.0	1991.3	1991.6292	1993.0	37.066	COMPLETED
303	id-00290	8	10	10	1	1991.0	1991.0	1991.42	1992.0	1992.0	36.053	EXPIRED
303	id-00291	2	3	2	3	1992.0	1992.0	1992.1	1992.3303	1995.0	2.146	COMPLETED
303	id-00292	8	5	1	1	1993.0	1993.0	1993.05	1994.0	1994.0	6.178	EXPIRED
303	id-00293	8	14	1	4	1997.0	1997.0	1997.04	1997.1807	2001.0	3.434	COMPLETED
303	id-00294	5	6	7	2	1997.0	1997.0	1997.35	1997.4782	1999.0	27.027	COMPLETED
303	id-00295	1	2	1	5	1998.0	1998.0	1998.05	1998.4855	2003.0	0.772	COMPLETED
303	id-00296	4	7	9	5	1998.0	1998.0	1998.45	1998.7415	2003.0	27.799	COMPLETED
303	id-00297	8	9	6	3	1998.0	1998.0	1998.25	1998.7302	2001.0	21.46	COMPLETED
303	id-00298	6	10	2	3	1999.0	1999.0	1999.08	1999.5705	2002.0	4.396	COMPLETED
303	id-00299	9	8	4	3	1999.0	1999.0	1999.16	1999.3037	2002.0	14.697	COMPLETED
303	id-00300	8	12	5	1	2000.0	2000.0	2000.2	2001.0	2001.0	15.282	EXPIRED
303	id-00301	1	2	1	5	2000.0	2000.0	2000.05	2000.4252	2005.0	0.301	COMPLETED
303	id-00302	8	3	8	2	2001.0	2001.0	2001.38	2003.0	2003.0	None	SUBMITTED
