322	id-00000	2	4	2	2	1700.0	1700.0	1700.1	1700.4046	1702.0	3.089	COMPLETED
322	id-00001	8	13	8	15	1701.0	1701.0	1701.36	1701.4885	1716.0	37.691	COMPLETED
322	id-00002	6	5	5	4	1702.0	1702.0	1702.23	1702.3937	1706.0	16.976	COMPLETED
322	id-00003	1	2	7	4	1704.0	1704.0	1704.35	1704.506	1708.0	5.405	COMPLETED
322	id-00004	8	9	3	2	1704.0	1704.0	1704.14	1704.6058	1706.0	14.657	COMPLETED
322	id-00005	3	2	8	3	1704.0	1704.0	1704.33	1704.6595	1707.0	5.956	COMPLETED
322	id-00006	5	2	7	5	1705.0	1705.0	1705.32	1705.4947	1710.0	18.676	COMPLETED
322	id-00007	6	4	1	4	1708.0	1708.0	1708.05	1708.3016	1712.0	3.69	COMPLETED
322	id-00008	9	9	6	15	1712.0	1712.0	1712.26	1712.7034	1727.0	28.785	COMPLETED
322	id-00009	9	18	10	5	1714.0	1714.0	1714.43	1714.7782	1719.0	47.606	COMPLETED
322	id-00010	5	3	1	7	1715.0	1715.0	1715.05	1715.33	1722.0	2.918	COMPLETED
322	id-00011	8	7	4	3	1715.0	1715.0	1715.18	1715.4605	1718.0	18.845	COMPLETED
322	id-00012	3	3	2	7	1715.0	1715.0	1715.17	1715.4047	1722.0	7.876	COMPLETED
322	id-00013	6	12	4	10	1715.0	1715.0	1715.35	1715.6527	1725.0	22.533	COMPLETED
322	id-00014	7	4	8	14	1717.0	1717.0	1717.36	1717.5835	1731.0	32.131	COMPLETED
322	id-00015	9	14	1	7	1718.0	1718.0	1718.05	1718.1652	1725.0	6.007	COMPLETED
322	id-00016	8	15	5	5	1719.0	1719.0	1719.22	1719.335	1724.0	20.959	COMPLETED
322	id-00017	10	11	3	2	1719.0	1719.0	1719.15	1719.3869	1721.0	23.166	COMPLETED
322	id-00018	8	11	1	9	1720.0	1720.0	1720.05	1720.3175	1729.0	5.235	COMPLETED
322	id-00019	3	3	8	11	1720.0	1720.0	1720.7	1720.8769	1731.0	12.634	COMPLETED
322	id-00020	3	6	2	3	1720.0	1720.0	1720.17	1720.518	1723.0	7.876	COMPLETED
322	id-00021	9	16	3	3	1722.0	1722.0	1722.13	1722.3953	1725.0	14.393	COMPLETED
322	id-00022	10	8	9	7	1725.0	1725.0	1725.78	1726.0182	1732.0	98.402	COMPLETED
322	id-00023	4	5	2	2	1725.0	1725.0	1725.17	1725.6185	1727.0	10.502	COMPLETED
322	id-00024	10	17	4	7	1727.0	1727.0	1727.17	1727.629	1734.0	21.447	COMPLETED
322	id-00025	7	7	10	14	1730.0	1730.0	1730.48	1730.8248	1744.0	47.366	COMPLETED
322	id-00026	1	2	4	3	1732.0	1732.0	1732.38	1732.7911	1735.0	5.869	COMPLETED
322	id-00027	3	3	4	11	1732.0	1732.0	1732.38	1732.7939	1743.0	14.024	COMPLETED
322	id-00028	7	10	1	9	1733.0	1733.0	1733.05	1733.25	1742.0	4.934	COMPLETED
322	id-00029	5	5	3	15	1733.0	1733.0	1733.12	1733.4029	1748.0	4.741	COMPLETED
322	id-00030	3	3	9	10	1735.0	1735.0	1735.39	1735.5845	1745.0	7.039	COMPLETED
322	id-00031	5	8	8	4	1735.0	1735.0	1735.38	1735.8536	1739.0	25.761	COMPLETED
322	id-00032	7	4	8	6	1736.0	1736.0	1736.35	1736.7694	1742.0	27.938	COMPLETED
322	id-00033	3	3	7	7	1736.0	1736.0	1736.33	1736.8259	1743.0	12.178	COMPLETED
322	id-00034	3	5	4	12	1736.0	1736.0	1736.17	1736.6078	1748.0	3.068	COMPLETED
322	id-00035	1	2	2	4	1737.0	1737.0	1737.1	1737.345	1741.0	0.602	COMPLETED
322	id-00036	5	2	2	7	1737.0	1737.0	1737.09	1737.4473	1744.0	4.404	COMPLETED
322	id-00037	6	3	6	9	1737.0	1737.0	1737.52	1737.686	1746.0	48.185	COMPLETED
322	id-00038	8	3	10	1	1737.0	1737.0	1737.45	1738.0	1738.0	47.113	EXPIRED
322	id-00039	6	3	10	6	1737.0	1737.0	1737.48	1737.5963	1743.0	39.953	COMPLETED
322	id-00040	4	8	6	1	1737.0	1737.0	1737.52	1738.0	1738.0	17.416	EXPIRED
322	id-00041	5	5	5	8	1738.0	1738.0	1738.24	1738.466	1746.0	16.27	COMPLETED
322	id-00042	5	10	6	14	1738.0	1738.0	1738.26	1738.6065	1752.0	12.723	COMPLETED
322	id-00043	1	2	2	1	1739.0	1739.0	1739.1	1740.0	1740.0	0.602	EXPIRED
322	id-00044	6	9	8	11	1739.0	1739.0	1739.35	1739.4808	1750.0	22.533	COMPLETED
322	id-00045	4	3	7	1	1739.0	1739.0	1739.33	1740.0	1740.0	17.275	EXPIRED
322	id-00046	7	4	7	3	1739.0	1739.0	1739.3	1739.596	1742.0	23.947	COMPLETED
322	id-00047	3	2	5	3	1740.0	1740.0	1740.24	1740.6555	1743.0	8.857	COMPLETED
322	id-00048	9	13	9	9	1741.0	1741.0	1741.36	1741.6181	1750.0	33.068	COMPLETED
322	id-00049	5	4	6	4	1742.0	1742.0	1742.24	1742.4502	1746.0	7.219	COMPLETED
322	id-00050	4	6	5	10	1742.0	1742.0	1742.24	1742.6514	1752.0	12.564	COMPLETED
322	id-00051	7	4	9	6	1743.0	1743.0	1743.43	1743.732	1749.0	42.432	COMPLETED
322	id-00052	2	3	5	10	1744.0	1744.0	1744.24	1744.5757	1754.0	5.15	COMPLETED
322	id-00053	2	4	9	10	1744.0	1744.0	1744.45	1744.6701	1754.0	13.9	COMPLETED
322	id-00054	2	4	8	6	1746.0	1746.0	1746.76	1747.2046	1752.0	16.31	COMPLETED
322	id-00055	4	4	2	15	1746.0	1746.0	1746.19	1746.4345	1761.0	11.737	COMPLETED
322	id-00056	1	2	1	9	1750.0	1750.0	1750.09	1750.3924	1759.0	1.39	COMPLETED
322	id-00057	10	18	9	5	1750.0	1750.0	1750.82	1751.1543	1755.0	111.179	COMPLETED
322	id-00058	8	16	5	10	1750.0	1750.0	1750.24	1750.6802	1760.0	27.39	COMPLETED
322	id-00059	3	5	6	4	1753.0	1753.0	1753.29	1753.6526	1757.0	10.702	COMPLETED
322	id-00060	1	2	4	2	1754.0	1754.0	1754.38	1754.7107	1756.0	5.869	COMPLETED
322	id-00061	4	5	6	1	1754.0	1754.0	1754.57	1755.0	1755.0	29.838	EXPIRED
322	id-00062	10	2	2	6	1754.0	1754.0	1754.09	1754.49	1760.0	12.203	COMPLETED
322	id-00063	10	17	8	2	1755.0	1755.0	1755.36	1755.6479	1757.0	48.81	COMPLETED
322	id-00064	9	17	5	5	1756.0	1756.0	1756.22	1756.5706	1761.0	24.357	COMPLETED
322	id-00065	9	6	1	2	1757.0	1757.0	1757.05	1757.3963	1759.0	6.007	COMPLETED
322	id-00066	8	7	2	9	1757.0	1757.0	1757.1	1757.523	1766.0	11.412	COMPLETED
322	id-00067	10	6	3	2	1757.0	1757.0	1757.12	1757.4447	1759.0	14.007	COMPLETED
322	id-00068	10	20	10	1	1758.0	1758.0	1758.42	1759.0	1759.0	49.026	EXPIRED
322	id-00069	8	8	5	8	1758.0	1758.0	1758.23	1758.5872	1766.0	24.08	COMPLETED
322	id-00070	5	2	10	11	1758.0	1758.0	1758.43	1758.7266	1769.0	21.042	COMPLETED
322	id-00071	1	2	5	7	1759.0	1759.0	1759.48	1759.8233	1766.0	7.413	COMPLETED
322	id-00072	7	13	4	8	1759.0	1759.0	1759.38	1759.492	1767.0	37.498	COMPLETED
322	id-00073	5	3	1	11	1760.0	1760.0	1760.09	1760.4233	1771.0	5.253	COMPLETED
322	id-00074	10	15	5	10	1760.0	1760.0	1760.45	1760.9456	1770.0	69.498	COMPLETED
322	id-00075	1	2	4	1	1766.0	1766.0	1766.2	1767.0	1767.0	3.089	EXPIRED
322	id-00076	5	6	6	14	1768.0	1768.0	1768.26	1768.5357	1782.0	12.723	COMPLETED
322	id-00077	9	7	5	7	1770.0	1770.0	1770.21	1770.3966	1777.0	21.27	COMPLETED
322	id-00078	9	12	9	15	1772.0	1772.0	1772.39	1772.7531	1787.0	43.178	COMPLETED
322	id-00079	7	14	9	6	1772.0	1772.0	1772.39	1772.8878	1778.0	31.131	COMPLETED
322	id-00080	9	17	4	6	1772.0	1772.0	1772.17	1772.4733	1778.0	17.218	COMPLETED
322	id-00081	8	10	4	8	1773.0	1773.0	1773.17	1773.5276	1781.0	14.593	COMPLETED
322	id-00082	4	3	4	6	1773.0	1773.0	1773.18	1773.3138	1779.0	7.726	COMPLETED
322	id-00083	2	2	7	11	1774.0	1774.0	1774.35	1774.5854	1785.0	10.811	COMPLETED
322	id-00084	9	15	8	7	1775.0	1775.0	1775.32	1775.6302	1782.0	29.394	COMPLETED
322	id-00085	2	2	9	13	1775.0	1775.0	1775.45	1775.7046	1788.0	13.9	COMPLETED
322	id-00086	9	2	7	12	1776.0	1776.0	1776.28	1776.396	1788.0	25.72	COMPLETED
322	id-00087	2	2	7	6	1776.0	1776.0	1776.58	1777.073	1782.0	17.915	COMPLETED
322	id-00088	9	15	8	5	1776.0	1776.0	1776.67	1776.8352	1781.0	67.86	COMPLETED
322	id-00089	2	3	7	10	1776.0	1776.0	1776.35	1776.5261	1786.0	10.811	COMPLETED
322	id-00090	1	2	8	11	1776.0	1776.0	1776.32	1776.6098	1787.0	1.925	COMPLETED
322	id-00091	2	4	5	4	1776.0	1776.0	1776.48	1776.9503	1780.0	10.301	COMPLETED
322	id-00092	3	2	2	5	1776.0	1776.0	1776.19	1776.6047	1781.0	8.803	COMPLETED
322	id-00093	10	8	6	2	1777.0	1777.0	1777.25	1777.3922	1779.0	29.182	COMPLETED
322	id-00094	8	13	2	14	1778.0	1778.0	1778.1	1778.4859	1792.0	11.412	COMPLETED
322	id-00095	2	3	3	11	1779.0	1779.0	1779.15	1779.469	1790.0	4.633	COMPLETED
322	id-00096	1	2	2	11	1780.0	1780.0	1780.09	1780.3006	1791.0	0.541	COMPLETED
322	id-00097	9	10	10	4	1780.0	1780.0	1780.38	1780.579	1784.0	31.323	COMPLETED
322	id-00098	4	6	7	5	1781.0	1781.0	1781.33	1781.7193	1786.0	17.275	COMPLETED
322	id-00099	2	4	1	9	1784.0	1784.0	1784.05	1784.3628	1793.0	1.544	COMPLETED
322	id-00100	6	3	9	3	1784.0	1784.0	1784.43	1784.5483	1787.0	35.791	COMPLETED
322	id-00101	10	15	10	12	1788.0	1788.0	1788.42	1788.8587	1800.0	49.026	COMPLETED
322	id-00102	5	10	1	9	1789.0	1789.0	1789.05	1789.4643	1798.0	3.861	COMPLETED
322	id-00103	1	2	8	4	1791.0	1791.0	1791.4	1791.7984	1795.0	6.178	COMPLETED
322	id-00104	7	4	7	9	1791.0	1791.0	1791.35	1791.5638	1800.0	37.838	COMPLETED
322	id-00105	4	8	8	5	1795.0	1795.0	1795.3	1795.6695	1800.0	7.219	COMPLETED
322	id-00106	7	3	6	11	1795.0	1795.0	1795.3	1795.6421	1806.0	32.432	COMPLETED
322	id-00107	6	7	5	11	1796.0	1796.0	1796.25	1796.5725	1807.0	23.166	COMPLETED
322	id-00108	8	9	6	13	1797.0	1797.0	1797.3	1797.5052	1810.0	37.066	COMPLETED
322	id-00109	9	17	10	13	1798.0	1798.0	1798.37	1798.7633	1811.0	27.01	COMPLETED
322	id-00110	3	2	9	1	1799.0	1799.0	1799.45	1800.0	1800.0	20.849	EXPIRED
322	id-00111	8	11	6	4	1799.0	1799.0	1799.22	1799.6012	1803.0	12.662	COMPLETED
322	id-00112	9	3	9	1	1800.0	1800.0	1800.33	1801.0	1801.0	24.09	EXPIRED
322	id-00113	2	3	2	9	1800.0	1800.0	1800.1	1800.3112	1809.0	3.089	COMPLETED
322	id-00114	5	5	6	1	1806.0	1806.0	1806.22	1807.0	1807.0	6.618	EXPIRED
322	id-00115	4	8	8	10	1806.0	1806.0	1806.76	1807.1016	1816.0	39.784	COMPLETED
322	id-00116	1	2	2	5	1806.0	1806.0	1806.19	1806.3072	1811.0	2.934	COMPLETED
322	id-00117	8	16	6	7	1812.0	1812.0	1812.29	1812.4159	1819.0	33.096	COMPLETED
322	id-00118	2	2	5	13	1813.0	1813.0	1813.24	1813.5938	1826.0	5.15	COMPLETED
322	id-00119	9	15	9	10	1813.0	1813.0	1813.29	1813.5949	1823.0	15.702	COMPLETED
322	id-00120	6	3	4	8	1814.0	1814.0	1814.19	1814.4217	1822.0	15.815	COMPLETED
322	id-00121	2	4	4	9	1814.0	1814.0	1814.13	1814.514	1823.0	1.564	COMPLETED
322	id-00122	10	15	9	2	1815.0	1815.0	1815.38	1815.6685	1817.0	44.357	COMPLETED
322	id-00123	9	12	4	2	1815.0	1815.0	1815.16	1815.5801	1817.0	14.697	COMPLETED
322	id-00124	10	4	7	6	1816.0	1816.0	1816.28	1816.5234	1822.0	30.044	COMPLETED
322	id-00125	10	15	4	11	1817.0	1817.0	1817.16	1817.5322	1828.0	17.168	COMPLETED
322	id-00126	2	3	3	15	1818.0	1818.0	1818.15	1818.5666	1833.0	4.633	COMPLETED
322	id-00127	2	2	10	12	1819.0	1819.0	1819.5	1819.8624	1831.0	15.444	COMPLETED
322	id-00128	7	9	7	3	1819.0	1819.0	1819.33	1819.5304	1822.0	32.564	COMPLETED
322	id-00129	9	8	9	5	1820.0	1820.0	1820.31	1820.53	1825.0	16.785	COMPLETED
322	id-00130	6	5	4	12	1824.0	1824.0	1824.2	1824.5898	1836.0	18.533	COMPLETED
322	id-00131	6	12	6	2	1825.0	1825.0	1825.3	1825.4735	1827.0	27.799	COMPLETED
322	id-00132	3	5	9	3	1828.0	1828.0	1828.45	1828.6067	1831.0	20.849	COMPLETED
322	id-00133	9	5	3	10	1829.0	1829.0	1829.12	1829.2665	1839.0	9.891	COMPLETED
322	id-00134	10	14	3	12	1829.0	1829.0	1829.12	1829.5142	1841.0	11.745	COMPLETED
322	id-00135	8	10	5	10	1829.0	1829.0	1829.19	1829.3121	1839.0	12.727	COMPLETED
322	id-00136	9	2	4	12	1830.0	1830.0	1830.15	1830.4004	1842.0	10.95	COMPLETED
322	id-00137	4	7	8	1	1830.0	1830.0	1830.33	1831.0	1831.0	7.941	EXPIRED
322	id-00138	3	3	5	12	1832.0	1832.0	1832.5	1832.7951	1844.0	23.166	COMPLETED
322	id-00139	3	6	5	4	1832.0	1832.0	1832.21	1832.4743	1836.0	3.79	COMPLETED
322	id-00140	3	6	3	10	1832.0	1832.0	1832.3	1832.5095	1842.0	13.9	COMPLETED
322	id-00141	7	3	10	4	1833.0	1833.0	1833.5	1833.6087	1837.0	54.054	COMPLETED
322	id-00142	7	8	10	11	1833.0	1833.0	1833.42	1833.5974	1844.0	29.566	COMPLETED
322	id-00143	8	4	1	15	1836.0	1836.0	1836.05	1836.2204	1851.0	6.178	COMPLETED
322	id-00144	9	6	2	8	1836.0	1836.0	1836.07	1836.5053	1844.0	5.11	COMPLETED
322	id-00145	2	4	1	4	1836.0	1836.0	1836.04	1836.3556	1840.0	0.481	COMPLETED
322	id-00146	3	3	4	9	1839.0	1839.0	1839.2	1839.4774	1848.0	9.266	COMPLETED
322	id-00147	1	2	4	9	1842.0	1842.0	1842.19	1842.5303	1851.0	1.143	COMPLETED
322	id-00148	10	3	3	15	1842.0	1842.0	1842.11	1842.5363	1857.0	9.729	COMPLETED
322	id-00149	9	8	8	2	1843.0	1843.0	1843.32	1843.504	1845.0	29.394	COMPLETED
322	id-00150	8	2	2	6	1844.0	1844.0	1844.1	1844.3265	1850.0	11.412	COMPLETED
322	id-00151	1	2	4	8	1845.0	1845.0	1845.2	1845.3869	1853.0	3.089	COMPLETED
322	id-00152	3	3	5	4	1847.0	1847.0	1847.25	1847.3887	1851.0	11.583	COMPLETED
322	id-00153	8	9	2	5	1848.0	1848.0	1848.1	1848.4151	1853.0	12.355	COMPLETED
322	id-00154	3	3	8	3	1848.0	1848.0	1848.32	1848.8129	1851.0	5.775	COMPLETED
322	id-00155	1	2	2	7	1849.0	1849.0	1849.1	1849.2305	1856.0	1.544	COMPLETED
322	id-00156	2	4	5	12	1850.0	1850.0	1850.25	1850.527	1862.0	7.722	COMPLETED
322	id-00157	5	8	4	7	1851.0	1851.0	1851.2	1851.3272	1858.0	15.444	COMPLETED
322	id-00158	1	2	3	9	1852.0	1852.0	1852.15	1852.471	1861.0	2.317	COMPLETED
322	id-00159	9	17	6	9	1855.0	1855.0	1855.24	1855.4171	1864.0	22.045	COMPLETED
322	id-00160	1	2	6	5	1855.0	1855.0	1855.3	1855.7307	1860.0	4.633	COMPLETED
322	id-00161	10	20	3	3	1857.0	1857.0	1857.12	1857.32	1860.0	12.876	COMPLETED
322	id-00162	3	3	8	4	1858.0	1858.0	1858.4	1858.5917	1862.0	18.533	COMPLETED
322	id-00163	9	4	10	1	1860.0	1860.0	1860.42	1861.0	1861.0	42.539	EXPIRED
322	id-00164	7	6	3	1	1861.0	1861.0	1861.15	1862.0	1862.0	16.216	EXPIRED
322	id-00165	4	8	8	9	1863.0	1863.0	1863.4	1863.5617	1872.0	24.71	COMPLETED
322	id-00166	10	8	6	11	1864.0	1864.0	1864.24	1864.51	1875.0	25.752	COMPLETED
322	id-00167	8	5	1	4	1865.0	1865.0	1865.04	1865.4006	1869.0	3.811	COMPLETED
322	id-00168	10	15	4	13	1865.0	1865.0	1865.16	1865.5905	1878.0	17.168	COMPLETED
322	id-00169	2	3	9	7	1865.0	1865.0	1865.45	1865.696	1872.0	13.9	COMPLETED
322	id-00170	10	2	1	11	1867.0	1867.0	1867.04	1867.4987	1878.0	4.292	COMPLETED
322	id-00171	6	11	4	5	1867.0	1867.0	1867.2	1867.6358	1872.0	18.533	COMPLETED
322	id-00172	4	3	2	15	1868.0	1868.0	1868.09	1868.2028	1883.0	3.014	COMPLETED
322	id-00173	9	4	7	15	1868.0	1868.0	1868.28	1868.6018	1883.0	25.72	COMPLETED
322	id-00174	1	2	1	8	1869.0	1869.0	1869.05	1869.5021	1877.0	0.772	COMPLETED
322	id-00175	4	3	4	3	1869.0	1869.0	1869.2	1869.4957	1872.0	12.355	COMPLETED
322	id-00176	9	3	6	9	1872.0	1872.0	1872.24	1872.4583	1881.0	22.045	COMPLETED
322	id-00177	4	2	1	15	1873.0	1873.0	1873.05	1873.1843	1888.0	2.146	COMPLETED
322	id-00178	5	3	3	15	1874.0	1874.0	1874.14	1874.3784	1889.0	8.171	COMPLETED
322	id-00179	5	6	9	9	1875.0	1875.0	1875.41	1875.88	1884.0	23.929	COMPLETED
322	id-00180	5	8	1	2	1877.0	1877.0	1877.05	1877.4531	1879.0	2.918	COMPLETED
322	id-00181	9	8	3	6	1877.0	1877.0	1877.12	1877.5023	1883.0	11.023	COMPLETED
322	id-00182	9	16	3	15	1878.0	1878.0	1878.12	1878.2991	1893.0	11.023	COMPLETED
322	id-00183	1	2	6	4	1879.0	1879.0	1879.3	1879.7551	1883.0	4.633	COMPLETED
322	id-00184	1	2	3	5	1880.0	1880.0	1880.14	1880.3355	1885.0	0.842	COMPLETED
322	id-00185	8	3	9	8	1880.0	1880.0	1880.33	1880.5046	1888.0	18.993	COMPLETED
322	id-00186	8	9	8	13	1881.0	1881.0	1881.36	1881.6097	1894.0	37.691	COMPLETED
322	id-00187	3	2	5	9	1884.0	1884.0	1884.23	1884.3575	1893.0	6.319	COMPLETED
322	id-00188	7	11	1	10	1885.0	1885.0	1885.04	1885.5063	1895.0	2.816	COMPLETED
322	id-00189	4	5	1	1	1885.0	1885.0	1885.04	1886.0	1886.0	0.963	EXPIRED
322	id-00190	10	9	9	1	1886.0	1886.0	1886.36	1887.0	1887.0	38.628	EXPIRED
322	id-00191	7	2	1	7	1887.0	1887.0	1887.08	1887.5247	1894.0	5.632	COMPLETED
322	id-00192	1	2	9	9	1887.0	1887.0	1887.75	1888.11	1896.0	11.583	COMPLETED
322	id-00193	10	10	6	11	1888.0	1888.0	1888.26	1888.6973	1899.0	32.801	COMPLETED
322	id-00194	6	3	5	6	1888.0	1888.0	1888.19	1888.2997	1894.0	6.858	COMPLETED
322	id-00195	6	9	3	13	1888.0	1888.0	1888.12	1888.3853	1901.0	5.463	COMPLETED
322	id-00196	4	8	9	8	1889.0	1889.0	1889.35	1889.8184	1897.0	8.422	COMPLETED
322	id-00197	3	6	5	12	1889.0	1889.0	1889.2	1889.5862	1901.0	3.61	COMPLETED
322	id-00198	10	7	4	4	1889.0	1889.0	1889.17	1889.6644	1893.0	21.447	COMPLETED
322	id-00199	2	4	1	9	1889.0	1889.0	1889.04	1889.1961	1898.0	0.481	COMPLETED
322	id-00200	5	8	10	13	1890.0	1890.0	1890.42	1890.7496	1903.0	16.593	COMPLETED
322	id-00201	2	2	10	2	1890.0	1890.0	1890.5	1890.784	1892.0	15.444	COMPLETED
322	id-00202	8	3	2	15	1892.0	1892.0	1892.08	1892.4747	1907.0	5.359	COMPLETED
322	id-00203	9	11	8	13	1892.0	1892.0	1892.67	1893.1254	1905.0	67.86	COMPLETED
322	id-00204	3	5	7	6	1892.0	1892.0	1892.58	1892.8469	1898.0	26.873	COMPLETED
322	id-00205	5	9	10	2	1893.0	1893.0	1893.42	1893.6152	1895.0	16.593	COMPLETED
322	id-00206	8	5	2	6	1893.0	1893.0	1893.08	1893.4587	1899.0	5.359	COMPLETED
322	id-00207	8	3	6	1	1895.0	1895.0	1895.26	1896.0	1896.0	24.77	EXPIRED
322	id-00208	9	5	7	10	1895.0	1895.0	1895.29	1895.7131	1905.0	29.372	COMPLETED
322	id-00209	10	6	9	15	1895.0	1895.0	1895.36	1895.5528	1910.0	38.628	COMPLETED
322	id-00210	9	17	7	11	1896.0	1896.0	1896.29	1896.5607	1907.0	29.372	COMPLETED
322	id-00211	8	12	3	3	1897.0	1897.0	1897.12	1897.6069	1900.0	10.301	COMPLETED
322	id-00212	4	2	9	3	1897.0	1897.0	1897.38	1897.5382	1900.0	9.144	COMPLETED
322	id-00213	3	6	5	13	1899.0	1899.0	1899.21	1899.3784	1912.0	3.79	COMPLETED
322	id-00214	9	14	7	1	1899.0	1899.0	1899.28	1900.0	1900.0	25.72	EXPIRED
322	id-00215	3	5	5	8	1899.0	1899.0	1899.21	1899.4718	1907.0	3.79	COMPLETED
322	id-00216	5	9	2	8	1900.0	1900.0	1900.08	1900.3391	1908.0	3.161	COMPLETED
322	id-00217	9	13	3	4	1901.0	1901.0	1901.12	1901.4778	1905.0	9.891	COMPLETED
322	id-00218	9	11	6	5	1901.0	1901.0	1901.23	1901.634	1906.0	18.958	COMPLETED
322	id-00219	4	7	8	5	1902.0	1902.0	1902.33	1902.6644	1907.0	7.941	COMPLETED
322	id-00220	8	12	4	1	1902.0	1902.0	1902.15	1903.0	1903.0	10.048	EXPIRED
322	id-00221	6	9	10	6	1903.0	1903.0	1903.42	1903.7897	1909.0	23.08	COMPLETED
322	id-00222	5	2	5	5	1904.0	1904.0	1904.19	1904.5031	1909.0	5.715	COMPLETED
322	id-00223	5	5	6	2	1904.0	1904.0	1904.5	1904.6558	1906.0	33.896	COMPLETED
322	id-00224	3	3	8	8	1904.0	1904.0	1904.67	1904.9773	1912.0	12.092	COMPLETED
322	id-00225	2	4	5	14	1904.0	1904.0	1904.25	1904.5878	1918.0	7.722	COMPLETED
322	id-00226	3	2	4	6	1905.0	1905.0	1905.15	1905.5449	1911.0	2.707	COMPLETED
322	id-00227	3	3	5	15	1905.0	1905.0	1905.25	1905.6024	1920.0	11.583	COMPLETED
322	id-00228	9	8	3	7	1905.0	1905.0	1905.11	1905.4405	1912.0	8.03	COMPLETED
322	id-00229	8	16	8	8	1905.0	1905.0	1905.35	1905.8019	1913.0	33.344	COMPLETED
322	id-00230	1	2	8	7	1906.0	1906.0	1906.4	1906.8919	1913.0	6.178	COMPLETED
322	id-00231	10	9	10	5	1907.0	1907.0	1907.37	1907.8321	1912.0	32.724	COMPLETED
322	id-00232	6	4	7	4	1911.0	1911.0	1911.3	1911.4728	1915.0	19.314	COMPLETED
322	id-00233	5	6	4	5	1911.0	1911.0	1911.16	1911.3246	1916.0	4.813	COMPLETED
322	id-00234	2	4	9	8	1912.0	1912.0	1912.45	1912.8307	1920.0	13.9	COMPLETED
322	id-00235	4	4	2	10	1914.0	1914.0	1914.09	1914.2679	1924.0	3.014	COMPLETED
322	id-00236	3	5	2	6	1916.0	1916.0	1916.09	1916.3425	1922.0	2.473	COMPLETED
322	id-00237	6	10	5	1	1916.0	1916.0	1916.22	1917.0	1917.0	14.164	EXPIRED
322	id-00238	4	5	6	9	1916.0	1916.0	1916.23	1916.5116	1925.0	5.535	COMPLETED
322	id-00239	8	4	6	5	1917.0	1917.0	1917.27	1917.7225	1922.0	28.268	COMPLETED
322	id-00240	4	5	5	3	1917.0	1917.0	1917.22	1917.4995	1920.0	7.368	COMPLETED
322	id-00241	4	5	10	11	1918.0	1918.0	1918.45	1918.7573	1929.0	19.314	COMPLETED
322	id-00242	7	13	6	7	1922.0	1922.0	1922.27	1922.6415	1929.0	24.098	COMPLETED
322	id-00243	6	7	7	13	1923.0	1923.0	1923.32	1923.6688	1936.0	23.619	COMPLETED
322	id-00244	6	11	8	14	1925.0	1925.0	1925.33	1925.4822	1939.0	18.134	COMPLETED
322	id-00245	6	3	6	10	1925.0	1925.0	1925.26	1925.4671	1935.0	16.739	COMPLETED
322	id-00246	4	8	1	11	1928.0	1928.0	1928.04	1928.3043	1939.0	0.963	COMPLETED
322	id-00247	5	10	7	13	1928.0	1928.0	1928.3	1928.7025	1941.0	14.681	COMPLETED
322	id-00248	5	6	8	12	1931.0	1931.0	1931.36	1931.7349	1943.0	21.011	COMPLETED
322	id-00249	9	6	7	4	1932.0	1932.0	1932.29	1932.7637	1936.0	29.372	COMPLETED
322	id-00250	5	5	9	11	1932.0	1932.0	1932.41	1932.7422	1943.0	23.929	COMPLETED
322	id-00251	5	10	7	15	1936.0	1936.0	1936.33	1936.5558	1951.0	22.371	COMPLETED
322	id-00252	7	6	3	10	1937.0	1937.0	1937.14	1937.2684	1947.0	13.815	COMPLETED
322	id-00253	8	9	1	6	1938.0	1938.0	1938.05	1938.1611	1944.0	5.235	COMPLETED
322	id-00254	7	7	1	15	1938.0	1938.0	1938.1	1938.477	1953.0	10.811	COMPLETED
322	id-00255	1	2	4	12	1938.0	1938.0	1938.38	1938.6967	1950.0	2.286	COMPLETED
322	id-00256	9	8	4	7	1942.0	1942.0	1942.16	1942.4393	1949.0	14.697	COMPLETED
322	id-00257	9	10	1	9	1942.0	1942.0	1942.04	1942.3121	1951.0	4.428	COMPLETED
322	id-00258	8	13	8	10	1942.0	1942.0	1942.31	1942.4243	1952.0	20.765	COMPLETED
322	id-00259	7	5	3	4	1944.0	1944.0	1944.14	1944.486	1948.0	13.815	COMPLETED
322	id-00260	10	16	10	1	1947.0	1947.0	1947.4	1948.0	1948.0	42.92	EXPIRED
322	id-00261	8	5	6	6	1947.0	1947.0	1947.25	1947.5611	1953.0	21.46	COMPLETED
322	id-00262	4	5	10	6	1948.0	1948.0	1948.48	1948.7746	1954.0	25.127	COMPLETED
322	id-00263	7	3	2	14	1949.0	1949.0	1949.1	1949.211	1963.0	9.868	COMPLETED
322	id-00264	9	10	7	12	1950.0	1950.0	1950.3	1950.5447	1962.0	33.214	COMPLETED
322	id-00265	6	8	9	9	1950.0	1950.0	1950.36	1950.7373	1959.0	16.389	COMPLETED
322	id-00266	3	4	2	13	1950.0	1950.0	1950.09	1950.4452	1963.0	2.473	COMPLETED
322	id-00267	9	5	1	10	1951.0	1951.0	1951.05	1951.2536	1961.0	6.007	COMPLETED
322	id-00268	8	7	10	13	1954.0	1954.0	1954.43	1954.8016	1967.0	40.965	COMPLETED
322	id-00269	1	2	7	14	1956.0	1956.0	1956.35	1956.635	1970.0	5.405	COMPLETED
322	id-00270	1	2	9	7	1956.0	1956.0	1956.82	1957.0497	1963.0	12.664	COMPLETED
322	id-00271	2	3	6	15	1956.0	1956.0	1956.55	1956.8883	1971.0	6.618	COMPLETED
322	id-00272	4	4	1	7	1957.0	1957.0	1957.09	1957.5568	1964.0	5.56	COMPLETED
322	id-00273	3	2	1	3	1957.0	1957.0	1957.09	1957.3111	1960.0	2.473	COMPLETED
322	id-00274	3	5	8	7	1958.0	1958.0	1958.73	1958.9376	1965.0	33.822	COMPLETED
322	id-00275	3	4	2	7	1958.0	1958.0	1958.18	1958.5626	1965.0	4.946	COMPLETED
322	id-00276	5	4	5	5	1959.0	1959.0	1959.23	1959.4527	1964.0	13.424	COMPLETED
322	id-00277	10	13	3	10	1962.0	1962.0	1962.11	1962.6047	1972.0	9.729	COMPLETED
322	id-00278	7	14	9	9	1962.0	1962.0	1962.41	1962.6139	1971.0	36.593	COMPLETED
322	id-00279	4	7	6	3	1964.0	1964.0	1964.29	1964.6394	1967.0	15.181	COMPLETED
322	id-00280	6	4	4	9	1965.0	1965.0	1965.17	1965.4244	1974.0	9.342	COMPLETED
322	id-00281	5	10	3	2	1965.0	1965.0	1965.11	1965.2705	1967.0	3.309	COMPLETED
322	id-00282	3	2	2	2	1965.0	1965.0	1965.1	1965.4509	1967.0	3.69	COMPLETED
322	id-00283	10	12	9	10	1966.0	1966.0	1966.33	1966.617	1976.0	29.187	COMPLETED
322	id-00284	6	2	8	15	1966.0	1966.0	1966.33	1966.463	1981.0	18.134	COMPLETED
322	id-00285	6	6	8	2	1967.0	1967.0	1967.38	1967.7333	1969.0	31.63	COMPLETED
322	id-00286	1	2	10	4	1968.0	1968.0	1968.48	1968.8615	1972.0	2.888	COMPLETED
322	id-00287	9	7	3	6	1968.0	1968.0	1968.12	1968.2359	1974.0	12.154	COMPLETED
322	id-00288	7	12	1	3	1969.0	1969.0	1969.05	1969.2841	1972.0	4.934	COMPLETED
322	id-00289	6	2	4	2	1970.0	1970.0	1970.2	1970.6844	1972.0	18.533	COMPLETED
322	id-00290	1	2	7	2	1972.0	1972.0	1972.7	1973.1632	1974.0	10.811	COMPLETED
322	id-00291	3	6	3	1	1972.0	1972.0	1972.3	1973.0	1973.0	13.9	EXPIRED
322	id-00292	9	10	6	14	1973.0	1973.0	1973.27	1973.4786	1987.0	32.438	COMPLETED
322	id-00293	6	4	8	11	1974.0	1974.0	1974.4	1974.765	1985.0	37.066	COMPLETED
322	id-00294	7	6	3	2	1978.0	1978.0	1978.15	1978.5211	1980.0	16.216	COMPLETED
322	id-00295	3	6	1	1	1979.0	1979.0	1979.1	1980.0	1980.0	4.633	EXPIRED
322	id-00296	3	5	9	9	1979.0	1979.0	1979.9	1980.0216	1988.0	41.699	COMPLETED
322	id-00297	4	3	6	4	1980.0	1980.0	1980.3	1980.4975	1984.0	18.533	COMPLETED
322	id-00298	2	4	6	9	1981.0	1981.0	1981.3	1981.4931	1990.0	9.266	COMPLETED
322	id-00299	4	5	9	15	1982.0	1982.0	1982.38	1982.8301	1997.0	9.144	COMPLETED
322	id-00300	5	2	1	10	1982.0	1982.0	1982.05	1982.2429	1992.0	3.861	COMPLETED
322	id-00301	4	6	5	2	1983.0	1983.0	1983.25	1983.6683	1985.0	15.444	COMPLETED
322	id-00302	4	4	4	1	1983.0	1983.0	1983.33	1984.0	1984.0	14.164	EXPIRED
322	id-00303	2	3	1	12	1983.0	1983.0	1983.08	1983.1879	1995.0	0.963	COMPLETED
322	id-00304	6	5	1	12	1984.0	1984.0	1984.04	1984.2489	1996.0	1.821	COMPLETED
322	id-00305	10	15	3	5	1984.0	1984.0	1984.13	1984.5961	1989.0	16.4	COMPLETED
322	id-00306	7	10	1	14	1984.0	1984.0	1984.05	1984.5451	1998.0	5.405	COMPLETED
322	id-00307	4	2	1	8	1985.0	1985.0	1985.05	1985.2726	1993.0	3.089	COMPLETED
322	id-00308	7	11	5	7	1986.0	1986.0	1986.25	1986.4165	1993.0	27.027	COMPLETED
322	id-00309	9	8	2	5	1990.0	1990.0	1990.08	1990.5576	1995.0	8.103	COMPLETED
322	id-00310	4	3	5	13	1990.0	1990.0	1990.25	1990.5603	2003.0	15.444	COMPLETED
322	id-00311	10	19	3	3	1991.0	1991.0	1991.13	1991.5681	1994.0	16.4	COMPLETED
322	id-00312	2	2	6	9	1992.0	1992.0	1992.52	1992.9445	2001.0	6.257	COMPLETED
322	id-00313	7	13	2	9	1992.0	1992.0	1992.17	1992.5427	2001.0	16.776	COMPLETED
322	id-00314	8	3	5	11	1992.0	1992.0	1992.21	1992.4968	2003.0	18.026	COMPLETED
322	id-00315	8	10	8	8	1992.0	1992.0	1992.4	1992.5896	2000.0	49.421	COMPLETED
322	id-00316	6	8	8	9	1993.0	1993.0	1993.4	1993.7839	2002.0	37.066	COMPLETED
322	id-00317	8	11	10	13	1995.0	1995.0	1995.5	1995.9412	2008.0	61.776	COMPLETED
322	id-00318	8	15	2	15	1997.0	1997.0	1997.1	1997.5864	2012.0	12.355	COMPLETED
322	id-00319	4	8	6	5	2000.0	2000.0	2000.24	2000.6203	2005.0	5.775	COMPLETED
322	id-00320	2	2	6	6	2000.0	2000.0	2000.57	2000.7472	2006.0	12.232	COMPLETED
322	id-00321	3	6	5	15	2000.0	2000.0	2000.48	2000.6098	2015.0	22.239	COMPLETED
