302	id-00000	6	12	3	4	1700.0	1700.0	1700.14	1700.3913	1704.0	10.333	COMPLETED
302	id-00001	5	4	10	4	1700.0	1700.0	1700.42	1700.7234	1704.0	16.593	COMPLETED
302	id-00002	7	4	1	5	1701.0	1701.0	1701.05	1701.4031	1706.0	4.463	COMPLETED
302	id-00003	4	3	4	2	1704.0	1704.0	1704.18	1704.3636	1706.0	7.726	COMPLETED
302	id-00004	10	19	3	2	1705.0	1705.0	1705.3	1705.4822	1707.0	46.332	COMPLETED
302	id-00005	7	9	1	2	1705.0	1705.0	1705.04	1705.2879	1707.0	2.816	COMPLETED
302	id-00006	9	2	5	2	1705.0	1705.0	1705.48	1705.9232	1707.0	66.718	COMPLETED
302	id-00007	5	6	3	3	1705.0	1705.0	1705.3	1705.4572	1708.0	23.166	COMPLETED
302	id-00008	4	4	3	1	1705.0	1705.0	1705.29	1706.0	1706.0	15.181	EXPIRED
302	id-00009	9	6	5	3	1705.0	1705.0	1705.25	1705.376	1708.0	34.749	COMPLETED
302	id-00010	3	4	9	3	1706.0	1706.0	1706.41	1706.6704	1709.0	11.265	COMPLETED
302	id-00011	8	3	7	4	1710.0	1710.0	1710.32	1710.5295	1714.0	33.503	COMPLETED
302	id-00012	9	9	3	2	1713.0	1713.0	1713.13	1713.5191	1715.0	14.393	COMPLETED
302	id-00013	1	2	1	3	1713.0	1713.0	1713.05	1713.4868	1716.0	0.772	COMPLETED
302	id-00014	5	5	10	4	1715.0	1715.0	1715.45	1715.6451	1719.0	26.264	COMPLETED
302	id-00015	4	5	2	4	1716.0	1716.0	1716.09	1716.5229	1720.0	3.863	COMPLETED
302	id-00016	9	16	2	3	1718.0	1718.0	1718.09	1718.5097	1721.0	10.813	COMPLETED
302	id-00017	1	2	9	4	1718.0	1718.0	1718.39	1718.5859	1722.0	2.346	COMPLETED
302	id-00018	10	17	1	1	1722.0	1722.0	1722.05	1723.0	1723.0	6.779	EXPIRED
302	id-00019	9	15	4	5	1723.0	1723.0	1723.17	1723.4087	1728.0	18.821	COMPLETED
302	id-00020	9	3	3	4	1724.0	1724.0	1724.13	1724.2995	1728.0	14.393	COMPLETED
302	id-00021	4	3	2	3	1725.0	1725.0	1725.08	1725.2833	1728.0	1.925	COMPLETED
302	id-00022	6	7	9	3	1725.0	1725.0	1725.43	1725.5661	1728.0	35.791	COMPLETED
302	id-00023	1	2	10	3	1727.0	1727.0	1727.5	1727.6743	1730.0	7.722	COMPLETED
302	id-00024	3	2	7	5	1729.0	1729.0	1729.33	1729.4699	1734.0	12.178	COMPLETED
302	id-00025	8	14	5	5	1730.0	1730.0	1730.24	1730.5506	1735.0	27.39	COMPLETED
302	id-00026	7	14	9	5	1733.0	1733.0	1733.43	1733.565	1738.0	42.432	COMPLETED
302	id-00027	6	8	1	1	1736.0	1736.0	1736.04	1737.0	1737.0	2.575	EXPIRED
302	id-00028	5	10	6	4	1736.0	1736.0	1736.29	1736.7566	1740.0	19.66	COMPLETED
302	id-00029	7	9	6	3	1737.0	1737.0	1737.29	1737.7726	1740.0	28.617	COMPLETED
302	id-00030	1	2	6	3	1738.0	1738.0	1738.27	1738.6083	1741.0	1.624	COMPLETED
302	id-00031	10	19	4	4	1738.0	1738.0	1738.35	1738.5956	1742.0	47.454	COMPLETED
302	id-00032	1	2	10	2	1738.0	1738.0	1738.87	1739.0479	1740.0	5.234	COMPLETED
302	id-00033	7	7	9	2	1739.0	1739.0	1739.39	1739.7038	1741.0	31.131	COMPLETED
302	id-00034	6	10	3	3	1739.0	1739.0	1739.14	1739.477	1742.0	11.653	COMPLETED
302	id-00035	6	3	6	3	1740.0	1740.0	1740.29	1740.4471	1743.0	24.138	COMPLETED
302	id-00036	10	12	8	4	1741.0	1741.0	1741.35	1741.5825	1745.0	44.155	COMPLETED
302	id-00037	7	6	3	1	1742.0	1742.0	1742.14	1743.0	1743.0	13.815	EXPIRED
302	id-00038	9	17	5	2	1742.0	1742.0	1742.43	1742.7682	1744.0	59.768	COMPLETED
302	id-00039	5	2	8	4	1742.0	1742.0	1742.7	1742.8804	1746.0	34.255	COMPLETED
302	id-00040	3	4	3	3	1742.0	1742.0	1742.12	1742.4573	1745.0	2.166	COMPLETED
302	id-00041	6	10	2	4	1743.0	1743.0	1743.08	1743.1907	1747.0	3.642	COMPLETED
302	id-00042	10	19	8	1	1743.0	1743.0	1743.35	1744.0	1744.0	44.155	EXPIRED
302	id-00043	2	4	2	5	1743.0	1743.0	1743.1	1743.2244	1748.0	2.146	COMPLETED
302	id-00044	9	10	5	3	1744.0	1744.0	1744.2	1744.5818	1747.0	18.371	COMPLETED
302	id-00045	3	3	3	5	1745.0	1745.0	1745.14	1745.4716	1750.0	5.167	COMPLETED
302	id-00046	4	3	1	5	1746.0	1746.0	1746.05	1746.227	1751.0	2.617	COMPLETED
302	id-00047	4	4	9	1	1747.0	1747.0	1747.43	1748.0	1748.0	22.51	EXPIRED
302	id-00048	7	12	3	5	1749.0	1749.0	1749.14	1749.3489	1754.0	13.815	COMPLETED
302	id-00049	10	16	9	3	1751.0	1751.0	1751.41	1751.5788	1754.0	55.589	COMPLETED
302	id-00050	10	9	9	5	1754.0	1754.0	1754.41	1754.8632	1759.0	55.589	COMPLETED
302	id-00051	4	6	8	1	1756.0	1756.0	1756.38	1757.0	1757.0	19.892	EXPIRED
302	id-00052	8	2	3	4	1759.0	1759.0	1759.14	1759.2586	1763.0	15.977	COMPLETED
302	id-00053	10	20	8	1	1760.0	1760.0	1760.33	1761.0	1761.0	38.52	EXPIRED
302	id-00054	10	7	1	3	1760.0	1760.0	1760.05	1760.4804	1763.0	6.779	COMPLETED
302	id-00055	3	5	3	5	1760.0	1760.0	1760.14	1760.372	1765.0	3.847	COMPLETED
302	id-00056	5	5	3	2	1762.0	1762.0	1762.27	1762.4248	1764.0	20.849	COMPLETED
302	id-00057	3	3	5	5	1762.0	1762.0	1762.45	1762.7208	1767.0	12.364	COMPLETED
302	id-00058	9	10	6	4	1767.0	1767.0	1767.26	1767.6418	1771.0	28.785	COMPLETED
302	id-00059	10	3	5	3	1768.0	1768.0	1768.22	1768.3635	1771.0	27.754	COMPLETED
302	id-00060	3	5	3	4	1768.0	1768.0	1768.13	1768.3672	1772.0	2.346	COMPLETED
302	id-00061	7	2	10	4	1769.0	1769.0	1769.43	1769.6053	1773.0	34.324	COMPLETED
302	id-00062	4	5	3	5	1770.0	1770.0	1770.12	1770.3065	1775.0	2.888	COMPLETED
302	id-00063	3	3	5	3	1770.0	1770.0	1770.23	1770.4736	1773.0	6.319	COMPLETED
302	id-00064	9	9	1	3	1772.0	1772.0	1772.04	1772.1651	1775.0	4.051	COMPLETED
302	id-00065	9	11	4	4	1774.0	1774.0	1774.17	1774.5757	1778.0	17.218	COMPLETED
302	id-00066	4	4	1	5	1774.0	1774.0	1774.04	1774.5328	1779.0	1.34	COMPLETED
302	id-00067	8	3	1	3	1774.0	1774.0	1774.05	1774.4975	1777.0	5.235	COMPLETED
302	id-00068	10	6	6	2	1775.0	1775.0	1775.25	1775.5182	1777.0	29.182	COMPLETED
302	id-00069	10	8	10	4	1777.0	1777.0	1777.42	1777.6223	1781.0	49.026	COMPLETED
302	id-00070	10	4	5	1	1778.0	1778.0	1778.21	1779.0	1779.0	24.513	EXPIRED
302	id-00071	4	8	4	2	1779.0	1779.0	1779.19	1779.544	1781.0	9.946	COMPLETED
302	id-00072	6	12	7	3	1779.0	1779.0	1779.28	1779.6867	1782.0	12.747	COMPLETED
302	id-00073	2	4	7	4	1780.0	1780.0	1780.35	1780.6948	1784.0	10.811	COMPLETED
302	id-00074	10	20	8	3	1781.0	1781.0	1781.35	1781.7695	1784.0	44.155	COMPLETED
302	id-00075	9	14	4	3	1781.0	1781.0	1781.17	1781.3186	1784.0	17.218	COMPLETED
302	id-00076	7	13	10	2	1782.0	1782.0	1782.48	1782.6897	1784.0	47.366	COMPLETED
302	id-00077	8	14	7	5	1783.0	1783.0	1783.33	1783.759	1788.0	37.661	COMPLETED
302	id-00078	8	9	9	1	1783.0	1783.0	1783.35	1784.0	1784.0	23.444	EXPIRED
302	id-00079	6	3	9	5	1784.0	1784.0	1784.43	1784.6249	1789.0	35.791	COMPLETED
302	id-00080	7	13	6	1	1784.0	1784.0	1784.23	1785.0	1785.0	11.854	EXPIRED
302	id-00081	6	2	1	4	1786.0	1786.0	1786.05	1786.1727	1790.0	4.633	COMPLETED
302	id-00082	8	9	2	2	1787.0	1787.0	1787.1	1787.3589	1789.0	12.355	COMPLETED
302	id-00083	9	10	4	4	1788.0	1788.0	1788.17	1788.4356	1792.0	17.218	COMPLETED
302	id-00084	4	7	6	2	1792.0	1792.0	1792.3	1792.7063	1794.0	18.533	COMPLETED
302	id-00085	10	5	1	1	1794.0	1794.0	1794.04	1795.0	1795.0	4.292	EXPIRED
302	id-00086	6	7	3	5	1798.0	1798.0	1798.15	1798.4381	1803.0	13.9	COMPLETED
302	id-00087	8	8	8	2	1800.0	1800.0	1800.4	1800.5945	1802.0	49.421	COMPLETED
302	id-00088	4	8	9	2	1802.0	1802.0	1802.45	1802.685	1804.0	27.799	COMPLETED
302	id-00089	10	14	10	5	1803.0	1803.0	1803.4	1803.6144	1808.0	42.92	COMPLETED
302	id-00090	2	4	5	5	1806.0	1806.0	1806.25	1806.7338	1811.0	7.722	COMPLETED
302	id-00091	1	2	1	4	1807.0	1807.0	1807.19	1807.4838	1811.0	2.934	COMPLETED
302	id-00092	1	2	8	3	1807.0	1807.0	1808.52	1808.7378	1810.0	9.144	COMPLETED
302	id-00093	3	6	6	1	1807.0	1807.0	1808.14	1808.0	1808.0	52.818	EXPIRED
302	id-00094	1	2	2	3	1807.0	1807.0	1807.38	1807.8286	1810.0	5.869	COMPLETED
302	id-00095	6	9	5	1	1808.0	1808.0	1808.29	1809.0	1809.0	26.873	EXPIRED
302	id-00096	6	10	6	2	1811.0	1811.0	1811.29	1811.758	1813.0	24.138	COMPLETED
302	id-00097	9	6	1	4	1811.0	1811.0	1811.03	1811.2984	1815.0	1.624	COMPLETED
302	id-00098	6	2	6	1	1812.0	1812.0	1812.29	1813.0	1813.0	24.138	EXPIRED
302	id-00099	8	8	5	4	1812.0	1812.0	1812.16	1812.6513	1816.0	7.7	COMPLETED
302	id-00100	5	7	10	4	1816.0	1816.0	1816.48	1816.756	1820.0	32.54	COMPLETED
302	id-00101	10	19	9	1	1817.0	1817.0	1817.36	1818.0	1818.0	38.628	EXPIRED
302	id-00102	4	3	10	3	1818.0	1818.0	1818.48	1818.6651	1821.0	25.127	COMPLETED
302	id-00103	1	2	2	1	1819.0	1819.0	1819.1	1820.0	1820.0	1.544	EXPIRED
302	id-00104	7	4	1	3	1819.0	1819.0	1819.05	1819.5337	1822.0	4.934	COMPLETED
302	id-00105	4	5	7	2	1820.0	1820.0	1820.35	1820.5909	1822.0	21.622	COMPLETED
302	id-00106	3	3	4	1	1821.0	1821.0	1821.2	1822.0	1822.0	9.266	EXPIRED
302	id-00107	10	10	3	5	1822.0	1822.0	1822.11	1822.3092	1827.0	9.729	COMPLETED
302	id-00108	8	14	8	4	1822.0	1822.0	1822.28	1822.6889	1826.0	13.476	COMPLETED
302	id-00109	8	4	4	5	1822.0	1822.0	1822.2	1822.409	1827.0	24.71	COMPLETED
302	id-00110	1	2	3	4	1823.0	1823.0	1823.15	1823.3372	1827.0	2.317	COMPLETED
302	id-00111	1	2	2	4	1823.0	1823.0	1823.2	1823.4027	1827.0	3.089	COMPLETED
302	id-00112	7	13	5	2	1823.0	1823.0	1823.5	1823.9361	1825.0	54.054	COMPLETED
302	id-00113	8	13	7	1	1825.0	1825.0	1825.35	1826.0	1826.0	43.243	EXPIRED
302	id-00114	7	10	6	1	1826.0	1826.0	1826.3	1827.0	1827.0	32.432	EXPIRED
302	id-00115	2	2	8	3	1827.0	1827.0	1827.8	1828.0769	1830.0	24.71	COMPLETED
302	id-00116	2	4	3	2	1827.0	1827.0	1827.15	1827.6448	1829.0	4.633	COMPLETED
302	id-00117	4	7	10	4	1827.0	1827.0	1828.0	1828.2379	1831.0	61.776	COMPLETED
302	id-00118	2	4	3	5	1827.0	1827.0	1827.12	1827.5645	1832.0	1.444	COMPLETED
302	id-00119	7	4	8	2	1828.0	1828.0	1828.31	1828.411	1830.0	15.977	COMPLETED
302	id-00120	4	7	5	4	1828.0	1828.0	1828.25	1828.7028	1832.0	15.444	COMPLETED
302	id-00121	8	7	1	3	1828.0	1828.0	1828.04	1828.261	1831.0	2.679	COMPLETED
302	id-00122	1	2	3	2	1829.0	1829.0	1829.15	1829.3739	1831.0	2.317	COMPLETED
302	id-00123	3	6	10	5	1831.0	1831.0	1831.5	1831.9492	1836.0	23.166	COMPLETED
302	id-00124	10	11	5	5	1831.0	1831.0	1831.19	1831.3097	1836.0	16.804	COMPLETED
302	id-00125	5	7	6	3	1832.0	1832.0	1832.22	1832.5601	1835.0	6.618	COMPLETED
302	id-00126	4	4	8	4	1832.0	1832.0	1832.4	1832.7668	1836.0	24.71	COMPLETED
302	id-00127	6	2	4	4	1832.0	1832.0	1832.17	1832.5979	1836.0	9.342	COMPLETED
302	id-00128	9	4	8	4	1836.0	1836.0	1836.33	1836.6234	1840.0	33.424	COMPLETED
302	id-00129	1	2	2	1	1836.0	1836.0	1836.1	1837.0	1837.0	1.544	EXPIRED
302	id-00130	9	9	4	5	1837.0	1837.0	1837.15	1837.2936	1842.0	10.95	COMPLETED
302	id-00131	4	7	4	5	1837.0	1837.0	1837.17	1837.4648	1842.0	4.091	COMPLETED
302	id-00132	6	4	3	3	1838.0	1838.0	1838.12	1838.4168	1841.0	6.594	COMPLETED
302	id-00133	1	2	7	5	1838.0	1838.0	1838.35	1838.5146	1843.0	5.405	COMPLETED
302	id-00134	5	4	10	5	1838.0	1838.0	1838.5	1838.8915	1843.0	38.61	COMPLETED
302	id-00135	8	2	6	2	1839.0	1839.0	1839.3	1839.4203	1841.0	37.066	COMPLETED
302	id-00136	4	8	10	4	1839.0	1839.0	1839.42	1839.834	1843.0	10.107	COMPLETED
302	id-00137	2	4	9	5	1840.0	1840.0	1840.45	1840.8474	1845.0	13.9	COMPLETED
302	id-00138	1	2	7	3	1841.0	1841.0	1841.35	1841.6233	1844.0	5.405	COMPLETED
302	id-00139	5	2	7	5	1841.0	1841.0	1841.33	1841.7439	1846.0	22.371	COMPLETED
302	id-00140	9	7	6	5	1842.0	1842.0	1842.24	1842.6467	1847.0	22.045	COMPLETED
302	id-00141	1	2	7	3	1842.0	1842.0	1842.35	1842.6428	1845.0	5.405	COMPLETED
302	id-00142	2	3	3	3	1843.0	1843.0	1843.15	1843.2743	1846.0	4.633	COMPLETED
302	id-00143	2	3	8	1	1844.0	1844.0	1844.3	1845.0	1845.0	3.61	EXPIRED
302	id-00144	5	6	5	5	1844.0	1844.0	1844.24	1844.4948	1849.0	16.27	COMPLETED
302	id-00145	3	2	7	1	1844.0	1844.0	1844.28	1845.0	1845.0	5.053	EXPIRED
302	id-00146	1	2	5	1	1845.0	1845.0	1845.25	1846.0	1846.0	3.861	EXPIRED
302	id-00147	2	3	6	2	1845.0	1845.0	1845.3	1845.7202	1847.0	9.266	COMPLETED
302	id-00148	2	2	8	1	1846.0	1846.0	1846.4	1847.0	1847.0	12.355	EXPIRED
302	id-00149	5	7	6	5	1847.0	1847.0	1847.3	1847.6006	1852.0	23.166	COMPLETED
302	id-00150	1	2	2	3	1848.0	1848.0	1848.1	1848.57	1851.0	1.544	COMPLETED
302	id-00151	10	13	7	3	1849.0	1849.0	1849.26	1849.5447	1852.0	22.995	COMPLETED
302	id-00152	1	2	5	4	1850.0	1850.0	1850.25	1850.568	1854.0	3.861	COMPLETED
302	id-00153	3	5	4	4	1851.0	1851.0	1851.2	1851.3968	1855.0	9.266	COMPLETED
302	id-00154	6	6	6	5	1852.0	1852.0	1852.3	1852.4167	1857.0	27.799	COMPLETED
302	id-00155	10	9	10	5	1852.0	1852.0	1852.4	1852.7766	1857.0	42.92	COMPLETED
302	id-00156	5	7	4	1	1854.0	1854.0	1854.2	1855.0	1855.0	15.444	EXPIRED
302	id-00157	5	9	3	5	1855.0	1855.0	1855.15	1855.6068	1860.0	11.583	COMPLETED
302	id-00158	8	5	8	5	1860.0	1860.0	1860.33	1860.6149	1865.0	28.327	COMPLETED
302	id-00159	5	6	8	5	1860.0	1860.0	1860.4	1860.5631	1865.0	30.888	COMPLETED
302	id-00160	1	2	4	1	1862.0	1862.0	1862.2	1863.0	1863.0	3.089	EXPIRED
302	id-00161	10	11	6	5	1863.0	1863.0	1863.24	1863.5567	1868.0	25.752	COMPLETED
302	id-00162	10	11	6	5	1864.0	1864.0	1864.24	1864.6112	1869.0	25.752	COMPLETED
302	id-00163	5	10	8	3	1865.0	1865.0	1865.4	1865.6191	1868.0	30.888	COMPLETED
302	id-00164	5	2	4	2	1866.0	1866.0	1866.2	1866.5221	1868.0	15.444	COMPLETED
302	id-00165	3	3	2	1	1866.0	1866.0	1866.09	1867.0	1867.0	1.624	EXPIRED
302	id-00166	6	6	5	1	1867.0	1867.0	1867.25	1868.0	1868.0	23.166	EXPIRED
302	id-00167	5	2	3	1	1868.0	1868.0	1868.15	1869.0	1869.0	11.583	EXPIRED
302	id-00168	9	4	10	4	1869.0	1869.0	1869.43	1869.7943	1873.0	47.606	COMPLETED
302	id-00169	9	11	7	2	1869.0	1869.0	1869.28	1869.6294	1871.0	25.72	COMPLETED
302	id-00170	4	8	5	2	1870.0	1870.0	1870.23	1870.3897	1872.0	9.872	COMPLETED
302	id-00171	4	2	1	4	1871.0	1871.0	1871.05	1871.1978	1875.0	2.146	COMPLETED
302	id-00172	5	8	1	2	1873.0	1873.0	1873.05	1873.5256	1875.0	2.918	COMPLETED
302	id-00173	4	3	4	4	1874.0	1874.0	1874.18	1874.3613	1878.0	7.726	COMPLETED
302	id-00174	9	2	10	3	1877.0	1877.0	1877.4	1877.7397	1880.0	36.742	COMPLETED
302	id-00175	1	2	6	4	1877.0	1877.0	1877.3	1877.6583	1881.0	4.633	COMPLETED
302	id-00176	1	2	2	1	1878.0	1878.0	1878.1	1879.0	1879.0	1.544	EXPIRED
302	id-00177	4	8	5	2	1879.0	1879.0	1879.23	1879.6819	1881.0	9.872	COMPLETED
302	id-00178	5	9	4	3	1881.0	1881.0	1881.18	1881.3222	1884.0	10.506	COMPLETED
302	id-00179	6	9	2	2	1881.0	1881.0	1881.07	1881.1894	1883.0	2.527	COMPLETED
302	id-00180	9	5	6	2	1886.0	1886.0	1886.23	1886.7285	1888.0	18.958	COMPLETED
302	id-00181	8	7	9	4	1888.0	1888.0	1888.38	1888.5671	1892.0	32.619	COMPLETED
302	id-00182	6	7	1	2	1890.0	1890.0	1890.04	1890.28	1892.0	2.198	COMPLETED
302	id-00183	7	8	8	5	1891.0	1891.0	1891.36	1891.6709	1896.0	32.131	COMPLETED
302	id-00184	10	6	2	4	1891.0	1891.0	1891.08	1891.4741	1895.0	9.338	COMPLETED
302	id-00185	9	8	8	4	1891.0	1891.0	1891.31	1891.802	1895.0	25.553	COMPLETED
302	id-00186	7	2	5	3	1893.0	1893.0	1893.21	1893.5955	1896.0	14.783	COMPLETED
302	id-00187	9	2	6	1	1894.0	1894.0	1894.23	1895.0	1895.0	18.958	EXPIRED
302	id-00188	4	8	9	5	1898.0	1898.0	1898.38	1898.7135	1903.0	9.144	COMPLETED
302	id-00189	3	4	9	1	1899.0	1899.0	1899.38	1900.0	1900.0	6.858	EXPIRED
302	id-00190	2	4	5	1	1900.0	1900.0	1900.25	1901.0	1901.0	7.722	EXPIRED
302	id-00191	6	12	3	2	1902.0	1902.0	1902.12	1902.4809	1904.0	6.594	COMPLETED
302	id-00192	10	16	5	5	1902.0	1902.0	1902.19	1902.5268	1907.0	18.596	COMPLETED
302	id-00193	6	6	2	2	1903.0	1903.0	1903.08	1903.3325	1905.0	4.396	COMPLETED
302	id-00194	3	2	3	5	1904.0	1904.0	1904.12	1904.4133	1909.0	2.166	COMPLETED
302	id-00195	6	3	4	2	1906.0	1906.0	1906.17	1906.5352	1908.0	10.945	COMPLETED
302	id-00196	1	2	10	5	1907.0	1907.0	1907.5	1907.9852	1912.0	7.722	COMPLETED
302	id-00197	7	14	2	3	1907.0	1907.0	1907.09	1907.2356	1910.0	7.184	COMPLETED
302	id-00198	9	10	6	3	1908.0	1908.0	1908.23	1908.6511	1911.0	18.958	COMPLETED
302	id-00199	10	15	9	3	1909.0	1909.0	1909.33	1909.5821	1912.0	29.187	COMPLETED
302	id-00200	9	12	6	3	1910.0	1910.0	1910.24	1910.343	1913.0	22.045	COMPLETED
302	id-00201	7	8	10	1	1911.0	1911.0	1911.43	1912.0	1912.0	34.324	EXPIRED
302	id-00202	3	5	9	2	1915.0	1915.0	1915.41	1915.646	1917.0	11.265	COMPLETED
302	id-00203	2	4	9	1	1915.0	1915.0	1915.45	1916.0	1916.0	13.9	EXPIRED
302	id-00204	2	3	7	3	1917.0	1917.0	1917.35	1917.4923	1920.0	10.811	COMPLETED
302	id-00205	7	8	7	1	1918.0	1918.0	1918.3	1919.0	1919.0	23.947	EXPIRED
302	id-00206	4	6	9	4	1918.0	1918.0	1918.82	1918.9375	1922.0	50.656	COMPLETED
302	id-00207	4	6	10	5	1918.0	1918.0	1918.91	1919.0447	1923.0	39.057	COMPLETED
302	id-00208	6	4	3	3	1919.0	1919.0	1919.14	1919.4773	1922.0	10.333	COMPLETED
302	id-00209	2	2	10	3	1923.0	1923.0	1923.5	1923.646	1926.0	15.444	COMPLETED
302	id-00210	9	16	3	2	1924.0	1924.0	1924.12	1924.4289	1926.0	12.154	COMPLETED
302	id-00211	8	14	6	2	1926.0	1926.0	1926.23	1926.4073	1928.0	15.406	COMPLETED
302	id-00212	10	11	2	2	1926.0	1926.0	1926.08	1926.4707	1928.0	9.338	COMPLETED
302	id-00213	5	2	10	2	1926.0	1926.0	1926.43	1926.5827	1928.0	21.042	COMPLETED
302	id-00214	8	5	2	3	1927.0	1927.0	1927.09	1927.2934	1930.0	8.574	COMPLETED
302	id-00215	9	4	6	1	1928.0	1928.0	1928.25	1929.0	1929.0	25.321	EXPIRED
302	id-00216	4	6	6	1	1928.0	1928.0	1928.52	1929.0	1929.0	17.416	EXPIRED
302	id-00217	1	2	3	1	1928.0	1928.0	1928.26	1929.0	1929.0	4.015	EXPIRED
302	id-00218	4	3	5	2	1929.0	1929.0	1929.22	1929.4554	1931.0	7.368	COMPLETED
302	id-00219	6	12	5	5	1930.0	1930.0	1930.45	1930.5989	1935.0	41.699	COMPLETED
302	id-00220	2	3	4	2	1930.0	1930.0	1930.36	1930.8492	1932.0	4.332	COMPLETED
302	id-00221	10	14	8	3	1932.0	1932.0	1932.29	1932.4596	1935.0	22.915	COMPLETED
302	id-00222	9	12	10	5	1933.0	1933.0	1933.42	1933.7338	1938.0	42.539	COMPLETED
302	id-00223	10	11	10	5	1935.0	1935.0	1935.38	1935.7656	1940.0	37.191	COMPLETED
302	id-00224	2	2	10	5	1935.0	1935.0	1935.5	1935.9221	1940.0	15.444	COMPLETED
302	id-00225	2	2	5	3	1936.0	1936.0	1936.24	1936.467	1939.0	5.15	COMPLETED
302	id-00226	3	5	8	4	1936.0	1936.0	1936.31	1936.7003	1940.0	5.595	COMPLETED
302	id-00227	7	7	5	5	1936.0	1936.0	1936.23	1936.6156	1941.0	20.528	COMPLETED
302	id-00228	8	3	8	2	1937.0	1937.0	1937.4	1937.5693	1939.0	49.421	COMPLETED
302	id-00229	6	3	4	1	1937.0	1937.0	1937.19	1938.0	1938.0	15.815	EXPIRED
302	id-00230	8	12	3	3	1937.0	1937.0	1937.12	1937.509	1940.0	8.038	COMPLETED
302	id-00231	10	4	7	2	1937.0	1937.0	1937.26	1937.7421	1939.0	22.995	COMPLETED
302	id-00232	8	16	6	5	1938.0	1938.0	1938.27	1938.4236	1943.0	28.268	COMPLETED
302	id-00233	3	6	2	4	1938.0	1938.0	1938.19	1938.616	1942.0	8.803	COMPLETED
302	id-00234	3	5	6	3	1938.0	1938.0	1938.57	1938.8947	1941.0	21.035	COMPLETED
302	id-00235	10	20	2	2	1939.0	1939.0	1939.08	1939.4184	1941.0	7.83	COMPLETED
302	id-00236	5	3	4	3	1940.0	1940.0	1940.19	1940.3195	1943.0	12.88	COMPLETED
302	id-00237	5	6	4	3	1941.0	1941.0	1941.38	1941.6811	1944.0	25.761	COMPLETED
302	id-00238	3	3	1	4	1941.0	1941.0	1941.1	1941.2115	1945.0	4.633	COMPLETED
302	id-00239	6	11	9	4	1942.0	1942.0	1942.39	1942.7074	1946.0	25.108	COMPLETED
302	id-00240	9	10	10	3	1942.0	1942.0	1942.4	1942.683	1945.0	36.742	COMPLETED
302	id-00241	8	5	2	3	1943.0	1943.0	1943.1	1943.3407	1946.0	11.412	COMPLETED
302	id-00242	2	4	8	5	1944.0	1944.0	1944.4	1944.6463	1949.0	12.355	COMPLETED
302	id-00243	9	13	4	4	1944.0	1944.0	1944.17	1944.4352	1948.0	18.821	COMPLETED
302	id-00244	10	17	5	1	1946.0	1946.0	1946.2	1947.0	1947.0	21.46	EXPIRED
302	id-00245	2	4	6	4	1947.0	1947.0	1947.3	1947.7393	1951.0	9.266	COMPLETED
302	id-00246	7	6	7	1	1947.0	1947.0	1947.33	1948.0	1948.0	32.564	EXPIRED
302	id-00247	10	10	10	4	1950.0	1950.0	1950.4	1950.8831	1954.0	42.92	COMPLETED
302	id-00248	9	13	6	5	1954.0	1954.0	1954.27	1954.404	1959.0	32.438	COMPLETED
302	id-00249	9	4	4	5	1955.0	1955.0	1955.17	1955.3404	1960.0	18.821	COMPLETED
302	id-00250	7	2	9	2	1957.0	1957.0	1957.41	1957.686	1959.0	36.593	COMPLETED
302	id-00251	9	13	2	2	1959.0	1959.0	1959.09	1959.427	1961.0	9.964	COMPLETED
302	id-00252	10	7	3	4	1959.0	1959.0	1959.11	1959.5066	1963.0	9.729	COMPLETED
302	id-00253	3	6	6	4	1961.0	1961.0	1961.27	1961.4461	1965.0	7.419	COMPLETED
302	id-00254	5	4	4	1	1961.0	1961.0	1961.3	1962.0	1962.0	9.024	EXPIRED
302	id-00255	10	2	2	4	1961.0	1961.0	1961.15	1961.5536	1965.0	20.338	COMPLETED
302	id-00256	1	2	6	5	1962.0	1962.0	1962.3	1962.4794	1967.0	4.633	COMPLETED
302	id-00257	2	3	10	2	1963.0	1963.0	1963.5	1963.7523	1965.0	15.444	COMPLETED
302	id-00258	10	4	5	3	1964.0	1964.0	1964.19	1964.4304	1967.0	16.804	COMPLETED
302	id-00259	1	2	10	2	1965.0	1965.0	1965.5	1965.7032	1967.0	7.722	COMPLETED
302	id-00260	8	4	3	2	1966.0	1966.0	1966.14	1966.5	1968.0	15.977	COMPLETED
302	id-00261	1	2	5	1	1967.0	1967.0	1967.71	1968.0	1968.0	10.965	EXPIRED
302	id-00262	4	7	2	3	1967.0	1967.0	1967.29	1967.5338	1970.0	17.915	COMPLETED
302	id-00263	1	2	3	5	1967.0	1967.0	1967.43	1967.7234	1972.0	2.587	COMPLETED
302	id-00264	1	2	3	1	1968.0	1968.0	1968.15	1969.0	1969.0	2.317	EXPIRED
302	id-00265	8	3	3	5	1969.0	1969.0	1969.12	1969.4098	1974.0	10.301	COMPLETED
302	id-00266	4	2	10	5	1969.0	1969.0	1969.48	1969.7998	1974.0	25.127	COMPLETED
302	id-00267	8	9	10	4	1970.0	1970.0	1970.5	1970.9003	1974.0	61.776	COMPLETED
302	id-00268	4	7	9	5	1971.0	1971.0	1971.45	1971.8454	1976.0	27.799	COMPLETED
302	id-00269	5	8	3	3	1972.0	1972.0	1972.15	1972.4444	1975.0	11.583	COMPLETED
302	id-00270	5	4	3	3	1973.0	1973.0	1973.15	1973.5321	1976.0	11.583	COMPLETED
302	id-00271	4	4	5	2	1975.0	1975.0	1975.25	1975.5116	1977.0	15.444	COMPLETED
302	id-00272	2	3	7	3	1976.0	1976.0	1976.35	1976.5666	1979.0	10.811	COMPLETED
302	id-00273	8	16	4	3	1977.0	1977.0	1977.2	1977.6853	1980.0	24.71	COMPLETED
302	id-00274	6	12	7	3	1978.0	1978.0	1978.35	1978.6907	1981.0	32.432	COMPLETED
302	id-00275	10	3	10	1	1979.0	1979.0	1979.4	1980.0	1980.0	42.92	EXPIRED
302	id-00276	6	2	6	1	1979.0	1979.0	1979.29	1980.0	1980.0	24.138	EXPIRED
302	id-00277	7	8	10	3	1980.0	1980.0	1980.5	1980.8474	1983.0	54.054	COMPLETED
302	id-00278	8	14	1	4	1980.0	1980.0	1980.04	1980.2345	1984.0	3.811	COMPLETED
302	id-00279	10	3	10	1	1980.0	1980.0	1980.4	1981.0	1981.0	42.92	EXPIRED
302	id-00280	7	10	9	5	1981.0	1981.0	1981.9	1982.1591	1986.0	97.297	COMPLETED
302	id-00281	1	2	1	5	1981.0	1981.0	1981.1	1981.5202	1986.0	1.544	COMPLETED
302	id-00282	7	2	3	2	1984.0	1984.0	1984.15	1984.4711	1986.0	16.216	COMPLETED
302	id-00283	2	2	2	2	1985.0	1985.0	1985.1	1985.2887	1987.0	3.089	COMPLETED
302	id-00284	4	4	8	4	1987.0	1987.0	1987.67	1987.8578	1991.0	16.123	COMPLETED
302	id-00285	6	11	2	3	1987.0	1987.0	1987.1	1987.439	1990.0	9.266	COMPLETED
302	id-00286	3	6	6	5	1987.0	1987.0	1987.5	1987.6107	1992.0	23.166	COMPLETED
302	id-00287	5	9	4	5	1988.0	1988.0	1988.2	1988.5613	1993.0	15.444	COMPLETED
302	id-00288	5	8	4	4	1988.0	1988.0	1988.17	1988.3288	1992.0	6.716	COMPLETED
302	id-00289	10	6	9	4	1989.0	1989.0	1989.35	1989.5871	1993.0	34.255	COMPLETED
302	id-00290	7	12	6	4	1989.0	1989.0	1989.3	1989.7664	1993.0	32.432	COMPLETED
302	id-00291	8	15	3	5	1989.0	1989.0	1989.15	1989.5457	1994.0	18.533	COMPLETED
302	id-00292	6	2	6	4	1989.0	1989.0	1989.25	1989.6218	1993.0	13.738	COMPLETED
302	id-00293	10	8	2	5	1989.0	1989.0	1989.09	1989.3807	1994.0	11.354	COMPLETED
302	id-00294	9	18	10	2	1991.0	1991.0	1991.42	1991.9019	1993.0	42.539	COMPLETED
302	id-00295	4	2	6	4	1992.0	1992.0	1992.3	1992.4948	1996.0	18.533	COMPLETED
302	id-00296	4	4	3	1	1996.0	1996.0	1996.15	1997.0	1997.0	9.266	EXPIRED
302	id-00297	9	2	8	5	1997.0	1997.0	1997.33	1997.681	2002.0	33.424	COMPLETED
302	id-00298	2	2	7	5	1998.0	1998.0	1998.35	1998.5928	2003.0	10.811	COMPLETED
302	id-00299	2	2	6	5	1999.0	1999.0	1999.3	1999.6942	2004.0	9.266	COMPLETED
302	id-00300	4	8	1	2	2000.0	2000.0	2000.05	2000.4961	2002.0	2.617	COMPLETED
302	id-00301	10	2	3	1	2000.0	2000.0	2000.12	2001.0	2001.0	11.745	EXPIRED
