303	id-00000	6	3	10	4	1700.0	1700.0	1700.5	1700.9821	1704.0	46.332	COMPLETED
303	id-00001	9	11	9	4	1700.0	1700.0	1700.38	1700.5386	1704.0	38.488	COMPLETED
303	id-00002	3	2	1	5	1702.0	1702.0	1702.05	1702.3418	1707.0	1.374	COMPLETED
303	id-00003	1	2	3	7	1703.0	1703.0	1703.15	1703.433	1710.0	2.317	COMPLETED
303	id-00004	6	6	6	2	1703.0	1703.0	1703.27	1703.4102	1705.0	19.928	COMPLETED
303	id-00005	5	2	6	5	1703.0	1703.0	1703.25	1703.6225	1708.0	9.877	COMPLETED
303	id-00006	8	8	8	5	1705.0	1705.0	1705.36	1705.609	1710.0	37.691	COMPLETED
303	id-00007	2	3	9	4	1706.0	1706.0	1706.45	1706.5814	1710.0	13.9	COMPLETED
303	id-00008	5	8	2	6	1709.0	1709.0	1709.09	1709.5313	1715.0	5.253	COMPLETED
303	id-00009	3	4	5	1	1711.0	1711.0	1711.22	1712.0	1712.0	3.971	EXPIRED
303	id-00010	8	15	2	7	1711.0	1711.0	1711.09	1711.4153	1718.0	9.423	COMPLETED
303	id-00011	3	3	6	7	1712.0	1712.0	1712.27	1712.69	1719.0	7.419	COMPLETED
303	id-00012	10	20	4	4	1714.0	1714.0	1714.18	1714.4545	1718.0	24.405	COMPLETED
303	id-00013	3	4	8	4	1715.0	1715.0	1715.73	1715.8612	1719.0	33.822	COMPLETED
303	id-00014	2	3	2	5	1715.0	1715.0	1715.18	1715.3734	1720.0	2.166	COMPLETED
303	id-00015	4	7	8	4	1717.0	1717.0	1717.36	1717.6939	1721.0	15.451	COMPLETED
303	id-00016	9	6	6	7	1719.0	1719.0	1719.27	1719.7639	1726.0	32.438	COMPLETED
303	id-00017	4	5	3	3	1720.0	1720.0	1720.14	1720.2413	1723.0	6.009	COMPLETED
303	id-00018	1	2	10	1	1720.0	1720.0	1720.5	1721.0	1721.0	7.722	EXPIRED
303	id-00019	4	8	1	2	1722.0	1722.0	1722.05	1722.1689	1724.0	2.146	COMPLETED
303	id-00020	10	14	6	7	1722.0	1722.0	1722.3	1722.7741	1729.0	46.332	COMPLETED
303	id-00021	6	11	7	2	1722.0	1722.0	1722.32	1722.6907	1724.0	23.619	COMPLETED
303	id-00022	6	9	5	6	1724.0	1724.0	1724.23	1724.5201	1730.0	16.976	COMPLETED
303	id-00023	3	5	2	4	1725.0	1725.0	1725.1	1725.3641	1729.0	3.69	COMPLETED
303	id-00024	1	2	7	2	1726.0	1726.0	1726.67	1726.8453	1728.0	10.347	COMPLETED
303	id-00025	6	11	1	7	1726.0	1726.0	1726.1	1726.4126	1733.0	8.324	COMPLETED
303	id-00026	2	3	8	6	1726.0	1726.0	1726.4	1726.7564	1732.0	12.355	COMPLETED
303	id-00027	4	5	2	1	1728.0	1728.0	1728.17	1729.0	1729.0	10.502	EXPIRED
303	id-00028	10	19	1	3	1728.0	1728.0	1728.09	1728.5374	1731.0	11.354	COMPLETED
303	id-00029	8	12	3	1	1729.0	1729.0	1729.14	1730.0	1730.0	15.977	EXPIRED
303	id-00030	7	3	5	6	1732.0	1732.0	1732.24	1732.5519	1738.0	23.683	COMPLETED
303	id-00031	10	19	6	7	1732.0	1732.0	1732.26	1732.6987	1739.0	32.801	COMPLETED
303	id-00032	6	11	5	5	1732.0	1732.0	1732.24	1732.5629	1737.0	19.977	COMPLETED
303	id-00033	3	2	1	6	1733.0	1733.0	1733.05	1733.4158	1739.0	1.845	COMPLETED
303	id-00034	6	6	1	5	1735.0	1735.0	1735.05	1735.4877	1740.0	4.162	COMPLETED
303	id-00035	2	4	3	3	1735.0	1735.0	1735.14	1735.5871	1738.0	3.004	COMPLETED
303	id-00036	8	7	1	2	1736.0	1736.0	1736.05	1736.2056	1738.0	5.706	COMPLETED
303	id-00037	2	2	1	7	1739.0	1739.0	1739.05	1739.4356	1746.0	1.073	COMPLETED
303	id-00038	5	8	1	1	1740.0	1740.0	1740.08	1741.0	1741.0	2.406	EXPIRED
303	id-00039	7	7	6	2	1740.0	1740.0	1740.29	1740.7368	1742.0	28.617	COMPLETED
303	id-00040	2	3	8	4	1740.0	1740.0	1740.64	1740.8068	1744.0	19.768	COMPLETED
303	id-00041	5	7	2	7	1741.0	1741.0	1741.1	1741.2605	1748.0	6.779	COMPLETED
303	id-00042	3	6	2	7	1743.0	1743.0	1743.08	1743.3454	1750.0	1.444	COMPLETED
303	id-00043	6	4	3	1	1743.0	1743.0	1743.14	1744.0	1744.0	11.653	EXPIRED
303	id-00044	5	8	1	2	1747.0	1747.0	1747.05	1747.3626	1749.0	3.39	COMPLETED
303	id-00045	8	16	7	1	1748.0	1748.0	1748.32	1749.0	1749.0	33.503	EXPIRED
303	id-00046	8	8	4	1	1748.0	1748.0	1748.19	1749.0	1749.0	21.684	EXPIRED
303	id-00047	7	13	2	4	1750.0	1750.0	1750.1	1750.3697	1754.0	9.868	COMPLETED
303	id-00048	6	11	4	1	1753.0	1753.0	1753.19	1754.0	1754.0	15.815	EXPIRED
303	id-00049	10	6	5	3	1754.0	1754.0	1754.23	1754.6219	1757.0	31.184	COMPLETED
303	id-00050	10	11	5	4	1754.0	1754.0	1754.22	1754.6782	1758.0	27.754	COMPLETED
303	id-00051	6	3	6	2	1755.0	1755.0	1755.26	1755.6009	1757.0	16.739	COMPLETED
303	id-00052	7	11	10	5	1755.0	1755.0	1755.48	1755.7611	1760.0	47.366	COMPLETED
303	id-00053	2	4	4	1	1757.0	1757.0	1757.19	1758.0	1758.0	4.077	EXPIRED
303	id-00054	8	14	4	3	1757.0	1757.0	1757.17	1757.5211	1760.0	16.196	COMPLETED
303	id-00055	2	2	8	5	1759.0	1759.0	1759.4	1759.8733	1764.0	12.355	COMPLETED
303	id-00056	9	6	6	2	1759.0	1759.0	1759.26	1759.7462	1761.0	28.785	COMPLETED
303	id-00057	6	4	10	6	1760.0	1760.0	1760.45	1760.5866	1766.0	33.214	COMPLETED
303	id-00058	7	6	8	3	1760.0	1760.0	1760.36	1760.5055	1763.0	32.131	COMPLETED
303	id-00059	10	18	3	2	1763.0	1763.0	1763.14	1763.4077	1765.0	18.982	COMPLETED
303	id-00060	4	8	1	5	1764.0	1764.0	1764.05	1764.2252	1769.0	2.146	COMPLETED
303	id-00061	3	6	7	4	1765.0	1765.0	1765.3	1765.5064	1769.0	5.414	COMPLETED
303	id-00062	5	10	1	7	1767.0	1767.0	1767.04	1767.4005	1774.0	1.957	COMPLETED
303	id-00063	1	2	3	7	1768.0	1768.0	1768.15	1768.4477	1775.0	2.317	COMPLETED
303	id-00064	4	7	10	4	1768.0	1768.0	1768.43	1768.5747	1772.0	14.402	COMPLETED
303	id-00065	3	4	8	3	1769.0	1769.0	1769.35	1769.6463	1772.0	6.317	COMPLETED
303	id-00066	4	6	8	4	1770.0	1770.0	1770.36	1770.7422	1774.0	15.451	COMPLETED
303	id-00067	6	12	2	1	1773.0	1773.0	1773.09	1774.0	1774.0	6.643	EXPIRED
303	id-00068	4	3	1	4	1774.0	1774.0	1774.05	1774.2013	1778.0	2.146	COMPLETED
303	id-00069	7	5	2	7	1774.0	1774.0	1774.08	1774.228	1781.0	5.632	COMPLETED
303	id-00070	6	12	6	4	1775.0	1775.0	1775.29	1775.7078	1779.0	24.138	COMPLETED
303	id-00071	6	3	10	6	1777.0	1777.0	1777.48	1777.6897	1783.0	39.953	COMPLETED
303	id-00072	9	14	6	5	1778.0	1778.0	1778.24	1778.5073	1783.0	22.045	COMPLETED
303	id-00073	8	5	9	3	1779.0	1779.0	1779.43	1779.6563	1782.0	49.073	COMPLETED
303	id-00074	8	12	9	3	1780.0	1780.0	1780.35	1780.8442	1783.0	23.444	COMPLETED
303	id-00075	9	16	5	6	1780.0	1780.0	1780.22	1780.6594	1786.0	24.357	COMPLETED
303	id-00076	4	8	6	5	1780.0	1780.0	1780.25	1780.4504	1785.0	6.016	COMPLETED
303	id-00077	9	9	5	1	1782.0	1782.0	1782.19	1783.0	1783.0	15.661	EXPIRED
303	id-00078	4	5	2	6	1783.0	1783.0	1783.17	1783.6606	1789.0	10.502	COMPLETED
303	id-00079	10	7	4	2	1783.0	1783.0	1783.17	1783.5092	1785.0	19.844	COMPLETED
303	id-00080	5	5	5	3	1783.0	1783.0	1783.43	1783.6694	1786.0	21.042	COMPLETED
303	id-00081	9	9	4	7	1785.0	1785.0	1785.17	1785.5943	1792.0	17.218	COMPLETED
303	id-00082	8	14	7	6	1787.0	1787.0	1787.35	1787.7095	1793.0	43.243	COMPLETED
303	id-00083	8	8	5	4	1787.0	1787.0	1787.21	1787.6376	1791.0	18.026	COMPLETED
303	id-00084	8	10	4	7	1788.0	1788.0	1788.17	1788.3593	1795.0	14.593	COMPLETED
303	id-00085	7	12	1	1	1788.0	1788.0	1788.05	1789.0	1789.0	5.405	EXPIRED
303	id-00086	7	14	2	3	1792.0	1792.0	1792.08	1792.381	1795.0	4.877	COMPLETED
303	id-00087	7	11	5	7	1792.0	1792.0	1792.25	1792.4879	1799.0	27.027	COMPLETED
303	id-00088	8	5	1	2	1792.0	1792.0	1792.04	1792.3766	1794.0	3.056	COMPLETED
303	id-00089	2	3	9	3	1794.0	1794.0	1794.45	1794.554	1797.0	13.9	COMPLETED
303	id-00090	4	8	4	2	1795.0	1795.0	1795.2	1795.4399	1797.0	12.355	COMPLETED
303	id-00091	2	3	6	4	1795.0	1795.0	1795.3	1795.5335	1799.0	9.266	COMPLETED
303	id-00092	2	2	9	4	1796.0	1796.0	1796.45	1796.6049	1800.0	13.9	COMPLETED
303	id-00093	1	2	2	3	1796.0	1796.0	1796.1	1796.3634	1799.0	1.544	COMPLETED
303	id-00094	5	2	10	3	1798.0	1798.0	1798.5	1798.9041	1801.0	38.61	COMPLETED
303	id-00095	9	9	6	4	1799.0	1799.0	1799.22	1799.4175	1803.0	16.06	COMPLETED
303	id-00096	7	7	4	3	1802.0	1802.0	1802.2	1802.4114	1805.0	21.622	COMPLETED
303	id-00097	9	17	4	5	1802.0	1802.0	1802.15	1802.5856	1807.0	10.95	COMPLETED
303	id-00098	1	2	6	6	1803.0	1803.0	1803.3	1803.4078	1809.0	4.633	COMPLETED
303	id-00099	1	2	2	1	1803.0	1803.0	1803.1	1804.0	1804.0	1.544	EXPIRED
303	id-00100	5	4	6	6	1805.0	1805.0	1805.29	1805.7321	1811.0	19.66	COMPLETED
303	id-00101	2	4	7	1	1806.0	1806.0	1806.35	1807.0	1807.0	10.811	EXPIRED
303	id-00102	6	3	8	4	1807.0	1807.0	1807.38	1807.6839	1811.0	31.63	COMPLETED
303	id-00103	7	6	3	2	1808.0	1808.0	1808.12	1808.3838	1810.0	7.316	COMPLETED
303	id-00104	9	14	6	7	1808.0	1808.0	1808.22	1808.6436	1815.0	16.06	COMPLETED
303	id-00105	10	12	7	5	1813.0	1813.0	1813.28	1813.6725	1818.0	30.044	COMPLETED
303	id-00106	3	3	5	5	1813.0	1813.0	1813.16	1813.2857	1818.0	2.888	COMPLETED
303	id-00107	2	4	10	7	1814.0	1814.0	1814.5	1814.9911	1821.0	15.444	COMPLETED
303	id-00108	8	14	6	6	1822.0	1822.0	1822.3	1822.7703	1828.0	37.066	COMPLETED
303	id-00109	5	2	8	7	1824.0	1824.0	1824.3	1824.6594	1831.0	9.024	COMPLETED
303	id-00110	3	6	9	6	1824.0	1824.0	1824.45	1824.6573	1830.0	20.849	COMPLETED
303	id-00111	4	5	5	5	1824.0	1824.0	1824.17	1824.3809	1829.0	4.091	COMPLETED
303	id-00112	2	4	3	4	1827.0	1827.0	1827.15	1827.4901	1831.0	4.633	COMPLETED
303	id-00113	8	8	9	1	1827.0	1827.0	1827.35	1828.0	1828.0	23.444	EXPIRED
303	id-00114	4	5	6	5	1827.0	1827.0	1827.3	1827.4962	1832.0	18.533	COMPLETED
303	id-00115	5	3	3	4	1828.0	1828.0	1828.15	1828.2886	1832.0	11.583	COMPLETED
303	id-00116	5	10	2	7	1828.0	1828.0	1828.08	1828.4086	1835.0	2.406	COMPLETED
303	id-00117	10	11	5	2	1829.0	1829.0	1829.19	1829.4258	1831.0	18.596	COMPLETED
303	id-00118	1	2	2	6	1829.0	1829.0	1829.1	1829.2308	1835.0	1.544	COMPLETED
303	id-00119	7	13	3	7	1829.0	1829.0	1829.15	1829.6171	1836.0	16.216	COMPLETED
303	id-00120	5	6	3	4	1830.0	1830.0	1830.3	1830.6744	1834.0	23.166	COMPLETED
303	id-00121	2	2	10	4	1830.0	1830.0	1831.0	1831.4903	1834.0	30.888	COMPLETED
303	id-00122	8	8	9	7	1831.0	1831.0	1831.45	1831.8033	1838.0	55.598	COMPLETED
303	id-00123	10	12	10	1	1832.0	1832.0	1832.37	1833.0	1833.0	32.724	EXPIRED
303	id-00124	4	7	2	2	1832.0	1832.0	1832.1	1832.3001	1834.0	6.178	COMPLETED
303	id-00125	8	9	9	5	1833.0	1833.0	1833.45	1833.8246	1838.0	55.598	COMPLETED
303	id-00126	2	4	1	5	1833.0	1833.0	1833.04	1833.4235	1838.0	0.481	COMPLETED
303	id-00127	7	8	3	4	1833.0	1833.0	1833.11	1833.2275	1837.0	4.632	COMPLETED
303	id-00128	9	9	7	3	1835.0	1835.0	1835.29	1835.4085	1838.0	29.372	COMPLETED
303	id-00129	3	6	9	4	1836.0	1836.0	1836.45	1836.8335	1840.0	20.849	COMPLETED
303	id-00130	7	6	10	4	1837.0	1837.0	1837.42	1837.7368	1841.0	29.566	COMPLETED
303	id-00131	3	5	8	6	1837.0	1837.0	1837.4	1837.8047	1843.0	18.533	COMPLETED
303	id-00132	6	4	7	4	1838.0	1838.0	1838.35	1838.7318	1842.0	32.432	COMPLETED
303	id-00133	7	5	9	3	1839.0	1839.0	1839.45	1839.7668	1842.0	48.649	COMPLETED
303	id-00134	1	2	2	6	1841.0	1841.0	1841.1	1841.5257	1847.0	1.544	COMPLETED
303	id-00135	7	3	2	3	1842.0	1842.0	1842.1	1842.5307	1845.0	9.868	COMPLETED
303	id-00136	8	16	8	7	1845.0	1845.0	1845.64	1845.9771	1852.0	48.904	COMPLETED
303	id-00137	10	12	1	4	1845.0	1845.0	1845.04	1845.4587	1849.0	3.538	COMPLETED
303	id-00138	1	2	1	4	1845.0	1845.0	1845.05	1845.4059	1849.0	0.772	COMPLETED
303	id-00139	6	6	7	2	1845.0	1845.0	1845.28	1845.4615	1847.0	12.747	COMPLETED
303	id-00140	4	6	5	7	1845.0	1845.0	1845.4	1845.6018	1852.0	24.71	COMPLETED
303	id-00141	3	6	9	7	1846.0	1846.0	1846.45	1846.7315	1853.0	20.849	COMPLETED
303	id-00142	6	5	9	5	1848.0	1848.0	1848.45	1848.7608	1853.0	41.699	COMPLETED
303	id-00143	9	14	4	4	1849.0	1849.0	1849.16	1849.3683	1853.0	14.697	COMPLETED
303	id-00144	1	2	10	5	1850.0	1850.0	1850.5	1850.9414	1855.0	7.722	COMPLETED
303	id-00145	3	4	10	3	1850.0	1850.0	1850.5	1850.8438	1853.0	23.166	COMPLETED
303	id-00146	7	3	1	6	1851.0	1851.0	1851.05	1851.4807	1857.0	5.405	COMPLETED
303	id-00147	7	10	4	2	1852.0	1852.0	1852.16	1852.457	1854.0	9.755	COMPLETED
303	id-00148	7	13	1	6	1852.0	1852.0	1852.05	1852.1514	1858.0	5.405	COMPLETED
303	id-00149	3	6	10	4	1852.0	1852.0	1852.4	1852.8028	1856.0	7.219	COMPLETED
303	id-00150	5	8	8	2	1853.0	1853.0	1853.4	1853.8101	1855.0	30.888	COMPLETED
303	id-00151	6	8	10	3	1855.0	1855.0	1855.5	1855.7107	1858.0	46.332	COMPLETED
303	id-00152	9	17	7	3	1856.0	1856.0	1856.28	1856.4509	1859.0	25.72	COMPLETED
303	id-00153	10	6	5	7	1858.0	1858.0	1858.2	1858.686	1865.0	21.46	COMPLETED
303	id-00154	5	10	6	4	1861.0	1861.0	1861.25	1861.6731	1865.0	9.877	COMPLETED
303	id-00155	9	17	2	1	1861.0	1861.0	1861.08	1862.0	1862.0	7.348	EXPIRED
303	id-00156	10	3	8	3	1861.0	1861.0	1861.31	1861.5602	1864.0	30.34	COMPLETED
303	id-00157	1	2	8	6	1861.0	1861.0	1861.4	1861.5625	1867.0	6.178	COMPLETED
303	id-00158	9	13	8	5	1862.0	1862.0	1862.33	1862.7592	1867.0	33.424	COMPLETED
303	id-00159	10	4	8	1	1863.0	1863.0	1863.32	1864.0	1864.0	34.336	EXPIRED
303	id-00160	10	7	4	4	1865.0	1865.0	1865.16	1865.615	1869.0	17.168	COMPLETED
303	id-00161	4	8	2	7	1866.0	1866.0	1866.1	1866.391	1873.0	6.178	COMPLETED
303	id-00162	1	2	10	6	1866.0	1866.0	1866.5	1866.8043	1872.0	7.722	COMPLETED
303	id-00163	8	16	8	4	1868.0	1868.0	1868.4	1868.623	1872.0	49.421	COMPLETED
303	id-00164	6	8	3	7	1871.0	1871.0	1871.12	1871.5017	1878.0	5.463	COMPLETED
303	id-00165	5	6	5	3	1871.0	1871.0	1871.23	1871.4225	1874.0	13.424	COMPLETED
303	id-00166	9	2	5	3	1872.0	1872.0	1872.2	1872.5423	1875.0	18.371	COMPLETED
303	id-00167	8	6	8	4	1874.0	1874.0	1874.31	1874.647	1878.0	20.765	COMPLETED
303	id-00168	9	15	7	7	1874.0	1874.0	1874.28	1874.6497	1881.0	25.72	COMPLETED
303	id-00169	3	5	4	4	1875.0	1875.0	1875.18	1875.5169	1879.0	4.946	COMPLETED
303	id-00170	4	5	6	1	1876.0	1876.0	1876.27	1877.0	1877.0	11.588	EXPIRED
303	id-00171	8	13	9	2	1878.0	1878.0	1878.36	1878.755	1880.0	27.508	COMPLETED
303	id-00172	9	11	2	5	1878.0	1878.0	1878.08	1878.3185	1883.0	8.103	COMPLETED
303	id-00173	7	3	9	2	1878.0	1878.0	1878.45	1878.9484	1880.0	48.649	COMPLETED
303	id-00174	4	6	8	6	1878.0	1878.0	1878.3	1878.4399	1884.0	7.219	COMPLETED
303	id-00175	7	6	8	1	1880.0	1880.0	1880.3	1881.0	1881.0	12.634	EXPIRED
303	id-00176	8	12	10	1	1880.0	1880.0	1880.45	1881.0	1881.0	47.113	EXPIRED
303	id-00177	10	2	9	3	1880.0	1880.0	1880.36	1880.5899	1883.0	38.628	COMPLETED
303	id-00178	1	2	9	6	1881.0	1881.0	1881.45	1881.6005	1887.0	6.95	COMPLETED
303	id-00179	5	7	6	1	1881.0	1881.0	1881.22	1882.0	1882.0	6.618	EXPIRED
303	id-00180	5	7	5	7	1881.0	1881.0	1881.23	1881.6628	1888.0	13.424	COMPLETED
303	id-00181	10	5	8	1	1885.0	1885.0	1885.32	1886.0	1886.0	34.336	EXPIRED
303	id-00182	7	9	6	4	1885.0	1885.0	1885.23	1885.453	1889.0	11.854	COMPLETED
303	id-00183	8	3	2	7	1886.0	1886.0	1886.08	1886.2402	1893.0	6.867	COMPLETED
303	id-00184	2	2	4	5	1887.0	1887.0	1887.2	1887.5788	1892.0	6.178	COMPLETED
303	id-00185	6	7	4	1	1887.0	1887.0	1887.17	1888.0	1888.0	9.342	EXPIRED
303	id-00186	8	6	5	5	1888.0	1888.0	1888.21	1888.3826	1893.0	18.026	COMPLETED
303	id-00187	7	10	10	4	1890.0	1890.0	1890.38	1890.7631	1894.0	19.585	COMPLETED
303	id-00188	8	11	9	2	1890.0	1890.0	1890.38	1890.723	1892.0	32.619	COMPLETED
303	id-00189	8	7	2	5	1893.0	1893.0	1893.08	1893.3694	1898.0	6.867	COMPLETED
303	id-00190	10	18	1	2	1895.0	1895.0	1895.04	1895.3204	1897.0	5.046	COMPLETED
303	id-00191	2	3	9	7	1895.0	1895.0	1895.38	1895.5392	1902.0	4.572	COMPLETED
303	id-00192	10	10	2	3	1895.0	1895.0	1895.08	1895.3652	1898.0	8.584	COMPLETED
303	id-00193	3	5	3	1	1896.0	1896.0	1896.12	1897.0	1897.0	2.166	EXPIRED
303	id-00194	9	12	2	1	1898.0	1898.0	1898.08	1899.0	1899.0	8.103	EXPIRED
303	id-00195	7	4	8	3	1898.0	1898.0	1898.32	1898.6347	1901.0	19.51	COMPLETED
303	id-00196	2	4	7	2	1899.0	1899.0	1899.35	1899.7493	1901.0	10.811	COMPLETED
303	id-00197	7	9	6	6	1900.0	1900.0	1900.23	1900.6567	1906.0	11.854	COMPLETED
303	id-00198	6	2	2	1	1900.0	1900.0	1900.08	1901.0	1901.0	4.396	EXPIRED
303	id-00199	6	5	7	3	1901.0	1901.0	1901.29	1901.4439	1904.0	15.936	COMPLETED
303	id-00200	5	2	1	3	1903.0	1903.0	1903.04	1903.3566	1906.0	1.58	COMPLETED
303	id-00201	3	3	1	1	1903.0	1903.0	1903.04	1904.0	1904.0	0.722	EXPIRED
303	id-00202	6	11	1	2	1904.0	1904.0	1904.04	1904.1763	1906.0	2.198	COMPLETED
303	id-00203	10	7	4	3	1905.0	1905.0	1905.15	1905.4422	1908.0	13.267	COMPLETED
303	id-00204	5	9	8	6	1906.0	1906.0	1906.35	1906.6093	1912.0	17.128	COMPLETED
303	id-00205	1	2	5	1	1906.0	1906.0	1906.19	1907.0	1907.0	1.143	EXPIRED
303	id-00206	7	12	2	3	1909.0	1909.0	1909.09	1909.2967	1912.0	7.184	COMPLETED
303	id-00207	10	6	3	7	1910.0	1910.0	1910.12	1910.3112	1917.0	12.876	COMPLETED
303	id-00208	10	2	5	1	1913.0	1913.0	1913.2	1914.0	1914.0	21.46	EXPIRED
303	id-00209	1	2	5	1	1914.0	1914.0	1914.25	1915.0	1915.0	3.861	EXPIRED
303	id-00210	7	4	9	5	1917.0	1917.0	1917.41	1917.6106	1922.0	36.593	COMPLETED
303	id-00211	10	17	6	4	1918.0	1918.0	1918.23	1918.7003	1922.0	22.511	COMPLETED
303	id-00212	2	2	4	2	1918.0	1918.0	1918.2	1918.4347	1920.0	6.178	COMPLETED
303	id-00213	2	3	7	3	1919.0	1919.0	1919.35	1919.7208	1922.0	10.811	COMPLETED
303	id-00214	2	2	10	7	1920.0	1920.0	1920.5	1920.6272	1927.0	15.444	COMPLETED
303	id-00215	5	3	4	7	1920.0	1920.0	1920.18	1920.4268	1927.0	10.506	COMPLETED
303	id-00216	6	7	8	2	1922.0	1922.0	1922.36	1922.5636	1924.0	26.571	COMPLETED
303	id-00217	2	3	4	5	1923.0	1923.0	1923.2	1923.3379	1928.0	6.178	COMPLETED
303	id-00218	6	4	5	5	1923.0	1923.0	1923.23	1923.6181	1928.0	16.976	COMPLETED
303	id-00219	7	6	10	1	1925.0	1925.0	1925.43	1926.0	1926.0	34.324	EXPIRED
303	id-00220	5	2	7	3	1926.0	1926.0	1926.3	1926.4049	1929.0	14.681	COMPLETED
303	id-00221	1	2	5	7	1927.0	1927.0	1927.42	1927.6496	1934.0	2.527	COMPLETED
303	id-00222	10	15	3	1	1927.0	1927.0	1927.25	1928.0	1928.0	31.539	EXPIRED
303	id-00223	8	13	9	2	1927.0	1927.0	1927.39	1927.5676	1929.0	37.155	COMPLETED
303	id-00224	6	10	1	6	1927.0	1927.0	1927.04	1927.4549	1933.0	1.444	COMPLETED
303	id-00225	9	18	9	2	1927.0	1927.0	1927.38	1927.8006	1929.0	38.488	COMPLETED
303	id-00226	1	2	1	5	1928.0	1928.0	1928.05	1928.329	1933.0	0.772	COMPLETED
303	id-00227	8	8	4	5	1928.0	1928.0	1928.17	1928.5588	1933.0	14.593	COMPLETED
303	id-00228	6	12	5	3	1928.0	1928.0	1928.22	1928.5269	1931.0	14.164	COMPLETED
303	id-00229	4	2	9	1	1929.0	1929.0	1929.38	1930.0	1930.0	9.144	EXPIRED
303	id-00230	9	17	4	7	1929.0	1929.0	1929.15	1929.6007	1936.0	12.364	COMPLETED
303	id-00231	6	8	2	3	1930.0	1930.0	1930.09	1930.3359	1933.0	6.643	COMPLETED
303	id-00232	6	10	8	6	1934.0	1934.0	1934.36	1934.6831	1940.0	26.571	COMPLETED
303	id-00233	3	2	5	7	1935.0	1935.0	1935.24	1935.7361	1942.0	8.857	COMPLETED
303	id-00234	6	3	8	7	1937.0	1937.0	1937.38	1937.8436	1944.0	31.63	COMPLETED
303	id-00235	6	7	1	6	1938.0	1938.0	1938.05	1938.354	1944.0	4.162	COMPLETED
303	id-00236	4	2	7	3	1938.0	1938.0	1938.32	1938.7169	1941.0	13.734	COMPLETED
303	id-00237	6	12	8	7	1941.0	1941.0	1941.38	1941.8707	1948.0	31.63	COMPLETED
303	id-00238	1	2	2	4	1943.0	1943.0	1943.1	1943.4171	1947.0	1.544	COMPLETED
303	id-00239	4	2	9	4	1943.0	1943.0	1943.43	1943.7853	1947.0	22.51	COMPLETED
303	id-00240	1	2	3	2	1944.0	1944.0	1944.29	1944.6099	1946.0	1.745	COMPLETED
303	id-00241	7	7	1	3	1944.0	1944.0	1944.1	1944.3142	1947.0	10.811	COMPLETED
303	id-00242	6	10	6	5	1945.0	1945.0	1945.29	1945.7367	1950.0	24.138	COMPLETED
303	id-00243	4	7	4	2	1946.0	1946.0	1946.19	1946.4532	1948.0	9.946	COMPLETED
303	id-00244	1	2	7	6	1948.0	1948.0	1948.35	1948.7992	1954.0	5.405	COMPLETED
303	id-00245	4	6	7	6	1949.0	1949.0	1949.29	1949.6462	1955.0	6.979	COMPLETED
303	id-00246	4	3	5	5	1949.0	1949.0	1949.24	1949.4376	1954.0	12.564	COMPLETED
303	id-00247	2	4	7	7	1949.0	1949.0	1949.35	1949.6655	1956.0	10.811	COMPLETED
303	id-00248	6	7	6	5	1950.0	1950.0	1950.26	1950.4599	1955.0	16.739	COMPLETED
303	id-00249	1	2	7	4	1951.0	1951.0	1951.35	1951.8075	1955.0	5.405	COMPLETED
303	id-00250	2	4	4	6	1953.0	1953.0	1953.17	1953.583	1959.0	2.045	COMPLETED
303	id-00251	10	3	7	7	1953.0	1953.0	1953.28	1953.769	1960.0	30.044	COMPLETED
303	id-00252	4	8	6	6	1956.0	1956.0	1956.27	1956.5755	1962.0	11.588	COMPLETED
303	id-00253	9	9	7	7	1958.0	1958.0	1958.3	1958.7004	1965.0	33.214	COMPLETED
303	id-00254	1	2	3	5	1960.0	1960.0	1960.15	1960.361	1965.0	2.317	COMPLETED
303	id-00255	5	8	3	2	1960.0	1960.0	1960.14	1960.5488	1962.0	9.491	COMPLETED
303	id-00256	3	2	9	3	1962.0	1962.0	1962.39	1962.7305	1965.0	7.039	COMPLETED
303	id-00257	3	5	9	6	1962.0	1962.0	1962.43	1962.6516	1968.0	15.869	COMPLETED
303	id-00258	10	17	5	5	1963.0	1963.0	1963.19	1963.3839	1968.0	16.804	COMPLETED
303	id-00259	3	4	6	5	1963.0	1963.0	1963.29	1963.4515	1968.0	10.702	COMPLETED
303	id-00260	5	6	1	6	1965.0	1965.0	1965.05	1965.3776	1971.0	3.39	COMPLETED
303	id-00261	10	12	8	2	1965.0	1965.0	1965.3	1965.4987	1967.0	26.533	COMPLETED
303	id-00262	1	2	6	4	1966.0	1966.0	1966.3	1966.7427	1970.0	4.633	COMPLETED
303	id-00263	3	2	1	2	1967.0	1967.0	1967.05	1967.4437	1969.0	1.845	COMPLETED
303	id-00264	3	5	8	4	1969.0	1969.0	1969.38	1969.675	1973.0	14.024	COMPLETED
303	id-00265	3	4	4	3	1969.0	1969.0	1969.17	1969.5172	1972.0	3.068	COMPLETED
303	id-00266	1	2	1	2	1970.0	1970.0	1970.05	1970.1544	1972.0	0.772	COMPLETED
303	id-00267	8	9	3	5	1973.0	1973.0	1973.14	1973.2553	1978.0	14.657	COMPLETED
303	id-00268	4	3	6	4	1973.0	1973.0	1973.24	1973.6395	1977.0	5.775	COMPLETED
303	id-00269	6	5	2	2	1973.0	1973.0	1973.1	1973.4551	1975.0	9.266	COMPLETED
303	id-00270	10	19	9	1	1974.0	1974.0	1974.36	1975.0	1975.0	38.628	EXPIRED
303	id-00271	2	2	6	7	1975.0	1975.0	1975.29	1975.741	1982.0	6.223	COMPLETED
303	id-00272	5	10	8	2	1975.0	1975.0	1975.4	1975.8789	1977.0	30.888	COMPLETED
303	id-00273	3	2	6	7	1976.0	1976.0	1976.29	1976.5646	1983.0	10.702	COMPLETED
303	id-00274	5	8	6	1	1976.0	1976.0	1976.3	1977.0	1977.0	23.166	EXPIRED
303	id-00275	1	2	2	3	1977.0	1977.0	1977.1	1977.4659	1980.0	1.544	COMPLETED
303	id-00276	9	16	9	3	1979.0	1979.0	1979.36	1979.6628	1982.0	33.068	COMPLETED
303	id-00277	1	2	9	3	1979.0	1979.0	1979.43	1979.7984	1982.0	2.587	COMPLETED
303	id-00278	4	6	10	6	1979.0	1979.0	1979.5	1979.7798	1985.0	30.888	COMPLETED
303	id-00279	1	2	8	4	1980.0	1980.0	1980.4	1980.6696	1984.0	6.178	COMPLETED
303	id-00280	1	2	3	4	1981.0	1981.0	1981.13	1981.3107	1985.0	0.782	COMPLETED
303	id-00281	9	18	10	6	1981.0	1981.0	1981.42	1981.6207	1987.0	42.539	COMPLETED
303	id-00282	1	2	5	5	1984.0	1984.0	1984.25	1984.7309	1989.0	3.861	COMPLETED
303	id-00283	2	4	8	7	1984.0	1984.0	1984.4	1984.8868	1991.0	12.355	COMPLETED
303	id-00284	10	4	1	7	1984.0	1984.0	1984.04	1984.3757	1991.0	5.046	COMPLETED
303	id-00285	10	6	7	4	1988.0	1988.0	1988.3	1988.6502	1992.0	37.847	COMPLETED
303	id-00286	2	2	10	5	1990.0	1990.0	1990.5	1990.9026	1995.0	15.444	COMPLETED
303	id-00287	3	6	4	5	1990.0	1990.0	1990.17	1990.6155	1995.0	3.068	COMPLETED
303	id-00288	8	10	2	4	1990.0	1990.0	1990.09	1990.4951	1994.0	8.574	COMPLETED
303	id-00289	3	3	2	5	1991.0	1991.0	1991.08	1991.2719	1996.0	1.444	COMPLETED
303	id-00290	10	6	2	2	1991.0	1991.0	1991.09	1991.2209	1993.0	11.354	COMPLETED
303	id-00291	2	4	7	4	1992.0	1992.0	1992.33	1992.5316	1996.0	7.082	COMPLETED
303	id-00292	2	2	1	4	1993.0	1993.0	1993.05	1993.3944	1997.0	1.073	COMPLETED
303	id-00293	5	10	7	4	1997.0	1997.0	1997.35	1997.7649	2001.0	27.027	COMPLETED
303	id-00294	1	2	9	5	1997.0	1997.0	1997.38	1997.6049	2002.0	2.286	COMPLETED
303	id-00295	5	9	9	4	1998.0	1998.0	1998.9	1999.3473	2002.0	69.498	COMPLETED
303	id-00296	2	3	10	4	1998.0	1998.0	1999.0	1999.1421	2002.0	30.888	COMPLETED
303	id-00297	4	6	2	6	1998.0	1998.0	1998.08	1998.5565	2004.0	1.925	COMPLETED
303	id-00298	8	15	3	2	1999.0	1999.0	1999.12	1999.4243	2001.0	10.301	COMPLETED
303	id-00299	4	7	5	5	1999.0	1999.0	1999.25	1999.4545	2004.0	15.444	COMPLETED
303	id-00300	9	5	9	5	2000.0	2000.0	2000.35	2000.7521	2005.0	28.85	COMPLETED
303	id-00301	7	6	9	6	2000.0	2000.0	2000.36	2000.5918	2006.0	21.948	COMPLETED
303	id-00302	9	3	3	5	2001.0	2001.0	2001.12	2006.0	2006.0	None	SUBMITTED
