0.0016548633575439453
0.0009093284606933594
0.0014286041259765625
0.004826545715332031
0.0010213851928710938
0.001104116439819336
0.0009670257568359375
0.0009987354278564453
0.003527402877807617
0.0011153221130371094
0.0007998943328857422
0.0028066635131835938
0.0028324127197265625
0.0006237030029296875
0.006967067718505859
0.0007386207580566406
0.001219034194946289
0.00131988525390625
0.0032393932342529297
0.002355813980102539
0.006216287612915039
0.01518559455871582
0.004474639892578125
0.0050048828125
0.0007944107055664062
0.0009281635284423828
0.00215911865234375
0.0009245872497558594
0.0009431838989257812
0.0023353099822998047
0.0027000904083251953
0.002843618392944336
0.005032062530517578
0.0005896091461181641
0.0008206367492675781
0.006020307540893555
0.004378795623779297
0.0024759769439697266
0.0014960765838623047
0.0008296966552734375
0.00033664703369140625
0.0009467601776123047
0.006078481674194336
0.0051534175872802734
0.0008893013000488281
0.002267122268676758
0.012094497680664062
0.0015070438385009766
0.0008051395416259766
0.0008404254913330078
0.0017883777618408203
0.0005536079406738281
0.002393960952758789
0.0010290145874023438
0.0006470680236816406
0.0043790340423583984
0.003416299819946289
0.0005373954772949219
0.0007405281066894531
0.0007441043853759766
0.0026543140411376953
0.0027246475219726562
0.0043675899505615234
0.0003528594970703125
0.0028371810913085938
0.0014088153839111328
0.0019428730010986328
0.0013554096221923828
0.00055694580078125
0.0007808208465576172
0.0038297176361083984
0.0003962516784667969
0.0019254684448242188
0.0007688999176025391
0.0012578964233398438
0.004006147384643555
0.0008070468902587891
0.004885435104370117
0.0027153491973876953
0.003515005111694336
0.001573801040649414
0.0023593902587890625
0.00030612945556640625
0.0010187625885009766
0.0008003711700439453
0.0010788440704345703
0.0014836788177490234
0.00032973289489746094
0.0012423992156982422
0.0011925697326660156
0.0011849403381347656
0.0032682418823242188
0.0006015300750732422
0.0013990402221679688
0.0012600421905517578
0.0008466243743896484
0.0013577938079833984
0.0009839534759521484
0.003276348114013672
0.001988649368286133
0.001116037368774414
0.005367279052734375
0.0008916854858398438
0.0008339881896972656
0.001964569091796875
0.0011887550354003906
0.0029883384704589844
0.0009691715240478516
0.0007007122039794922
0.002244710922241211
0.002518177032470703
0.0010814666748046875
0.0018601417541503906
0.002012014389038086
0.0014123916625976562
0.0040547847747802734
0.012006282806396484
0.0018184185028076172
0.004416942596435547
0.0038352012634277344
0.0036270618438720703
0.0005352497100830078
0.003131389617919922
0.003409147262573242
0.0007975101470947266
0.0033538341522216797
0.0040094852447509766
0.0012192726135253906
0.004838705062866211
0.004806041717529297
0.0007832050323486328
0.0012705326080322266
0.0038399696350097656
0.0005939006805419922
0.0014078617095947266
0.0036530494689941406
0.0029871463775634766
0.0007872581481933594
0.0012309551239013672
0.000293731689453125
0.0017337799072265625
0.0016727447509765625
0.0016167163848876953
0.0038394927978515625
0.0009362697601318359
0.0003457069396972656
0.0024938583374023438
0.004201173782348633
0.0019550323486328125
0.0025670528411865234
0.0003414154052734375
0.000667572021484375
0.0042111873626708984
0.0014476776123046875
0.0017120838165283203
0.0037603378295898438
0.0073893070220947266
0.008835077285766602
0.0010836124420166016
0.003641366958618164
0.000392913818359375
0.004183292388916016
0.004034519195556641
0.0006172657012939453
0.002053976058959961
0.0009212493896484375
0.0008068084716796875
0.0020754337310791016
0.0008585453033447266
0.0012669563293457031
0.0008769035339355469
0.0027129650115966797
0.000789642333984375
0.0008144378662109375
0.0014965534210205078
0.004133462905883789
0.0032477378845214844
0.0007944107055664062
0.0011603832244873047
0.0017855167388916016
0.0017447471618652344
0.007483482360839844
0.001703500747680664
0.0007975101470947266
0.0006260871887207031
0.004091501235961914
