0.003930807113647461
0.0009276866912841797
0.0034537315368652344
0.000946044921875
0.0010859966278076172
0.0006470680236816406
0.0021758079528808594
0.0021789073944091797
0.0011794567108154297
0.0037703514099121094
0.0032989978790283203
0.0009264945983886719
0.0003485679626464844
0.0014989376068115234
0.0015201568603515625
0.0009379386901855469
0.0004749298095703125
0.004914283752441406
0.0010311603546142578
0.0009157657623291016
0.0008783340454101562
0.0004057884216308594
0.0009751319885253906
0.0018301010131835938
0.0008335113525390625
0.0003190040588378906
0.0008270740509033203
0.0009963512420654297
0.004391670227050781
0.0009801387786865234
0.00040078163146972656
0.004889965057373047
0.00039958953857421875
0.002293109893798828
0.0008130073547363281
0.005989551544189453
0.004567623138427734
0.0007998943328857422
0.0019643306732177734
0.0006341934204101562
0.0004343986511230469
0.0012440681457519531
0.0006833076477050781
0.0017783641815185547
0.0003643035888671875
0.0019807815551757812
0.0011119842529296875
0.0016360282897949219
0.0006005764007568359
0.000985860824584961
0.003162384033203125
0.0020596981048583984
0.003779172897338867
0.001209259033203125
0.0006003379821777344
0.0011265277862548828
0.0014448165893554688
0.001874685287475586
0.0010807514190673828
0.0011103153228759766
0.0042247772216796875
0.001562356948852539
0.0005259513854980469
0.0031919479370117188
0.0021529197692871094
0.0007770061492919922
0.0005123615264892578
0.0007314682006835938
0.0009791851043701172
0.0007512569427490234
0.0039861202239990234
0.00032830238342285156
0.001964569091796875
0.000865936279296875
0.002045869827270508
0.0005748271942138672
0.0007448196411132812
0.0012891292572021484
0.006230592727661133
0.0054781436920166016
0.003809690475463867
0.0018520355224609375
0.0007915496826171875
0.0022940635681152344
0.0008273124694824219
0.0024175643920898438
0.0005948543548583984
0.007654666900634766
0.0007700920104980469
0.0037648677825927734
0.0007808208465576172
0.0007796287536621094
0.00030231475830078125
0.0008809566497802734
0.0021965503692626953
0.002722024917602539
0.0019712448120117188
0.0006279945373535156
0.0010547637939453125
0.0005233287811279297
0.002936840057373047
0.0007240772247314453
0.005116939544677734
0.0031948089599609375
0.0007855892181396484
0.0007684230804443359
0.0005042552947998047
0.0009558200836181641
0.005051612854003906
0.00030231475830078125
0.0026531219482421875
0.00032401084899902344
0.0003361701965332031
0.0017194747924804688
0.0020394325256347656
0.005031108856201172
0.003515958786010742
0.0008041858673095703
0.0008244514465332031
0.0003097057342529297
0.0012538433074951172
0.0030210018157958984
0.0008664131164550781
0.0008258819580078125
0.0008158683776855469
0.0015883445739746094
0.0005621910095214844
0.0008361339569091797
0.0005478858947753906
0.0005476474761962891
0.0032677650451660156
0.0008096694946289062
0.0019328594207763672
0.0038933753967285156
0.001232147216796875
0.0006532669067382812
0.0021436214447021484
0.0010352134704589844
0.00235748291015625
0.00038695335388183594
0.0025682449340820312
0.0008795261383056641
0.000362396240234375
0.00299835205078125
0.00041031837463378906
0.0009677410125732422
0.002510547637939453
0.000820159912109375
0.0017113685607910156
0.0029163360595703125
0.0003380775451660156
0.0008854866027832031
0.0006358623504638672
0.003508329391479492
0.0024306774139404297
0.0007648468017578125
0.0008332729339599609
0.0015072822570800781
0.0037763118743896484
0.001786947250366211
0.0005695819854736328
0.0007612705230712891
0.0034558773040771484
0.0004227161407470703
0.0031304359436035156
0.0009200572967529297
0.0011265277862548828
0.001233816146850586
0.0015006065368652344
0.0016601085662841797
0.00044846534729003906
0.0025391578674316406
0.002658843994140625
0.001004934310913086
0.0006358623504638672
0.0012845993041992188
0.001558065414428711
0.0034983158111572266
0.003312349319458008
0.0018689632415771484
0.0020499229431152344
0.0007967948913574219
0.0012776851654052734
0.001462697982788086
0.0018379688262939453
0.0012335777282714844
0.0006113052368164062
0.0005447864532470703
0.001611471176147461
0.0007908344268798828
0.0005617141723632812
0.0014927387237548828
