0.002356290817260742
0.0008945465087890625
0.002151966094970703
0.012008428573608398
0.0010385513305664062
0.0005538463592529297
0.0028531551361083984
0.0007970333099365234
0.0008122920989990234
0.006425142288208008
0.002805948257446289
0.0009164810180664062
0.0009083747863769531
0.002170562744140625
0.0007228851318359375
0.0025162696838378906
0.0009059906005859375
0.0009553432464599609
0.0020995140075683594
0.0008640289306640625
0.007670164108276367
0.0017540454864501953
0.0008306503295898438
0.0015549659729003906
0.0071125030517578125
0.004856586456298828
0.0009510517120361328
0.0012614727020263672
0.0010292530059814453
0.0009617805480957031
0.0010592937469482422
0.0016705989837646484
0.0014753341674804688
0.0009365081787109375
0.0007395744323730469
0.004540443420410156
0.0016622543334960938
0.0008807182312011719
0.0026903152465820312
0.0008139610290527344
0.002461671829223633
0.0009531974792480469
0.0033621788024902344
0.0014488697052001953
0.0015108585357666016
0.001819610595703125
0.0022153854370117188
0.0003476142883300781
0.0028400421142578125
0.0011527538299560547
0.0022461414337158203
0.0018486976623535156
0.0007953643798828125
0.001294851303100586
0.0007951259613037109
0.0008971691131591797
0.0013394355773925781
0.001116037368774414
0.0006914138793945312
0.0009691715240478516
0.0014808177947998047
0.0004169940948486328
0.007780790328979492
0.002127408981323242
0.0016086101531982422
0.0039713382720947266
0.0008878707885742188
0.0014219284057617188
0.0008368492126464844
0.0020470619201660156
0.0010347366333007812
0.002340555191040039
0.002716064453125
0.0027875900268554688
0.0006039142608642578
0.0009961128234863281
0.00414276123046875
0.0035817623138427734
0.0005526542663574219
0.002060413360595703
0.0034182071685791016
0.0014796257019042969
0.0025568008422851562
0.0030906200408935547
0.0016598701477050781
0.00033402442932128906
0.002622365951538086
0.001440286636352539
0.00032806396484375
0.005341768264770508
0.0018162727355957031
0.0003974437713623047
0.0008106231689453125
0.0005631446838378906
0.001256704330444336
0.0006361007690429688
0.0010449886322021484
0.002321004867553711
0.0008242130279541016
0.0007491111755371094
0.0018646717071533203
0.0005409717559814453
0.0013287067413330078
0.0016291141510009766
0.0007634162902832031
0.00199127197265625
0.0007658004760742188
0.0007550716400146484
0.002330303192138672
0.0007982254028320312
0.0008027553558349609
0.0008215904235839844
0.0008122920989990234
0.0017311573028564453
0.0006089210510253906
0.0008404254913330078
0.0019655227661132812
0.0009083747863769531
0.0006532669067382812
0.0008308887481689453
0.0044345855712890625
0.0008492469787597656
0.0007913112640380859
0.00128936767578125
0.002424955368041992
0.0004520416259765625
0.003852367401123047
0.0009489059448242188
0.0013275146484375
0.0009760856628417969
0.0020046234130859375
0.0009055137634277344
0.001436471939086914
0.0009229183197021484
0.0008950233459472656
0.0013010501861572266
0.00034499168395996094
0.0038902759552001953
0.0007824897766113281
0.0004067420959472656
0.0009565353393554688
0.004352092742919922
0.000644683837890625
0.0032422542572021484
0.0010104179382324219
0.0015382766723632812
0.0014083385467529297
0.0008618831634521484
0.0015490055084228516
0.004399299621582031
0.00628352165222168
0.0033998489379882812
0.0013751983642578125
0.0007839202880859375
0.0015683174133300781
0.003148317337036133
0.0006315708160400391
0.001016855239868164
0.001222372055053711
0.0009529590606689453
0.0013873577117919922
0.0011823177337646484
0.0009772777557373047
0.0012493133544921875
0.002483844757080078
0.005667209625244141
0.0006515979766845703
0.00034165382385253906
0.0015110969543457031
0.0006096363067626953
0.0006091594696044922
0.004246950149536133
0.000736236572265625
0.0023314952850341797
0.0006239414215087891
0.0008761882781982422
0.0010693073272705078
0.0008263587951660156
0.0008540153503417969
0.0003209114074707031
0.0006041526794433594
0.000993490219116211
0.002618074417114258
0.0038857460021972656
0.0013873577117919922
0.0011944770812988281
0.0003216266632080078
0.003275156021118164
0.0018815994262695312
0.007870197296142578
0.0008060932159423828
0.0007417201995849609
0.0008304119110107422
0.0008323192596435547
0.0003218650817871094
0.0003249645233154297
0.0020644664764404297
