326	id-00000	10	18	8	3	1703.0	1703.0	1703.4	1703.602	1706.0	61.776	COMPLETED
326	id-00001	7	2	8	10	1704.0	1704.0	1704.36	1704.82	1714.0	32.131	COMPLETED
326	id-00002	9	17	6	2	1704.0	1704.0	1704.3	1704.6862	1706.0	41.699	COMPLETED
326	id-00003	7	11	5	12	1704.0	1704.0	1704.21	1704.4182	1716.0	14.783	COMPLETED
326	id-00004	2	3	7	11	1706.0	1706.0	1706.35	1706.4886	1717.0	10.811	COMPLETED
326	id-00005	7	10	6	11	1706.0	1706.0	1706.27	1706.5664	1717.0	24.098	COMPLETED
326	id-00006	9	4	4	3	1708.0	1708.0	1708.17	1708.5159	1711.0	17.218	COMPLETED
326	id-00007	2	3	4	10	1709.0	1709.0	1709.2	1709.5389	1719.0	6.178	COMPLETED
326	id-00008	5	6	8	8	1714.0	1714.0	1714.36	1714.8588	1722.0	21.011	COMPLETED
326	id-00009	9	11	6	11	1718.0	1718.0	1718.27	1718.605	1729.0	32.438	COMPLETED
326	id-00010	1	2	1	1	1719.0	1719.0	1719.05	1720.0	1720.0	0.772	EXPIRED
326	id-00011	4	8	3	8	1722.0	1722.0	1722.14	1722.2518	1730.0	6.009	COMPLETED
326	id-00012	7	14	3	6	1728.0	1728.0	1728.14	1728.2661	1734.0	13.815	COMPLETED
326	id-00013	7	5	3	6	1728.0	1728.0	1728.12	1728.5937	1734.0	8.448	COMPLETED
326	id-00014	10	17	9	4	1729.0	1729.0	1729.39	1729.7277	1733.0	49.201	COMPLETED
326	id-00015	7	4	3	6	1730.0	1730.0	1730.14	1730.4466	1736.0	13.815	COMPLETED
326	id-00016	1	2	5	4	1731.0	1731.0	1731.24	1731.7341	1735.0	1.444	COMPLETED
326	id-00017	5	6	8	5	1731.0	1731.0	1731.33	1731.4756	1736.0	13.038	COMPLETED
326	id-00018	1	2	4	3	1732.0	1732.0	1732.2	1732.6369	1735.0	3.089	COMPLETED
326	id-00019	10	6	6	12	1736.0	1736.0	1736.26	1736.5539	1748.0	32.801	COMPLETED
326	id-00020	5	10	4	13	1736.0	1736.0	1736.38	1736.6743	1749.0	29.344	COMPLETED
326	id-00021	3	6	3	11	1736.0	1736.0	1736.29	1736.5402	1747.0	10.702	COMPLETED
326	id-00022	9	4	8	11	1737.0	1737.0	1737.35	1737.7261	1748.0	38.749	COMPLETED
326	id-00023	4	2	8	13	1738.0	1738.0	1738.7	1739.0015	1751.0	23.444	COMPLETED
326	id-00024	10	7	4	4	1738.0	1738.0	1738.35	1738.7133	1742.0	54.054	COMPLETED
326	id-00025	5	6	1	4	1739.0	1739.0	1739.1	1739.3174	1743.0	6.779	COMPLETED
326	id-00026	1	2	8	12	1739.0	1739.0	1739.35	1739.5684	1751.0	2.106	COMPLETED
326	id-00027	1	2	9	3	1739.0	1739.0	1739.86	1740.3544	1742.0	13.282	COMPLETED
326	id-00028	5	5	6	6	1739.0	1739.0	1739.26	1739.4844	1745.0	12.723	COMPLETED
326	id-00029	3	4	6	12	1740.0	1740.0	1740.24	1740.6681	1752.0	4.332	COMPLETED
326	id-00030	3	5	10	2	1740.0	1740.0	1740.95	1741.3224	1742.0	44.015	COMPLETED
326	id-00031	4	7	6	10	1740.0	1740.0	1740.57	1740.7041	1750.0	29.838	COMPLETED
326	id-00032	9	13	1	1	1740.0	1740.0	1740.04	1741.0	1741.0	4.428	EXPIRED
326	id-00033	8	15	3	10	1741.0	1741.0	1741.14	1741.6103	1751.0	15.977	COMPLETED
326	id-00034	9	18	4	3	1742.0	1742.0	1742.16	1742.3429	1745.0	14.697	COMPLETED
326	id-00035	10	6	5	8	1745.0	1745.0	1745.22	1745.6117	1753.0	27.754	COMPLETED
326	id-00036	8	8	2	11	1746.0	1746.0	1746.1	1746.5506	1757.0	11.412	COMPLETED
326	id-00037	5	10	4	6	1747.0	1747.0	1747.19	1747.6352	1753.0	12.88	COMPLETED
326	id-00038	10	2	3	6	1749.0	1749.0	1749.13	1749.289	1755.0	16.4	COMPLETED
326	id-00039	7	7	2	14	1750.0	1750.0	1750.1	1750.2687	1764.0	9.868	COMPLETED
326	id-00040	3	2	3	10	1751.0	1751.0	1751.14	1751.4928	1761.0	3.847	COMPLETED
326	id-00041	9	6	4	5	1751.0	1751.0	1751.17	1751.5591	1756.0	17.218	COMPLETED
326	id-00042	2	3	2	13	1752.0	1752.0	1752.1	1752.3545	1765.0	2.146	COMPLETED
326	id-00043	2	4	8	9	1752.0	1752.0	1752.4	1752.824	1761.0	12.355	COMPLETED
326	id-00044	4	5	4	6	1754.0	1754.0	1754.17	1754.4705	1760.0	4.091	COMPLETED
326	id-00045	8	6	10	5	1754.0	1754.0	1754.48	1754.7818	1759.0	54.78	COMPLETED
326	id-00046	3	6	1	15	1755.0	1755.0	1755.05	1755.519	1770.0	1.845	COMPLETED
326	id-00047	4	8	6	9	1756.0	1756.0	1756.29	1756.7113	1765.0	15.181	COMPLETED
326	id-00048	10	12	6	9	1756.0	1756.0	1756.27	1756.5412	1765.0	36.608	COMPLETED
326	id-00049	1	2	6	6	1757.0	1757.0	1757.3	1757.6542	1763.0	4.633	COMPLETED
326	id-00050	7	8	4	12	1757.0	1757.0	1757.19	1757.5121	1769.0	18.749	COMPLETED
326	id-00051	10	8	1	8	1758.0	1758.0	1758.05	1758.5229	1766.0	6.779	COMPLETED
326	id-00052	2	4	7	12	1758.0	1758.0	1758.35	1758.4524	1770.0	10.811	COMPLETED
326	id-00053	5	10	7	9	1759.0	1759.0	1759.33	1759.5255	1768.0	22.371	COMPLETED
326	id-00054	8	7	1	8	1759.0	1759.0	1759.05	1759.2808	1767.0	5.235	COMPLETED
326	id-00055	8	12	8	6	1759.0	1759.0	1759.35	1759.8242	1765.0	33.344	COMPLETED
326	id-00056	10	13	5	9	1760.0	1760.0	1760.23	1760.403	1769.0	31.184	COMPLETED
326	id-00057	8	11	9	7	1761.0	1761.0	1761.41	1761.6586	1768.0	42.925	COMPLETED
326	id-00058	1	2	6	7	1761.0	1761.0	1761.55	1761.9936	1768.0	3.309	COMPLETED
326	id-00059	6	2	1	12	1761.0	1761.0	1761.09	1761.277	1773.0	7.491	COMPLETED
326	id-00060	1	2	5	3	1762.0	1762.0	1762.25	1762.3823	1765.0	3.861	COMPLETED
326	id-00061	2	3	2	12	1763.0	1763.0	1763.18	1763.3684	1775.0	5.56	COMPLETED
326	id-00062	9	6	9	15	1763.0	1763.0	1763.41	1763.8435	1778.0	49.257	COMPLETED
326	id-00063	5	9	4	3	1763.0	1763.0	1763.18	1763.3114	1766.0	10.506	COMPLETED
326	id-00064	7	11	4	8	1763.0	1763.0	1763.36	1763.6162	1771.0	32.131	COMPLETED
326	id-00065	6	6	6	9	1764.0	1764.0	1764.27	1764.6368	1773.0	19.928	COMPLETED
326	id-00066	4	3	5	12	1765.0	1765.0	1765.22	1765.3715	1777.0	7.368	COMPLETED
326	id-00067	8	3	5	8	1765.0	1765.0	1765.22	1765.6847	1773.0	20.959	COMPLETED
326	id-00068	7	9	10	6	1767.0	1767.0	1767.43	1767.5667	1773.0	34.324	COMPLETED
326	id-00069	4	6	9	9	1768.0	1768.0	1768.39	1768.8264	1777.0	13.062	COMPLETED
326	id-00070	1	2	2	1	1768.0	1768.0	1768.1	1769.0	1769.0	1.544	EXPIRED
326	id-00071	6	11	1	6	1768.0	1768.0	1768.04	1768.3904	1774.0	2.575	COMPLETED
326	id-00072	6	3	7	8	1770.0	1770.0	1770.32	1770.4644	1778.0	23.619	COMPLETED
326	id-00073	5	7	8	3	1771.0	1771.0	1771.36	1771.6563	1774.0	21.011	COMPLETED
326	id-00074	1	2	9	13	1771.0	1771.0	1771.45	1771.5552	1784.0	6.95	COMPLETED
326	id-00075	3	2	5	3	1773.0	1773.0	1773.23	1773.6239	1776.0	6.319	COMPLETED
326	id-00076	7	3	6	2	1775.0	1775.0	1775.29	1775.4843	1777.0	28.617	COMPLETED
326	id-00077	6	10	3	11	1777.0	1777.0	1777.14	1777.3825	1788.0	11.653	COMPLETED
326	id-00078	5	10	3	14	1778.0	1778.0	1778.29	1778.7472	1792.0	19.66	COMPLETED
326	id-00079	3	3	4	10	1778.0	1778.0	1778.17	1778.2729	1788.0	3.068	COMPLETED
326	id-00080	8	9	4	12	1778.0	1778.0	1778.16	1778.4911	1790.0	12.226	COMPLETED
326	id-00081	3	2	3	15	1778.0	1778.0	1778.12	1778.3703	1793.0	2.166	COMPLETED
326	id-00082	2	3	2	14	1778.0	1778.0	1778.19	1778.5407	1792.0	5.869	COMPLETED
326	id-00083	9	7	4	4	1782.0	1782.0	1782.15	1782.6437	1786.0	12.364	COMPLETED
326	id-00084	6	7	2	10	1782.0	1782.0	1782.1	1782.3362	1792.0	8.324	COMPLETED
326	id-00085	8	2	9	10	1783.0	1783.0	1783.43	1783.8765	1793.0	49.073	COMPLETED
326	id-00086	3	4	5	10	1784.0	1784.0	1784.19	1784.3199	1794.0	3.429	COMPLETED
326	id-00087	7	4	10	8	1784.0	1784.0	1784.48	1784.795	1792.0	47.366	COMPLETED
326	id-00088	6	6	9	2	1785.0	1785.0	1785.45	1785.7131	1787.0	41.699	COMPLETED
326	id-00089	10	20	9	4	1786.0	1786.0	1786.38	1786.6061	1790.0	44.357	COMPLETED
326	id-00090	2	2	1	3	1788.0	1788.0	1788.05	1788.1853	1791.0	1.544	COMPLETED
326	id-00091	3	3	7	5	1788.0	1788.0	1788.7	1789.1885	1793.0	32.432	COMPLETED
326	id-00092	4	2	3	8	1788.0	1788.0	1788.3	1788.4486	1796.0	18.533	COMPLETED
326	id-00093	3	5	8	7	1789.0	1789.0	1789.4	1789.7647	1796.0	18.533	COMPLETED
326	id-00094	3	3	4	3	1790.0	1790.0	1790.2	1790.5058	1793.0	9.266	COMPLETED
326	id-00095	5	9	7	6	1791.0	1791.0	1791.7	1791.801	1797.0	54.054	COMPLETED
326	id-00096	10	17	7	15	1791.0	1791.0	1791.28	1791.4638	1806.0	30.044	COMPLETED
326	id-00097	1	2	2	3	1791.0	1791.0	1791.2	1791.6178	1794.0	3.089	COMPLETED
326	id-00098	2	3	6	2	1792.0	1792.0	1792.3	1792.7182	1794.0	9.266	COMPLETED
326	id-00099	4	2	10	15	1792.0	1792.0	1792.5	1792.8201	1807.0	30.888	COMPLETED
326	id-00100	8	10	7	5	1794.0	1794.0	1794.35	1794.7071	1799.0	43.243	COMPLETED
326	id-00101	1	2	6	6	1796.0	1796.0	1796.3	1796.7842	1802.0	4.633	COMPLETED
326	id-00102	1	2	1	14	1797.0	1797.0	1797.05	1797.3433	1811.0	0.772	COMPLETED
326	id-00103	10	20	1	8	1798.0	1798.0	1798.04	1798.5062	1806.0	4.669	COMPLETED
326	id-00104	6	11	5	1	1798.0	1798.0	1798.19	1799.0	1799.0	6.858	EXPIRED
326	id-00105	6	11	10	8	1799.0	1799.0	1799.37	1799.6326	1807.0	13.356	COMPLETED
326	id-00106	8	2	8	11	1799.0	1799.0	1799.36	1799.8407	1810.0	37.691	COMPLETED
326	id-00107	5	3	3	3	1799.0	1799.0	1799.12	1799.6027	1802.0	4.741	COMPLETED
326	id-00108	4	3	6	13	1799.0	1799.0	1799.3	1799.7292	1812.0	18.533	COMPLETED
326	id-00109	6	4	6	2	1800.0	1800.0	1800.3	1800.4908	1802.0	27.799	COMPLETED
326	id-00110	2	2	4	14	1802.0	1802.0	1802.2	1802.5947	1816.0	6.178	COMPLETED
326	id-00111	9	5	9	1	1804.0	1804.0	1804.33	1805.0	1805.0	24.09	EXPIRED
326	id-00112	8	4	2	10	1805.0	1805.0	1805.1	1805.313	1815.0	11.412	COMPLETED
326	id-00113	2	2	6	6	1807.0	1807.0	1807.3	1807.7445	1813.0	9.266	COMPLETED
326	id-00114	9	13	10	6	1809.0	1809.0	1809.37	1809.7071	1815.0	27.01	COMPLETED
326	id-00115	3	3	5	11	1809.0	1809.0	1809.4	1809.6027	1820.0	7.219	COMPLETED
326	id-00116	3	2	10	7	1809.0	1809.0	1809.95	1810.2345	1816.0	44.015	COMPLETED
326	id-00117	5	4	2	1	1809.0	1809.0	1809.19	1810.0	1810.0	12.88	EXPIRED
326	id-00118	8	14	6	13	1809.0	1809.0	1809.48	1809.7945	1822.0	50.254	COMPLETED
326	id-00119	1	2	5	1	1810.0	1810.0	1810.25	1811.0	1811.0	3.861	EXPIRED
326	id-00120	5	6	9	3	1813.0	1813.0	1813.29	1813.771	1816.0	8.723	COMPLETED
326	id-00121	2	4	6	9	1813.0	1813.0	1813.3	1813.4445	1822.0	9.266	COMPLETED
326	id-00122	4	3	6	7	1813.0	1813.0	1813.29	1813.6621	1820.0	15.181	COMPLETED
326	id-00123	9	6	7	8	1814.0	1814.0	1814.23	1814.7196	1822.0	12.453	COMPLETED
326	id-00124	1	2	4	15	1814.0	1814.0	1814.19	1814.6097	1829.0	1.143	COMPLETED
326	id-00125	8	6	9	2	1816.0	1816.0	1816.38	1816.6417	1818.0	32.619	COMPLETED
326	id-00126	9	4	3	5	1816.0	1816.0	1816.12	1816.5791	1821.0	11.023	COMPLETED
326	id-00127	5	3	4	11	1816.0	1816.0	1816.14	1816.3415	1827.0	4.211	COMPLETED
326	id-00128	10	17	7	6	1820.0	1820.0	1820.26	1820.4472	1826.0	22.995	COMPLETED
326	id-00129	3	5	5	12	1820.0	1820.0	1820.17	1820.5463	1832.0	3.068	COMPLETED
326	id-00130	6	10	9	2	1822.0	1822.0	1822.45	1822.9356	1824.0	41.699	COMPLETED
326	id-00131	5	9	10	4	1823.0	1823.0	1823.5	1823.8342	1827.0	38.61	COMPLETED
326	id-00132	5	7	3	14	1823.0	1823.0	1823.1	1823.5401	1837.0	3.008	COMPLETED
326	id-00133	8	3	2	12	1824.0	1824.0	1824.1	1824.4024	1836.0	12.355	COMPLETED
326	id-00134	1	2	6	5	1826.0	1826.0	1826.3	1826.7168	1831.0	4.633	COMPLETED
326	id-00135	9	17	10	7	1828.0	1828.0	1828.38	1828.5609	1835.0	31.323	COMPLETED
326	id-00136	7	8	2	14	1829.0	1829.0	1829.1	1829.5317	1843.0	10.811	COMPLETED
326	id-00137	5	9	1	7	1829.0	1829.0	1829.04	1829.1624	1836.0	1.203	COMPLETED
326	id-00138	1	2	7	9	1833.0	1833.0	1833.35	1833.6187	1842.0	5.405	COMPLETED
326	id-00139	9	7	2	5	1833.0	1833.0	1833.08	1833.2971	1838.0	8.103	COMPLETED
326	id-00140	1	2	10	9	1834.0	1834.0	1834.5	1834.9053	1843.0	7.722	COMPLETED
326	id-00141	5	3	2	13	1835.0	1835.0	1835.1	1835.5227	1848.0	7.722	COMPLETED
326	id-00142	10	4	9	4	1836.0	1836.0	1836.33	1836.4959	1840.0	29.187	COMPLETED
326	id-00143	8	5	2	2	1838.0	1838.0	1838.07	1838.5373	1840.0	4.029	COMPLETED
326	id-00144	3	2	4	4	1838.0	1838.0	1838.2	1838.5436	1842.0	9.266	COMPLETED
326	id-00145	7	2	4	12	1838.0	1838.0	1838.17	1838.2745	1850.0	11.967	COMPLETED
326	id-00146	7	3	5	2	1839.0	1839.0	1839.25	1839.4268	1841.0	27.027	COMPLETED
326	id-00147	7	6	1	11	1840.0	1840.0	1840.1	1840.5051	1851.0	10.811	COMPLETED
326	id-00148	2	3	5	4	1840.0	1840.0	1840.19	1840.5428	1844.0	2.286	COMPLETED
326	id-00149	1	2	5	2	1840.0	1840.0	1840.48	1840.9756	1842.0	2.888	COMPLETED
326	id-00150	8	15	5	6	1840.0	1840.0	1840.2	1840.4716	1846.0	15.282	COMPLETED
326	id-00151	10	12	6	11	1843.0	1843.0	1843.22	1843.5132	1854.0	19.458	COMPLETED
326	id-00152	2	3	8	1	1843.0	1843.0	1843.4	1844.0	1844.0	12.355	EXPIRED
326	id-00153	2	4	6	8	1844.0	1844.0	1844.29	1844.4434	1852.0	6.223	COMPLETED
326	id-00154	6	12	10	15	1844.0	1844.0	1844.4	1844.8856	1859.0	18.21	COMPLETED
326	id-00155	4	8	7	1	1846.0	1846.0	1846.26	1847.0	1847.0	6.257	EXPIRED
326	id-00156	9	13	1	4	1846.0	1846.0	1846.04	1846.4202	1850.0	3.674	COMPLETED
326	id-00157	8	12	7	9	1846.0	1846.0	1846.35	1846.7116	1855.0	43.243	COMPLETED
326	id-00158	6	3	3	9	1847.0	1847.0	1847.15	1847.3098	1856.0	13.9	COMPLETED
326	id-00159	6	3	4	14	1847.0	1847.0	1847.16	1847.5247	1861.0	7.284	COMPLETED
326	id-00160	1	2	3	15	1848.0	1848.0	1848.15	1848.6466	1863.0	2.317	COMPLETED
326	id-00161	1	2	8	3	1849.0	1849.0	1849.8	1849.9652	1852.0	12.355	COMPLETED
326	id-00162	1	2	2	14	1849.0	1849.0	1849.2	1849.6433	1863.0	3.089	COMPLETED
326	id-00163	7	4	2	13	1850.0	1850.0	1850.08	1850.4406	1863.0	4.877	COMPLETED
326	id-00164	2	2	8	1	1850.0	1850.0	1850.4	1851.0	1851.0	12.355	EXPIRED
326	id-00165	1	2	1	14	1850.0	1850.0	1850.05	1850.5353	1864.0	0.772	COMPLETED
326	id-00166	4	5	2	6	1852.0	1852.0	1852.1	1852.2089	1858.0	6.178	COMPLETED
326	id-00167	7	10	4	4	1853.0	1853.0	1853.2	1853.3797	1857.0	21.622	COMPLETED
326	id-00168	7	5	3	4	1853.0	1853.0	1853.12	1853.5592	1857.0	7.316	COMPLETED
326	id-00169	6	4	4	10	1853.0	1853.0	1853.32	1853.8191	1863.0	17.585	COMPLETED
326	id-00170	9	9	6	8	1853.0	1853.0	1853.25	1853.5105	1861.0	25.321	COMPLETED
326	id-00171	1	2	4	7	1853.0	1853.0	1853.32	1853.7305	1860.0	1.925	COMPLETED
326	id-00172	3	5	1	3	1855.0	1855.0	1855.08	1855.3292	1858.0	1.444	COMPLETED
326	id-00173	2	2	5	9	1855.0	1855.0	1855.5	1855.967	1864.0	15.444	COMPLETED
326	id-00174	2	3	3	10	1855.0	1855.0	1855.24	1855.6583	1865.0	2.888	COMPLETED
326	id-00175	5	4	8	6	1855.0	1855.0	1855.8	1855.9927	1861.0	61.776	COMPLETED
326	id-00176	5	8	9	9	1858.0	1858.0	1858.45	1858.6776	1867.0	34.749	COMPLETED
326	id-00177	2	4	9	1	1858.0	1858.0	1858.45	1859.0	1859.0	13.9	EXPIRED
326	id-00178	10	13	8	14	1858.0	1858.0	1858.32	1858.4576	1872.0	34.336	COMPLETED
326	id-00179	7	4	7	1	1860.0	1860.0	1860.35	1861.0	1861.0	37.838	EXPIRED
326	id-00180	2	2	1	6	1861.0	1861.0	1861.05	1861.4058	1867.0	1.544	COMPLETED
326	id-00181	10	17	2	10	1861.0	1861.0	1861.08	1861.4248	1871.0	7.83	COMPLETED
326	id-00182	3	3	9	14	1861.0	1861.0	1861.36	1861.6344	1875.0	6.497	COMPLETED
326	id-00183	5	7	5	11	1863.0	1863.0	1863.25	1863.4154	1874.0	19.305	COMPLETED
326	id-00184	3	5	8	9	1865.0	1865.0	1865.8	1866.2363	1874.0	37.066	COMPLETED
326	id-00185	2	3	6	4	1865.0	1865.0	1865.6	1865.8304	1869.0	18.533	COMPLETED
326	id-00186	4	2	3	10	1867.0	1867.0	1867.15	1867.5631	1877.0	9.266	COMPLETED
326	id-00187	2	4	5	4	1868.0	1868.0	1868.25	1868.537	1872.0	7.722	COMPLETED
326	id-00188	7	5	9	4	1869.0	1869.0	1869.45	1869.8129	1873.0	48.649	COMPLETED
326	id-00189	1	2	7	5	1870.0	1870.0	1870.35	1870.76	1875.0	5.405	COMPLETED
326	id-00190	5	8	4	5	1870.0	1870.0	1870.18	1870.5433	1875.0	10.506	COMPLETED
326	id-00191	1	2	4	14	1871.0	1871.0	1871.2	1871.5313	1885.0	3.089	COMPLETED
326	id-00192	7	6	5	9	1872.0	1872.0	1872.23	1872.4608	1881.0	20.528	COMPLETED
326	id-00193	9	13	3	11	1874.0	1874.0	1874.12	1874.4194	1885.0	11.023	COMPLETED
326	id-00194	8	8	7	7	1875.0	1875.0	1875.32	1875.5773	1882.0	33.503	COMPLETED
326	id-00195	10	7	6	12	1878.0	1878.0	1878.25	1878.5161	1890.0	29.182	COMPLETED
326	id-00196	1	2	4	1	1878.0	1878.0	1878.18	1879.0	1879.0	1.083	EXPIRED
326	id-00197	4	3	10	11	1879.0	1879.0	1879.45	1879.6725	1890.0	19.314	COMPLETED
326	id-00198	8	7	5	2	1882.0	1882.0	1882.19	1882.5303	1884.0	10.936	COMPLETED
326	id-00199	10	2	9	12	1882.0	1882.0	1882.36	1882.4839	1894.0	38.628	COMPLETED
326	id-00200	2	3	10	15	1882.0	1882.0	1882.45	1882.7803	1897.0	5.414	COMPLETED
326	id-00201	1	2	1	3	1882.0	1882.0	1882.05	1882.2408	1885.0	0.301	COMPLETED
326	id-00202	6	3	4	11	1884.0	1884.0	1884.18	1884.6039	1895.0	13.285	COMPLETED
326	id-00203	2	2	10	7	1885.0	1885.0	1885.5	1885.7176	1892.0	15.444	COMPLETED
326	id-00204	6	9	7	10	1886.0	1886.0	1886.29	1886.4164	1896.0	15.936	COMPLETED
326	id-00205	10	7	10	1	1887.0	1887.0	1887.4	1888.0	1888.0	42.92	EXPIRED
326	id-00206	9	12	3	2	1887.0	1887.0	1887.13	1887.2368	1889.0	14.393	COMPLETED
326	id-00207	9	18	1	11	1889.0	1889.0	1889.04	1889.2128	1900.0	3.297	COMPLETED
326	id-00208	1	2	7	1	1891.0	1891.0	1891.35	1892.0	1892.0	5.405	EXPIRED
326	id-00209	9	17	3	12	1893.0	1893.0	1893.12	1893.2538	1905.0	9.891	COMPLETED
326	id-00210	7	11	5	2	1894.0	1894.0	1894.21	1894.4229	1896.0	14.783	COMPLETED
326	id-00211	2	4	10	8	1894.0	1894.0	1894.5	1894.8439	1902.0	15.444	COMPLETED
326	id-00212	5	7	2	12	1895.0	1895.0	1895.08	1895.5074	1907.0	3.161	COMPLETED
326	id-00213	1	2	7	6	1896.0	1896.0	1896.35	1896.4788	1902.0	5.405	COMPLETED
326	id-00214	5	3	4	12	1898.0	1898.0	1898.17	1898.4137	1910.0	6.716	COMPLETED
326	id-00215	3	2	2	11	1900.0	1900.0	1900.08	1900.5719	1911.0	1.444	COMPLETED
326	id-00216	10	9	1	1	1900.0	1900.0	1900.05	1901.0	1901.0	6.779	EXPIRED
326	id-00217	4	7	3	1	1901.0	1901.0	1901.12	1902.0	1902.0	2.888	EXPIRED
326	id-00218	3	3	7	7	1901.0	1901.0	1901.29	1901.4658	1908.0	5.234	COMPLETED
326	id-00219	1	2	9	14	1901.0	1901.0	1901.45	1901.6345	1915.0	6.95	COMPLETED
326	id-00220	6	10	2	10	1903.0	1903.0	1903.08	1903.3567	1913.0	4.396	COMPLETED
326	id-00221	7	3	4	13	1904.0	1904.0	1904.17	1904.3386	1917.0	11.967	COMPLETED
326	id-00222	4	2	3	5	1905.0	1905.0	1905.13	1905.3176	1910.0	4.354	COMPLETED
326	id-00223	4	8	9	4	1908.0	1908.0	1908.69	1908.8197	1912.0	16.604	COMPLETED
326	id-00224	3	5	3	12	1908.0	1908.0	1908.13	1908.5677	1920.0	2.346	COMPLETED
326	id-00225	5	3	4	7	1908.0	1908.0	1908.31	1908.5682	1915.0	18.093	COMPLETED
326	id-00226	2	4	2	9	1910.0	1910.0	1910.1	1910.5102	1919.0	3.089	COMPLETED
326	id-00227	4	6	8	5	1911.0	1911.0	1911.35	1911.7946	1916.0	11.722	COMPLETED
326	id-00228	6	2	1	4	1911.0	1911.0	1911.04	1911.4334	1915.0	1.821	COMPLETED
326	id-00229	6	12	9	6	1913.0	1913.0	1913.36	1913.4977	1919.0	16.389	COMPLETED
326	id-00230	1	2	9	12	1913.0	1913.0	1913.45	1913.818	1925.0	6.95	COMPLETED
326	id-00231	7	12	3	5	1913.0	1913.0	1913.13	1913.3905	1918.0	10.377	COMPLETED
326	id-00232	8	10	4	5	1918.0	1918.0	1918.18	1918.6165	1923.0	18.845	COMPLETED
326	id-00233	2	2	1	2	1919.0	1919.0	1919.05	1919.3124	1921.0	1.544	COMPLETED
326	id-00234	3	5	6	7	1920.0	1920.0	1920.27	1920.5034	1927.0	7.419	COMPLETED
326	id-00235	6	5	9	11	1920.0	1920.0	1920.38	1920.6421	1931.0	20.882	COMPLETED
326	id-00236	4	4	8	6	1921.0	1921.0	1921.33	1921.7854	1927.0	7.941	COMPLETED
326	id-00237	4	7	9	11	1921.0	1921.0	1921.82	1922.215	1932.0	35.194	COMPLETED
326	id-00238	3	2	5	15	1921.0	1921.0	1921.45	1921.733	1936.0	20.849	COMPLETED
326	id-00239	8	2	2	5	1923.0	1923.0	1923.09	1923.1927	1928.0	9.423	COMPLETED
326	id-00240	1	2	8	1	1924.0	1924.0	1924.4	1925.0	1925.0	6.178	EXPIRED
326	id-00241	4	2	8	5	1926.0	1926.0	1926.33	1926.455	1931.0	7.941	COMPLETED
326	id-00242	1	2	9	7	1926.0	1926.0	1926.78	1926.9168	1933.0	4.692	COMPLETED
326	id-00243	5	4	4	5	1926.0	1926.0	1926.35	1926.7149	1931.0	20.427	COMPLETED
326	id-00244	9	3	6	14	1928.0	1928.0	1928.25	1928.4	1942.0	25.321	COMPLETED
326	id-00245	4	5	8	14	1928.0	1928.0	1928.31	1928.717	1942.0	7.46	COMPLETED
326	id-00246	9	16	8	2	1930.0	1930.0	1930.33	1930.7581	1932.0	33.424	COMPLETED
326	id-00247	3	6	6	8	1931.0	1931.0	1931.55	1931.8425	1939.0	20.297	COMPLETED
326	id-00248	1	2	10	13	1931.0	1931.0	1931.91	1932.4003	1944.0	5.475	COMPLETED
326	id-00249	9	14	8	2	1932.0	1932.0	1932.33	1932.8284	1934.0	33.424	COMPLETED
326	id-00250	6	6	7	4	1933.0	1933.0	1933.32	1933.764	1937.0	23.619	COMPLETED
326	id-00251	5	7	9	10	1933.0	1933.0	1933.38	1933.8212	1943.0	15.013	COMPLETED
326	id-00252	7	6	10	13	1933.0	1933.0	1933.36	1933.6281	1946.0	15.16	COMPLETED
326	id-00253	10	19	7	14	1934.0	1934.0	1934.29	1934.4279	1948.0	33.851	COMPLETED
326	id-00254	7	11	2	15	1934.0	1934.0	1934.09	1934.3949	1949.0	8.033	COMPLETED
326	id-00255	6	8	10	14	1934.0	1934.0	1934.36	1934.6669	1948.0	12.995	COMPLETED
326	id-00256	7	14	7	10	1935.0	1935.0	1935.33	1935.573	1945.0	32.564	COMPLETED
326	id-00257	8	7	2	2	1937.0	1937.0	1937.1	1937.4489	1939.0	11.412	COMPLETED
326	id-00258	7	8	5	1	1938.0	1938.0	1938.23	1939.0	1939.0	20.528	EXPIRED
326	id-00259	8	4	4	12	1938.0	1938.0	1938.19	1938.546	1950.0	21.684	COMPLETED
326	id-00260	2	4	4	10	1939.0	1939.0	1939.2	1939.301	1949.0	6.178	COMPLETED
326	id-00261	9	6	3	3	1940.0	1940.0	1940.12	1940.4449	1943.0	11.023	COMPLETED
326	id-00262	7	10	7	7	1940.0	1940.0	1940.3	1940.6984	1947.0	23.947	COMPLETED
326	id-00263	4	5	8	11	1942.0	1942.0	1942.35	1942.6313	1953.0	11.722	COMPLETED
326	id-00264	3	3	6	1	1942.0	1942.0	1942.29	1943.0	1943.0	10.702	EXPIRED
326	id-00265	7	11	10	15	1943.0	1943.0	1943.43	1943.9211	1958.0	34.324	COMPLETED
326	id-00266	3	5	3	10	1943.0	1943.0	1943.14	1943.3791	1953.0	5.167	COMPLETED
326	id-00267	2	3	8	15	1944.0	1944.0	1944.4	1944.7478	1959.0	12.355	COMPLETED
326	id-00268	1	2	7	8	1945.0	1945.0	1945.35	1945.5901	1953.0	5.405	COMPLETED
326	id-00269	1	2	9	1	1945.0	1945.0	1945.86	1946.0	1946.0	5.174	EXPIRED
326	id-00270	1	2	10	14	1945.0	1945.0	1945.95	1946.4435	1959.0	14.672	COMPLETED
326	id-00271	6	2	8	14	1947.0	1947.0	1947.38	1947.5988	1961.0	31.63	COMPLETED
326	id-00272	8	15	6	15	1948.0	1948.0	1948.29	1948.6463	1963.0	33.096	COMPLETED
326	id-00273	2	4	3	11	1948.0	1948.0	1948.15	1948.2804	1959.0	4.633	COMPLETED
326	id-00274	1	2	4	1	1949.0	1949.0	1949.17	1950.0	1950.0	1.023	EXPIRED
326	id-00275	9	14	6	10	1949.0	1949.0	1949.48	1949.7168	1959.0	66.718	COMPLETED
326	id-00276	5	4	8	6	1949.0	1949.0	1949.64	1950.0146	1955.0	19.251	COMPLETED
326	id-00277	1	2	9	5	1950.0	1950.0	1950.45	1950.6542	1955.0	6.95	COMPLETED
326	id-00278	9	3	8	14	1952.0	1952.0	1952.36	1952.5471	1966.0	43.25	COMPLETED
326	id-00279	9	15	2	3	1953.0	1953.0	1953.09	1953.5879	1956.0	10.813	COMPLETED
326	id-00280	10	18	7	4	1954.0	1954.0	1954.28	1954.6749	1958.0	30.044	COMPLETED
326	id-00281	9	15	9	9	1956.0	1956.0	1956.39	1956.7893	1965.0	43.178	COMPLETED
326	id-00282	5	10	4	15	1957.0	1957.0	1957.18	1957.6124	1972.0	10.506	COMPLETED
326	id-00283	6	4	6	7	1958.0	1958.0	1958.27	1958.5811	1965.0	19.928	COMPLETED
326	id-00284	6	4	10	9	1959.0	1959.0	1959.45	1959.798	1968.0	33.214	COMPLETED
326	id-00285	10	7	1	3	1961.0	1961.0	1961.04	1961.2773	1964.0	3.538	COMPLETED
326	id-00286	6	6	1	14	1962.0	1962.0	1962.05	1962.3596	1976.0	4.162	COMPLETED
326	id-00287	8	4	5	10	1963.0	1963.0	1963.22	1963.6508	1973.0	20.959	COMPLETED
326	id-00288	1	2	10	3	1963.0	1963.0	1963.48	1963.6291	1966.0	2.888	COMPLETED
326	id-00289	9	2	3	3	1964.0	1964.0	1964.13	1964.2806	1967.0	14.393	COMPLETED
326	id-00290	4	5	2	6	1964.0	1964.0	1964.1	1964.4621	1970.0	5.235	COMPLETED
326	id-00291	5	2	9	15	1965.0	1965.0	1965.43	1965.9269	1980.0	29.151	COMPLETED
326	id-00292	2	3	5	12	1966.0	1966.0	1966.25	1966.5097	1978.0	7.722	COMPLETED
326	id-00293	6	12	2	6	1967.0	1967.0	1967.1	1967.4825	1973.0	8.324	COMPLETED
326	id-00294	8	16	2	13	1967.0	1967.0	1967.08	1967.5468	1980.0	6.867	COMPLETED
326	id-00295	9	9	5	3	1967.0	1967.0	1967.19	1967.5078	1970.0	13.87	COMPLETED
326	id-00296	8	16	2	6	1969.0	1969.0	1969.1	1969.5496	1975.0	11.412	COMPLETED
326	id-00297	9	11	1	11	1970.0	1970.0	1970.05	1970.3788	1981.0	6.007	COMPLETED
326	id-00298	3	3	9	6	1970.0	1970.0	1970.45	1970.8724	1976.0	20.849	COMPLETED
326	id-00299	3	2	9	12	1971.0	1971.0	1971.45	1971.8828	1983.0	20.849	COMPLETED
326	id-00300	3	5	4	9	1971.0	1971.0	1971.18	1971.5545	1980.0	4.946	COMPLETED
326	id-00301	4	3	1	1	1972.0	1972.0	1972.04	1973.0	1973.0	0.963	EXPIRED
326	id-00302	9	13	5	1	1972.0	1972.0	1972.23	1973.0	1973.0	27.632	EXPIRED
326	id-00303	9	2	9	2	1977.0	1977.0	1977.43	1977.8857	1979.0	55.714	COMPLETED
326	id-00304	4	6	3	10	1978.0	1978.0	1978.15	1978.45	1988.0	9.266	COMPLETED
326	id-00305	6	5	2	5	1979.0	1979.0	1979.1	1979.5494	1984.0	9.266	COMPLETED
326	id-00306	4	7	10	4	1980.0	1980.0	1980.5	1980.8609	1984.0	30.888	COMPLETED
326	id-00307	9	6	1	6	1980.0	1980.0	1980.04	1980.4815	1986.0	4.051	COMPLETED
326	id-00308	3	2	10	15	1981.0	1981.0	1981.5	1981.9759	1996.0	23.166	COMPLETED
326	id-00309	1	2	5	2	1981.0	1981.0	1981.25	1981.4691	1983.0	3.861	COMPLETED
326	id-00310	5	7	1	11	1982.0	1982.0	1982.05	1982.4152	1993.0	3.861	COMPLETED
326	id-00311	9	11	10	10	1982.0	1982.0	1982.42	1982.7356	1992.0	42.539	COMPLETED
326	id-00312	7	5	7	13	1983.0	1983.0	1983.35	1983.6577	1996.0	37.838	COMPLETED
326	id-00313	4	8	5	5	1984.0	1984.0	1984.25	1984.5454	1989.0	15.444	COMPLETED
326	id-00314	9	9	1	14	1985.0	1985.0	1985.04	1985.4437	1999.0	4.051	COMPLETED
326	id-00315	6	10	3	14	1987.0	1987.0	1987.15	1987.2826	2001.0	13.9	COMPLETED
326	id-00316	7	6	4	12	1989.0	1989.0	1989.2	1989.5335	2001.0	21.622	COMPLETED
326	id-00317	7	7	9	3	1993.0	1993.0	1993.38	1993.7726	1996.0	26.75	COMPLETED
326	id-00318	6	2	6	10	1993.0	1993.0	1993.3	1993.7135	2003.0	27.799	COMPLETED
326	id-00319	10	14	9	4	1995.0	1995.0	1995.36	1995.6132	1999.0	38.628	COMPLETED
326	id-00320	1	2	1	2	1997.0	1997.0	1997.05	1997.4974	1999.0	0.772	COMPLETED
326	id-00321	8	3	10	5	1998.0	1998.0	1998.5	1998.7884	2003.0	61.776	COMPLETED
326	id-00322	6	6	9	4	1999.0	1999.0	1999.45	1999.604	2003.0	41.699	COMPLETED
326	id-00323	1	2	4	8	1999.0	1999.0	1999.16	1999.3418	2007.0	0.963	COMPLETED
326	id-00324	7	9	5	2	1999.0	1999.0	1999.21	1999.3125	2001.0	14.783	COMPLETED
326	id-00325	5	10	4	5	2000.0	2000.0	2000.19	2000.4259	2005.0	12.88	COMPLETED
