0.004524946212768555
0.0009975433349609375
0.0031626224517822266
0.001272439956665039
0.0007097721099853516
0.0009596347808837891
0.0020046234130859375
0.0019142627716064453
0.0008897781372070312
0.0016314983367919922
0.002247333526611328
0.003534555435180664
0.002095460891723633
0.0006427764892578125
0.0006341934204101562
0.0006585121154785156
0.0008883476257324219
0.0026226043701171875
0.0017092227935791016
0.0014505386352539062
0.0008611679077148438
0.0009143352508544922
0.0010178089141845703
0.00505375862121582
0.0006823539733886719
0.000865936279296875
0.0011205673217773438
0.0003554821014404297
0.004885673522949219
0.0009300708770751953
0.0008625984191894531
0.0033338069915771484
0.0010042190551757812
0.0022568702697753906
0.0008666515350341797
0.005095958709716797
0.002194643020629883
0.0008401870727539062
0.0024874210357666016
0.0009059906005859375
0.0010685920715332031
0.0009374618530273438
0.0009407997131347656
0.002766847610473633
0.0008294582366943359
0.002483367919921875
0.0025157928466796875
0.0020318031311035156
0.0014901161193847656
0.0009295940399169922
0.0021238327026367188
0.0016422271728515625
0.002305746078491211
0.0020318031311035156
0.0005724430084228516
0.0015170574188232422
0.0007874965667724609
0.0021164417266845703
0.0009343624114990234
0.00044226646423339844
0.004347562789916992
0.001608133316040039
0.0007708072662353516
0.005653858184814453
0.0005092620849609375
0.0005650520324707031
0.0005433559417724609
0.0017368793487548828
0.0007266998291015625
0.0011856555938720703
0.0020873546600341797
0.001180410385131836
0.003712177276611328
0.0008363723754882812
0.0014972686767578125
0.0005829334259033203
0.001783609390258789
0.002221822738647461
0.005173921585083008
0.0066263675689697266
0.004061698913574219
0.0021173954010009766
0.0005133152008056641
0.0007321834564208984
0.0015959739685058594
0.0034575462341308594
0.0007669925689697266
0.00993204116821289
0.0007352828979492188
0.0023620128631591797
0.0005519390106201172
0.0005583763122558594
0.0007708072662353516
0.0007669925689697266
0.002298593521118164
0.003080129623413086
0.004642963409423828
0.0006468296051025391
0.0008618831634521484
0.0007450580596923828
0.0026443004608154297
0.0005335807800292969
0.004881858825683594
0.0029287338256835938
0.000797271728515625
0.0007798671722412109
0.0012001991271972656
0.0007431507110595703
0.0057604312896728516
0.00078582763671875
0.0019843578338623047
0.0012176036834716797
0.0005409717559814453
0.0041048526763916016
0.0025463104248046875
0.0041582584381103516
0.002614736557006836
0.0007724761962890625
0.0008058547973632812
0.0018582344055175781
0.0013942718505859375
0.002577543258666992
0.0020301342010498047
0.0019690990447998047
0.0019290447235107422
0.0008814334869384766
0.0013589859008789062
0.0006203651428222656
0.0007419586181640625
0.0018546581268310547
0.009408712387084961
0.002759695053100586
0.0037856101989746094
0.003684520721435547
0.0020911693572998047
0.002629995346069336
0.0025479793548583984
0.0007150173187255859
0.0030167102813720703
0.0014967918395996094
0.001978158950805664
0.0019621849060058594
0.0015091896057128906
0.004000186920166016
0.003331422805786133
0.0010099411010742188
0.0018470287322998047
0.0015285015106201172
0.0018389225006103516
0.009469747543334961
0.001214742660522461
0.002057313919067383
0.0008707046508789062
0.0024857521057128906
0.003517627716064453
0.0010020732879638672
0.0012993812561035156
0.0018117427825927734
0.003078937530517578
0.0033185482025146484
0.0008478164672851562
0.0008652210235595703
0.0034275054931640625
0.0009033679962158203
0.006259441375732422
0.0006477832794189453
0.0009136199951171875
0.0009074211120605469
0.0031807422637939453
0.0006520748138427734
0.0015223026275634766
0.004615068435668945
0.003022432327270508
0.0011167526245117188
0.0008053779602050781
0.0006415843963623047
0.0021085739135742188
0.0022864341735839844
0.0034682750701904297
0.004198312759399414
0.0026819705963134766
0.0005602836608886719
0.002015829086303711
0.0032372474670410156
0.0055925846099853516
0.0005254745483398438
0.001786947250366211
0.0009872913360595703
0.0016508102416992188
0.0008015632629394531
0.0012807846069335938
0.0034589767456054688
