9.179115295410156e-05
6.246566772460938e-05
9.036064147949219e-05
0.00027751922607421875
7.224082946777344e-05
1.9073486328125e-05
8.296966552734375e-05
8.702278137207031e-05
7.62939453125e-05
6.723403930664062e-05
0.000102996826171875
8.630752563476562e-05
0.00010991096496582031
0.00010561943054199219
8.559226989746094e-05
8.606910705566406e-05
9.083747863769531e-05
9.202957153320312e-05
9.465217590332031e-05
9.298324584960938e-05
0.00010824203491210938
0.00017905235290527344
8.940696716308594e-05
7.033348083496094e-05
9.512901306152344e-05
0.00012946128845214844
0.00015974044799804688
3.24249267578125e-05
0.00016379356384277344
0.00010347366333007812
9.369850158691406e-05
9.799003601074219e-05
0.00011467933654785156
0.00010204315185546875
8.916854858398438e-05
0.000102996826171875
0.00010561943054199219
1.6927719116210938e-05
7.319450378417969e-05
6.079673767089844e-05
0.0001304149627685547
9.250640869140625e-05
6.961822509765625e-05
6.246566772460938e-05
9.918212890625e-05
5.6743621826171875e-05
2.288818359375e-05
2.1696090698242188e-05
9.274482727050781e-05
6.365776062011719e-05
7.605552673339844e-05
5.1975250244140625e-05
0.00013375282287597656
0.00014066696166992188
5.793571472167969e-05
5.364418029785156e-05
8.034706115722656e-05
5.841255187988281e-05
0.00011992454528808594
0.0001010894775390625
6.818771362304688e-05
6.508827209472656e-05
8.535385131835938e-05
5.555152893066406e-05
0.0001888275146484375
7.152557373046875e-05
6.937980651855469e-05
6.127357482910156e-05
5.5789947509765625e-05
4.649162292480469e-05
7.939338684082031e-05
6.747245788574219e-05
0.00010538101196289062
5.078315734863281e-05
7.62939453125e-05
0.00019359588623046875
5.745887756347656e-05
5.412101745605469e-05
0.00011467933654785156
0.0001506805419921875
6.699562072753906e-05
6.341934204101562e-05
0.00012922286987304688
2.3126602172851562e-05
7.009506225585938e-05
5.984306335449219e-05
0.00014925003051757812
7.772445678710938e-05
6.818771362304688e-05
8.988380432128906e-05
0.00012826919555664062
8.654594421386719e-05
0.00014901161193847656
0.00010395050048828125
7.653236389160156e-05
7.486343383789062e-05
7.414817810058594e-05
6.246566772460938e-05
6.4849853515625e-05
6.604194641113281e-05
0.00011944770812988281
8.511543273925781e-05
6.651878356933594e-05
8.702278137207031e-05
5.91278076171875e-05
8.392333984375e-05
8.58306884765625e-05
6.699562072753906e-05
0.00011229515075683594
8.487701416015625e-05
5.745887756347656e-05
0.00011920928955078125
5.91278076171875e-05
0.00010251998901367188
0.00010800361633300781
9.441375732421875e-05
0.00012230873107910156
0.00011754035949707031
0.00010991096496582031
8.7738037109375e-05
8.869171142578125e-05
0.00011110305786132812
6.794929504394531e-05
0.00019788742065429688
5.9604644775390625e-05
0.00011086463928222656
9.298324584960938e-05
8.225440979003906e-05
0.00011134147644042969
7.581710815429688e-05
7.724761962890625e-05
9.5367431640625e-05
0.00010585784912109375
9.1552734375e-05
9.5367431640625e-05
0.0001049041748046875
7.62939453125e-05
7.82012939453125e-05
0.0001277923583984375
0.00010323524475097656
0.00017189979553222656
9.441375732421875e-05
0.0001163482666015625
7.724761962890625e-05
0.00015735626220703125
8.58306884765625e-05
0.00020503997802734375
0.00010275840759277344
0.0001342296600341797
0.00010347366333007812
7.510185241699219e-05
8.797645568847656e-05
0.0001690387725830078
0.00028014183044433594
0.0001361370086669922
6.818771362304688e-05
6.270408630371094e-05
0.00011229515075683594
0.0001430511474609375
9.584426879882812e-05
3.361701965332031e-05
9.1552734375e-05
8.273124694824219e-05
0.00012445449829101562
6.723403930664062e-05
0.00010180473327636719
8.368492126464844e-05
7.462501525878906e-05
0.00010848045349121094
0.00012493133544921875
9.989738464355469e-05
8.130073547363281e-05
9.465217590332031e-05
8.344650268554688e-05
7.581710815429688e-05
0.00015401840209960938
7.605552673339844e-05
0.00010895729064941406
7.176399230957031e-05
6.67572021484375e-05
7.915496826171875e-05
7.581710815429688e-05
8.463859558105469e-05
6.937980651855469e-05
7.581710815429688e-05
7.653236389160156e-05
0.0001373291015625
0.00011467933654785156
0.00010991096496582031
7.62939453125e-05
7.295608520507812e-05
0.00018787384033203125
0.0001220703125
0.0002856254577636719
2.2649765014648438e-05
8.0108642578125e-05
8.320808410644531e-05
0.00010633468627929688
9.417533874511719e-05
4.839897155761719e-05
4.863739013671875e-05
6.008148193359375e-05
