303	id-00000	6	3	10	4	1700.0	1700.0	1701.0	1701.198	1704.0	92.664	COMPLETED
303	id-00001	9	11	9	4	1700.0	1700.0	1700.9	1701.1259	1704.0	125.096	COMPLETED
303	id-00002	3	2	1	5	1702.0	1702.0	1702.05	1702.2658	1707.0	2.317	COMPLETED
303	id-00003	1	2	3	7	1703.0	1703.0	1703.45	1703.5703	1710.0	6.95	COMPLETED
303	id-00004	6	6	6	2	1703.0	1703.0	1703.9	1704.3999	1705.0	83.398	COMPLETED
303	id-00005	5	2	6	5	1703.0	1703.0	1703.9	1704.3904	1708.0	69.498	COMPLETED
303	id-00006	8	8	8	5	1705.0	1705.0	1705.4	1705.8515	1710.0	49.421	COMPLETED
303	id-00007	2	3	9	4	1706.0	1706.0	1706.45	1706.7008	1710.0	13.9	COMPLETED
303	id-00008	5	8	2	6	1709.0	1709.0	1709.1	1709.4302	1715.0	7.722	COMPLETED
303	id-00009	3	4	5	1	1711.0	1711.0	1711.5	1712.0	1712.0	23.166	EXPIRED
303	id-00010	8	15	2	7	1711.0	1711.0	1711.2	1711.3246	1718.0	24.71	COMPLETED
303	id-00011	3	3	6	7	1712.0	1712.0	1712.3	1712.665	1719.0	13.9	COMPLETED
303	id-00012	10	20	4	4	1714.0	1714.0	1714.2	1714.3057	1718.0	30.888	COMPLETED
303	id-00013	3	4	8	4	1715.0	1715.0	1715.8	1716.2105	1719.0	37.066	COMPLETED
303	id-00014	2	3	2	5	1715.0	1715.0	1715.2	1715.67	1720.0	6.178	COMPLETED
303	id-00015	4	7	8	4	1717.0	1717.0	1717.4	1717.5619	1721.0	24.71	COMPLETED
303	id-00016	9	6	6	7	1719.0	1719.0	1719.3	1719.4282	1726.0	41.699	COMPLETED
303	id-00017	4	5	3	3	1720.0	1720.0	1720.3	1720.6917	1723.0	18.533	COMPLETED
303	id-00018	1	2	10	1	1720.0	1720.0	1721.0	1721.0	1721.0	15.444	EXPIRED
303	id-00019	4	8	1	2	1722.0	1722.0	1722.15	1722.3689	1724.0	9.266	COMPLETED
303	id-00020	10	14	6	7	1722.0	1722.0	1722.9	1723.1402	1729.0	138.996	COMPLETED
303	id-00021	6	11	7	2	1722.0	1722.0	1723.05	1724.0	1724.0	97.297	EXPIRED
303	id-00022	6	9	5	6	1724.0	1724.0	1724.25	1724.7331	1730.0	23.166	COMPLETED
303	id-00023	3	5	2	4	1725.0	1725.0	1725.1	1725.5106	1729.0	4.633	COMPLETED
303	id-00024	1	2	7	2	1726.0	1726.0	1727.05	1728.0	1728.0	16.216	EXPIRED
303	id-00025	6	11	1	7	1726.0	1726.0	1726.15	1726.5149	1733.0	13.9	COMPLETED
303	id-00026	2	3	8	6	1726.0	1726.0	1727.2	1727.6578	1732.0	37.066	COMPLETED
303	id-00027	4	5	2	1	1728.0	1728.0	1728.2	1729.0	1729.0	12.355	EXPIRED
303	id-00028	10	19	1	3	1728.0	1728.0	1728.1	1728.2821	1731.0	15.444	COMPLETED
303	id-00029	8	12	3	1	1729.0	1729.0	1729.15	1730.0	1730.0	18.533	EXPIRED
303	id-00030	7	3	5	6	1732.0	1732.0	1732.24	1732.5027	1738.0	23.683	COMPLETED
303	id-00031	10	19	6	7	1732.0	1732.0	1732.6	1732.7775	1739.0	92.664	COMPLETED
303	id-00032	6	11	5	5	1732.0	1732.0	1732.5	1732.8146	1737.0	46.332	COMPLETED
303	id-00033	3	2	1	6	1733.0	1733.0	1733.05	1733.3073	1739.0	2.317	COMPLETED
303	id-00034	6	6	1	5	1735.0	1735.0	1735.1	1735.3813	1740.0	9.266	COMPLETED
303	id-00035	2	4	3	3	1735.0	1735.0	1735.29	1735.5054	1738.0	6.223	COMPLETED
303	id-00036	8	7	1	2	1736.0	1736.0	1736.05	1736.4964	1738.0	5.706	COMPLETED
303	id-00037	2	2	1	7	1739.0	1739.0	1739.05	1739.4605	1746.0	1.073	COMPLETED
303	id-00038	5	8	1	1	1740.0	1740.0	1740.15	1741.0	1741.0	11.583	EXPIRED
303	id-00039	7	7	6	2	1740.0	1740.0	1740.9	1741.1017	1742.0	97.297	COMPLETED
303	id-00040	2	3	8	4	1740.0	1740.0	1741.2	1741.5437	1744.0	37.066	COMPLETED
303	id-00041	5	7	2	7	1741.0	1741.0	1741.11	1741.593	1748.0	8.494	COMPLETED
303	id-00042	3	6	2	7	1743.0	1743.0	1743.22	1743.4707	1750.0	10.193	COMPLETED
303	id-00043	6	4	3	1	1743.0	1743.0	1743.33	1744.0	1744.0	30.579	EXPIRED
303	id-00044	5	8	1	2	1747.0	1747.0	1747.05	1747.1835	1749.0	3.861	COMPLETED
303	id-00045	8	16	7	1	1748.0	1748.0	1748.7	1749.0	1749.0	86.486	EXPIRED
303	id-00046	8	8	4	1	1748.0	1748.0	1748.4	1749.0	1749.0	49.421	EXPIRED
303	id-00047	7	13	2	4	1750.0	1750.0	1750.1	1750.3559	1754.0	10.811	COMPLETED
303	id-00048	6	11	4	1	1753.0	1753.0	1753.2	1754.0	1754.0	18.533	EXPIRED
303	id-00049	10	6	5	3	1754.0	1754.0	1754.5	1754.8164	1757.0	77.22	COMPLETED
303	id-00050	10	11	5	4	1754.0	1754.0	1754.5	1754.8415	1758.0	77.22	COMPLETED
303	id-00051	6	3	6	2	1755.0	1755.0	1755.6	1755.9662	1757.0	55.598	COMPLETED
303	id-00052	7	11	10	5	1755.0	1755.0	1756.0	1756.2052	1760.0	108.108	COMPLETED
303	id-00053	2	4	4	1	1757.0	1757.0	1757.4	1758.0	1758.0	12.355	EXPIRED
303	id-00054	8	14	4	3	1757.0	1757.0	1757.4	1757.7162	1760.0	49.421	COMPLETED
303	id-00055	2	2	8	5	1759.0	1759.0	1759.8	1760.0543	1764.0	24.71	COMPLETED
303	id-00056	9	6	6	2	1759.0	1759.0	1759.6	1759.7907	1761.0	83.398	COMPLETED
303	id-00057	6	4	10	6	1760.0	1760.0	1761.0	1761.3295	1766.0	92.664	COMPLETED
303	id-00058	7	6	8	3	1760.0	1760.0	1760.8	1761.1088	1763.0	86.486	COMPLETED
303	id-00059	10	18	3	2	1763.0	1763.0	1763.15	1763.5756	1765.0	23.166	COMPLETED
303	id-00060	4	8	1	5	1764.0	1764.0	1764.05	1764.4706	1769.0	3.089	COMPLETED
303	id-00061	3	6	7	4	1765.0	1765.0	1765.35	1765.6723	1769.0	16.216	COMPLETED
303	id-00062	5	10	1	7	1767.0	1767.0	1767.05	1767.4944	1774.0	3.861	COMPLETED
303	id-00063	1	2	3	7	1768.0	1768.0	1768.3	1768.6755	1775.0	4.633	COMPLETED
303	id-00064	4	7	10	4	1768.0	1768.0	1769.0	1769.274	1772.0	61.776	COMPLETED
303	id-00065	3	4	8	3	1769.0	1769.0	1769.4	1769.6301	1772.0	18.533	COMPLETED
303	id-00066	4	6	8	4	1770.0	1770.0	1770.4	1770.7416	1774.0	24.71	COMPLETED
303	id-00067	6	12	2	1	1773.0	1773.0	1773.1	1774.0	1774.0	9.266	EXPIRED
303	id-00068	4	3	1	4	1774.0	1774.0	1774.1	1774.5696	1778.0	6.178	COMPLETED
303	id-00069	7	5	2	7	1774.0	1774.0	1774.2	1774.6006	1781.0	21.622	COMPLETED
303	id-00070	6	12	6	4	1775.0	1775.0	1775.3	1775.4536	1779.0	27.799	COMPLETED
303	id-00071	6	3	10	6	1777.0	1777.0	1777.5	1777.9281	1783.0	46.332	COMPLETED
303	id-00072	9	14	6	5	1778.0	1778.0	1778.3	1778.6928	1783.0	41.699	COMPLETED
303	id-00073	8	5	9	3	1779.0	1779.0	1779.45	1779.6955	1782.0	55.598	COMPLETED
303	id-00074	8	12	9	3	1780.0	1780.0	1780.9	1781.3653	1783.0	111.197	COMPLETED
303	id-00075	9	16	5	6	1780.0	1780.0	1780.5	1780.9303	1786.0	69.498	COMPLETED
303	id-00076	4	8	6	5	1780.0	1780.0	1780.29	1780.5072	1785.0	15.181	COMPLETED
303	id-00077	9	9	5	1	1782.0	1782.0	1782.25	1783.0	1783.0	34.749	EXPIRED
303	id-00078	4	5	2	6	1783.0	1783.0	1783.3	1783.7676	1789.0	18.533	COMPLETED
303	id-00079	10	7	4	2	1783.0	1783.0	1783.6	1783.9493	1785.0	92.664	COMPLETED
303	id-00080	5	5	5	3	1783.0	1783.0	1783.75	1783.9625	1786.0	57.915	COMPLETED
303	id-00081	9	9	4	7	1785.0	1785.0	1785.2	1785.4432	1792.0	27.799	COMPLETED
303	id-00082	8	14	7	6	1787.0	1787.0	1787.7	1787.9721	1793.0	86.486	COMPLETED
303	id-00083	8	8	5	4	1787.0	1787.0	1787.5	1787.7709	1791.0	61.776	COMPLETED
303	id-00084	8	10	4	7	1788.0	1788.0	1788.4	1788.8722	1795.0	49.421	COMPLETED
303	id-00085	7	12	1	1	1788.0	1788.0	1788.1	1789.0	1789.0	10.811	EXPIRED
303	id-00086	7	14	2	3	1792.0	1792.0	1792.2	1792.6194	1795.0	21.622	COMPLETED
303	id-00087	7	11	5	7	1792.0	1792.0	1792.5	1792.702	1799.0	54.054	COMPLETED
303	id-00088	8	5	1	2	1792.0	1792.0	1792.05	1792.3497	1794.0	6.178	COMPLETED
303	id-00089	2	3	9	3	1794.0	1794.0	1794.45	1794.5559	1797.0	13.9	COMPLETED
303	id-00090	4	8	4	2	1795.0	1795.0	1795.4	1795.764	1797.0	24.71	COMPLETED
303	id-00091	2	3	6	4	1795.0	1795.0	1795.6	1795.9154	1799.0	18.533	COMPLETED
303	id-00092	2	2	9	4	1796.0	1796.0	1796.9	1797.2338	1800.0	27.799	COMPLETED
303	id-00093	1	2	2	3	1796.0	1796.0	1796.2	1796.3168	1799.0	3.089	COMPLETED
303	id-00094	5	2	10	3	1798.0	1798.0	1798.5	1798.7994	1801.0	38.61	COMPLETED
303	id-00095	9	9	6	4	1799.0	1799.0	1799.3	1799.7569	1803.0	41.699	COMPLETED
303	id-00096	7	7	4	3	1802.0	1802.0	1802.4	1802.7294	1805.0	43.243	COMPLETED
303	id-00097	9	17	4	5	1802.0	1802.0	1802.4	1802.62	1807.0	55.598	COMPLETED
303	id-00098	1	2	6	6	1803.0	1803.0	1803.6	1803.8913	1809.0	9.266	COMPLETED
303	id-00099	1	2	2	1	1803.0	1803.0	1803.2	1804.0	1804.0	3.089	EXPIRED
303	id-00100	5	4	6	6	1805.0	1805.0	1805.3	1805.6435	1811.0	23.166	COMPLETED
303	id-00101	2	4	7	1	1806.0	1806.0	1806.35	1807.0	1807.0	10.811	EXPIRED
303	id-00102	6	3	8	4	1807.0	1807.0	1807.4	1807.6468	1811.0	37.066	COMPLETED
303	id-00103	7	6	3	2	1808.0	1808.0	1808.3	1808.4002	1810.0	32.432	COMPLETED
303	id-00104	9	14	6	7	1808.0	1808.0	1808.6	1809.0616	1815.0	83.398	COMPLETED
303	id-00105	10	12	7	5	1813.0	1813.0	1813.7	1814.1634	1818.0	108.108	COMPLETED
303	id-00106	3	3	5	5	1813.0	1813.0	1813.5	1813.8834	1818.0	23.166	COMPLETED
303	id-00107	2	4	10	7	1814.0	1814.0	1814.5	1814.6885	1821.0	15.444	COMPLETED
303	id-00108	8	14	6	6	1822.0	1822.0	1822.3	1822.6783	1828.0	37.066	COMPLETED
303	id-00109	5	2	8	7	1824.0	1824.0	1825.2	1825.3751	1831.0	92.664	COMPLETED
303	id-00110	3	6	9	6	1824.0	1824.0	1825.35	1825.6962	1830.0	62.548	COMPLETED
303	id-00111	4	5	5	5	1824.0	1824.0	1824.75	1825.2482	1829.0	46.332	COMPLETED
303	id-00112	2	4	3	4	1827.0	1827.0	1827.45	1827.7355	1831.0	13.9	COMPLETED
303	id-00113	8	8	9	1	1827.0	1827.0	1828.35	1828.0	1828.0	166.795	EXPIRED
303	id-00114	4	5	6	5	1827.0	1827.0	1827.9	1828.2395	1832.0	55.598	COMPLETED
303	id-00115	5	3	3	4	1828.0	1828.0	1828.5	1828.8161	1832.0	38.61	COMPLETED
303	id-00116	5	10	2	7	1828.0	1828.0	1828.33	1828.4813	1835.0	25.483	COMPLETED
303	id-00117	10	11	5	2	1829.0	1829.0	1829.25	1829.4699	1831.0	38.61	COMPLETED
303	id-00118	1	2	2	6	1829.0	1829.0	1829.33	1829.7304	1835.0	5.097	COMPLETED
303	id-00119	7	13	3	7	1829.0	1829.0	1829.5	1829.8842	1836.0	54.054	COMPLETED
303	id-00120	5	6	3	4	1830.0	1830.0	1830.3	1830.755	1834.0	23.166	COMPLETED
303	id-00121	2	2	10	4	1830.0	1830.0	1831.0	1831.3842	1834.0	30.888	COMPLETED
303	id-00122	8	8	9	7	1831.0	1831.0	1831.45	1831.7669	1838.0	55.598	COMPLETED
303	id-00123	10	12	10	1	1832.0	1832.0	1833.0	1833.0	1833.0	154.44	EXPIRED
303	id-00124	4	7	2	2	1832.0	1832.0	1832.2	1832.3515	1834.0	12.355	COMPLETED
303	id-00125	8	9	9	5	1833.0	1833.0	1834.35	1834.5615	1838.0	166.795	COMPLETED
303	id-00126	2	4	1	5	1833.0	1833.0	1833.15	1833.5114	1838.0	4.633	COMPLETED
303	id-00127	7	8	3	4	1833.0	1833.0	1833.45	1833.7211	1837.0	48.649	COMPLETED
303	id-00128	9	9	7	3	1835.0	1835.0	1835.35	1835.6941	1838.0	48.649	COMPLETED
303	id-00129	3	6	9	4	1836.0	1836.0	1836.45	1836.8878	1840.0	20.849	COMPLETED
303	id-00130	7	6	10	4	1837.0	1837.0	1838.0	1838.1059	1841.0	108.108	COMPLETED
303	id-00131	3	5	8	6	1837.0	1837.0	1837.8	1838.2586	1843.0	37.066	COMPLETED
303	id-00132	6	4	7	4	1838.0	1838.0	1838.35	1838.5293	1842.0	32.432	COMPLETED
303	id-00133	7	5	9	3	1839.0	1839.0	1839.45	1839.6702	1842.0	48.649	COMPLETED
303	id-00134	1	2	2	6	1841.0	1841.0	1841.1	1841.5785	1847.0	1.544	COMPLETED
303	id-00135	7	3	2	3	1842.0	1842.0	1842.1	1842.2558	1845.0	10.811	COMPLETED
303	id-00136	8	16	8	7	1845.0	1845.0	1846.2	1846.6893	1852.0	148.262	COMPLETED
303	id-00137	10	12	1	4	1845.0	1845.0	1845.15	1845.5571	1849.0	23.166	COMPLETED
303	id-00138	1	2	1	4	1845.0	1845.0	1845.15	1845.6129	1849.0	2.317	COMPLETED
303	id-00139	6	6	7	2	1845.0	1845.0	1845.7	1846.1653	1847.0	64.865	COMPLETED
303	id-00140	4	6	5	7	1845.0	1845.0	1845.5	1845.8283	1852.0	30.888	COMPLETED
303	id-00141	3	6	9	7	1846.0	1846.0	1846.75	1846.9734	1853.0	34.749	COMPLETED
303	id-00142	6	5	9	5	1848.0	1848.0	1848.75	1848.9088	1853.0	69.498	COMPLETED
303	id-00143	9	14	4	4	1849.0	1849.0	1849.33	1849.5399	1853.0	45.869	COMPLETED
303	id-00144	1	2	10	5	1850.0	1850.0	1851.0	1851.3198	1855.0	15.444	COMPLETED
303	id-00145	3	4	10	3	1850.0	1850.0	1851.0	1851.2596	1853.0	46.332	COMPLETED
303	id-00146	7	3	1	6	1851.0	1851.0	1851.05	1851.2525	1857.0	5.405	COMPLETED
303	id-00147	7	10	4	2	1852.0	1852.0	1852.6	1852.7831	1854.0	64.865	COMPLETED
303	id-00148	7	13	1	6	1852.0	1852.0	1852.15	1852.3744	1858.0	16.216	COMPLETED
303	id-00149	3	6	10	4	1852.0	1852.0	1853.5	1853.9639	1856.0	69.498	COMPLETED
303	id-00150	5	8	8	2	1853.0	1853.0	1853.47	1853.618	1855.0	36.293	COMPLETED
303	id-00151	6	8	10	3	1855.0	1855.0	1855.5	1855.6928	1858.0	46.332	COMPLETED
303	id-00152	9	17	7	3	1856.0	1856.0	1856.35	1856.5918	1859.0	48.649	COMPLETED
303	id-00153	10	6	5	7	1858.0	1858.0	1858.25	1858.3868	1865.0	38.61	COMPLETED
303	id-00154	5	10	6	4	1861.0	1861.0	1861.9	1862.035	1865.0	69.498	COMPLETED
303	id-00155	9	17	2	1	1861.0	1861.0	1861.3	1862.0	1862.0	41.699	EXPIRED
303	id-00156	10	3	8	3	1861.0	1861.0	1861.4	1861.5474	1864.0	61.776	COMPLETED
303	id-00157	1	2	8	6	1861.0	1861.0	1862.2	1862.4986	1867.0	18.533	COMPLETED
303	id-00158	9	13	8	5	1862.0	1862.0	1862.42	1862.7108	1867.0	58.378	COMPLETED
303	id-00159	10	4	8	1	1863.0	1863.0	1863.42	1864.0	1864.0	64.865	EXPIRED
303	id-00160	10	7	4	4	1865.0	1865.0	1865.2	1865.5798	1869.0	30.888	COMPLETED
303	id-00161	4	8	2	7	1866.0	1866.0	1866.2	1866.4865	1873.0	12.355	COMPLETED
303	id-00162	1	2	10	6	1866.0	1866.0	1867.0	1867.251	1872.0	15.444	COMPLETED
303	id-00163	8	16	8	4	1868.0	1868.0	1868.4	1868.5713	1872.0	49.421	COMPLETED
303	id-00164	6	8	3	7	1871.0	1871.0	1871.3	1871.5702	1878.0	27.799	COMPLETED
303	id-00165	5	6	5	3	1871.0	1871.0	1871.5	1871.9349	1874.0	38.61	COMPLETED
303	id-00166	9	2	5	3	1872.0	1872.0	1872.25	1872.6549	1875.0	34.749	COMPLETED
303	id-00167	8	6	8	4	1874.0	1874.0	1874.8	1875.0217	1878.0	98.842	COMPLETED
303	id-00168	9	15	7	7	1874.0	1874.0	1874.7	1874.8199	1881.0	97.297	COMPLETED
303	id-00169	3	5	4	4	1875.0	1875.0	1875.2	1875.4201	1879.0	9.266	COMPLETED
303	id-00170	4	5	6	1	1876.0	1876.0	1876.3	1877.0	1877.0	18.533	EXPIRED
303	id-00171	8	13	9	2	1878.0	1878.0	1878.9	1879.2384	1880.0	111.197	COMPLETED
303	id-00172	9	11	2	5	1878.0	1878.0	1878.2	1878.6583	1883.0	27.799	COMPLETED
303	id-00173	7	3	9	2	1878.0	1878.0	1878.82	1879.1809	1880.0	88.649	COMPLETED
303	id-00174	4	6	8	6	1878.0	1878.0	1878.73	1879.0445	1884.0	31.332	COMPLETED
303	id-00175	7	6	8	1	1880.0	1880.0	1880.8	1881.0	1881.0	86.486	EXPIRED
303	id-00176	8	12	10	1	1880.0	1880.0	1881.0	1881.0	1881.0	123.552	EXPIRED
303	id-00177	10	2	9	3	1880.0	1880.0	1880.41	1880.8449	1883.0	55.589	COMPLETED
303	id-00178	1	2	9	6	1881.0	1881.0	1882.35	1882.7485	1887.0	20.849	COMPLETED
303	id-00179	5	7	6	1	1881.0	1881.0	1881.9	1882.0	1882.0	69.498	EXPIRED
303	id-00180	5	7	5	7	1881.0	1881.0	1881.75	1882.1686	1888.0	57.915	COMPLETED
303	id-00181	10	5	8	1	1885.0	1885.0	1885.8	1886.0	1886.0	123.552	EXPIRED
303	id-00182	7	9	6	4	1885.0	1885.0	1885.6	1886.0319	1889.0	64.865	COMPLETED
303	id-00183	8	3	2	7	1886.0	1886.0	1886.1	1886.4662	1893.0	12.355	COMPLETED
303	id-00184	2	2	4	5	1887.0	1887.0	1887.4	1887.7226	1892.0	12.355	COMPLETED
303	id-00185	6	7	4	1	1887.0	1887.0	1887.4	1888.0	1888.0	37.066	EXPIRED
303	id-00186	8	6	5	5	1888.0	1888.0	1888.25	1888.4935	1893.0	30.888	COMPLETED
303	id-00187	7	10	10	4	1890.0	1890.0	1891.0	1891.1001	1894.0	108.108	COMPLETED
303	id-00188	8	11	9	2	1890.0	1890.0	1890.9	1891.1698	1892.0	111.197	COMPLETED
303	id-00189	8	7	2	5	1893.0	1893.0	1893.1	1893.4932	1898.0	12.355	COMPLETED
303	id-00190	10	18	1	2	1895.0	1895.0	1895.1	1895.4934	1897.0	15.444	COMPLETED
303	id-00191	2	3	9	7	1895.0	1895.0	1895.38	1895.8382	1902.0	4.572	COMPLETED
303	id-00192	10	10	2	3	1895.0	1895.0	1895.2	1895.3471	1898.0	30.888	COMPLETED
303	id-00193	3	5	3	1	1896.0	1896.0	1896.15	1897.0	1897.0	6.95	EXPIRED
303	id-00194	9	12	2	1	1898.0	1898.0	1898.2	1899.0	1899.0	27.799	EXPIRED
303	id-00195	7	4	8	3	1898.0	1898.0	1898.8	1899.1568	1901.0	86.486	COMPLETED
303	id-00196	2	4	7	2	1899.0	1899.0	1899.35	1899.5845	1901.0	10.811	COMPLETED
303	id-00197	7	9	6	6	1900.0	1900.0	1900.6	1900.7879	1906.0	64.865	COMPLETED
303	id-00198	6	2	2	1	1900.0	1900.0	1900.2	1901.0	1901.0	18.533	EXPIRED
303	id-00199	6	5	7	3	1901.0	1901.0	1901.35	1901.533	1904.0	32.432	COMPLETED
303	id-00200	5	2	1	3	1903.0	1903.0	1903.1	1903.5549	1906.0	7.722	COMPLETED
303	id-00201	3	3	1	1	1903.0	1903.0	1903.1	1904.0	1904.0	4.633	EXPIRED
303	id-00202	6	11	1	2	1904.0	1904.0	1904.05	1904.404	1906.0	4.633	COMPLETED
303	id-00203	10	7	4	3	1905.0	1905.0	1905.2	1905.5019	1908.0	30.888	COMPLETED
303	id-00204	5	9	8	6	1906.0	1906.0	1906.8	1906.9537	1912.0	61.776	COMPLETED
303	id-00205	1	2	5	1	1906.0	1906.0	1906.5	1907.0	1907.0	7.722	EXPIRED
303	id-00206	7	12	2	3	1909.0	1909.0	1909.1	1909.5094	1912.0	10.811	COMPLETED
303	id-00207	10	6	3	7	1910.0	1910.0	1910.15	1910.3157	1917.0	23.166	COMPLETED
303	id-00208	10	2	5	1	1913.0	1913.0	1913.25	1914.0	1914.0	38.61	EXPIRED
303	id-00209	1	2	5	1	1914.0	1914.0	1914.25	1915.0	1915.0	3.861	EXPIRED
303	id-00210	7	4	9	5	1917.0	1917.0	1917.45	1917.6424	1922.0	48.649	COMPLETED
303	id-00211	10	17	6	4	1918.0	1918.0	1918.6	1918.8234	1922.0	92.664	COMPLETED
303	id-00212	2	2	4	2	1918.0	1918.0	1918.4	1918.8416	1920.0	12.355	COMPLETED
303	id-00213	2	3	7	3	1919.0	1919.0	1919.35	1919.6119	1922.0	10.811	COMPLETED
303	id-00214	2	2	10	7	1920.0	1920.0	1921.0	1921.1957	1927.0	30.888	COMPLETED
303	id-00215	5	3	4	7	1920.0	1920.0	1920.4	1920.6886	1927.0	30.888	COMPLETED
303	id-00216	6	7	8	2	1922.0	1922.0	1922.4	1922.7879	1924.0	37.066	COMPLETED
303	id-00217	2	3	4	5	1923.0	1923.0	1923.4	1923.6391	1928.0	12.355	COMPLETED
303	id-00218	6	4	5	5	1923.0	1923.0	1923.5	1923.8559	1928.0	46.332	COMPLETED
303	id-00219	7	6	10	1	1925.0	1925.0	1925.5	1926.0	1926.0	54.054	EXPIRED
303	id-00220	5	2	7	3	1926.0	1926.0	1926.35	1926.6445	1929.0	27.027	COMPLETED
303	id-00221	1	2	5	7	1927.0	1927.0	1927.75	1928.1741	1934.0	11.583	COMPLETED
303	id-00222	10	15	3	1	1927.0	1927.0	1927.45	1928.0	1928.0	69.498	EXPIRED
303	id-00223	8	13	9	2	1927.0	1927.0	1927.78	1928.1191	1929.0	96.371	COMPLETED
303	id-00224	6	10	1	6	1927.0	1927.0	1927.09	1927.5679	1933.0	5.794	COMPLETED
303	id-00225	9	18	9	2	1927.0	1927.0	1928.35	1929.0	1929.0	187.645	EXPIRED
303	id-00226	1	2	1	5	1928.0	1928.0	1928.18	1928.6716	1933.0	2.78	COMPLETED
303	id-00227	8	8	4	5	1928.0	1928.0	1928.17	1928.355	1933.0	16.196	COMPLETED
303	id-00228	6	12	5	3	1928.0	1928.0	1928.91	1929.3793	1931.0	84.324	COMPLETED
303	id-00229	4	2	9	1	1929.0	1929.0	1929.39	1930.0	1930.0	13.062	EXPIRED
303	id-00230	9	17	4	7	1929.0	1929.0	1929.36	1929.4956	1936.0	50.039	COMPLETED
303	id-00231	6	8	2	3	1930.0	1930.0	1930.1	1930.4752	1933.0	9.266	COMPLETED
303	id-00232	6	10	8	6	1934.0	1934.0	1934.4	1934.6969	1940.0	37.066	COMPLETED
303	id-00233	3	2	5	7	1935.0	1935.0	1935.25	1935.5399	1942.0	11.583	COMPLETED
303	id-00234	6	3	8	7	1937.0	1937.0	1937.4	1937.8699	1944.0	37.066	COMPLETED
303	id-00235	6	7	1	6	1938.0	1938.0	1938.1	1938.2667	1944.0	9.266	COMPLETED
303	id-00236	4	2	7	3	1938.0	1938.0	1938.7	1939.0459	1941.0	43.243	COMPLETED
303	id-00237	6	12	8	7	1941.0	1941.0	1941.4	1941.8649	1948.0	37.066	COMPLETED
303	id-00238	1	2	2	4	1943.0	1943.0	1943.2	1943.4909	1947.0	3.089	COMPLETED
303	id-00239	4	2	9	4	1943.0	1943.0	1943.9	1944.2438	1947.0	55.598	COMPLETED
303	id-00240	1	2	3	2	1944.0	1944.0	1944.3	1944.7668	1946.0	4.633	COMPLETED
303	id-00241	7	7	1	3	1944.0	1944.0	1944.1	1944.5066	1947.0	10.811	COMPLETED
303	id-00242	6	10	6	5	1945.0	1945.0	1945.3	1945.7348	1950.0	27.799	COMPLETED
303	id-00243	4	7	4	2	1946.0	1946.0	1946.2	1946.3472	1948.0	12.355	COMPLETED
303	id-00244	1	2	7	6	1948.0	1948.0	1948.35	1948.7244	1954.0	5.405	COMPLETED
303	id-00245	4	6	7	6	1949.0	1949.0	1950.05	1950.4727	1955.0	64.865	COMPLETED
303	id-00246	4	3	5	5	1949.0	1949.0	1949.75	1950.2288	1954.0	46.332	COMPLETED
303	id-00247	2	4	7	7	1949.0	1949.0	1950.05	1950.2939	1956.0	32.432	COMPLETED
303	id-00248	6	7	6	5	1950.0	1950.0	1950.43	1950.7237	1955.0	39.846	COMPLETED
303	id-00249	1	2	7	4	1951.0	1951.0	1951.5	1951.96	1955.0	7.722	COMPLETED
303	id-00250	2	4	4	6	1953.0	1953.0	1953.57	1953.8145	1959.0	17.606	COMPLETED
303	id-00251	10	3	7	7	1953.0	1953.0	1954.0	1954.2928	1960.0	154.44	COMPLETED
303	id-00252	4	8	6	6	1956.0	1956.0	1956.3	1956.5254	1962.0	18.533	COMPLETED
303	id-00253	9	9	7	7	1958.0	1958.0	1958.35	1958.6702	1965.0	48.649	COMPLETED
303	id-00254	1	2	3	5	1960.0	1960.0	1960.3	1960.5165	1965.0	4.633	COMPLETED
303	id-00255	5	8	3	2	1960.0	1960.0	1960.3	1960.7556	1962.0	23.166	COMPLETED
303	id-00256	3	2	9	3	1962.0	1962.0	1962.9	1963.0219	1965.0	41.699	COMPLETED
303	id-00257	3	5	9	6	1962.0	1962.0	1962.9	1963.1458	1968.0	41.699	COMPLETED
303	id-00258	10	17	5	5	1963.0	1963.0	1963.5	1963.7611	1968.0	77.22	COMPLETED
303	id-00259	3	4	6	5	1963.0	1963.0	1963.6	1963.9589	1968.0	27.799	COMPLETED
303	id-00260	5	6	1	6	1965.0	1965.0	1965.1	1965.5348	1971.0	7.722	COMPLETED
303	id-00261	10	12	8	2	1965.0	1965.0	1965.8	1966.0785	1967.0	123.552	COMPLETED
303	id-00262	1	2	6	4	1966.0	1966.0	1966.3	1966.7931	1970.0	4.633	COMPLETED
303	id-00263	3	2	1	2	1967.0	1967.0	1967.05	1967.2726	1969.0	2.317	COMPLETED
303	id-00264	3	5	8	4	1969.0	1969.0	1969.8	1970.2664	1973.0	37.066	COMPLETED
303	id-00265	3	4	4	3	1969.0	1969.0	1969.4	1969.8749	1972.0	18.533	COMPLETED
303	id-00266	1	2	1	2	1970.0	1970.0	1970.05	1970.3715	1972.0	0.772	COMPLETED
303	id-00267	8	9	3	5	1973.0	1973.0	1973.45	1973.7863	1978.0	55.598	COMPLETED
303	id-00268	4	3	6	4	1973.0	1973.0	1973.9	1974.3242	1977.0	55.598	COMPLETED
303	id-00269	6	5	2	2	1973.0	1973.0	1973.3	1973.781	1975.0	27.799	COMPLETED
303	id-00270	10	19	9	1	1974.0	1974.0	1974.45	1975.0	1975.0	69.498	EXPIRED
303	id-00271	2	2	6	7	1975.0	1975.0	1975.6	1976.0915	1982.0	18.533	COMPLETED
303	id-00272	5	10	8	2	1975.0	1975.0	1975.8	1976.0064	1977.0	61.776	COMPLETED
303	id-00273	3	2	6	7	1976.0	1976.0	1976.6	1976.7972	1983.0	27.799	COMPLETED
303	id-00274	5	8	6	1	1976.0	1976.0	1976.6	1977.0	1977.0	46.332	EXPIRED
303	id-00275	1	2	2	3	1977.0	1977.0	1977.1	1977.2396	1980.0	1.544	COMPLETED
303	id-00276	9	16	9	3	1979.0	1979.0	1980.35	1980.6277	1982.0	187.645	COMPLETED
303	id-00277	1	2	9	3	1979.0	1979.0	1980.35	1980.4785	1982.0	20.849	COMPLETED
303	id-00278	4	6	10	6	1979.0	1979.0	1980.5	1980.725	1985.0	92.664	COMPLETED
303	id-00279	1	2	8	4	1980.0	1980.0	1981.33	1981.6472	1984.0	20.541	COMPLETED
303	id-00280	1	2	3	4	1981.0	1981.0	1981.6	1981.9359	1985.0	9.266	COMPLETED
303	id-00281	9	18	10	6	1981.0	1981.0	1981.5	1981.901	1987.0	69.498	COMPLETED
303	id-00282	1	2	5	5	1984.0	1984.0	1986.0	1986.2464	1989.0	30.888	COMPLETED
303	id-00283	2	4	8	7	1984.0	1984.0	1987.2	1987.6851	1991.0	98.842	COMPLETED
303	id-00284	10	4	1	7	1984.0	1984.0	1984.05	1984.5014	1991.0	7.722	COMPLETED
303	id-00285	10	6	7	4	1988.0	1988.0	1988.35	1988.8373	1992.0	54.054	COMPLETED
303	id-00286	2	2	10	5	1990.0	1990.0	1991.43	1991.6957	1995.0	44.17	COMPLETED
303	id-00287	3	6	4	5	1990.0	1990.0	1990.57	1991.0691	1995.0	26.409	COMPLETED
303	id-00288	8	10	2	4	1990.0	1990.0	1990.29	1990.5208	1994.0	33.096	COMPLETED
303	id-00289	3	3	2	5	1991.0	1991.0	1991.21	1991.6973	1996.0	9.73	COMPLETED
303	id-00290	10	6	2	2	1991.0	1991.0	1991.21	1991.4879	1993.0	30.453	COMPLETED
303	id-00291	2	4	7	4	1992.0	1992.0	1992.37	1992.6209	1996.0	7.94	COMPLETED
303	id-00292	2	2	1	4	1993.0	1993.0	1993.05	1993.414	1997.0	1.073	COMPLETED
303	id-00293	5	10	7	4	1997.0	1997.0	1997.7	1997.8742	2001.0	54.054	COMPLETED
303	id-00294	1	2	9	5	1997.0	1997.0	1997.9	1998.3103	2002.0	13.9	COMPLETED
303	id-00295	5	9	9	4	1998.0	1998.0	1999.35	1999.8062	2002.0	104.247	COMPLETED
303	id-00296	2	3	10	4	1998.0	1998.0	1999.5	1999.8426	2002.0	46.332	COMPLETED
303	id-00297	4	6	2	6	1998.0	1998.0	1998.3	1998.6297	2004.0	18.533	COMPLETED
303	id-00298	8	15	3	2	1999.0	1999.0	1999.46	1999.9406	2001.0	56.834	COMPLETED
303	id-00299	4	7	5	5	1999.0	1999.0	1999.77	2000.0735	2004.0	47.568	COMPLETED
303	id-00300	9	5	9	5	2000.0	2000.0	2000.9	2001.3014	2005.0	125.096	COMPLETED
303	id-00301	7	6	9	6	2000.0	2000.0	2000.9	2001.0379	2006.0	97.297	COMPLETED
303	id-00302	9	3	3	5	2001.0	2001.0	2001.15	2006.0	2006.0	None	SUBMITTED
