302	id-00000	6	12	3	4	1700.0	1700.0	1700.3	1700.7973	1704.0	27.799	COMPLETED
302	id-00001	5	4	10	4	1700.0	1700.0	1701.0	1701.3816	1704.0	77.22	COMPLETED
302	id-00002	7	4	1	5	1701.0	1701.0	1701.05	1701.2562	1706.0	5.405	COMPLETED
302	id-00003	4	3	4	2	1704.0	1704.0	1704.2	1704.4866	1706.0	12.355	COMPLETED
302	id-00004	10	19	3	2	1705.0	1705.0	1705.45	1705.7736	1707.0	69.498	COMPLETED
302	id-00005	7	9	1	2	1705.0	1705.0	1705.09	1705.4481	1707.0	9.73	COMPLETED
302	id-00006	9	2	5	2	1705.0	1705.0	1705.21	1705.5167	1707.0	21.27	COMPLETED
302	id-00007	5	6	3	3	1705.0	1705.0	1705.45	1705.6672	1708.0	34.749	COMPLETED
302	id-00008	4	4	3	1	1705.0	1705.0	1705.45	1706.0	1706.0	27.799	EXPIRED
302	id-00009	9	6	5	3	1705.0	1705.0	1705.45	1705.6661	1708.0	54.063	COMPLETED
302	id-00010	3	4	9	3	1706.0	1706.0	1706.45	1706.6558	1709.0	20.849	COMPLETED
302	id-00011	8	3	7	4	1710.0	1710.0	1710.35	1710.6314	1714.0	43.243	COMPLETED
302	id-00012	9	9	3	2	1713.0	1713.0	1713.3	1713.7614	1715.0	41.699	COMPLETED
302	id-00013	1	2	1	3	1713.0	1713.0	1713.1	1713.4688	1716.0	1.544	COMPLETED
302	id-00014	5	5	10	4	1715.0	1715.0	1715.5	1715.934	1719.0	38.61	COMPLETED
302	id-00015	4	5	2	4	1716.0	1716.0	1716.1	1716.4369	1720.0	6.178	COMPLETED
302	id-00016	9	16	2	3	1718.0	1718.0	1718.2	1718.6317	1721.0	27.799	COMPLETED
302	id-00017	1	2	9	4	1718.0	1718.0	1718.9	1719.1039	1722.0	13.9	COMPLETED
302	id-00018	10	17	1	1	1722.0	1722.0	1722.05	1723.0	1723.0	7.722	EXPIRED
302	id-00019	9	15	4	5	1723.0	1723.0	1723.2	1723.4689	1728.0	27.799	COMPLETED
302	id-00020	9	3	3	4	1724.0	1724.0	1724.15	1724.633	1728.0	20.849	COMPLETED
302	id-00021	4	3	2	3	1725.0	1725.0	1725.2	1725.5251	1728.0	12.355	COMPLETED
302	id-00022	6	7	9	3	1725.0	1725.0	1725.9	1726.2401	1728.0	83.398	COMPLETED
302	id-00023	1	2	10	3	1727.0	1727.0	1727.5	1727.8519	1730.0	7.722	COMPLETED
302	id-00024	3	2	7	5	1729.0	1729.0	1729.35	1729.6184	1734.0	16.216	COMPLETED
302	id-00025	8	14	5	5	1730.0	1730.0	1730.25	1730.4943	1735.0	30.888	COMPLETED
302	id-00026	7	14	9	5	1733.0	1733.0	1733.45	1733.6054	1738.0	48.649	COMPLETED
302	id-00027	6	8	1	1	1736.0	1736.0	1736.1	1737.0	1737.0	9.266	EXPIRED
302	id-00028	5	10	6	4	1736.0	1736.0	1736.57	1736.847	1740.0	38.641	COMPLETED
302	id-00029	7	9	6	3	1737.0	1737.0	1737.29	1737.6414	1740.0	28.617	COMPLETED
302	id-00030	1	2	6	3	1738.0	1738.0	1738.86	1739.2725	1741.0	13.282	COMPLETED
302	id-00031	10	19	4	4	1738.0	1738.0	1738.57	1738.7161	1742.0	88.031	COMPLETED
302	id-00032	1	2	10	2	1738.0	1738.0	1739.43	1740.0	1740.0	8.603	EXPIRED
302	id-00033	7	7	9	2	1739.0	1739.0	1739.9	1740.1538	1741.0	97.297	COMPLETED
302	id-00034	6	10	3	3	1739.0	1739.0	1739.3	1739.4415	1742.0	27.799	COMPLETED
302	id-00035	6	3	6	3	1740.0	1740.0	1740.3	1740.6297	1743.0	27.799	COMPLETED
302	id-00036	10	12	8	4	1741.0	1741.0	1741.4	1741.8631	1745.0	61.776	COMPLETED
302	id-00037	7	6	3	1	1742.0	1742.0	1742.45	1743.0	1743.0	48.649	EXPIRED
302	id-00038	9	17	5	2	1742.0	1742.0	1742.75	1743.069	1744.0	104.247	COMPLETED
302	id-00039	5	2	8	4	1742.0	1742.0	1742.38	1742.753	1746.0	25.761	COMPLETED
302	id-00040	3	4	3	3	1742.0	1742.0	1742.45	1742.8912	1745.0	20.849	COMPLETED
302	id-00041	6	10	2	4	1743.0	1743.0	1743.3	1743.6698	1747.0	27.799	COMPLETED
302	id-00042	10	19	8	1	1743.0	1743.0	1744.2	1744.0	1744.0	185.328	EXPIRED
302	id-00043	2	4	2	5	1743.0	1743.0	1743.3	1743.6735	1748.0	9.266	COMPLETED
302	id-00044	9	10	5	3	1744.0	1744.0	1744.5	1744.6976	1747.0	69.498	COMPLETED
302	id-00045	3	3	3	5	1745.0	1745.0	1745.15	1745.4624	1750.0	6.95	COMPLETED
302	id-00046	4	3	1	5	1746.0	1746.0	1746.05	1746.2394	1751.0	3.089	COMPLETED
302	id-00047	4	4	9	1	1747.0	1747.0	1747.45	1748.0	1748.0	27.799	EXPIRED
302	id-00048	7	12	3	5	1749.0	1749.0	1749.15	1749.5765	1754.0	16.216	COMPLETED
302	id-00049	10	16	9	3	1751.0	1751.0	1751.45	1751.8674	1754.0	69.498	COMPLETED
302	id-00050	10	9	9	5	1754.0	1754.0	1754.45	1754.7466	1759.0	69.498	COMPLETED
302	id-00051	4	6	8	1	1756.0	1756.0	1756.4	1757.0	1757.0	24.71	EXPIRED
302	id-00052	8	2	3	4	1759.0	1759.0	1759.15	1759.4325	1763.0	18.533	COMPLETED
302	id-00053	10	20	8	1	1760.0	1760.0	1760.8	1761.0	1761.0	123.552	EXPIRED
302	id-00054	10	7	1	3	1760.0	1760.0	1760.1	1760.4985	1763.0	15.444	COMPLETED
302	id-00055	3	5	3	5	1760.0	1760.0	1760.14	1760.4937	1765.0	3.847	COMPLETED
302	id-00056	5	5	3	2	1762.0	1762.0	1762.3	1762.5453	1764.0	23.166	COMPLETED
302	id-00057	3	3	5	5	1762.0	1762.0	1762.5	1762.8601	1767.0	23.166	COMPLETED
302	id-00058	9	10	6	4	1767.0	1767.0	1767.3	1767.7314	1771.0	41.699	COMPLETED
302	id-00059	10	3	5	3	1768.0	1768.0	1768.5	1768.9298	1771.0	77.22	COMPLETED
302	id-00060	3	5	3	4	1768.0	1768.0	1768.3	1768.4886	1772.0	13.9	COMPLETED
302	id-00061	7	2	10	4	1769.0	1769.0	1769.5	1769.6833	1773.0	54.054	COMPLETED
302	id-00062	4	5	3	5	1770.0	1770.0	1770.3	1770.6864	1775.0	18.533	COMPLETED
302	id-00063	3	3	5	3	1770.0	1770.0	1770.5	1770.807	1773.0	23.166	COMPLETED
302	id-00064	9	9	1	3	1772.0	1772.0	1772.05	1772.3566	1775.0	6.95	COMPLETED
302	id-00065	9	11	4	4	1774.0	1774.0	1774.4	1774.7902	1778.0	55.598	COMPLETED
302	id-00066	4	4	1	5	1774.0	1774.0	1774.1	1774.5502	1779.0	6.178	COMPLETED
302	id-00067	8	3	1	3	1774.0	1774.0	1774.05	1774.29	1777.0	5.235	COMPLETED
302	id-00068	10	6	6	2	1775.0	1775.0	1775.3	1775.5484	1777.0	46.332	COMPLETED
302	id-00069	10	8	10	4	1777.0	1777.0	1777.5	1777.6539	1781.0	77.22	COMPLETED
302	id-00070	10	4	5	1	1778.0	1778.0	1778.25	1779.0	1779.0	38.61	EXPIRED
302	id-00071	4	8	4	2	1779.0	1779.0	1779.4	1779.8394	1781.0	24.71	COMPLETED
302	id-00072	6	12	7	3	1779.0	1779.0	1779.7	1780.0968	1782.0	64.865	COMPLETED
302	id-00073	2	4	7	4	1780.0	1780.0	1780.35	1780.7819	1784.0	10.811	COMPLETED
302	id-00074	10	20	8	3	1781.0	1781.0	1781.8	1782.1018	1784.0	123.552	COMPLETED
302	id-00075	9	14	4	3	1781.0	1781.0	1781.4	1781.6839	1784.0	55.598	COMPLETED
302	id-00076	7	13	10	2	1782.0	1782.0	1782.5	1782.9551	1784.0	54.054	COMPLETED
302	id-00077	8	14	7	5	1783.0	1783.0	1783.7	1783.9226	1788.0	86.486	COMPLETED
302	id-00078	8	9	9	1	1783.0	1783.0	1783.9	1784.0	1784.0	111.197	EXPIRED
302	id-00079	6	3	9	5	1784.0	1784.0	1784.9	1785.3915	1789.0	83.398	COMPLETED
302	id-00080	7	13	6	1	1784.0	1784.0	1784.6	1785.0	1785.0	64.865	EXPIRED
302	id-00081	6	2	1	4	1786.0	1786.0	1786.05	1786.4235	1790.0	4.633	COMPLETED
302	id-00082	8	9	2	2	1787.0	1787.0	1787.1	1787.5629	1789.0	12.355	COMPLETED
302	id-00083	9	10	4	4	1788.0	1788.0	1788.2	1788.4887	1792.0	27.799	COMPLETED
302	id-00084	4	7	6	2	1792.0	1792.0	1792.3	1792.5199	1794.0	18.533	COMPLETED
302	id-00085	10	5	1	1	1794.0	1794.0	1794.05	1795.0	1795.0	7.722	EXPIRED
302	id-00086	6	7	3	5	1798.0	1798.0	1798.15	1798.4348	1803.0	13.9	COMPLETED
302	id-00087	8	8	8	2	1800.0	1800.0	1800.4	1800.8271	1802.0	49.421	COMPLETED
302	id-00088	4	8	9	2	1802.0	1802.0	1802.45	1802.5765	1804.0	27.799	COMPLETED
302	id-00089	10	14	10	5	1803.0	1803.0	1803.5	1803.841	1808.0	77.22	COMPLETED
302	id-00090	2	4	5	5	1806.0	1806.0	1806.25	1806.574	1811.0	7.722	COMPLETED
302	id-00091	1	2	1	4	1807.0	1807.0	1807.2	1807.6376	1811.0	3.089	COMPLETED
302	id-00092	1	2	8	3	1807.0	1807.0	1808.6	1808.7206	1810.0	24.71	COMPLETED
302	id-00093	3	6	6	1	1807.0	1807.0	1808.2	1808.0	1808.0	55.598	EXPIRED
302	id-00094	1	2	2	3	1807.0	1807.0	1807.4	1807.6159	1810.0	6.178	COMPLETED
302	id-00095	6	9	5	1	1808.0	1808.0	1808.31	1809.0	1809.0	28.726	EXPIRED
302	id-00096	6	10	6	2	1811.0	1811.0	1811.6	1811.7302	1813.0	55.598	COMPLETED
302	id-00097	9	6	1	4	1811.0	1811.0	1811.1	1811.5371	1815.0	13.9	COMPLETED
302	id-00098	6	2	6	1	1812.0	1812.0	1812.6	1813.0	1813.0	55.598	EXPIRED
302	id-00099	8	8	5	4	1812.0	1812.0	1812.5	1812.7562	1816.0	61.776	COMPLETED
302	id-00100	5	7	10	4	1816.0	1816.0	1816.5	1816.7927	1820.0	38.61	COMPLETED
302	id-00101	10	19	9	1	1817.0	1817.0	1817.45	1818.0	1818.0	69.498	EXPIRED
302	id-00102	4	3	10	3	1818.0	1818.0	1818.5	1818.6546	1821.0	30.888	COMPLETED
302	id-00103	1	2	2	1	1819.0	1819.0	1819.2	1820.0	1820.0	3.089	EXPIRED
302	id-00104	7	4	1	3	1819.0	1819.0	1819.1	1819.3856	1822.0	10.811	COMPLETED
302	id-00105	4	5	7	2	1820.0	1820.0	1820.35	1820.6658	1822.0	21.622	COMPLETED
302	id-00106	3	3	4	1	1821.0	1821.0	1821.2	1822.0	1822.0	9.266	EXPIRED
302	id-00107	10	10	3	5	1822.0	1822.0	1822.3	1822.6294	1827.0	46.332	COMPLETED
302	id-00108	8	14	8	4	1822.0	1822.0	1822.8	1823.0175	1826.0	98.842	COMPLETED
302	id-00109	8	4	4	5	1822.0	1822.0	1822.2	1822.4418	1827.0	24.71	COMPLETED
302	id-00110	1	2	3	4	1823.0	1823.0	1823.45	1823.6988	1827.0	6.95	COMPLETED
302	id-00111	1	2	2	4	1823.0	1823.0	1823.3	1823.7874	1827.0	4.633	COMPLETED
302	id-00112	7	13	5	2	1823.0	1823.0	1823.75	1823.8555	1825.0	81.081	COMPLETED
302	id-00113	8	13	7	1	1825.0	1825.0	1825.35	1826.0	1826.0	43.243	EXPIRED
302	id-00114	7	10	6	1	1826.0	1826.0	1826.3	1827.0	1827.0	32.432	EXPIRED
302	id-00115	2	2	8	3	1827.0	1827.0	1828.6	1828.7812	1830.0	49.421	COMPLETED
302	id-00116	2	4	3	2	1827.0	1827.0	1827.6	1827.7578	1829.0	18.533	COMPLETED
302	id-00117	4	7	10	4	1827.0	1827.0	1829.0	1829.2221	1831.0	123.552	COMPLETED
302	id-00118	2	4	3	5	1827.0	1827.0	1827.6	1828.0168	1832.0	18.533	COMPLETED
302	id-00119	7	4	8	2	1828.0	1828.0	1828.4	1828.7364	1830.0	43.243	COMPLETED
302	id-00120	4	7	5	4	1828.0	1828.0	1828.71	1828.9818	1832.0	43.861	COMPLETED
302	id-00121	8	7	1	3	1828.0	1828.0	1828.14	1828.3515	1831.0	17.297	COMPLETED
302	id-00122	1	2	3	2	1829.0	1829.0	1829.21	1829.4741	1831.0	3.243	COMPLETED
302	id-00123	3	6	10	5	1831.0	1831.0	1832.0	1832.1694	1836.0	46.332	COMPLETED
302	id-00124	10	11	5	5	1831.0	1831.0	1831.5	1831.744	1836.0	77.22	COMPLETED
302	id-00125	5	7	6	3	1832.0	1832.0	1832.9	1833.2976	1835.0	69.498	COMPLETED
302	id-00126	4	4	8	4	1832.0	1832.0	1833.2	1833.3403	1836.0	74.131	COMPLETED
302	id-00127	6	2	4	4	1832.0	1832.0	1832.6	1832.7012	1836.0	55.598	COMPLETED
302	id-00128	9	4	8	4	1836.0	1836.0	1836.8	1837.1523	1840.0	111.197	COMPLETED
302	id-00129	1	2	2	1	1836.0	1836.0	1836.2	1837.0	1837.0	3.089	EXPIRED
302	id-00130	9	9	4	5	1837.0	1837.0	1837.4	1837.8746	1842.0	55.598	COMPLETED
302	id-00131	4	7	4	5	1837.0	1837.0	1837.4	1837.8062	1842.0	24.71	COMPLETED
302	id-00132	6	4	3	3	1838.0	1838.0	1838.45	1838.7747	1841.0	41.699	COMPLETED
302	id-00133	1	2	7	5	1838.0	1838.0	1839.05	1839.2417	1843.0	16.216	COMPLETED
302	id-00134	5	4	10	5	1838.0	1838.0	1839.5	1839.7189	1843.0	115.83	COMPLETED
302	id-00135	8	2	6	2	1839.0	1839.0	1839.86	1840.1444	1841.0	106.255	COMPLETED
302	id-00136	4	8	10	4	1839.0	1839.0	1840.43	1840.6011	1843.0	88.34	COMPLETED
302	id-00137	2	4	9	5	1840.0	1840.0	1840.56	1840.7434	1845.0	17.297	COMPLETED
302	id-00138	1	2	7	3	1841.0	1841.0	1841.88	1842.2929	1844.0	13.591	COMPLETED
302	id-00139	5	2	7	5	1841.0	1841.0	1841.88	1842.1478	1846.0	67.954	COMPLETED
302	id-00140	9	7	6	5	1842.0	1842.0	1842.75	1842.8579	1847.0	104.247	COMPLETED
302	id-00141	1	2	7	3	1842.0	1842.0	1842.88	1843.3109	1845.0	13.591	COMPLETED
302	id-00142	2	3	3	3	1843.0	1843.0	1843.19	1843.5331	1846.0	5.869	COMPLETED
302	id-00143	2	3	8	1	1844.0	1844.0	1845.5	1845.0	1845.0	46.332	EXPIRED
302	id-00144	5	6	5	5	1844.0	1844.0	1844.94	1845.0988	1849.0	72.587	COMPLETED
302	id-00145	3	2	7	1	1844.0	1844.0	1845.31	1845.0	1845.0	60.695	EXPIRED
302	id-00146	1	2	5	1	1845.0	1845.0	1845.67	1846.0	1846.0	10.347	EXPIRED
302	id-00147	2	3	6	2	1845.0	1845.0	1845.8	1846.2702	1847.0	24.71	COMPLETED
302	id-00148	2	2	8	1	1846.0	1846.0	1846.53	1847.0	1847.0	16.371	EXPIRED
302	id-00149	5	7	6	5	1847.0	1847.0	1847.4	1847.7023	1852.0	30.888	COMPLETED
302	id-00150	1	2	2	3	1848.0	1848.0	1848.13	1848.4866	1851.0	2.008	COMPLETED
302	id-00151	10	13	7	3	1849.0	1849.0	1849.47	1849.8843	1852.0	72.587	COMPLETED
302	id-00152	1	2	5	4	1850.0	1850.0	1850.25	1850.5272	1854.0	3.861	COMPLETED
302	id-00153	3	5	4	4	1851.0	1851.0	1851.2	1851.6296	1855.0	9.266	COMPLETED
302	id-00154	6	6	6	5	1852.0	1852.0	1852.6	1852.8702	1857.0	55.598	COMPLETED
302	id-00155	10	9	10	5	1852.0	1852.0	1853.0	1853.4395	1857.0	154.44	COMPLETED
302	id-00156	5	7	4	1	1854.0	1854.0	1854.2	1855.0	1855.0	15.444	EXPIRED
302	id-00157	5	9	3	5	1855.0	1855.0	1855.15	1855.3149	1860.0	11.583	COMPLETED
302	id-00158	8	5	8	5	1860.0	1860.0	1860.8	1861.2955	1865.0	98.842	COMPLETED
302	id-00159	5	6	8	5	1860.0	1860.0	1860.8	1861.0687	1865.0	61.776	COMPLETED
302	id-00160	1	2	4	1	1862.0	1862.0	1862.2	1863.0	1863.0	3.089	EXPIRED
302	id-00161	10	11	6	5	1863.0	1863.0	1863.3	1863.6309	1868.0	46.332	COMPLETED
302	id-00162	10	11	6	5	1864.0	1864.0	1864.3	1864.5903	1869.0	46.332	COMPLETED
302	id-00163	5	10	8	3	1865.0	1865.0	1865.4	1865.682	1868.0	30.888	COMPLETED
302	id-00164	5	2	4	2	1866.0	1866.0	1866.4	1866.5222	1868.0	30.888	COMPLETED
302	id-00165	3	3	2	1	1866.0	1866.0	1866.2	1867.0	1867.0	9.266	EXPIRED
302	id-00166	6	6	5	1	1867.0	1867.0	1867.25	1868.0	1868.0	23.166	EXPIRED
302	id-00167	5	2	3	1	1868.0	1868.0	1868.15	1869.0	1869.0	11.583	EXPIRED
302	id-00168	9	4	10	4	1869.0	1869.0	1870.0	1870.4099	1873.0	138.996	COMPLETED
302	id-00169	9	11	7	2	1869.0	1869.0	1869.7	1869.9354	1871.0	97.297	COMPLETED
302	id-00170	4	8	5	2	1870.0	1870.0	1870.25	1870.403	1872.0	15.444	COMPLETED
302	id-00171	4	2	1	4	1871.0	1871.0	1871.05	1871.4627	1875.0	3.089	COMPLETED
302	id-00172	5	8	1	2	1873.0	1873.0	1873.05	1873.2241	1875.0	3.861	COMPLETED
302	id-00173	4	3	4	4	1874.0	1874.0	1874.2	1874.3325	1878.0	12.355	COMPLETED
302	id-00174	9	2	10	3	1877.0	1877.0	1878.0	1878.3697	1880.0	138.996	COMPLETED
302	id-00175	1	2	6	4	1877.0	1877.0	1877.6	1877.7836	1881.0	9.266	COMPLETED
302	id-00176	1	2	2	1	1878.0	1878.0	1878.1	1879.0	1879.0	1.544	EXPIRED
302	id-00177	4	8	5	2	1879.0	1879.0	1879.25	1879.6084	1881.0	15.444	COMPLETED
302	id-00178	5	9	4	3	1881.0	1881.0	1881.4	1881.7252	1884.0	30.888	COMPLETED
302	id-00179	6	9	2	2	1881.0	1881.0	1881.2	1881.3371	1883.0	18.533	COMPLETED
302	id-00180	9	5	6	2	1886.0	1886.0	1886.3	1886.7304	1888.0	41.699	COMPLETED
302	id-00181	8	7	9	4	1888.0	1888.0	1888.45	1888.6798	1892.0	55.598	COMPLETED
302	id-00182	6	7	1	2	1890.0	1890.0	1890.05	1890.2634	1892.0	4.633	COMPLETED
302	id-00183	7	8	8	5	1891.0	1891.0	1891.8	1892.109	1896.0	86.486	COMPLETED
302	id-00184	10	6	2	4	1891.0	1891.0	1891.08	1891.5635	1895.0	9.338	COMPLETED
302	id-00185	9	8	8	4	1891.0	1891.0	1891.8	1891.9817	1895.0	111.197	COMPLETED
302	id-00186	7	2	5	3	1893.0	1893.0	1893.25	1893.7094	1896.0	27.027	COMPLETED
302	id-00187	9	2	6	1	1894.0	1894.0	1894.3	1895.0	1895.0	41.699	EXPIRED
302	id-00188	4	8	9	5	1898.0	1898.0	1898.45	1898.888	1903.0	27.799	COMPLETED
302	id-00189	3	4	9	1	1899.0	1899.0	1899.45	1900.0	1900.0	20.849	EXPIRED
302	id-00190	2	4	5	1	1900.0	1900.0	1900.25	1901.0	1901.0	7.722	EXPIRED
302	id-00191	6	12	3	2	1902.0	1902.0	1902.3	1902.562	1904.0	27.799	COMPLETED
302	id-00192	10	16	5	5	1902.0	1902.0	1902.5	1902.8312	1907.0	77.22	COMPLETED
302	id-00193	6	6	2	2	1903.0	1903.0	1903.1	1903.372	1905.0	9.266	COMPLETED
302	id-00194	3	2	3	5	1904.0	1904.0	1904.15	1904.3854	1909.0	6.95	COMPLETED
302	id-00195	6	3	4	2	1906.0	1906.0	1906.2	1906.3031	1908.0	18.533	COMPLETED
302	id-00196	1	2	10	5	1907.0	1907.0	1908.0	1908.1307	1912.0	15.444	COMPLETED
302	id-00197	7	14	2	3	1907.0	1907.0	1907.2	1907.5834	1910.0	21.622	COMPLETED
302	id-00198	9	10	6	3	1908.0	1908.0	1908.3	1908.4028	1911.0	41.699	COMPLETED
302	id-00199	10	15	9	3	1909.0	1909.0	1909.45	1909.779	1912.0	69.498	COMPLETED
302	id-00200	9	12	6	3	1910.0	1910.0	1910.3	1910.5936	1913.0	41.699	COMPLETED
302	id-00201	7	8	10	1	1911.0	1911.0	1911.5	1912.0	1912.0	54.054	EXPIRED
302	id-00202	3	5	9	2	1915.0	1915.0	1915.9	1916.3684	1917.0	41.699	COMPLETED
302	id-00203	2	4	9	1	1915.0	1915.0	1915.9	1916.0	1916.0	27.799	EXPIRED
302	id-00204	2	3	7	3	1917.0	1917.0	1917.35	1917.8216	1920.0	10.811	COMPLETED
302	id-00205	7	8	7	1	1918.0	1918.0	1919.05	1919.0	1919.0	113.513	EXPIRED
302	id-00206	4	6	9	4	1918.0	1918.0	1919.35	1919.7089	1922.0	83.398	COMPLETED
302	id-00207	4	6	10	5	1918.0	1918.0	1919.5	1919.8241	1923.0	92.664	COMPLETED
302	id-00208	6	4	3	3	1919.0	1920.0	1920.15	1920.3555	1922.0	13.9	COMPLETED
302	id-00209	2	2	10	3	1923.0	1923.0	1923.5	1923.9878	1926.0	15.444	COMPLETED
302	id-00210	9	16	3	2	1924.0	1924.0	1924.15	1924.3378	1926.0	20.849	COMPLETED
302	id-00211	8	14	6	2	1926.0	1926.0	1926.6	1926.8821	1928.0	74.131	COMPLETED
302	id-00212	10	11	2	2	1926.0	1926.0	1926.2	1926.5242	1928.0	30.888	COMPLETED
302	id-00213	5	2	10	2	1926.0	1926.0	1926.43	1926.8779	1928.0	21.042	COMPLETED
302	id-00214	8	5	2	3	1927.0	1927.0	1927.1	1927.2704	1930.0	12.355	COMPLETED
302	id-00215	9	4	6	1	1928.0	1928.0	1928.9	1929.0	1929.0	125.096	EXPIRED
302	id-00216	4	6	6	1	1928.0	1928.0	1928.9	1929.0	1929.0	55.598	EXPIRED
302	id-00217	1	2	3	1	1928.0	1928.0	1928.45	1929.0	1929.0	6.95	EXPIRED
302	id-00218	4	3	5	2	1929.0	1929.0	1929.25	1929.4805	1931.0	15.444	COMPLETED
302	id-00219	6	12	5	5	1930.0	1930.0	1930.5	1930.8719	1935.0	46.332	COMPLETED
302	id-00220	2	3	4	2	1930.0	1930.0	1930.4	1930.8089	1932.0	12.355	COMPLETED
302	id-00221	10	14	8	3	1932.0	1932.0	1932.4	1932.8579	1935.0	61.776	COMPLETED
302	id-00222	9	12	10	5	1933.0	1933.0	1933.5	1933.9885	1938.0	69.498	COMPLETED
302	id-00223	10	11	10	5	1935.0	1935.0	1936.0	1936.443	1940.0	154.44	COMPLETED
302	id-00224	2	2	10	5	1935.0	1935.0	1936.0	1936.2217	1940.0	30.888	COMPLETED
302	id-00225	2	2	5	3	1936.0	1936.0	1936.75	1936.8577	1939.0	23.166	COMPLETED
302	id-00226	3	5	8	4	1936.0	1936.0	1937.2	1937.586	1940.0	55.598	COMPLETED
302	id-00227	7	7	5	5	1936.0	1936.0	1936.75	1937.159	1941.0	81.081	COMPLETED
302	id-00228	8	3	8	2	1937.0	1937.0	1937.94	1938.3134	1939.0	116.139	COMPLETED
302	id-00229	6	3	4	1	1937.0	1937.0	1937.38	1938.0	1938.0	35.212	EXPIRED
302	id-00230	8	12	3	3	1937.0	1937.0	1937.35	1937.474	1940.0	43.243	COMPLETED
302	id-00231	10	4	7	2	1937.0	1937.0	1937.67	1938.1073	1939.0	97.158	COMPLETED
302	id-00232	8	16	6	5	1938.0	1938.0	1939.06	1939.5576	1943.0	130.965	COMPLETED
302	id-00233	3	6	2	4	1938.0	1938.0	1938.35	1938.4788	1942.0	16.216	COMPLETED
302	id-00234	3	5	6	3	1938.0	1938.0	1939.06	1939.3185	1941.0	49.112	COMPLETED
302	id-00235	10	20	2	2	1939.0	1940.0	1940.2	1941.0	1941.0	30.888	EXPIRED
302	id-00236	5	3	4	3	1940.0	1940.0	1940.4	1940.7101	1943.0	30.888	COMPLETED
302	id-00237	5	6	4	3	1941.0	1941.0	1941.4	1941.8107	1944.0	30.888	COMPLETED
302	id-00238	3	3	1	4	1941.0	1941.0	1941.1	1941.5109	1945.0	4.633	COMPLETED
302	id-00239	6	11	9	4	1942.0	1942.0	1942.9	1943.1141	1946.0	83.398	COMPLETED
302	id-00240	9	10	10	3	1942.0	1942.0	1943.0	1943.4062	1945.0	138.996	COMPLETED
302	id-00241	8	5	2	3	1943.0	1943.0	1943.1	1943.5103	1946.0	12.355	COMPLETED
302	id-00242	2	4	8	5	1944.0	1944.0	1944.8	1945.2607	1949.0	24.71	COMPLETED
302	id-00243	9	13	4	4	1944.0	1944.0	1944.4	1944.6493	1948.0	55.598	COMPLETED
302	id-00244	10	17	5	1	1946.0	1946.0	1946.25	1947.0	1947.0	38.61	EXPIRED
302	id-00245	2	4	6	4	1947.0	1947.0	1947.6	1947.8437	1951.0	18.533	COMPLETED
302	id-00246	7	6	7	1	1947.0	1947.0	1947.7	1948.0	1948.0	75.676	EXPIRED
302	id-00247	10	10	10	4	1950.0	1950.0	1950.5	1950.855	1954.0	77.22	COMPLETED
302	id-00248	9	13	6	5	1954.0	1954.0	1954.3	1954.5178	1959.0	41.699	COMPLETED
302	id-00249	9	4	4	5	1955.0	1955.0	1955.2	1955.6006	1960.0	27.799	COMPLETED
302	id-00250	7	2	9	2	1957.0	1957.0	1957.45	1957.5717	1959.0	48.649	COMPLETED
302	id-00251	9	13	2	2	1959.0	1959.0	1959.2	1959.3468	1961.0	27.799	COMPLETED
302	id-00252	10	7	3	4	1959.0	1959.0	1959.3	1959.5712	1963.0	46.332	COMPLETED
302	id-00253	3	6	6	4	1961.0	1961.0	1961.9	1962.3026	1965.0	41.699	COMPLETED
302	id-00254	5	4	4	1	1961.0	1961.0	1961.6	1962.0	1962.0	46.332	EXPIRED
302	id-00255	10	2	2	4	1961.0	1961.0	1961.3	1961.4933	1965.0	46.332	COMPLETED
302	id-00256	1	2	6	5	1962.0	1962.0	1962.3	1962.4709	1967.0	4.633	COMPLETED
302	id-00257	2	3	10	2	1963.0	1963.0	1963.5	1963.8521	1965.0	15.444	COMPLETED
302	id-00258	10	4	5	3	1964.0	1964.0	1964.25	1964.4618	1967.0	38.61	COMPLETED
302	id-00259	1	2	10	2	1965.0	1965.0	1965.5	1965.6512	1967.0	7.722	COMPLETED
302	id-00260	8	4	3	2	1966.0	1966.0	1966.15	1966.4279	1968.0	18.533	COMPLETED
302	id-00261	1	2	5	1	1967.0	1967.0	1967.75	1968.0	1968.0	11.583	EXPIRED
302	id-00262	4	7	2	3	1967.0	1967.0	1967.3	1967.6797	1970.0	18.533	COMPLETED
302	id-00263	1	2	3	5	1967.0	1967.0	1967.45	1967.6328	1972.0	6.95	COMPLETED
302	id-00264	1	2	3	1	1968.0	1968.0	1968.15	1969.0	1969.0	2.317	EXPIRED
302	id-00265	8	3	3	5	1969.0	1969.0	1969.3	1969.75	1974.0	37.066	COMPLETED
302	id-00266	4	2	10	5	1969.0	1969.0	1970.0	1970.1431	1974.0	61.776	COMPLETED
302	id-00267	8	9	10	4	1970.0	1970.0	1970.5	1970.9507	1974.0	61.776	COMPLETED
302	id-00268	4	7	9	5	1971.0	1971.0	1971.45	1971.7164	1976.0	27.799	COMPLETED
302	id-00269	5	8	3	3	1972.0	1972.0	1972.15	1972.6311	1975.0	11.583	COMPLETED
302	id-00270	5	4	3	3	1973.0	1973.0	1973.15	1973.3569	1976.0	11.583	COMPLETED
302	id-00271	4	4	5	2	1975.0	1975.0	1975.25	1975.6856	1977.0	15.444	COMPLETED
302	id-00272	2	3	7	3	1976.0	1976.0	1976.35	1976.8254	1979.0	10.811	COMPLETED
302	id-00273	8	16	4	3	1977.0	1977.0	1977.2	1977.4909	1980.0	24.71	COMPLETED
302	id-00274	6	12	7	3	1978.0	1978.0	1978.35	1978.5453	1981.0	32.432	COMPLETED
302	id-00275	10	3	10	1	1979.0	1979.0	1980.0	1980.0	1980.0	154.44	EXPIRED
302	id-00276	6	2	6	1	1979.0	1979.0	1979.6	1980.0	1980.0	55.598	EXPIRED
302	id-00277	7	8	10	3	1980.0	1980.0	1981.0	1981.4498	1983.0	108.108	COMPLETED
302	id-00278	8	14	1	4	1980.0	1980.0	1980.1	1980.2333	1984.0	12.355	COMPLETED
302	id-00279	10	3	10	1	1980.0	1980.0	1980.5	1981.0	1981.0	77.22	EXPIRED
302	id-00280	7	10	9	5	1981.0	1981.0	1981.9	1982.2995	1986.0	97.297	COMPLETED
302	id-00281	1	2	1	5	1981.0	1981.0	1981.1	1981.215	1986.0	1.544	COMPLETED
302	id-00282	7	2	3	2	1984.0	1984.0	1984.15	1984.4082	1986.0	16.216	COMPLETED
302	id-00283	2	2	2	2	1985.0	1985.0	1985.1	1985.308	1987.0	3.089	COMPLETED
302	id-00284	4	4	8	4	1987.0	1987.0	1988.2	1988.4083	1991.0	74.131	COMPLETED
302	id-00285	6	11	2	3	1987.0	1987.0	1987.3	1987.7187	1990.0	27.799	COMPLETED
302	id-00286	3	6	6	5	1987.0	1987.0	1987.9	1988.1469	1992.0	41.699	COMPLETED
302	id-00287	5	9	4	5	1988.0	1988.0	1988.5	1988.8241	1993.0	38.61	COMPLETED
302	id-00288	5	8	4	4	1988.0	1988.0	1988.5	1988.9699	1992.0	38.61	COMPLETED
302	id-00289	10	6	9	4	1989.0	1989.0	1989.9	1990.3161	1993.0	138.996	COMPLETED
302	id-00290	7	12	6	4	1989.0	1989.0	1989.75	1990.21	1993.0	81.081	COMPLETED
302	id-00291	8	15	3	5	1989.0	1989.0	1989.38	1989.7577	1994.0	46.95	COMPLETED
302	id-00292	6	2	6	4	1989.0	1989.0	1989.25	1989.5404	1993.0	13.738	COMPLETED
302	id-00293	10	8	2	5	1989.0	1989.0	1989.2	1989.3455	1994.0	30.888	COMPLETED
302	id-00294	9	18	10	2	1991.0	1991.0	1991.48	1991.7987	1993.0	62.193	COMPLETED
302	id-00295	4	2	6	4	1992.0	1992.0	1992.29	1992.4167	1996.0	15.181	COMPLETED
302	id-00296	4	4	3	1	1996.0	1996.0	1996.15	1997.0	1997.0	9.266	EXPIRED
302	id-00297	9	2	8	5	1997.0	1997.0	1997.4	1997.51	2002.0	55.598	COMPLETED
302	id-00298	2	2	7	5	1998.0	1998.0	1998.35	1998.4601	2003.0	10.811	COMPLETED
302	id-00299	2	2	6	5	1999.0	1999.0	1999.3	1999.6697	2004.0	9.266	COMPLETED
302	id-00300	4	8	1	2	2000.0	2000.0	2000.1	2000.4975	2002.0	6.178	COMPLETED
302	id-00301	10	2	3	1	2000.0	2000.0	2000.3	2001.0	2001.0	46.332	EXPIRED
