311	id-00000	6	10	10	6	1704.0	1704.0	1705.5	1705.9402	1710.0	138.996	COMPLETED
311	id-00001	2	2	10	5	1704.0	1704.0	1705.5	1705.8381	1709.0	46.332	COMPLETED
311	id-00002	3	3	3	1	1704.0	1704.0	1704.45	1705.0	1705.0	20.849	EXPIRED
311	id-00003	6	10	5	2	1705.0	1705.0	1705.42	1705.6874	1707.0	38.919	COMPLETED
311	id-00004	3	4	10	3	1706.0	1706.0	1706.45	1706.6799	1709.0	12.364	COMPLETED
311	id-00005	10	14	5	7	1706.0	1706.0	1706.42	1706.6991	1713.0	64.865	COMPLETED
311	id-00006	3	3	6	5	1707.0	1707.0	1707.5	1707.9283	1712.0	23.166	COMPLETED
311	id-00007	1	2	1	7	1708.0	1708.0	1708.08	1708.4732	1715.0	1.236	COMPLETED
311	id-00008	5	4	7	6	1709.0	1709.0	1709.58	1709.9737	1715.0	44.788	COMPLETED
311	id-00009	5	9	4	6	1710.0	1710.0	1710.4	1710.6111	1716.0	30.888	COMPLETED
311	id-00010	5	7	9	5	1710.0	1710.0	1710.9	1711.3465	1715.0	69.498	COMPLETED
311	id-00011	7	11	8	7	1711.0	1711.0	1711.8	1711.9425	1718.0	86.486	COMPLETED
311	id-00012	3	4	5	7	1711.0	1711.0	1711.5	1711.6739	1718.0	23.166	COMPLETED
311	id-00013	6	11	6	3	1712.0	1712.0	1712.3	1712.6861	1715.0	27.799	COMPLETED
311	id-00014	8	14	7	6	1713.0	1713.0	1713.7	1714.1676	1719.0	86.486	COMPLETED
311	id-00015	8	16	7	5	1713.0	1713.0	1713.7	1713.9122	1718.0	86.486	COMPLETED
311	id-00016	8	15	3	3	1717.0	1717.0	1717.3	1717.6883	1720.0	37.066	COMPLETED
311	id-00017	9	16	2	2	1717.0	1717.0	1717.2	1717.6781	1719.0	27.799	COMPLETED
311	id-00018	10	8	10	7	1718.0	1718.0	1718.5	1718.813	1725.0	77.22	COMPLETED
311	id-00019	5	10	5	5	1719.0	1719.0	1719.25	1719.6435	1724.0	19.305	COMPLETED
311	id-00020	1	2	5	3	1720.0	1720.0	1720.25	1720.4056	1723.0	3.861	COMPLETED
311	id-00021	8	4	9	4	1721.0	1721.0	1721.45	1721.8834	1725.0	55.598	COMPLETED
311	id-00022	8	16	2	4	1724.0	1724.0	1724.1	1724.5771	1728.0	12.355	COMPLETED
311	id-00023	6	4	8	5	1726.0	1726.0	1726.4	1726.5436	1731.0	37.066	COMPLETED
311	id-00024	8	3	9	5	1727.0	1727.0	1728.35	1728.4627	1732.0	166.795	COMPLETED
311	id-00025	1	2	8	2	1727.0	1727.0	1728.2	1729.0	1729.0	18.533	EXPIRED
311	id-00026	8	16	7	2	1727.0	1727.0	1728.05	1729.0	1729.0	129.73	EXPIRED
311	id-00027	5	4	1	3	1728.0	1730.0	1730.15	1731.0	1731.0	11.583	EXPIRED
311	id-00028	10	11	8	7	1729.0	1730.0	1731.2	1731.6511	1736.0	185.328	COMPLETED
311	id-00029	5	6	8	1	1730.0	1730.0	1731.2	1731.0	1731.0	92.664	EXPIRED
311	id-00030	7	2	6	4	1732.0	1732.0	1732.3	1732.5151	1736.0	32.432	COMPLETED
311	id-00031	6	9	5	7	1734.0	1734.0	1734.25	1734.6287	1741.0	23.166	COMPLETED
311	id-00032	8	2	10	2	1735.0	1735.0	1735.95	1736.2099	1737.0	117.374	COMPLETED
311	id-00033	10	12	6	4	1735.0	1735.0	1735.57	1735.9894	1739.0	82.657	COMPLETED
311	id-00034	8	11	10	7	1736.0	1736.0	1736.48	1736.773	1743.0	54.78	COMPLETED
311	id-00035	7	9	7	5	1737.0	1737.0	1737.33	1737.6317	1742.0	32.564	COMPLETED
311	id-00036	3	6	1	6	1739.0	1739.0	1739.05	1739.185	1745.0	1.845	COMPLETED
311	id-00037	2	3	5	4	1740.0	1740.0	1740.25	1740.44	1744.0	7.722	COMPLETED
311	id-00038	5	2	1	5	1741.0	1741.0	1741.15	1741.4587	1746.0	11.583	COMPLETED
311	id-00039	6	3	6	2	1741.0	1741.0	1741.9	1742.2374	1743.0	83.398	COMPLETED
311	id-00040	3	2	6	1	1741.0	1741.0	1741.29	1742.0	1742.0	10.702	EXPIRED
311	id-00041	7	8	10	6	1741.0	1741.0	1742.5	1742.7297	1747.0	162.162	COMPLETED
311	id-00042	5	2	2	1	1744.0	1744.0	1744.1	1745.0	1745.0	7.722	EXPIRED
311	id-00043	5	2	10	4	1746.0	1746.0	1746.5	1746.7026	1750.0	38.61	COMPLETED
311	id-00044	6	6	6	5	1747.0	1747.0	1747.29	1747.6328	1752.0	24.138	COMPLETED
311	id-00045	7	14	10	5	1747.0	1747.0	1748.0	1748.2767	1752.0	108.108	COMPLETED
311	id-00046	8	14	3	1	1747.0	1747.0	1747.3	1748.0	1748.0	37.066	EXPIRED
311	id-00047	9	2	10	6	1749.0	1749.0	1749.5	1749.8986	1755.0	69.498	COMPLETED
311	id-00048	9	11	4	5	1750.0	1750.0	1750.4	1750.6495	1755.0	55.598	COMPLETED
311	id-00049	3	6	6	3	1750.0	1750.0	1750.6	1750.8902	1753.0	27.799	COMPLETED
311	id-00050	9	3	2	3	1751.0	1751.0	1751.1	1751.4924	1754.0	13.9	COMPLETED
311	id-00051	7	4	4	1	1752.0	1752.0	1752.6	1753.0	1753.0	64.865	EXPIRED
311	id-00052	3	2	3	2	1752.0	1752.0	1752.45	1752.6511	1754.0	20.849	COMPLETED
311	id-00053	3	4	7	7	1752.0	1752.0	1753.05	1753.3033	1759.0	48.649	COMPLETED
311	id-00054	8	15	1	6	1753.0	1753.0	1753.18	1753.4841	1759.0	22.239	COMPLETED
311	id-00055	2	2	2	6	1753.0	1753.0	1753.35	1753.5545	1759.0	10.811	COMPLETED
311	id-00056	3	5	4	2	1753.0	1753.0	1753.71	1754.0652	1755.0	32.896	COMPLETED
311	id-00057	6	11	4	1	1755.0	1755.0	1755.2	1756.0	1756.0	18.533	EXPIRED
311	id-00058	5	9	2	2	1757.0	1757.0	1757.2	1757.6318	1759.0	15.444	COMPLETED
311	id-00059	4	6	3	6	1757.0	1757.0	1757.3	1757.5055	1763.0	18.533	COMPLETED
311	id-00060	6	5	5	2	1758.0	1758.0	1758.25	1758.6635	1760.0	23.166	COMPLETED
311	id-00061	9	10	2	2	1759.0	1759.0	1759.1	1759.2855	1761.0	13.9	COMPLETED
311	id-00062	9	8	4	5	1760.0	1760.0	1760.2	1760.4296	1765.0	27.799	COMPLETED
311	id-00063	7	5	4	6	1761.0	1761.0	1761.2	1761.6807	1767.0	21.622	COMPLETED
311	id-00064	7	10	9	4	1763.0	1763.0	1763.9	1764.2929	1767.0	97.297	COMPLETED
311	id-00065	1	2	7	7	1763.0	1763.0	1763.7	1764.0396	1770.0	10.811	COMPLETED
311	id-00066	5	3	2	6	1765.0	1765.0	1765.1	1765.4454	1771.0	7.722	COMPLETED
311	id-00067	9	8	1	7	1766.0	1766.0	1766.1	1766.4288	1773.0	13.9	COMPLETED
311	id-00068	4	6	3	6	1766.0	1766.0	1766.3	1766.6897	1772.0	18.533	COMPLETED
311	id-00069	6	4	6	1	1768.0	1768.0	1768.6	1769.0	1769.0	55.598	EXPIRED
311	id-00070	10	20	6	7	1768.0	1768.0	1768.6	1768.8665	1775.0	92.664	COMPLETED
311	id-00071	6	4	3	4	1770.0	1770.0	1770.3	1770.6328	1774.0	27.799	COMPLETED
311	id-00072	3	4	2	5	1770.0	1770.0	1770.2	1770.5394	1775.0	9.266	COMPLETED
311	id-00073	5	10	2	7	1771.0	1771.0	1771.1	1771.5175	1778.0	7.722	COMPLETED
311	id-00074	9	17	8	3	1772.0	1772.0	1772.4	1772.8006	1775.0	55.598	COMPLETED
311	id-00075	9	15	9	4	1774.0	1774.0	1774.9	1775.0392	1778.0	125.096	COMPLETED
311	id-00076	5	4	9	1	1774.0	1774.0	1774.9	1775.0	1775.0	69.498	EXPIRED
311	id-00077	2	3	7	1	1775.0	1775.0	1775.7	1776.0	1776.0	21.622	EXPIRED
311	id-00078	2	4	10	1	1775.0	1775.0	1776.0	1776.0	1776.0	30.888	EXPIRED
311	id-00079	2	3	7	3	1776.0	1776.0	1777.05	1777.4745	1779.0	32.432	COMPLETED
311	id-00080	7	14	8	1	1776.0	1776.0	1777.2	1777.0	1777.0	129.73	EXPIRED
311	id-00081	2	2	7	5	1776.0	1776.0	1777.05	1777.2274	1781.0	32.432	COMPLETED
311	id-00082	4	2	8	1	1779.0	1779.0	1779.4	1780.0	1780.0	24.71	EXPIRED
311	id-00083	1	2	1	1	1780.0	1780.0	1780.05	1781.0	1781.0	0.772	EXPIRED
311	id-00084	2	2	4	7	1781.0	1781.0	1781.4	1781.6824	1788.0	12.355	COMPLETED
311	id-00085	2	4	3	6	1781.0	1781.0	1781.3	1781.7591	1787.0	9.266	COMPLETED
311	id-00086	7	2	7	1	1782.0	1782.0	1782.35	1783.0	1783.0	37.838	EXPIRED
311	id-00087	2	2	2	3	1783.0	1783.0	1783.2	1783.618	1786.0	6.178	COMPLETED
311	id-00088	9	15	6	6	1783.0	1783.0	1783.6	1783.823	1789.0	83.398	COMPLETED
311	id-00089	6	5	9	1	1784.0	1784.0	1784.45	1785.0	1785.0	41.699	EXPIRED
311	id-00090	2	2	10	5	1785.0	1785.0	1785.5	1785.8176	1790.0	15.444	COMPLETED
311	id-00091	10	15	7	7	1786.0	1786.0	1787.05	1787.1931	1793.0	162.162	COMPLETED
311	id-00092	3	5	3	6	1786.0	1786.0	1786.45	1786.8856	1792.0	20.849	COMPLETED
311	id-00093	4	2	9	4	1786.0	1786.0	1787.35	1787.8469	1790.0	83.398	COMPLETED
311	id-00094	9	15	1	5	1789.0	1789.0	1789.1	1789.3548	1794.0	13.9	COMPLETED
311	id-00095	7	9	6	1	1789.0	1789.0	1789.6	1790.0	1790.0	64.865	EXPIRED
311	id-00096	9	11	2	4	1790.0	1790.0	1790.1	1790.5768	1794.0	13.9	COMPLETED
311	id-00097	8	13	8	3	1793.0	1793.0	1794.2	1794.6037	1796.0	148.262	COMPLETED
311	id-00098	6	7	1	1	1793.0	1793.0	1793.15	1794.0	1794.0	13.9	EXPIRED
311	id-00099	3	4	9	7	1793.0	1793.0	1794.35	1794.7447	1800.0	62.548	COMPLETED
311	id-00100	8	10	9	6	1794.0	1794.0	1795.0	1795.4046	1800.0	123.552	COMPLETED
311	id-00101	1	2	7	7	1795.0	1795.0	1795.35	1795.6119	1802.0	5.405	COMPLETED
311	id-00102	1	2	7	2	1796.0	1796.0	1796.35	1796.8171	1798.0	5.405	COMPLETED
311	id-00103	6	9	5	4	1797.0	1797.0	1797.25	1797.4911	1801.0	23.166	COMPLETED
311	id-00104	4	2	4	7	1798.0	1798.0	1798.2	1798.6611	1805.0	12.355	COMPLETED
311	id-00105	10	16	3	5	1799.0	1799.0	1799.15	1799.2838	1804.0	23.166	COMPLETED
311	id-00106	6	9	7	6	1801.0	1801.0	1801.7	1801.9525	1807.0	64.865	COMPLETED
311	id-00107	10	10	6	2	1801.0	1801.0	1801.6	1801.7153	1803.0	92.664	COMPLETED
311	id-00108	8	12	9	2	1803.0	1803.0	1803.45	1803.8359	1805.0	55.598	COMPLETED
311	id-00109	3	3	5	2	1804.0	1804.0	1804.5	1804.7468	1806.0	23.166	COMPLETED
311	id-00110	4	5	4	1	1804.0	1804.0	1804.4	1805.0	1805.0	24.71	EXPIRED
311	id-00111	5	4	1	4	1807.0	1807.0	1807.05	1807.5034	1811.0	3.861	COMPLETED
311	id-00112	2	4	5	4	1809.0	1809.0	1809.5	1809.9828	1813.0	15.444	COMPLETED
311	id-00113	10	10	3	7	1809.0	1809.0	1809.3	1809.7581	1816.0	46.332	COMPLETED
311	id-00114	8	14	6	4	1811.0	1811.0	1811.3	1811.6226	1815.0	37.066	COMPLETED
311	id-00115	5	7	4	1	1812.0	1812.0	1812.2	1813.0	1813.0	15.444	EXPIRED
311	id-00116	7	4	2	1	1815.0	1815.0	1815.2	1816.0	1816.0	21.622	EXPIRED
311	id-00117	9	6	7	6	1815.0	1815.0	1815.7	1816.0768	1821.0	97.297	COMPLETED
311	id-00118	4	6	6	4	1816.0	1816.0	1816.9	1817.2926	1820.0	55.598	COMPLETED
311	id-00119	9	18	4	5	1816.0	1816.0	1816.6	1816.9048	1821.0	83.398	COMPLETED
311	id-00120	7	3	5	7	1816.0	1816.0	1816.24	1816.3741	1823.0	23.683	COMPLETED
311	id-00121	7	4	7	4	1816.0	1816.0	1817.05	1817.2666	1820.0	113.513	COMPLETED
311	id-00122	9	4	6	6	1817.0	1817.0	1817.57	1817.881	1823.0	79.228	COMPLETED
311	id-00123	2	4	5	6	1817.0	1817.0	1817.77	1817.9741	1823.0	23.784	COMPLETED
311	id-00124	10	2	8	4	1817.0	1817.0	1817.76	1817.9195	1821.0	110.209	COMPLETED
311	id-00125	6	6	9	5	1817.0	1817.0	1818.38	1818.8644	1822.0	127.876	COMPLETED
311	id-00126	1	2	10	7	1818.0	1818.0	1822.29	1822.4402	1825.0	66.255	COMPLETED
311	id-00127	2	4	10	7	1818.0	1818.0	1822.29	1822.7287	1825.0	132.51	COMPLETED
311	id-00128	1	2	1	7	1818.0	1818.0	1818.43	1818.76	1825.0	6.641	COMPLETED
311	id-00129	6	7	1	4	1819.0	1820.0	1820.18	1820.3126	1823.0	16.68	COMPLETED
311	id-00130	9	17	5	7	1819.0	1820.0	1820.88	1820.9875	1826.0	122.316	COMPLETED
311	id-00131	2	4	4	2	1820.0	1820.0	1820.71	1820.9267	1822.0	21.93	COMPLETED
311	id-00132	2	2	8	3	1821.0	1821.0	1822.14	1822.2901	1824.0	35.212	COMPLETED
311	id-00133	8	16	9	1	1821.0	1821.0	1822.29	1822.0	1822.0	159.382	EXPIRED
311	id-00134	3	5	8	6	1822.0	1825.0	1826.6	1826.9273	1828.0	74.131	COMPLETED
311	id-00135	3	3	4	2	1824.0	1825.0	1825.8	1826.0	1826.0	37.066	EXPIRED
311	id-00136	4	3	4	4	1824.0	1825.0	1825.8	1826.2575	1828.0	49.421	COMPLETED
311	id-00137	7	11	6	4	1824.0	1825.0	1826.2	1826.5279	1828.0	129.73	COMPLETED
311	id-00138	9	9	10	2	1826.0	1826.0	1827.0	1827.4978	1828.0	138.996	COMPLETED
311	id-00139	5	5	10	6	1827.0	1827.0	1827.5	1827.9027	1833.0	38.61	COMPLETED
311	id-00140	4	6	2	5	1827.0	1827.0	1827.8	1827.9454	1832.0	49.421	COMPLETED
311	id-00141	1	2	8	6	1827.0	1827.0	1830.2	1830.6939	1833.0	49.421	COMPLETED
311	id-00142	2	2	9	1	1827.0	1827.0	1830.6	1828.0	1828.0	111.197	EXPIRED
311	id-00143	3	6	2	3	1827.0	1827.0	1827.8	1827.9403	1830.0	37.066	COMPLETED
311	id-00144	9	4	3	3	1828.0	1830.0	1830.15	1831.0	1831.0	20.849	EXPIRED
311	id-00145	2	3	6	1	1830.0	1830.0	1831.06	1831.0	1831.0	32.741	EXPIRED
311	id-00146	3	3	9	6	1830.0	1830.0	1831.59	1831.7663	1836.0	73.668	COMPLETED
311	id-00147	8	11	3	6	1830.0	1830.0	1830.53	1830.6599	1836.0	65.483	COMPLETED
311	id-00148	1	2	7	1	1834.0	1834.0	1834.41	1835.0	1835.0	6.332	EXPIRED
311	id-00149	1	2	6	5	1836.0	1836.0	1836.3	1836.6095	1841.0	4.633	COMPLETED
311	id-00150	4	8	7	3	1837.0	1837.0	1837.35	1837.4583	1840.0	21.622	COMPLETED
311	id-00151	7	5	4	7	1838.0	1838.0	1838.2	1838.3947	1845.0	21.622	COMPLETED
311	id-00152	5	4	1	3	1839.0	1839.0	1839.1	1839.3541	1842.0	7.722	COMPLETED
311	id-00153	2	4	2	1	1839.0	1839.0	1839.2	1840.0	1840.0	6.178	EXPIRED
311	id-00154	1	2	8	7	1840.0	1840.0	1841.2	1841.3521	1847.0	18.533	COMPLETED
311	id-00155	1	2	4	2	1840.0	1840.0	1840.6	1840.908	1842.0	9.266	COMPLETED
311	id-00156	1	2	3	6	1840.0	1840.0	1840.45	1840.5883	1846.0	6.95	COMPLETED
311	id-00157	10	16	1	2	1841.0	1841.0	1841.16	1841.6213	1843.0	24.71	COMPLETED
311	id-00158	1	2	3	7	1841.0	1841.0	1841.47	1841.5908	1848.0	7.259	COMPLETED
311	id-00159	7	14	3	4	1841.0	1841.0	1841.47	1841.929	1845.0	50.811	COMPLETED
311	id-00160	1	2	8	6	1843.0	1843.0	1843.42	1843.5679	1849.0	6.486	COMPLETED
311	id-00161	7	7	4	6	1844.0	1844.0	1844.21	1844.3465	1850.0	22.703	COMPLETED
311	id-00162	9	7	3	4	1845.0	1845.0	1845.15	1845.579	1849.0	20.849	COMPLETED
311	id-00163	9	18	2	6	1846.0	1846.0	1846.2	1846.3385	1852.0	27.799	COMPLETED
311	id-00164	10	3	6	6	1846.0	1846.0	1846.6	1846.7872	1852.0	92.664	COMPLETED
311	id-00165	1	2	3	3	1847.0	1847.0	1847.15	1847.4177	1850.0	2.317	COMPLETED
311	id-00166	9	14	8	7	1850.0	1850.0	1851.6	1851.9102	1857.0	222.394	COMPLETED
311	id-00167	1	2	6	1	1850.0	1850.0	1851.2	1851.0	1851.0	18.533	EXPIRED
311	id-00168	3	2	5	2	1850.0	1850.0	1851.0	1851.3419	1852.0	46.332	COMPLETED
311	id-00169	3	5	1	1	1850.0	1850.0	1850.2	1851.0	1851.0	9.266	EXPIRED
311	id-00170	1	2	9	6	1853.0	1853.0	1854.35	1854.5508	1859.0	20.849	COMPLETED
311	id-00171	6	8	6	3	1853.0	1853.0	1853.9	1854.3303	1856.0	83.398	COMPLETED
311	id-00172	9	6	6	1	1853.0	1853.0	1853.9	1854.0	1854.0	125.096	EXPIRED
311	id-00173	6	2	5	6	1855.0	1855.0	1855.25	1855.7478	1861.0	23.166	COMPLETED
311	id-00174	9	11	4	4	1857.0	1857.0	1857.2	1857.5366	1861.0	27.799	COMPLETED
311	id-00175	10	20	1	4	1858.0	1858.0	1858.05	1858.4444	1862.0	7.722	COMPLETED
311	id-00176	7	14	9	4	1859.0	1859.0	1859.45	1859.922	1863.0	48.649	COMPLETED
311	id-00177	4	2	2	3	1860.0	1860.0	1860.2	1860.4977	1863.0	12.355	COMPLETED
311	id-00178	9	11	8	7	1860.0	1860.0	1860.8	1861.133	1867.0	111.197	COMPLETED
311	id-00179	8	11	8	1	1860.0	1860.0	1860.8	1861.0	1861.0	98.842	EXPIRED
311	id-00180	8	8	4	2	1860.0	1860.0	1860.4	1860.8261	1862.0	49.421	COMPLETED
311	id-00181	7	13	9	1	1862.0	1862.0	1862.45	1863.0	1863.0	48.649	EXPIRED
311	id-00182	3	6	6	5	1863.0	1863.0	1863.6	1863.9934	1868.0	27.799	COMPLETED
311	id-00183	9	16	4	6	1863.0	1863.0	1863.4	1863.8909	1869.0	55.598	COMPLETED
311	id-00184	10	9	9	6	1865.0	1865.0	1865.45	1865.6804	1871.0	69.498	COMPLETED
311	id-00185	1	2	6	2	1867.0	1867.0	1867.3	1867.5764	1869.0	4.633	COMPLETED
311	id-00186	10	13	4	4	1868.0	1868.0	1868.4	1868.5902	1872.0	61.776	COMPLETED
311	id-00187	1	2	1	7	1868.0	1868.0	1868.1	1868.3111	1875.0	1.544	COMPLETED
311	id-00188	9	12	10	3	1869.0	1869.0	1870.0	1870.4922	1872.0	138.996	COMPLETED
311	id-00189	10	6	9	5	1869.0	1869.0	1869.9	1870.1538	1874.0	138.996	COMPLETED
311	id-00190	1	2	1	6	1870.0	1870.0	1870.2	1870.314	1876.0	3.089	COMPLETED
311	id-00191	3	2	9	2	1870.0	1870.0	1871.8	1872.0	1872.0	83.398	EXPIRED
311	id-00192	8	10	8	1	1870.0	1870.0	1871.6	1871.0	1871.0	197.683	EXPIRED
311	id-00193	1	2	4	5	1870.0	1870.0	1870.8	1871.1301	1875.0	12.355	COMPLETED
311	id-00194	1	2	6	5	1873.0	1873.0	1873.9	1874.0321	1878.0	13.9	COMPLETED
311	id-00195	8	6	4	1	1873.0	1873.0	1873.6	1874.0	1874.0	74.131	EXPIRED
311	id-00196	3	5	5	2	1873.0	1873.0	1873.75	1873.9737	1875.0	34.749	COMPLETED
311	id-00197	9	6	3	4	1874.0	1874.0	1874.15	1874.489	1878.0	20.849	COMPLETED
311	id-00198	6	4	8	6	1880.0	1880.0	1880.4	1880.5915	1886.0	37.066	COMPLETED
311	id-00199	4	2	7	4	1881.0	1881.0	1881.35	1881.7906	1885.0	21.622	COMPLETED
311	id-00200	8	8	5	5	1883.0	1883.0	1883.25	1883.6998	1888.0	30.888	COMPLETED
311	id-00201	6	11	4	5	1885.0	1885.0	1885.4	1885.5374	1890.0	37.066	COMPLETED
311	id-00202	10	3	10	5	1885.0	1885.0	1886.0	1886.4825	1890.0	154.44	COMPLETED
311	id-00203	7	11	1	3	1887.0	1887.0	1887.05	1887.4791	1890.0	5.405	COMPLETED
311	id-00204	4	8	1	1	1888.0	1888.0	1888.05	1889.0	1889.0	3.089	EXPIRED
311	id-00205	4	3	5	6	1889.0	1889.0	1889.25	1889.4765	1895.0	15.444	COMPLETED
311	id-00206	6	3	6	2	1890.0	1890.0	1890.3	1890.6584	1892.0	27.799	COMPLETED
311	id-00207	10	15	2	4	1891.0	1891.0	1891.1	1891.2614	1895.0	15.444	COMPLETED
311	id-00208	1	2	1	7	1894.0	1894.0	1894.05	1894.3532	1901.0	0.772	COMPLETED
311	id-00209	1	2	3	3	1895.0	1895.0	1895.15	1895.5402	1898.0	2.317	COMPLETED
311	id-00210	6	5	8	6	1896.0	1896.0	1896.4	1896.7997	1902.0	37.066	COMPLETED
311	id-00211	2	2	5	1	1897.0	1897.0	1897.75	1898.0	1898.0	23.166	EXPIRED
311	id-00212	6	2	8	7	1897.0	1897.0	1898.2	1898.3022	1904.0	111.197	COMPLETED
311	id-00213	9	15	10	1	1897.0	1897.0	1898.5	1898.0	1898.0	208.494	EXPIRED
311	id-00214	10	13	7	7	1898.0	1899.0	1899.58	1899.9799	1905.0	73.17	COMPLETED
311	id-00215	1	2	5	1	1899.0	1899.0	1899.42	1900.0	1900.0	2.527	EXPIRED
311	id-00216	5	9	3	7	1899.0	1899.0	1899.6	1899.7241	1906.0	46.332	COMPLETED
311	id-00217	7	9	5	7	1901.0	1901.0	1901.5	1901.7457	1908.0	54.054	COMPLETED
311	id-00218	10	20	10	5	1901.0	1901.0	1902.0	1902.3479	1906.0	154.44	COMPLETED
311	id-00219	8	3	8	3	1901.0	1901.0	1901.33	1901.5204	1904.0	28.327	COMPLETED
311	id-00220	4	5	3	5	1904.0	1904.0	1904.15	1904.5281	1909.0	9.266	COMPLETED
311	id-00221	3	3	1	6	1906.0	1906.0	1906.05	1906.4675	1912.0	2.317	COMPLETED
311	id-00222	10	14	4	4	1907.0	1907.0	1907.4	1907.691	1911.0	61.776	COMPLETED
311	id-00223	7	10	8	1	1907.0	1907.0	1907.8	1908.0	1908.0	86.486	EXPIRED
311	id-00224	1	2	10	3	1909.0	1909.0	1909.5	1909.6816	1912.0	7.722	COMPLETED
311	id-00225	9	5	7	3	1912.0	1912.0	1912.7	1913.1792	1915.0	97.297	COMPLETED
311	id-00226	3	6	1	6	1912.0	1912.0	1912.1	1912.5343	1918.0	4.633	COMPLETED
311	id-00227	8	9	9	2	1914.0	1914.0	1914.45	1914.5951	1916.0	55.598	COMPLETED
311	id-00228	9	9	5	3	1915.0	1915.0	1915.5	1915.6948	1918.0	69.498	COMPLETED
311	id-00229	9	10	6	4	1915.0	1915.0	1915.6	1915.921	1919.0	83.398	COMPLETED
311	id-00230	7	4	7	4	1916.0	1916.0	1916.35	1916.7754	1920.0	37.838	COMPLETED
311	id-00231	10	5	6	2	1918.0	1918.0	1918.3	1918.6915	1920.0	46.332	COMPLETED
311	id-00232	6	11	10	4	1919.0	1919.0	1920.0	1920.277	1923.0	92.664	COMPLETED
311	id-00233	9	2	2	3	1919.0	1919.0	1919.09	1919.5776	1922.0	10.813	COMPLETED
311	id-00234	8	14	1	5	1919.0	1919.0	1919.1	1919.3959	1924.0	12.355	COMPLETED
311	id-00235	10	6	8	4	1921.0	1921.0	1921.4	1921.8255	1925.0	61.776	COMPLETED
311	id-00236	8	5	9	2	1923.0	1923.0	1923.45	1923.9349	1925.0	55.598	COMPLETED
311	id-00237	6	11	3	1	1925.0	1925.0	1925.3	1926.0	1926.0	27.799	EXPIRED
311	id-00238	5	4	9	1	1925.0	1925.0	1925.9	1926.0	1926.0	69.498	EXPIRED
311	id-00239	9	5	10	1	1927.0	1927.0	1927.5	1928.0	1928.0	69.498	EXPIRED
311	id-00240	6	12	3	4	1928.0	1928.0	1928.3	1928.5548	1932.0	27.799	COMPLETED
311	id-00241	7	10	2	6	1928.0	1928.0	1928.2	1928.4739	1934.0	21.622	COMPLETED
311	id-00242	1	2	9	2	1931.0	1931.0	1932.35	1933.0	1933.0	20.849	EXPIRED
311	id-00243	7	12	5	2	1931.0	1931.0	1931.75	1932.1133	1933.0	81.081	COMPLETED
311	id-00244	4	3	9	6	1931.0	1931.0	1932.35	1932.7284	1937.0	83.398	COMPLETED
311	id-00245	8	8	3	2	1932.0	1932.0	1932.2	1932.558	1934.0	24.71	COMPLETED
311	id-00246	4	2	2	1	1934.0	1934.0	1934.13	1935.0	1935.0	8.031	EXPIRED
311	id-00247	7	5	4	1	1936.0	1936.0	1936.2	1937.0	1937.0	21.622	EXPIRED
311	id-00248	5	2	8	2	1937.0	1937.0	1937.8	1938.0574	1939.0	61.776	COMPLETED
311	id-00249	10	15	6	4	1937.0	1937.0	1937.6	1938.0962	1941.0	92.664	COMPLETED
311	id-00250	7	10	7	7	1939.0	1939.0	1939.7	1940.0996	1946.0	75.676	COMPLETED
311	id-00251	4	3	9	2	1939.0	1939.0	1939.9	1940.1832	1941.0	55.598	COMPLETED
311	id-00252	3	4	1	7	1940.0	1940.0	1940.05	1940.1983	1947.0	2.317	COMPLETED
311	id-00253	10	18	9	1	1941.0	1941.0	1941.45	1942.0	1942.0	69.498	EXPIRED
311	id-00254	8	2	4	7	1942.0	1942.0	1942.4	1942.5589	1949.0	49.421	COMPLETED
311	id-00255	4	2	8	7	1942.0	1942.0	1942.8	1943.2521	1949.0	49.421	COMPLETED
311	id-00256	2	4	10	3	1943.0	1943.0	1944.5	1944.8029	1946.0	46.332	COMPLETED
311	id-00257	8	15	1	5	1943.0	1943.0	1943.15	1943.3739	1948.0	18.533	COMPLETED
311	id-00258	2	2	8	5	1943.0	1943.0	1944.2	1944.4254	1948.0	37.066	COMPLETED
311	id-00259	6	3	3	2	1944.0	1944.0	1944.38	1944.8598	1946.0	35.212	COMPLETED
311	id-00260	7	8	2	1	1944.0	1944.0	1944.25	1945.0	1945.0	27.027	EXPIRED
311	id-00261	8	3	6	5	1944.0	1944.0	1944.29	1944.5508	1949.0	33.096	COMPLETED
311	id-00262	6	8	6	6	1946.0	1946.0	1946.3	1946.6365	1952.0	27.799	COMPLETED
311	id-00263	5	10	4	1	1948.0	1948.0	1948.2	1949.0	1949.0	15.444	EXPIRED
311	id-00264	1	2	10	5	1950.0	1950.0	1951.5	1951.8413	1955.0	23.166	COMPLETED
311	id-00265	1	2	4	5	1950.0	1950.0	1950.6	1950.997	1955.0	9.266	COMPLETED
311	id-00266	3	2	8	7	1950.0	1950.0	1951.2	1951.5096	1957.0	55.598	COMPLETED
311	id-00267	7	6	1	4	1952.0	1952.0	1952.05	1952.3624	1956.0	5.405	COMPLETED
311	id-00268	8	3	5	2	1953.0	1953.0	1953.75	1954.0981	1955.0	92.664	COMPLETED
311	id-00269	3	3	4	2	1953.0	1953.0	1953.6	1953.8158	1955.0	27.799	COMPLETED
311	id-00270	3	2	2	1	1953.0	1953.0	1953.3	1954.0	1954.0	13.9	EXPIRED
311	id-00271	1	2	9	6	1955.0	1955.0	1955.45	1955.8116	1961.0	6.95	COMPLETED
311	id-00272	9	15	9	6	1956.0	1956.0	1956.45	1956.6495	1962.0	62.548	COMPLETED
311	id-00273	6	12	4	5	1957.0	1957.0	1957.2	1957.6037	1962.0	18.533	COMPLETED
311	id-00274	10	13	7	7	1959.0	1959.0	1959.7	1960.1043	1966.0	108.108	COMPLETED
311	id-00275	5	10	10	2	1959.0	1959.0	1960.0	1960.1305	1961.0	77.22	COMPLETED
311	id-00276	1	2	4	7	1961.0	1961.0	1961.2	1961.3457	1968.0	3.089	COMPLETED
311	id-00277	7	13	6	2	1964.0	1964.0	1964.3	1964.4651	1966.0	32.432	COMPLETED
311	id-00278	9	2	5	2	1966.0	1966.0	1966.75	1967.1862	1968.0	104.247	COMPLETED
311	id-00279	2	2	9	2	1966.0	1966.0	1967.35	1968.0	1968.0	41.699	EXPIRED
311	id-00280	8	6	7	6	1966.0	1966.0	1967.05	1967.1613	1972.0	129.73	COMPLETED
311	id-00281	10	17	10	5	1968.0	1968.0	1969.0	1969.3422	1973.0	154.44	COMPLETED
311	id-00282	3	2	2	7	1968.0	1968.0	1968.2	1968.6073	1975.0	9.266	COMPLETED
311	id-00283	3	2	10	6	1969.0	1969.0	1969.5	1969.8168	1975.0	23.166	COMPLETED
311	id-00284	7	11	2	2	1970.0	1970.0	1970.1	1970.5005	1972.0	10.811	COMPLETED
311	id-00285	1	2	3	2	1972.0	1972.0	1972.15	1972.445	1974.0	2.317	COMPLETED
311	id-00286	4	8	6	6	1973.0	1973.0	1973.3	1973.595	1979.0	18.533	COMPLETED
311	id-00287	5	9	10	5	1974.0	1974.0	1975.0	1975.4795	1979.0	77.22	COMPLETED
311	id-00288	5	5	4	2	1974.0	1974.0	1974.4	1974.6984	1976.0	30.888	COMPLETED
311	id-00289	9	16	1	2	1976.0	1976.0	1976.1	1976.4532	1978.0	13.9	COMPLETED
311	id-00290	9	2	4	6	1976.0	1976.0	1976.2	1976.4575	1982.0	27.799	COMPLETED
311	id-00291	5	5	9	4	1976.0	1976.0	1976.9	1977.1131	1980.0	69.498	COMPLETED
311	id-00292	6	2	3	3	1978.0	1978.0	1978.3	1978.7689	1981.0	27.799	COMPLETED
311	id-00293	4	5	9	5	1978.0	1978.0	1978.9	1979.2486	1983.0	55.598	COMPLETED
311	id-00294	9	4	2	7	1980.0	1980.0	1980.2	1980.5762	1987.0	27.799	COMPLETED
311	id-00295	10	2	1	6	1980.0	1980.0	1980.1	1980.2945	1986.0	15.444	COMPLETED
311	id-00296	8	9	7	6	1981.0	1981.0	1981.35	1981.6149	1987.0	43.243	COMPLETED
311	id-00297	7	9	4	5	1984.0	1984.0	1984.2	1984.6951	1989.0	21.622	COMPLETED
311	id-00298	6	10	8	5	1986.0	1986.0	1986.8	1986.9151	1991.0	74.131	COMPLETED
311	id-00299	2	4	4	2	1986.0	1986.0	1986.4	1986.6089	1988.0	12.355	COMPLETED
311	id-00300	1	2	7	3	1987.0	1987.0	1987.7	1988.0059	1990.0	10.811	COMPLETED
311	id-00301	2	2	2	1	1987.0	1987.0	1987.2	1988.0	1988.0	6.178	EXPIRED
311	id-00302	1	2	10	6	1988.0	1988.0	1988.5	1988.7395	1994.0	7.722	COMPLETED
311	id-00303	9	12	1	7	1991.0	1991.0	1991.05	1991.3971	1998.0	6.478	COMPLETED
311	id-00304	3	3	8	7	1992.0	1992.0	1992.38	1992.6086	1999.0	14.024	COMPLETED
311	id-00305	6	6	9	6	1993.0	1993.0	1993.86	1994.0575	1999.0	79.691	COMPLETED
311	id-00306	9	10	2	3	1993.0	1993.0	1993.19	1993.6222	1996.0	24.618	COMPLETED
311	id-00307	4	7	9	1	1995.0	1995.0	1995.45	1996.0	1996.0	27.799	EXPIRED
311	id-00308	1	2	9	7	1997.0	1997.0	1997.45	1997.8839	2004.0	6.95	COMPLETED
311	id-00309	5	4	3	3	1998.0	1998.0	1998.3	1998.6966	2001.0	23.166	COMPLETED
311	id-00310	7	4	7	7	1998.0	1998.0	1998.7	1998.8679	2005.0	75.676	COMPLETED
