8.749961853027344e-05
6.175041198730469e-05
7.271766662597656e-05
0.00019788742065429688
0.00011920928955078125
8.821487426757812e-05
8.511543273925781e-05
0.0001742839813232422
0.00030803680419921875
0.00012969970703125
0.00010013580322265625
0.0001220703125
0.000209808349609375
9.298324584960938e-05
0.00010800361633300781
0.00013446807861328125
0.0001323223114013672
9.584426879882812e-05
0.00012135505676269531
9.012222290039062e-05
0.0001308917999267578
0.0003662109375
0.00016570091247558594
0.00020647048950195312
0.00010204315185546875
9.5367431640625e-05
8.273124694824219e-05
6.29425048828125e-05
9.822845458984375e-05
8.869171142578125e-05
0.00010395050048828125
3.24249267578125e-05
8.869171142578125e-05
0.00011348724365234375
0.00010728836059570312
2.3603439331054688e-05
0.00012540817260742188
0.00015997886657714844
2.6702880859375e-05
0.00013875961303710938
2.9802322387695312e-05
0.00012040138244628906
7.200241088867188e-05
0.00014090538024902344
0.0002410411834716797
0.00011968612670898438
0.0001342296600341797
9.417533874511719e-05
0.0004744529724121094
8.082389831542969e-05
0.00010800361633300781
0.00010156631469726562
9.34600830078125e-05
6.103515625e-05
0.00010514259338378906
0.00012159347534179688
0.0001423358917236328
0.0001494884490966797
0.0001220703125
8.726119995117188e-05
0.00013875961303710938
9.34600830078125e-05
0.00011682510375976562
0.00012373924255371094
0.0002262592315673828
7.319450378417969e-05
9.179115295410156e-05
0.00014829635620117188
9.5367431640625e-05
0.000102996826171875
8.678436279296875e-05
7.772445678710938e-05
8.893013000488281e-05
8.559226989746094e-05
0.00011944770812988281
8.559226989746094e-05
7.152557373046875e-05
0.0002181529998779297
0.00011038780212402344
0.00014829635620117188
0.0002987384796142578
0.00015163421630859375
2.2649765014648438e-05
0.0001366138458251953
0.00010275840759277344
7.033348083496094e-05
6.866455078125e-05
0.0001327991485595703
9.560585021972656e-05
0.0001518726348876953
0.0001201629638671875
0.00011205673217773438
0.00010561943054199219
6.461143493652344e-05
9.441375732421875e-05
0.00010442733764648438
7.224082946777344e-05
7.367134094238281e-05
8.58306884765625e-05
0.0001385211944580078
0.00011801719665527344
0.0001614093780517578
0.00017213821411132812
8.20159912109375e-05
9.417533874511719e-05
8.440017700195312e-05
0.00010180473327636719
0.00015616416931152344
8.0108642578125e-05
9.560585021972656e-05
0.00010251998901367188
0.00012183189392089844
0.00010657310485839844
0.00016307830810546875
0.00016164779663085938
0.0001266002655029297
0.00014901161193847656
9.560585021972656e-05
0.00014972686767578125
0.00016736984252929688
9.059906005859375e-05
0.0001277923583984375
9.012222290039062e-05
3.3855438232421875e-05
0.0002951622009277344
0.00016188621520996094
0.00022983551025390625
4.410743713378906e-05
0.0001575946807861328
8.606910705566406e-05
0.00010395050048828125
8.487701416015625e-05
8.344650268554688e-05
0.00022530555725097656
0.0002665519714355469
6.985664367675781e-05
6.222724914550781e-05
8.893013000488281e-05
6.270408630371094e-05
7.82012939453125e-05
0.00010776519775390625
0.0001285076141357422
6.842613220214844e-05
6.961822509765625e-05
0.00011801719665527344
0.0001475811004638672
9.918212890625e-05
0.0001220703125
9.036064147949219e-05
7.557868957519531e-05
0.0001068115234375
0.00011754035949707031
0.00017571449279785156
3.075599670410156e-05
0.00013518333435058594
0.000164031982421875
0.0001652240753173828
0.00013184547424316406
0.00012040138244628906
2.86102294921875e-05
3.910064697265625e-05
3.337860107421875e-05
3.910064697265625e-05
9.822845458984375e-05
0.00012135505676269531
9.226799011230469e-05
0.0001785755157470703
0.00010442733764648438
9.751319885253906e-05
0.00010347366333007812
0.00016951560974121094
9.846687316894531e-05
0.00010776519775390625
0.0001704692840576172
0.00010657310485839844
0.0001556873321533203
0.000156402587890625
0.00014400482177734375
9.989738464355469e-05
0.0001404285430908203
0.000194549560546875
7.843971252441406e-05
8.130073547363281e-05
0.00015544891357421875
0.00011396408081054688
0.00019025802612304688
0.00011396408081054688
7.009506225585938e-05
0.00016236305236816406
0.00011658668518066406
0.0002918243408203125
0.00012302398681640625
9.441375732421875e-05
0.00012111663818359375
0.00011348724365234375
3.409385681152344e-05
