0.00010943412780761719
6.937980651855469e-05
9.417533874511719e-05
5.650520324707031e-05
2.2411346435546875e-05
7.152557373046875e-05
0.00014162063598632812
8.273124694824219e-05
6.413459777832031e-05
7.224082946777344e-05
0.00013113021850585938
0.00010228157043457031
9.655952453613281e-05
6.866455078125e-05
6.532669067382812e-05
8.177757263183594e-05
0.00010204315185546875
0.00019407272338867188
8.0108642578125e-05
9.298324584960938e-05
9.322166442871094e-05
9.441375732421875e-05
9.72747802734375e-05
9.202957153320312e-05
7.224082946777344e-05
0.00010251998901367188
7.295608520507812e-05
8.177757263183594e-05
0.0001544952392578125
2.4318695068359375e-05
8.606910705566406e-05
7.939338684082031e-05
0.00019431114196777344
1.9073486328125e-05
0.00012063980102539062
0.00010180473327636719
7.152557373046875e-05
0.00010776519775390625
0.00011038780212402344
2.9802322387695312e-05
7.033348083496094e-05
7.867813110351562e-05
3.552436828613281e-05
0.000141143798828125
8.869171142578125e-05
7.319450378417969e-05
0.00010538101196289062
8.988380432128906e-05
0.00013494491577148438
0.0001418590545654297
8.630752563476562e-05
9.1552734375e-05
8.58306884765625e-05
9.965896606445312e-05
0.0001220703125
0.00012087821960449219
1.8358230590820312e-05
0.00012159347534179688
7.915496826171875e-05
9.322166442871094e-05
0.00011658668518066406
0.0001499652862548828
0.00010991096496582031
7.700920104980469e-05
0.0001010894775390625
1.7404556274414062e-05
0.00014638900756835938
5.626678466796875e-05
0.00010395050048828125
7.343292236328125e-05
7.605552673339844e-05
6.985664367675781e-05
5.888938903808594e-05
7.557868957519531e-05
4.506111145019531e-05
0.0001518726348876953
6.699562072753906e-05
9.202957153320312e-05
6.842613220214844e-05
8.320808410644531e-05
7.510185241699219e-05
7.2479248046875e-05
8.249282836914062e-05
0.0001652240753173828
0.0002446174621582031
9.1552734375e-05
0.0001308917999267578
8.58306884765625e-05
8.273124694824219e-05
9.942054748535156e-05
0.00010514259338378906
6.818771362304688e-05
0.00011992454528808594
4.935264587402344e-05
0.0001399517059326172
6.937980651855469e-05
7.200241088867188e-05
8.273124694824219e-05
0.0001232624053955078
8.940696716308594e-05
8.988380432128906e-05
0.00017118453979492188
6.985664367675781e-05
7.510185241699219e-05
7.724761962890625e-05
8.058547973632812e-05
9.608268737792969e-05
0.00010919570922851562
2.5987625122070312e-05
0.00010895729064941406
8.153915405273438e-05
0.00010442733764648438
8.082389831542969e-05
0.00010752677917480469
9.751319885253906e-05
1.4781951904296875e-05
7.081031799316406e-05
8.225440979003906e-05
6.937980651855469e-05
6.937980651855469e-05
8.821487426757812e-05
9.489059448242188e-05
0.00015687942504882812
2.2411346435546875e-05
9.72747802734375e-05
5.14984130859375e-05
0.00011754035949707031
5.364418029785156e-05
6.461143493652344e-05
8.893013000488281e-05
6.29425048828125e-05
5.9604644775390625e-05
5.745887756347656e-05
5.316734313964844e-05
4.863739013671875e-05
6.4849853515625e-05
5.125999450683594e-05
4.696846008300781e-05
7.462501525878906e-05
4.839897155761719e-05
6.246566772460938e-05
7.581710815429688e-05
6.222724914550781e-05
5.817413330078125e-05
8.273124694824219e-05
6.270408630371094e-05
7.224082946777344e-05
5.9604644775390625e-05
7.653236389160156e-05
5.412101745605469e-05
7.2479248046875e-05
8.440017700195312e-05
5.3882598876953125e-05
5.817413330078125e-05
7.152557373046875e-05
7.867813110351562e-05
5.888938903808594e-05
7.224082946777344e-05
0.00010609626770019531
6.151199340820312e-05
7.104873657226562e-05
6.532669067382812e-05
0.00010347366333007812
0.00014638900756835938
5.3882598876953125e-05
5.125999450683594e-05
7.128715515136719e-05
8.034706115722656e-05
6.842613220214844e-05
1.811981201171875e-05
4.887580871582031e-05
5.054473876953125e-05
0.0001232624053955078
7.200241088867188e-05
9.918212890625e-05
1.6689300537109375e-05
6.341934204101562e-05
6.0558319091796875e-05
6.818771362304688e-05
0.0001270771026611328
6.461143493652344e-05
7.152557373046875e-05
0.0001933574676513672
1.9311904907226562e-05
8.249282836914062e-05
6.341934204101562e-05
6.365776062011719e-05
6.580352783203125e-05
5.817413330078125e-05
7.367134094238281e-05
0.00017690658569335938
7.152557373046875e-05
7.390975952148438e-05
4.839897155761719e-05
5.555152893066406e-05
6.818771362304688e-05
6.508827209472656e-05
5.2928924560546875e-05
5.555152893066406e-05
4.935264587402344e-05
6.0558319091796875e-05
5.7697296142578125e-05
5.3882598876953125e-05
6.914138793945312e-05
