303	id-00000	8	2	10	2	1700.0	1700.0	1701.0	1701.3213	1702.0	123.552	COMPLETED
303	id-00001	3	2	2	6	1700.0	1700.0	1700.2	1700.5487	1706.0	9.266	COMPLETED
303	id-00002	1	2	6	11	1702.0	1702.0	1702.3	1702.4952	1713.0	4.633	COMPLETED
303	id-00003	9	4	2	3	1703.0	1703.0	1703.3	1703.5153	1706.0	41.699	COMPLETED
303	id-00004	1	2	9	8	1703.0	1703.0	1704.35	1704.5356	1711.0	20.849	COMPLETED
303	id-00005	7	10	1	5	1703.0	1703.0	1703.15	1703.5937	1708.0	16.216	COMPLETED
303	id-00006	4	4	3	13	1705.0	1705.0	1705.15	1705.6179	1718.0	9.266	COMPLETED
303	id-00007	9	11	2	12	1706.0	1706.0	1706.1	1706.2695	1718.0	13.9	COMPLETED
303	id-00008	9	16	3	12	1709.0	1709.0	1709.15	1709.3316	1721.0	20.849	COMPLETED
303	id-00009	7	10	5	4	1711.0	1711.0	1711.5	1711.7098	1715.0	54.054	COMPLETED
303	id-00010	7	3	9	5	1711.0	1711.0	1711.9	1712.3165	1716.0	97.297	COMPLETED
303	id-00011	7	4	1	4	1712.0	1712.0	1712.05	1712.1776	1716.0	5.405	COMPLETED
303	id-00012	6	2	4	5	1714.0	1714.0	1714.2	1714.4522	1719.0	18.533	COMPLETED
303	id-00013	1	2	7	9	1715.0	1715.0	1715.7	1716.1005	1724.0	10.811	COMPLETED
303	id-00014	7	4	9	15	1715.0	1715.0	1715.9	1716.2872	1730.0	97.297	COMPLETED
303	id-00015	10	11	3	13	1717.0	1717.0	1717.15	1717.3137	1730.0	23.166	COMPLETED
303	id-00016	7	6	8	15	1719.0	1719.0	1719.4	1719.537	1734.0	43.243	COMPLETED
303	id-00017	8	5	1	15	1720.0	1720.0	1720.1	1720.5119	1735.0	12.355	COMPLETED
303	id-00018	7	10	9	6	1720.0	1720.0	1720.9	1721.3296	1726.0	97.297	COMPLETED
303	id-00019	5	7	1	13	1722.0	1722.0	1722.15	1722.544	1735.0	11.583	COMPLETED
303	id-00020	3	2	8	10	1722.0	1722.0	1723.2	1723.4497	1732.0	55.598	COMPLETED
303	id-00021	3	5	8	10	1722.0	1722.0	1723.2	1723.334	1732.0	55.598	COMPLETED
303	id-00022	8	8	7	1	1724.0	1724.0	1724.35	1725.0	1725.0	43.243	EXPIRED
303	id-00023	3	2	10	14	1725.0	1725.0	1725.5	1725.9964	1739.0	23.166	COMPLETED
303	id-00024	9	13	3	9	1726.0	1726.0	1726.3	1726.742	1735.0	41.699	COMPLETED
303	id-00025	9	2	9	15	1726.0	1726.0	1726.9	1727.2871	1741.0	125.096	COMPLETED
303	id-00026	3	2	10	8	1726.0	1726.0	1726.48	1726.6782	1734.0	17.714	COMPLETED
303	id-00027	3	2	3	13	1728.0	1728.0	1728.3	1728.4374	1741.0	13.9	COMPLETED
303	id-00028	9	4	6	14	1728.0	1728.0	1728.6	1729.0549	1742.0	83.398	COMPLETED
303	id-00029	7	4	8	4	1729.0	1729.0	1729.4	1729.6415	1733.0	43.243	COMPLETED
303	id-00030	6	6	9	5	1732.0	1732.0	1733.35	1733.6446	1737.0	125.096	COMPLETED
303	id-00031	3	6	7	10	1732.0	1732.0	1733.05	1733.2781	1742.0	48.649	COMPLETED
303	id-00032	7	3	10	11	1732.0	1732.0	1733.5	1733.957	1743.0	162.162	COMPLETED
303	id-00033	8	3	7	10	1733.0	1735.0	1736.0	1736.1433	1743.0	123.552	COMPLETED
303	id-00034	4	6	7	11	1735.0	1735.0	1736.0	1736.4668	1746.0	61.776	COMPLETED
303	id-00035	5	8	2	7	1735.0	1735.0	1735.29	1735.6353	1742.0	19.66	COMPLETED
303	id-00036	9	16	2	7	1736.0	1736.0	1736.1	1736.2569	1743.0	12.957	COMPLETED
303	id-00037	6	12	3	6	1739.0	1739.0	1739.14	1739.2687	1745.0	11.653	COMPLETED
303	id-00038	4	4	10	11	1740.0	1740.0	1741.5	1741.6571	1751.0	92.664	COMPLETED
303	id-00039	6	3	3	6	1740.0	1740.0	1740.45	1740.7233	1746.0	41.699	COMPLETED
303	id-00040	3	6	3	1	1740.0	1740.0	1740.45	1741.0	1741.0	20.849	EXPIRED
303	id-00041	1	2	8	11	1741.0	1741.0	1741.5	1741.7908	1752.0	7.722	COMPLETED
303	id-00042	2	3	2	6	1743.0	1743.0	1743.25	1743.7238	1749.0	7.722	COMPLETED
303	id-00043	6	10	5	4	1743.0	1743.0	1743.62	1743.8557	1747.0	57.452	COMPLETED
303	id-00044	10	18	3	14	1747.0	1747.0	1747.15	1747.4996	1761.0	23.166	COMPLETED
303	id-00045	8	3	1	13	1748.0	1748.0	1748.1	1748.2512	1761.0	12.355	COMPLETED
303	id-00046	3	5	9	15	1748.0	1748.0	1748.9	1749.1624	1763.0	41.699	COMPLETED
303	id-00047	2	4	5	14	1750.0	1750.0	1750.25	1750.7306	1764.0	7.722	COMPLETED
303	id-00048	9	9	5	9	1753.0	1753.0	1753.25	1753.4114	1762.0	34.749	COMPLETED
303	id-00049	1	2	8	10	1754.0	1754.0	1754.8	1755.1654	1764.0	12.355	COMPLETED
303	id-00050	3	2	10	11	1754.0	1754.0	1755.0	1755.2638	1765.0	46.332	COMPLETED
303	id-00051	6	3	1	7	1755.0	1755.0	1755.1	1755.2861	1762.0	9.266	COMPLETED
303	id-00052	2	3	1	9	1755.0	1755.0	1755.1	1755.4285	1764.0	3.089	COMPLETED
303	id-00053	8	2	8	7	1757.0	1757.0	1757.8	1758.0988	1764.0	98.842	COMPLETED
303	id-00054	5	7	3	3	1757.0	1757.0	1757.3	1757.761	1760.0	23.166	COMPLETED
303	id-00055	4	5	5	11	1759.0	1759.0	1759.5	1759.8124	1770.0	30.888	COMPLETED
303	id-00056	2	3	6	9	1759.0	1759.0	1759.6	1759.8228	1768.0	18.533	COMPLETED
303	id-00057	9	9	3	9	1760.0	1760.0	1760.3	1760.594	1769.0	41.699	COMPLETED
303	id-00058	5	9	3	1	1760.0	1760.0	1760.3	1761.0	1761.0	23.166	EXPIRED
303	id-00059	9	9	2	8	1763.0	1763.0	1763.1	1763.4036	1771.0	13.9	COMPLETED
303	id-00060	10	15	10	9	1764.0	1764.0	1764.5	1764.6702	1773.0	77.22	COMPLETED
303	id-00061	7	5	4	1	1765.0	1765.0	1765.2	1766.0	1766.0	21.622	EXPIRED
303	id-00062	10	3	5	12	1767.0	1767.0	1767.25	1767.6548	1779.0	38.61	COMPLETED
303	id-00063	5	9	5	5	1768.0	1768.0	1768.5	1768.7694	1773.0	38.61	COMPLETED
303	id-00064	2	2	3	13	1768.0	1768.0	1768.3	1768.5365	1781.0	9.266	COMPLETED
303	id-00065	6	3	7	3	1769.0	1769.0	1769.35	1769.637	1772.0	32.432	COMPLETED
303	id-00066	2	2	3	14	1770.0	1770.0	1770.15	1770.4153	1784.0	4.633	COMPLETED
303	id-00067	9	17	6	13	1773.0	1773.0	1773.3	1773.5719	1786.0	41.699	COMPLETED
303	id-00068	7	11	10	15	1774.0	1774.0	1775.0	1775.3292	1789.0	108.108	COMPLETED
303	id-00069	4	6	3	14	1774.0	1774.0	1774.3	1774.5049	1788.0	18.533	COMPLETED
303	id-00070	2	3	1	8	1775.0	1775.0	1775.05	1775.4786	1783.0	1.544	COMPLETED
303	id-00071	9	5	1	1	1777.0	1777.0	1777.05	1778.0	1778.0	6.95	EXPIRED
303	id-00072	4	7	3	14	1778.0	1778.0	1778.15	1778.3698	1792.0	9.266	COMPLETED
303	id-00073	2	4	3	11	1779.0	1779.0	1779.15	1779.4633	1790.0	4.633	COMPLETED
303	id-00074	9	3	3	7	1780.0	1780.0	1780.45	1780.5574	1787.0	62.548	COMPLETED
303	id-00075	3	2	2	9	1780.0	1780.0	1780.3	1780.7733	1789.0	13.9	COMPLETED
303	id-00076	6	12	1	6	1780.0	1780.0	1780.15	1780.3806	1786.0	13.9	COMPLETED
303	id-00077	2	2	6	15	1782.0	1782.0	1782.3	1782.5116	1797.0	9.266	COMPLETED
303	id-00078	10	8	5	11	1783.0	1783.0	1783.5	1783.6726	1794.0	77.22	COMPLETED
303	id-00079	9	18	3	10	1783.0	1783.0	1783.3	1783.7151	1793.0	41.699	COMPLETED
303	id-00080	3	5	4	15	1783.0	1783.0	1783.19	1783.3828	1798.0	7.012	COMPLETED
303	id-00081	7	3	1	6	1785.0	1785.0	1785.05	1785.378	1791.0	5.405	COMPLETED
303	id-00082	5	9	8	5	1787.0	1787.0	1787.8	1788.2277	1792.0	61.776	COMPLETED
303	id-00083	10	14	9	2	1787.0	1787.0	1787.9	1788.0304	1789.0	138.996	COMPLETED
303	id-00084	3	5	4	4	1788.0	1788.0	1788.4	1788.6051	1792.0	18.533	COMPLETED
303	id-00085	8	10	10	5	1788.0	1788.0	1789.0	1789.4586	1793.0	123.552	COMPLETED
303	id-00086	2	2	9	2	1792.0	1792.0	1793.35	1794.0	1794.0	41.699	EXPIRED
303	id-00087	4	6	7	2	1792.0	1792.0	1793.05	1794.0	1794.0	64.865	EXPIRED
303	id-00088	5	10	5	10	1792.0	1792.0	1792.75	1792.8907	1802.0	57.915	COMPLETED
303	id-00089	3	6	10	2	1794.0	1794.0	1794.5	1794.9412	1796.0	23.166	COMPLETED
303	id-00090	5	7	3	12	1795.0	1795.0	1795.3	1795.4548	1807.0	23.166	COMPLETED
303	id-00091	8	10	5	15	1795.0	1795.0	1795.5	1795.996	1810.0	61.776	COMPLETED
303	id-00092	5	6	9	14	1796.0	1796.0	1796.9	1797.0613	1810.0	69.498	COMPLETED
303	id-00093	8	8	7	15	1796.0	1796.0	1796.7	1797.1459	1811.0	86.486	COMPLETED
303	id-00094	7	10	9	8	1798.0	1798.0	1798.45	1798.9402	1806.0	48.649	COMPLETED
303	id-00095	2	2	1	10	1799.0	1799.0	1799.05	1799.1646	1809.0	1.544	COMPLETED
303	id-00096	5	9	8	9	1802.0	1802.0	1802.8	1803.2698	1811.0	61.776	COMPLETED
303	id-00097	1	2	6	5	1802.0	1802.0	1802.6	1802.8005	1807.0	9.266	COMPLETED
303	id-00098	3	2	8	15	1803.0	1803.0	1803.8	1804.1387	1818.0	37.066	COMPLETED
303	id-00099	5	4	9	13	1803.0	1803.0	1803.9	1804.2998	1816.0	69.498	COMPLETED
303	id-00100	5	10	8	12	1805.0	1805.0	1805.4	1805.7829	1817.0	30.888	COMPLETED
303	id-00101	2	2	8	9	1806.0	1806.0	1806.4	1806.5118	1815.0	12.355	COMPLETED
303	id-00102	7	6	3	7	1807.0	1807.0	1807.15	1807.4698	1814.0	16.216	COMPLETED
303	id-00103	3	3	4	9	1808.0	1808.0	1808.4	1808.5544	1817.0	18.533	COMPLETED
303	id-00104	1	2	4	4	1808.0	1808.0	1808.4	1808.5006	1812.0	6.178	COMPLETED
303	id-00105	9	18	1	12	1813.0	1813.0	1813.1	1813.2114	1825.0	13.9	COMPLETED
303	id-00106	3	3	4	9	1813.0	1813.0	1813.4	1813.5677	1822.0	18.533	COMPLETED
303	id-00107	6	11	10	12	1814.0	1814.0	1814.5	1814.888	1826.0	46.332	COMPLETED
303	id-00108	8	12	6	7	1822.0	1822.0	1822.3	1822.4484	1829.0	37.066	COMPLETED
303	id-00109	9	12	4	14	1824.0	1824.0	1824.6	1824.9264	1838.0	83.398	COMPLETED
303	id-00110	4	2	6	4	1824.0	1824.0	1824.9	1825.2511	1828.0	55.598	COMPLETED
303	id-00111	3	3	6	15	1824.0	1824.0	1824.9	1825.2639	1839.0	41.699	COMPLETED
303	id-00112	9	8	9	1	1827.0	1827.0	1828.35	1828.0	1828.0	187.645	EXPIRED
303	id-00113	3	6	2	13	1827.0	1827.0	1827.3	1827.5787	1840.0	13.9	COMPLETED
303	id-00114	4	4	9	6	1827.0	1827.0	1828.35	1828.5103	1833.0	83.398	COMPLETED
303	id-00115	3	5	4	14	1828.0	1828.0	1828.2	1828.6484	1842.0	9.266	COMPLETED
303	id-00116	7	13	1	15	1828.0	1828.0	1828.14	1828.4072	1843.0	15.135	COMPLETED
303	id-00117	10	14	2	8	1829.0	1829.0	1829.2	1829.5223	1837.0	30.888	COMPLETED
303	id-00118	1	2	2	2	1829.0	1829.0	1829.29	1829.7153	1831.0	4.479	COMPLETED
303	id-00119	8	9	7	6	1829.0	1829.0	1829.7	1830.0565	1835.0	86.486	COMPLETED
303	id-00120	7	11	10	12	1830.0	1830.0	1831.0	1831.242	1842.0	108.108	COMPLETED
303	id-00121	8	10	6	5	1830.0	1830.0	1830.6	1830.9008	1835.0	74.131	COMPLETED
303	id-00122	8	2	1	9	1831.0	1831.0	1831.05	1831.2157	1840.0	6.178	COMPLETED
303	id-00123	3	6	5	11	1832.0	1832.0	1832.5	1832.6424	1843.0	23.166	COMPLETED
303	id-00124	8	16	9	3	1832.0	1832.0	1832.9	1833.2277	1835.0	111.197	COMPLETED
303	id-00125	8	16	4	3	1833.0	1833.0	1833.4	1833.6383	1836.0	49.421	COMPLETED
303	id-00126	5	9	2	1	1833.0	1833.0	1833.1	1834.0	1834.0	7.722	EXPIRED
303	id-00127	10	16	8	4	1833.0	1833.0	1833.8	1834.0692	1837.0	123.552	COMPLETED
303	id-00128	4	5	9	14	1835.0	1835.0	1835.45	1835.7196	1849.0	27.799	COMPLETED
303	id-00129	7	12	8	11	1836.0	1836.0	1836.4	1836.6883	1847.0	43.243	COMPLETED
303	id-00130	9	9	8	4	1837.0	1837.0	1837.8	1838.0352	1841.0	111.197	COMPLETED
303	id-00131	5	9	8	11	1837.0	1837.0	1837.8	1838.19	1848.0	61.776	COMPLETED
303	id-00132	10	20	5	4	1838.0	1838.0	1838.25	1838.3623	1842.0	38.61	COMPLETED
303	id-00133	5	6	10	4	1839.0	1839.0	1839.5	1839.7061	1843.0	38.61	COMPLETED
303	id-00134	7	3	4	7	1841.0	1841.0	1841.2	1841.6305	1848.0	21.622	COMPLETED
303	id-00135	6	8	5	11	1842.0	1842.0	1842.25	1842.7467	1853.0	23.166	COMPLETED
303	id-00136	3	5	5	6	1845.0	1845.0	1846.0	1846.4111	1851.0	46.332	COMPLETED
303	id-00137	4	3	10	9	1845.0	1845.0	1847.0	1847.4651	1854.0	123.552	COMPLETED
303	id-00138	10	7	5	1	1845.0	1845.0	1846.0	1846.0	1846.0	154.44	EXPIRED
303	id-00139	3	5	5	5	1845.0	1845.0	1846.0	1846.4469	1850.0	46.332	COMPLETED
303	id-00140	5	7	7	8	1845.0	1845.0	1845.35	1845.8059	1853.0	27.027	COMPLETED
303	id-00141	9	8	10	2	1846.0	1846.0	1846.62	1847.1025	1848.0	86.178	COMPLETED
303	id-00142	7	11	2	12	1848.0	1848.0	1848.12	1848.3994	1860.0	12.973	COMPLETED
303	id-00143	1	2	2	13	1849.0	1849.0	1849.12	1849.4227	1862.0	1.853	COMPLETED
303	id-00144	7	3	1	3	1850.0	1850.0	1850.1	1850.2177	1853.0	10.811	COMPLETED
303	id-00145	8	14	6	13	1850.0	1850.0	1850.6	1851.003	1863.0	74.131	COMPLETED
303	id-00146	8	4	3	1	1851.0	1851.0	1851.15	1852.0	1852.0	18.533	EXPIRED
303	id-00147	7	2	4	5	1852.0	1852.0	1852.6	1852.8752	1857.0	64.865	COMPLETED
303	id-00148	3	3	2	10	1852.0	1852.0	1852.3	1852.7079	1862.0	13.9	COMPLETED
303	id-00149	1	2	2	3	1852.0	1852.0	1852.3	1852.4646	1855.0	4.633	COMPLETED
303	id-00150	8	2	5	7	1853.0	1853.0	1853.25	1853.468	1860.0	30.888	COMPLETED
303	id-00151	2	3	5	1	1855.0	1855.0	1855.25	1856.0	1856.0	7.722	EXPIRED
303	id-00152	3	6	4	1	1856.0	1856.0	1856.2	1857.0	1857.0	9.266	EXPIRED
303	id-00153	1	2	9	13	1858.0	1858.0	1858.45	1858.5864	1871.0	6.95	COMPLETED
303	id-00154	1	2	2	4	1861.0	1861.0	1861.2	1861.4374	1865.0	3.089	COMPLETED
303	id-00155	10	17	9	8	1861.0	1861.0	1861.9	1862.3171	1869.0	138.996	COMPLETED
303	id-00156	7	11	7	11	1861.0	1861.0	1861.7	1861.926	1872.0	75.676	COMPLETED
303	id-00157	10	14	10	7	1861.0	1861.0	1862.0	1862.427	1868.0	154.44	COMPLETED
303	id-00158	1	2	4	9	1862.0	1862.0	1862.2	1862.6421	1871.0	3.089	COMPLETED
303	id-00159	1	2	5	4	1863.0	1863.0	1863.25	1863.6798	1867.0	3.861	COMPLETED
303	id-00160	6	10	5	4	1865.0	1865.0	1865.25	1865.3789	1869.0	23.166	COMPLETED
303	id-00161	4	4	7	4	1866.0	1866.0	1866.7	1866.9067	1870.0	43.243	COMPLETED
303	id-00162	1	2	3	13	1866.0	1866.0	1866.3	1866.579	1879.0	4.633	COMPLETED
303	id-00163	1	2	10	5	1868.0	1868.0	1868.5	1868.7037	1873.0	7.722	COMPLETED
303	id-00164	10	19	8	2	1871.0	1871.0	1871.8	1872.0844	1873.0	123.552	COMPLETED
303	id-00165	7	4	10	8	1871.0	1871.0	1872.0	1872.1403	1879.0	108.108	COMPLETED
303	id-00166	7	6	9	14	1872.0	1872.0	1872.45	1872.9409	1886.0	48.649	COMPLETED
303	id-00167	7	10	4	9	1874.0	1874.0	1874.4	1874.5041	1883.0	43.243	COMPLETED
303	id-00168	3	4	6	2	1874.0	1874.0	1874.6	1874.8682	1876.0	27.799	COMPLETED
303	id-00169	8	12	8	11	1875.0	1875.0	1875.4	1875.6058	1886.0	49.421	COMPLETED
303	id-00170	9	12	8	2	1876.0	1876.0	1876.4	1876.7638	1878.0	55.598	COMPLETED
303	id-00171	7	10	10	5	1878.0	1878.0	1880.0	1880.3204	1883.0	216.216	COMPLETED
303	id-00172	1	2	4	13	1878.0	1878.0	1878.8	1878.9916	1891.0	12.355	COMPLETED
303	id-00173	1	2	8	10	1878.0	1878.0	1879.6	1879.9328	1888.0	24.71	COMPLETED
303	id-00174	9	15	6	4	1878.0	1878.0	1879.2	1879.6363	1882.0	166.795	COMPLETED
303	id-00175	5	10	5	4	1880.0	1880.0	1880.75	1881.1365	1884.0	57.915	COMPLETED
303	id-00176	3	5	3	14	1880.0	1880.0	1880.45	1880.8971	1894.0	20.849	COMPLETED
303	id-00177	3	2	5	10	1880.0	1880.0	1880.75	1880.9032	1890.0	34.749	COMPLETED
303	id-00178	1	2	1	4	1881.0	1881.0	1881.15	1881.5865	1885.0	2.317	COMPLETED
303	id-00179	10	18	4	8	1881.0	1881.0	1881.6	1881.7135	1889.0	92.664	COMPLETED
303	id-00180	2	4	1	4	1881.0	1881.0	1881.15	1881.4122	1885.0	4.633	COMPLETED
303	id-00181	9	13	8	8	1885.0	1885.0	1885.8	1885.9227	1893.0	111.197	COMPLETED
303	id-00182	8	5	3	13	1885.0	1885.0	1885.3	1885.5697	1898.0	37.066	COMPLETED
303	id-00183	6	7	8	13	1886.0	1886.0	1886.4	1886.8059	1899.0	37.066	COMPLETED
303	id-00184	2	4	5	3	1887.0	1887.0	1887.5	1887.9311	1890.0	15.444	COMPLETED
303	id-00185	4	6	2	7	1887.0	1887.0	1887.2	1887.6995	1894.0	12.355	COMPLETED
303	id-00186	10	12	4	1	1888.0	1888.0	1888.2	1889.0	1889.0	30.888	EXPIRED
303	id-00187	7	13	7	2	1890.0	1890.0	1890.7	1891.0705	1892.0	75.676	COMPLETED
303	id-00188	8	9	7	3	1890.0	1890.0	1890.7	1891.0315	1893.0	86.486	COMPLETED
303	id-00189	3	6	10	6	1893.0	1893.0	1893.5	1893.6977	1899.0	23.166	COMPLETED
303	id-00190	3	2	7	4	1895.0	1895.0	1896.05	1896.393	1899.0	48.649	COMPLETED
303	id-00191	2	3	7	6	1895.0	1895.0	1896.05	1896.3614	1901.0	32.432	COMPLETED
303	id-00192	4	7	2	5	1895.0	1895.0	1895.3	1895.519	1900.0	18.533	COMPLETED
303	id-00193	2	3	1	8	1896.0	1896.0	1896.07	1896.381	1904.0	2.162	COMPLETED
303	id-00194	8	3	9	3	1898.0	1898.0	1898.38	1898.781	1901.0	32.619	COMPLETED
303	id-00195	10	9	9	14	1898.0	1898.0	1898.6	1898.7448	1912.0	92.664	COMPLETED
303	id-00196	8	3	4	8	1899.0	1899.0	1899.27	1899.6271	1907.0	33.359	COMPLETED
303	id-00197	5	6	9	11	1900.0	1900.0	1900.9	1901.0984	1911.0	69.498	COMPLETED
303	id-00198	8	9	2	3	1900.0	1900.0	1900.2	1900.4436	1903.0	24.71	COMPLETED
303	id-00199	8	7	5	9	1901.0	1901.0	1901.25	1901.6939	1910.0	30.888	COMPLETED
303	id-00200	6	3	8	3	1903.0	1903.0	1903.8	1904.2416	1906.0	74.131	COMPLETED
303	id-00201	4	8	1	9	1903.0	1903.0	1903.1	1903.5033	1912.0	6.178	COMPLETED
303	id-00202	6	3	9	4	1904.0	1904.0	1904.45	1904.6591	1908.0	41.699	COMPLETED
303	id-00203	7	8	6	13	1905.0	1905.0	1905.3	1905.499	1918.0	32.432	COMPLETED
303	id-00204	1	2	5	2	1906.0	1906.0	1906.5	1906.6548	1908.0	7.722	COMPLETED
303	id-00205	8	15	8	14	1906.0	1906.0	1906.8	1906.9311	1920.0	98.842	COMPLETED
303	id-00206	1	2	10	1	1909.0	1909.0	1909.5	1910.0	1910.0	7.722	EXPIRED
303	id-00207	1	2	8	15	1910.0	1910.0	1910.4	1910.5696	1925.0	6.178	COMPLETED
303	id-00208	8	9	8	7	1913.0	1913.0	1913.4	1913.8619	1920.0	49.421	COMPLETED
303	id-00209	1	2	10	6	1914.0	1914.0	1914.5	1914.6246	1920.0	7.722	COMPLETED
303	id-00210	7	9	5	6	1917.0	1917.0	1917.25	1917.3837	1923.0	27.027	COMPLETED
303	id-00211	7	3	4	15	1918.0	1918.0	1918.4	1918.8584	1933.0	43.243	COMPLETED
303	id-00212	7	9	3	10	1918.0	1918.0	1918.3	1918.6285	1928.0	32.432	COMPLETED
303	id-00213	2	2	9	1	1919.0	1919.0	1919.45	1920.0	1920.0	13.9	EXPIRED
303	id-00214	4	6	8	13	1920.0	1920.0	1920.8	1921.2693	1933.0	49.421	COMPLETED
303	id-00215	4	7	3	9	1920.0	1920.0	1920.3	1920.68	1929.0	18.533	COMPLETED
303	id-00216	4	8	3	13	1922.0	1922.0	1922.15	1922.2681	1935.0	9.266	COMPLETED
303	id-00217	2	2	10	2	1923.0	1923.0	1924.0	1924.3533	1925.0	30.888	COMPLETED
303	id-00218	4	4	6	12	1923.0	1923.0	1923.6	1923.8456	1935.0	37.066	COMPLETED
303	id-00219	8	2	8	5	1925.0	1925.0	1925.4	1925.7888	1930.0	49.421	COMPLETED
303	id-00220	1	2	9	10	1926.0	1926.0	1926.45	1926.9004	1936.0	6.95	COMPLETED
303	id-00221	3	5	10	7	1927.0	1927.0	1929.0	1929.1098	1934.0	92.664	COMPLETED
303	id-00222	5	10	6	9	1927.0	1927.0	1928.2	1928.4854	1936.0	92.664	COMPLETED
303	id-00223	8	7	9	7	1927.0	1927.0	1928.8	1929.2663	1934.0	222.394	COMPLETED
303	id-00224	5	2	9	13	1927.0	1927.0	1927.39	1927.5378	1940.0	19.085	COMPLETED
303	id-00225	2	2	3	11	1927.0	1927.0	1927.6	1927.78	1938.0	18.533	COMPLETED
303	id-00226	7	13	9	15	1928.0	1928.0	1928.78	1929.0222	1943.0	84.324	COMPLETED
303	id-00227	3	2	10	15	1928.0	1928.0	1930.5	1930.8384	1943.0	115.83	COMPLETED
303	id-00228	8	7	10	7	1928.0	1928.0	1928.87	1929.3282	1935.0	82.883	COMPLETED
303	id-00229	6	4	7	7	1929.0	1930.0	1930.32	1930.7459	1936.0	23.619	COMPLETED
303	id-00230	3	6	4	3	1929.0	1930.0	1930.47	1930.7798	1932.0	21.776	COMPLETED
303	id-00231	9	14	5	15	1930.0	1930.0	1930.59	1930.7136	1945.0	82.008	COMPLETED
303	id-00232	6	11	8	13	1934.0	1934.0	1934.47	1934.9682	1947.0	43.552	COMPLETED
303	id-00233	6	9	5	14	1935.0	1935.0	1935.25	1935.503	1949.0	23.166	COMPLETED
303	id-00234	2	4	5	1	1937.0	1937.0	1937.25	1938.0	1938.0	7.722	EXPIRED
303	id-00235	7	3	9	2	1938.0	1938.0	1938.9	1939.3812	1940.0	97.297	COMPLETED
303	id-00236	1	2	8	13	1938.0	1938.0	1938.8	1939.1221	1951.0	12.355	COMPLETED
303	id-00237	9	6	4	4	1941.0	1941.0	1941.2	1941.657	1945.0	27.799	COMPLETED
303	id-00238	6	10	6	7	1943.0	1943.0	1943.6	1943.9383	1950.0	55.598	COMPLETED
303	id-00239	10	5	6	11	1943.0	1943.0	1943.6	1943.9726	1954.0	92.664	COMPLETED
303	id-00240	3	3	6	4	1944.0	1944.0	1944.6	1944.7644	1948.0	27.799	COMPLETED
303	id-00241	4	2	3	1	1944.0	1944.0	1944.3	1945.0	1945.0	18.533	EXPIRED
303	id-00242	10	13	3	1	1945.0	1945.0	1945.15	1946.0	1946.0	23.166	EXPIRED
303	id-00243	4	6	10	7	1946.0	1946.0	1946.5	1946.607	1953.0	30.888	COMPLETED
303	id-00244	8	16	6	12	1948.0	1948.0	1948.3	1948.7569	1960.0	37.066	COMPLETED
303	id-00245	6	3	4	9	1949.0	1949.0	1949.6	1949.7989	1958.0	55.598	COMPLETED
303	id-00246	7	2	9	15	1949.0	1949.0	1950.35	1950.7141	1964.0	145.946	COMPLETED
303	id-00247	7	4	2	5	1949.0	1949.0	1949.3	1949.5915	1954.0	32.432	COMPLETED
303	id-00248	2	3	2	3	1950.0	1950.0	1950.15	1950.3909	1953.0	4.633	COMPLETED
303	id-00249	7	7	9	6	1951.0	1951.0	1951.69	1952.1897	1957.0	74.595	COMPLETED
303	id-00250	3	4	3	7	1953.0	1953.0	1953.46	1953.5936	1960.0	21.313	COMPLETED
303	id-00251	6	6	2	8	1953.0	1953.0	1953.31	1953.5872	1961.0	28.726	COMPLETED
303	id-00252	10	10	1	14	1956.0	1956.0	1956.05	1956.2452	1970.0	7.722	COMPLETED
303	id-00253	8	8	1	5	1958.0	1958.0	1958.05	1958.2322	1963.0	6.178	COMPLETED
303	id-00254	1	2	10	14	1960.0	1960.0	1961.0	1961.4672	1974.0	15.444	COMPLETED
303	id-00255	10	4	9	9	1960.0	1960.0	1960.9	1961.0385	1969.0	138.996	COMPLETED
303	id-00256	9	17	3	1	1962.0	1962.0	1962.3	1963.0	1963.0	41.699	EXPIRED
303	id-00257	3	6	10	15	1962.0	1962.0	1963.0	1963.1366	1977.0	46.332	COMPLETED
303	id-00258	9	2	9	10	1963.0	1963.0	1963.9	1964.2502	1973.0	125.096	COMPLETED
303	id-00259	8	14	7	11	1963.0	1963.0	1963.7	1963.968	1974.0	86.486	COMPLETED
303	id-00260	6	12	8	14	1965.0	1965.0	1965.8	1966.0645	1979.0	74.131	COMPLETED
303	id-00261	5	7	4	6	1965.0	1965.0	1965.4	1965.6536	1971.0	30.888	COMPLETED
303	id-00262	10	19	7	1	1966.0	1966.0	1966.35	1967.0	1967.0	54.054	EXPIRED
303	id-00263	9	15	1	13	1967.0	1967.0	1967.05	1967.321	1980.0	6.95	COMPLETED
303	id-00264	10	7	5	7	1969.0	1969.0	1969.5	1969.6367	1976.0	77.22	COMPLETED
303	id-00265	10	3	2	8	1969.0	1969.0	1969.2	1969.5252	1977.0	30.888	COMPLETED
303	id-00266	7	7	7	6	1970.0	1970.0	1970.35	1970.5246	1976.0	37.838	COMPLETED
303	id-00267	4	8	1	7	1973.0	1973.0	1973.15	1973.6034	1980.0	9.266	COMPLETED
303	id-00268	5	3	6	4	1973.0	1973.0	1973.9	1974.2988	1977.0	69.498	COMPLETED
303	id-00269	8	12	4	15	1973.0	1973.0	1973.6	1973.7958	1988.0	74.131	COMPLETED
303	id-00270	3	4	1	7	1974.0	1974.0	1974.05	1974.4648	1981.0	2.317	COMPLETED
303	id-00271	2	2	7	4	1975.0	1975.0	1975.7	1975.8924	1979.0	21.622	COMPLETED
303	id-00272	3	3	5	5	1975.0	1975.0	1975.5	1975.9039	1980.0	23.166	COMPLETED
303	id-00273	7	13	2	2	1976.0	1976.0	1976.2	1976.6204	1978.0	21.622	COMPLETED
303	id-00274	3	5	9	13	1976.0	1976.0	1976.9	1977.0744	1989.0	41.699	COMPLETED
303	id-00275	10	11	10	2	1977.0	1977.0	1977.5	1977.975	1979.0	77.22	COMPLETED
303	id-00276	7	2	8	15	1979.0	1979.0	1979.4	1979.6755	1994.0	43.243	COMPLETED
303	id-00277	8	7	9	11	1979.0	1979.0	1979.9	1980.3589	1990.0	111.197	COMPLETED
303	id-00278	10	8	2	3	1979.0	1979.0	1979.2	1979.6539	1982.0	30.888	COMPLETED
303	id-00279	8	5	7	1	1980.0	1980.0	1980.35	1981.0	1981.0	43.243	EXPIRED
303	id-00280	1	2	6	11	1981.0	1981.0	1981.6	1981.7957	1992.0	9.266	COMPLETED
303	id-00281	6	2	7	14	1981.0	1981.0	1981.7	1981.9952	1995.0	64.865	COMPLETED
303	id-00282	1	2	8	13	1984.0	1984.0	1985.2	1985.6904	1997.0	18.533	COMPLETED
303	id-00283	8	9	9	6	1984.0	1984.0	1985.35	1985.6045	1990.0	166.795	COMPLETED
303	id-00284	3	4	4	8	1984.0	1984.0	1984.6	1984.8836	1992.0	27.799	COMPLETED
303	id-00285	8	10	3	6	1988.0	1988.0	1988.15	1988.3912	1994.0	18.533	COMPLETED
303	id-00286	4	3	5	5	1990.0	1990.0	1990.71	1991.1048	1995.0	43.861	COMPLETED
303	id-00287	9	13	5	7	1990.0	1990.0	1990.71	1990.8937	1997.0	98.687	COMPLETED
303	id-00288	8	12	8	11	1990.0	1990.0	1991.14	1991.5952	2001.0	130.101	COMPLETED
303	id-00289	9	9	4	14	1991.0	1991.0	1991.62	1991.7508	2005.0	86.178	COMPLETED
303	id-00290	4	4	2	13	1991.0	1991.0	1991.31	1991.6002	2004.0	19.151	COMPLETED
303	id-00291	9	4	6	2	1992.0	1992.0	1992.46	1992.8464	1994.0	63.938	COMPLETED
303	id-00292	8	15	6	2	1993.0	1993.0	1993.46	1993.807	1995.0	56.834	COMPLETED
303	id-00293	3	4	9	5	1997.0	1997.0	1997.9	1998.3777	2002.0	41.699	COMPLETED
303	id-00294	6	3	1	14	1997.0	1997.0	1997.1	1997.4898	2011.0	9.266	COMPLETED
303	id-00295	7	14	8	9	1998.0	1998.0	1999.2	1999.5129	2007.0	129.73	COMPLETED
303	id-00296	3	5	10	10	1998.0	1998.0	1999.5	1999.8615	2008.0	69.498	COMPLETED
303	id-00297	6	5	5	6	1998.0	1998.0	1998.75	1999.0479	2004.0	69.498	COMPLETED
303	id-00298	3	3	9	6	1999.0	1999.0	1999.45	1999.7345	2005.0	20.849	COMPLETED
303	id-00299	8	15	3	9	1999.0	1999.0	1999.3	1999.7798	2008.0	37.066	COMPLETED
303	id-00300	1	2	9	12	2000.0	2000.0	2000.9	2001.2759	2012.0	13.9	COMPLETED
303	id-00301	1	2	4	6	2000.0	2000.0	2000.4	2000.6662	2006.0	6.178	COMPLETED
303	id-00302	10	7	4	13	2001.0	2001.0	2001.2	2014.0	2014.0	None	SUBMITTED
