0.00010085105895996094
5.2928924560546875e-05
0.00010538101196289062
0.00017404556274414062
1.9073486328125e-05
1.9073486328125e-05
2.1457672119140625e-05
6.413459777832031e-05
0.00015592575073242188
5.936622619628906e-05
5.53131103515625e-05
0.00015115737915039062
8.940696716308594e-05
5.7697296142578125e-05
5.53131103515625e-05
7.724761962890625e-05
6.4849853515625e-05
0.00010919570922851562
9.250640869140625e-05
0.00010657310485839844
7.081031799316406e-05
6.842613220214844e-05
0.00019431114196777344
9.369850158691406e-05
5.14984130859375e-05
0.00010466575622558594
0.0003027915954589844
0.00022935867309570312
8.416175842285156e-05
6.151199340820312e-05
6.151199340820312e-05
8.225440979003906e-05
0.00011992454528808594
0.00012135505676269531
8.392333984375e-05
6.890296936035156e-05
7.05718994140625e-05
0.00012874603271484375
1.7642974853515625e-05
8.082389831542969e-05
6.723403930664062e-05
7.2479248046875e-05
5.5789947509765625e-05
8.606910705566406e-05
7.724761962890625e-05
0.0001938343048095703
7.271766662597656e-05
0.00010156631469726562
9.465217590332031e-05
9.965896606445312e-05
6.437301635742188e-05
0.00011920928955078125
7.343292236328125e-05
7.843971252441406e-05
0.00012230873107910156
6.532669067382812e-05
9.036064147949219e-05
6.175041198730469e-05
5.7220458984375e-05
9.131431579589844e-05
6.842613220214844e-05
8.082389831542969e-05
5.841255187988281e-05
5.745887756347656e-05
6.29425048828125e-05
8.916854858398438e-05
4.839897155761719e-05
0.00021767616271972656
6.818771362304688e-05
6.270408630371094e-05
5.7697296142578125e-05
5.459785461425781e-05
8.034706115722656e-05
5.817413330078125e-05
5.078315734863281e-05
7.963180541992188e-05
0.00010800361633300781
1.7404556274414062e-05
5.53131103515625e-05
4.839897155761719e-05
0.00011348724365234375
7.510185241699219e-05
4.6253204345703125e-05
8.988380432128906e-05
9.679794311523438e-05
8.177757263183594e-05
7.033348083496094e-05
8.0108642578125e-05
8.249282836914062e-05
5.030632019042969e-05
7.224082946777344e-05
6.29425048828125e-05
5.173683166503906e-05
7.700920104980469e-05
8.177757263183594e-05
1.6450881958007812e-05
7.796287536621094e-05
4.982948303222656e-05
4.38690185546875e-05
5.507469177246094e-05
8.368492126464844e-05
6.723403930664062e-05
1.52587890625e-05
4.9591064453125e-05
5.793571472167969e-05
7.319450378417969e-05
5.555152893066406e-05
5.340576171875e-05
7.104873657226562e-05
5.435943603515625e-05
6.532669067382812e-05
4.9591064453125e-05
5.054473876953125e-05
6.365776062011719e-05
5.841255187988281e-05
4.887580871582031e-05
5.53131103515625e-05
4.839897155761719e-05
7.700920104980469e-05
5.459785461425781e-05
5.745887756347656e-05
7.867813110351562e-05
5.8650970458984375e-05
5.3882598876953125e-05
5.7697296142578125e-05
0.00010895729064941406
6.699562072753906e-05
5.4836273193359375e-05
9.560585021972656e-05
9.512901306152344e-05
5.984306335449219e-05
6.651878356933594e-05
5.459785461425781e-05
7.653236389160156e-05
9.512901306152344e-05
0.00010514259338378906
8.225440979003906e-05
8.153915405273438e-05
8.678436279296875e-05
6.771087646484375e-05
8.130073547363281e-05
5.507469177246094e-05
7.891654968261719e-05
4.57763671875e-05
6.604194641113281e-05
5.841255187988281e-05
8.940696716308594e-05
4.6253204345703125e-05
8.96453857421875e-05
2.2172927856445312e-05
9.202957153320312e-05
2.193450927734375e-05
6.270408630371094e-05
5.793571472167969e-05
8.606910705566406e-05
9.036064147949219e-05
0.00012731552124023438
2.2411346435546875e-05
2.9325485229492188e-05
7.724761962890625e-05
6.437301635742188e-05
7.152557373046875e-05
8.821487426757812e-05
0.00012159347534179688
5.412101745605469e-05
6.079673767089844e-05
6.079673767089844e-05
0.00011539459228515625
6.008148193359375e-05
8.177757263183594e-05
8.177757263183594e-05
9.298324584960938e-05
7.891654968261719e-05
5.650520324707031e-05
6.4849853515625e-05
5.793571472167969e-05
5.602836608886719e-05
8.869171142578125e-05
5.7697296142578125e-05
7.081031799316406e-05
6.413459777832031e-05
5.507469177246094e-05
6.103515625e-05
9.918212890625e-05
7.605552673339844e-05
5.459785461425781e-05
5.125999450683594e-05
8.916854858398438e-05
0.0001418590545654297
0.00010633468627929688
6.29425048828125e-05
5.221366882324219e-05
5.793571472167969e-05
9.918212890625e-05
6.341934204101562e-05
0.0001232624053955078
3.8623809814453125e-05
0.00010609626770019531
5.4836273193359375e-05
5.53131103515625e-05
4.601478576660156e-05
9.012222290039062e-05
8.559226989746094e-05
6.985664367675781e-05
