9.34600830078125e-05
5.888938903808594e-05
8.344650268554688e-05
7.891654968261719e-05
6.699562072753906e-05
6.890296936035156e-05
9.1552734375e-05
0.00011491775512695312
8.296966552734375e-05
0.0001201629638671875
8.344650268554688e-05
8.153915405273438e-05
8.988380432128906e-05
0.00011968612670898438
2.2411346435546875e-05
0.00010085105895996094
6.413459777832031e-05
0.00018477439880371094
3.0040740966796875e-05
0.0001513957977294922
7.677078247070312e-05
0.00019884109497070312
0.00012493133544921875
9.846687316894531e-05
9.131431579589844e-05
0.0001461505889892578
9.5367431640625e-05
6.031990051269531e-05
8.988380432128906e-05
6.890296936035156e-05
7.62939453125e-05
6.604194641113281e-05
9.012222290039062e-05
0.00010395050048828125
7.081031799316406e-05
7.510185241699219e-05
0.0001685619354248047
7.200241088867188e-05
6.628036499023438e-05
5.650520324707031e-05
5.435943603515625e-05
5.14984130859375e-05
6.699562072753906e-05
4.9591064453125e-05
5.507469177246094e-05
0.00010585784912109375
7.367134094238281e-05
6.318092346191406e-05
6.008148193359375e-05
9.655952453613281e-05
5.626678466796875e-05
0.00011110305786132812
6.461143493652344e-05
0.00015974044799804688
2.288818359375e-05
5.817413330078125e-05
7.486343383789062e-05
0.0001506805419921875
0.00010561943054199219
2.2649765014648438e-05
5.054473876953125e-05
7.581710815429688e-05
6.461143493652344e-05
8.869171142578125e-05
8.249282836914062e-05
7.772445678710938e-05
6.532669067382812e-05
5.7697296142578125e-05
4.7206878662109375e-05
4.696846008300781e-05
0.00011944770812988281
0.00013017654418945312
8.344650268554688e-05
5.841255187988281e-05
0.00016760826110839844
2.4318695068359375e-05
9.799003601074219e-05
0.0001227855682373047
7.486343383789062e-05
5.984306335449219e-05
4.482269287109375e-05
5.888938903808594e-05
0.00015497207641601562
3.314018249511719e-05
5.6743621826171875e-05
4.935264587402344e-05
6.008148193359375e-05
8.130073547363281e-05
8.249282836914062e-05
5.412101745605469e-05
5.936622619628906e-05
0.0001239776611328125
4.5299530029296875e-05
8.702278137207031e-05
8.58306884765625e-05
6.318092346191406e-05
4.696846008300781e-05
6.842613220214844e-05
7.963180541992188e-05
5.5789947509765625e-05
8.988380432128906e-05
8.177757263183594e-05
0.0001163482666015625
4.00543212890625e-05
4.00543212890625e-05
4.744529724121094e-05
6.151199340820312e-05
6.198883056640625e-05
6.937980651855469e-05
8.344650268554688e-05
0.0001423358917236328
6.437301635742188e-05
6.341934204101562e-05
0.0002129077911376953
3.4332275390625e-05
8.0108642578125e-05
7.43865966796875e-05
1.3828277587890625e-05
7.891654968261719e-05
5.507469177246094e-05
6.794929504394531e-05
0.00010418891906738281
7.319450378417969e-05
0.00010919570922851562
0.00010228157043457031
9.632110595703125e-05
0.00014162063598632812
7.510185241699219e-05
0.00016880035400390625
0.00013136863708496094
9.417533874511719e-05
8.96453857421875e-05
7.343292236328125e-05
0.00011038780212402344
0.00011849403381347656
6.031990051269531e-05
8.130073547363281e-05
7.915496826171875e-05
6.532669067382812e-05
7.390975952148438e-05
6.341934204101562e-05
9.369850158691406e-05
6.198883056640625e-05
7.963180541992188e-05
6.771087646484375e-05
5.602836608886719e-05
0.00013685226440429688
9.632110595703125e-05
8.58306884765625e-05
5.412101745605469e-05
5.602836608886719e-05
6.246566772460938e-05
5.793571472167969e-05
7.224082946777344e-05
6.318092346191406e-05
7.390975952148438e-05
7.05718994140625e-05
4.839897155761719e-05
4.863739013671875e-05
5.459785461425781e-05
9.775161743164062e-05
5.936622619628906e-05
7.939338684082031e-05
9.131431579589844e-05
9.012222290039062e-05
8.630752563476562e-05
0.0001404285430908203
9.989738464355469e-05
0.00010371208190917969
0.00010824203491210938
9.417533874511719e-05
7.82012939453125e-05
0.00010585784912109375
7.843971252441406e-05
0.00019216537475585938
0.00012946128845214844
7.510185241699219e-05
8.249282836914062e-05
0.00012302398681640625
0.00010919570922851562
6.866455078125e-05
0.000125885009765625
0.00010466575622558594
2.5033950805664062e-05
6.842613220214844e-05
0.00010085105895996094
0.00012564659118652344
9.036064147949219e-05
8.392333984375e-05
0.0001342296600341797
0.0001556873321533203
0.00011849403381347656
8.821487426757812e-05
6.4849853515625e-05
