322	id-00000	2	4	2	2	1700.0	1700.0	1700.1	1700.3683	1702.0	3.089	COMPLETED
322	id-00001	8	13	8	15	1701.0	1701.0	1701.4	1701.5722	1716.0	49.421	COMPLETED
322	id-00002	6	5	5	4	1702.0	1702.0	1702.25	1702.5773	1706.0	23.166	COMPLETED
322	id-00003	1	2	7	4	1704.0	1704.0	1705.05	1705.205	1708.0	16.216	COMPLETED
322	id-00004	8	9	3	2	1704.0	1704.0	1704.45	1704.9498	1706.0	55.598	COMPLETED
322	id-00005	3	2	8	3	1704.0	1704.0	1705.2	1705.4263	1707.0	55.598	COMPLETED
322	id-00006	5	2	7	5	1705.0	1705.0	1705.44	1705.9394	1710.0	33.977	COMPLETED
322	id-00007	6	4	1	4	1708.0	1708.0	1708.06	1708.5286	1712.0	5.56	COMPLETED
322	id-00008	9	9	6	15	1712.0	1712.0	1712.3	1712.7775	1727.0	41.699	COMPLETED
322	id-00009	9	18	10	5	1714.0	1714.0	1714.5	1714.897	1719.0	69.498	COMPLETED
322	id-00010	5	3	1	7	1715.0	1715.0	1715.15	1715.5551	1722.0	11.583	COMPLETED
322	id-00011	8	7	4	3	1715.0	1715.0	1715.6	1715.9874	1718.0	74.131	COMPLETED
322	id-00012	3	3	2	7	1715.0	1715.0	1715.09	1715.5121	1722.0	2.473	COMPLETED
322	id-00013	6	12	4	10	1715.0	1715.0	1715.6	1715.9833	1725.0	55.598	COMPLETED
322	id-00014	7	4	8	14	1717.0	1717.0	1717.4	1717.8293	1731.0	43.243	COMPLETED
322	id-00015	9	14	1	7	1718.0	1718.0	1718.05	1718.1738	1725.0	6.95	COMPLETED
322	id-00016	8	15	5	5	1719.0	1719.0	1719.5	1719.7401	1724.0	61.776	COMPLETED
322	id-00017	10	11	3	2	1719.0	1719.0	1719.3	1719.5468	1721.0	46.332	COMPLETED
322	id-00018	8	11	1	9	1720.0	1720.0	1720.15	1720.3962	1729.0	18.533	COMPLETED
322	id-00019	3	3	8	11	1720.0	1720.0	1721.2	1721.4389	1731.0	55.598	COMPLETED
322	id-00020	3	6	2	3	1720.0	1720.0	1720.3	1720.4928	1723.0	13.9	COMPLETED
322	id-00021	9	16	3	3	1722.0	1722.0	1722.15	1722.3229	1725.0	20.849	COMPLETED
322	id-00022	10	8	9	7	1725.0	1725.0	1725.9	1726.3223	1732.0	138.996	COMPLETED
322	id-00023	4	5	2	2	1725.0	1725.0	1725.2	1725.6474	1727.0	12.355	COMPLETED
322	id-00024	10	17	4	7	1727.0	1727.0	1727.2	1727.3205	1734.0	30.888	COMPLETED
322	id-00025	7	7	10	14	1730.0	1730.0	1730.5	1730.6341	1744.0	54.054	COMPLETED
322	id-00026	1	2	4	3	1732.0	1732.0	1732.4	1732.7682	1735.0	6.178	COMPLETED
322	id-00027	3	3	4	11	1732.0	1732.0	1732.4	1732.7262	1743.0	18.533	COMPLETED
322	id-00028	7	10	1	9	1733.0	1733.0	1733.1	1733.467	1742.0	10.811	COMPLETED
322	id-00029	5	5	3	15	1733.0	1733.0	1733.3	1733.414	1748.0	23.166	COMPLETED
322	id-00030	3	3	9	10	1735.0	1735.0	1735.86	1736.0191	1745.0	39.846	COMPLETED
322	id-00031	5	8	8	4	1735.0	1735.0	1735.76	1736.1586	1739.0	51.522	COMPLETED
322	id-00032	7	4	8	6	1736.0	1736.0	1737.14	1737.5259	1742.0	123.243	COMPLETED
322	id-00033	3	3	7	7	1736.0	1736.0	1737.0	1737.2688	1743.0	46.332	COMPLETED
322	id-00034	3	5	4	12	1736.0	1736.0	1736.57	1736.9898	1748.0	21.035	COMPLETED
322	id-00035	1	2	2	4	1737.0	1737.0	1737.43	1737.8892	1741.0	6.641	COMPLETED
322	id-00036	5	2	2	7	1737.0	1737.0	1737.29	1737.4812	1744.0	22.394	COMPLETED
322	id-00037	6	3	6	9	1737.0	1737.0	1738.29	1738.5844	1746.0	119.537	COMPLETED
322	id-00038	8	3	10	1	1737.0	1737.0	1738.43	1738.0	1738.0	176.679	EXPIRED
322	id-00039	6	3	10	6	1737.0	1737.0	1738.43	1738.8158	1743.0	119.027	COMPLETED
322	id-00040	4	8	6	1	1737.0	1737.0	1738.29	1738.0	1738.0	67.529	EXPIRED
322	id-00041	5	5	5	8	1738.0	1739.0	1739.95	1740.0905	1746.0	73.359	COMPLETED
322	id-00042	5	10	6	14	1738.0	1739.0	1740.14	1740.251	1752.0	88.031	COMPLETED
322	id-00043	1	2	2	1	1739.0	1739.0	1739.38	1740.0	1740.0	5.869	EXPIRED
322	id-00044	6	9	8	11	1739.0	1739.0	1740.52	1740.9463	1750.0	126.519	COMPLETED
322	id-00045	4	3	7	1	1739.0	1739.0	1740.75	1740.0	1740.0	108.108	EXPIRED
322	id-00046	7	4	7	3	1739.0	1739.0	1739.3	1739.6685	1742.0	23.947	COMPLETED
322	id-00047	3	2	5	3	1740.0	1740.0	1740.31	1740.7012	1743.0	14.363	COMPLETED
322	id-00048	9	13	9	9	1741.0	1741.0	1741.56	1741.8756	1750.0	77.838	COMPLETED
322	id-00049	5	4	6	4	1742.0	1742.0	1742.75	1742.9859	1746.0	57.915	COMPLETED
322	id-00050	4	6	5	10	1742.0	1742.0	1742.62	1742.8308	1752.0	38.301	COMPLETED
322	id-00051	7	4	9	6	1743.0	1743.0	1743.56	1743.776	1749.0	60.54	COMPLETED
322	id-00052	2	3	5	10	1744.0	1744.0	1744.62	1744.8665	1754.0	19.151	COMPLETED
322	id-00053	2	4	9	10	1744.0	1744.0	1745.12	1745.333	1754.0	34.595	COMPLETED
322	id-00054	2	4	8	6	1746.0	1746.0	1746.8	1746.902	1752.0	24.71	COMPLETED
322	id-00055	4	4	2	15	1746.0	1746.0	1746.2	1746.4035	1761.0	12.355	COMPLETED
322	id-00056	1	2	1	9	1750.0	1750.0	1750.15	1750.486	1759.0	2.317	COMPLETED
322	id-00057	10	18	9	5	1750.0	1750.0	1751.35	1751.7349	1755.0	208.494	COMPLETED
322	id-00058	8	16	5	10	1750.0	1750.0	1750.75	1751.0156	1760.0	92.664	COMPLETED
322	id-00059	3	5	6	4	1753.0	1753.0	1753.3	1753.7987	1757.0	13.9	COMPLETED
322	id-00060	1	2	4	2	1754.0	1754.0	1754.6	1754.8225	1756.0	9.266	COMPLETED
322	id-00061	4	5	6	1	1754.0	1754.0	1754.9	1755.0	1755.0	55.598	EXPIRED
322	id-00062	10	2	2	6	1754.0	1754.0	1754.3	1754.485	1760.0	46.332	COMPLETED
322	id-00063	10	17	8	2	1755.0	1755.0	1755.4	1755.6252	1757.0	61.776	COMPLETED
322	id-00064	9	17	5	5	1756.0	1756.0	1756.25	1756.7047	1761.0	34.749	COMPLETED
322	id-00065	9	6	1	2	1757.0	1757.0	1757.1	1757.4386	1759.0	13.9	COMPLETED
322	id-00066	8	7	2	9	1757.0	1757.0	1757.2	1757.5779	1766.0	24.71	COMPLETED
322	id-00067	10	6	3	2	1757.0	1757.0	1757.14	1757.4954	1759.0	20.302	COMPLETED
322	id-00068	10	20	10	1	1758.0	1758.0	1759.0	1759.0	1759.0	154.44	EXPIRED
322	id-00069	8	8	5	8	1758.0	1758.0	1758.5	1758.6047	1766.0	61.776	COMPLETED
322	id-00070	5	2	10	11	1758.0	1758.0	1758.48	1758.8734	1769.0	32.54	COMPLETED
322	id-00071	1	2	5	7	1759.0	1759.0	1759.5	1759.7366	1766.0	7.722	COMPLETED
322	id-00072	7	13	4	8	1759.0	1759.0	1759.4	1759.5242	1767.0	43.243	COMPLETED
322	id-00073	5	3	1	11	1760.0	1760.0	1760.1	1760.253	1771.0	7.722	COMPLETED
322	id-00074	10	15	5	10	1760.0	1760.0	1760.5	1760.9204	1770.0	77.22	COMPLETED
322	id-00075	1	2	4	1	1766.0	1766.0	1766.2	1767.0	1767.0	3.089	EXPIRED
322	id-00076	5	6	6	14	1768.0	1768.0	1768.3	1768.4134	1782.0	23.166	COMPLETED
322	id-00077	9	7	5	7	1770.0	1770.0	1770.25	1770.4514	1777.0	34.749	COMPLETED
322	id-00078	9	12	9	15	1772.0	1772.0	1772.41	1772.658	1787.0	49.257	COMPLETED
322	id-00079	7	14	9	6	1772.0	1772.0	1772.9	1773.1852	1778.0	97.297	COMPLETED
322	id-00080	9	17	4	6	1772.0	1772.0	1772.4	1772.8074	1778.0	55.598	COMPLETED
322	id-00081	8	10	4	8	1773.0	1773.0	1773.4	1773.676	1781.0	49.421	COMPLETED
322	id-00082	4	3	4	6	1773.0	1773.0	1773.4	1773.6094	1779.0	24.71	COMPLETED
322	id-00083	2	2	7	11	1774.0	1774.0	1774.35	1774.701	1785.0	10.811	COMPLETED
322	id-00084	9	15	8	7	1775.0	1775.0	1775.8	1776.1135	1782.0	111.197	COMPLETED
322	id-00085	2	2	9	13	1775.0	1775.0	1775.9	1776.2552	1788.0	27.799	COMPLETED
322	id-00086	9	2	7	12	1776.0	1776.0	1776.33	1776.7268	1788.0	42.757	COMPLETED
322	id-00087	2	2	7	6	1776.0	1776.0	1778.1	1778.5624	1782.0	64.865	COMPLETED
322	id-00088	9	15	8	5	1776.0	1776.0	1778.4	1778.7188	1781.0	333.59	COMPLETED
322	id-00089	2	3	7	10	1776.0	1776.0	1778.1	1778.4009	1786.0	64.865	COMPLETED
322	id-00090	1	2	8	11	1776.0	1776.0	1778.4	1778.8148	1787.0	37.066	COMPLETED
322	id-00091	2	4	5	4	1776.0	1776.0	1777.5	1777.8199	1780.0	46.332	COMPLETED
322	id-00092	3	2	2	5	1776.0	1776.0	1776.6	1776.9296	1781.0	27.799	COMPLETED
322	id-00093	10	8	6	2	1777.0	None	None	1779.0	1779.0	None	EXPIRED
322	id-00094	8	13	2	14	1778.0	1780.0	1780.4	1780.5097	1792.0	49.421	COMPLETED
322	id-00095	2	3	3	11	1779.0	1780.0	1780.6	1780.7636	1790.0	18.533	COMPLETED
322	id-00096	1	2	2	11	1780.0	1780.0	1780.4	1780.6843	1791.0	6.178	COMPLETED
322	id-00097	9	10	10	4	1780.0	1780.0	1782.0	1782.1829	1784.0	277.992	COMPLETED
322	id-00098	4	6	7	5	1781.0	1781.0	1781.64	1781.815	1786.0	39.537	COMPLETED
322	id-00099	2	4	1	9	1784.0	1784.0	1784.18	1784.4436	1793.0	5.56	COMPLETED
322	id-00100	6	3	9	3	1784.0	1784.0	1785.64	1786.0239	1787.0	151.969	COMPLETED
322	id-00101	10	15	10	12	1788.0	1788.0	1788.5	1788.7773	1800.0	77.22	COMPLETED
322	id-00102	5	10	1	9	1789.0	1789.0	1789.05	1789.1854	1798.0	3.861	COMPLETED
322	id-00103	1	2	8	4	1791.0	1791.0	1791.8	1792.1279	1795.0	12.355	COMPLETED
322	id-00104	7	4	7	9	1791.0	1791.0	1791.7	1792.1686	1800.0	75.676	COMPLETED
322	id-00105	4	8	8	5	1795.0	1795.0	1795.8	1796.0417	1800.0	49.421	COMPLETED
322	id-00106	7	3	6	11	1795.0	1795.0	1795.6	1795.9887	1806.0	64.865	COMPLETED
322	id-00107	6	7	5	11	1796.0	1796.0	1796.25	1796.6409	1807.0	23.166	COMPLETED
322	id-00108	8	9	6	13	1797.0	1797.0	1797.3	1797.5624	1810.0	37.066	COMPLETED
322	id-00109	9	17	10	13	1798.0	1798.0	1798.5	1798.7576	1811.0	69.498	COMPLETED
322	id-00110	3	2	9	1	1799.0	1799.0	1799.9	1800.0	1800.0	41.699	EXPIRED
322	id-00111	8	11	6	4	1799.0	1799.0	1799.6	1799.7236	1803.0	74.131	COMPLETED
322	id-00112	9	3	9	1	1800.0	1800.0	1800.9	1801.0	1801.0	125.096	EXPIRED
322	id-00113	2	3	2	9	1800.0	1800.0	1800.2	1800.3043	1809.0	6.178	COMPLETED
322	id-00114	5	5	6	1	1806.0	1806.0	1806.9	1807.0	1807.0	69.498	EXPIRED
322	id-00115	4	8	8	10	1806.0	1806.0	1807.2	1807.5729	1816.0	74.131	COMPLETED
322	id-00116	1	2	2	5	1806.0	1806.0	1806.3	1806.6532	1811.0	4.633	COMPLETED
322	id-00117	8	16	6	7	1812.0	1812.0	1812.3	1812.4776	1819.0	37.066	COMPLETED
322	id-00118	2	2	5	13	1813.0	1813.0	1813.5	1813.9629	1826.0	15.444	COMPLETED
322	id-00119	9	15	9	10	1813.0	1813.0	1813.9	1814.1508	1823.0	125.096	COMPLETED
322	id-00120	6	3	4	8	1814.0	1814.0	1814.4	1814.5473	1822.0	37.066	COMPLETED
322	id-00121	2	4	4	9	1814.0	1814.0	1814.4	1814.5163	1823.0	12.355	COMPLETED
322	id-00122	10	15	9	2	1815.0	1815.0	1815.9	1816.3285	1817.0	138.996	COMPLETED
322	id-00123	9	12	4	2	1815.0	1815.0	1815.4	1815.7511	1817.0	55.598	COMPLETED
322	id-00124	10	4	7	6	1816.0	1816.0	1816.35	1816.631	1822.0	54.054	COMPLETED
322	id-00125	10	15	4	11	1817.0	1817.0	1817.2	1817.6576	1828.0	30.888	COMPLETED
322	id-00126	2	3	3	15	1818.0	1818.0	1818.15	1818.3458	1833.0	4.633	COMPLETED
322	id-00127	2	2	10	12	1819.0	1819.0	1820.0	1820.1861	1831.0	30.888	COMPLETED
322	id-00128	7	9	7	3	1819.0	1819.0	1819.7	1820.0736	1822.0	75.676	COMPLETED
322	id-00129	9	8	9	5	1820.0	1820.0	1820.45	1820.6523	1825.0	62.548	COMPLETED
322	id-00130	6	5	4	12	1824.0	1824.0	1824.2	1824.3173	1836.0	18.533	COMPLETED
322	id-00131	6	12	6	2	1825.0	1825.0	1825.3	1825.4827	1827.0	27.799	COMPLETED
322	id-00132	3	5	9	3	1828.0	1828.0	1828.45	1828.762	1831.0	20.849	COMPLETED
322	id-00133	9	5	3	10	1829.0	1829.0	1829.15	1829.2771	1839.0	20.849	COMPLETED
322	id-00134	10	14	3	12	1829.0	1829.0	1829.3	1829.6633	1841.0	46.332	COMPLETED
322	id-00135	8	10	5	10	1829.0	1829.0	1829.5	1829.8553	1839.0	61.776	COMPLETED
322	id-00136	9	2	4	12	1830.0	1830.0	1830.4	1830.7858	1842.0	55.598	COMPLETED
322	id-00137	4	7	8	1	1830.0	1830.0	1830.8	1831.0	1831.0	49.421	EXPIRED
322	id-00138	3	3	5	12	1832.0	1832.0	1832.75	1833.1077	1844.0	34.749	COMPLETED
322	id-00139	3	6	5	4	1832.0	1832.0	1832.75	1832.9435	1836.0	34.749	COMPLETED
322	id-00140	3	6	3	10	1832.0	1832.0	1832.45	1832.7258	1842.0	20.849	COMPLETED
322	id-00141	7	3	10	4	1833.0	1833.0	1834.0	1834.2238	1837.0	108.108	COMPLETED
322	id-00142	7	8	10	11	1833.0	1833.0	1834.0	1834.1925	1844.0	108.108	COMPLETED
322	id-00143	8	4	1	15	1836.0	1836.0	1836.15	1836.491	1851.0	18.533	COMPLETED
322	id-00144	9	6	2	8	1836.0	1836.0	1836.3	1836.443	1844.0	41.699	COMPLETED
322	id-00145	2	4	1	4	1836.0	1836.0	1836.15	1836.4457	1840.0	4.633	COMPLETED
322	id-00146	3	3	4	9	1839.0	1839.0	1839.2	1839.3696	1848.0	9.266	COMPLETED
322	id-00147	1	2	4	9	1842.0	1842.0	1842.4	1842.8234	1851.0	6.178	COMPLETED
322	id-00148	10	3	3	15	1842.0	1842.0	1842.3	1842.4754	1857.0	46.332	COMPLETED
322	id-00149	9	8	8	2	1843.0	1843.0	1843.4	1843.5245	1845.0	55.598	COMPLETED
322	id-00150	8	2	2	6	1844.0	1844.0	1844.1	1844.5856	1850.0	12.355	COMPLETED
322	id-00151	1	2	4	8	1845.0	1845.0	1845.2	1845.564	1853.0	3.089	COMPLETED
322	id-00152	3	3	5	4	1847.0	1847.0	1847.25	1847.6639	1851.0	11.583	COMPLETED
322	id-00153	8	9	2	5	1848.0	1848.0	1848.2	1848.5221	1853.0	24.71	COMPLETED
322	id-00154	3	3	8	3	1848.0	1848.0	1848.8	1849.0341	1851.0	37.066	COMPLETED
322	id-00155	1	2	2	7	1849.0	1849.0	1849.1	1849.4346	1856.0	1.544	COMPLETED
322	id-00156	2	4	5	12	1850.0	1850.0	1850.25	1850.4447	1862.0	7.722	COMPLETED
322	id-00157	5	8	4	7	1851.0	1851.0	1851.2	1851.6984	1858.0	15.444	COMPLETED
322	id-00158	1	2	3	9	1852.0	1852.0	1852.15	1852.5095	1861.0	2.317	COMPLETED
322	id-00159	9	17	6	9	1855.0	1855.0	1855.6	1855.7072	1864.0	83.398	COMPLETED
322	id-00160	1	2	6	5	1855.0	1855.0	1855.6	1855.8675	1860.0	9.266	COMPLETED
322	id-00161	10	20	3	3	1857.0	1857.0	1857.15	1857.5787	1860.0	23.166	COMPLETED
322	id-00162	3	3	8	4	1858.0	1858.0	1858.4	1858.7374	1862.0	18.533	COMPLETED
322	id-00163	9	4	10	1	1860.0	1860.0	1860.5	1861.0	1861.0	69.498	EXPIRED
322	id-00164	7	6	3	1	1861.0	1861.0	1861.15	1862.0	1862.0	16.216	EXPIRED
322	id-00165	4	8	8	9	1863.0	1863.0	1863.4	1863.875	1872.0	24.71	COMPLETED
322	id-00166	10	8	6	11	1864.0	1864.0	1864.3	1864.4001	1875.0	46.332	COMPLETED
322	id-00167	8	5	1	4	1865.0	1865.0	1865.15	1865.3496	1869.0	18.533	COMPLETED
322	id-00168	10	15	4	13	1865.0	1865.0	1865.6	1865.9704	1878.0	92.664	COMPLETED
322	id-00169	2	3	9	7	1865.0	1865.0	1866.35	1866.7728	1872.0	41.699	COMPLETED
322	id-00170	10	2	1	11	1867.0	1867.0	1867.1	1867.2298	1878.0	15.444	COMPLETED
322	id-00171	6	11	4	5	1867.0	1867.0	1867.4	1867.6098	1872.0	37.066	COMPLETED
322	id-00172	4	3	2	15	1868.0	1868.0	1868.2	1868.5913	1883.0	12.355	COMPLETED
322	id-00173	9	4	7	15	1868.0	1868.0	1868.7	1869.0847	1883.0	97.297	COMPLETED
322	id-00174	1	2	1	8	1869.0	1869.0	1869.1	1869.4309	1877.0	1.544	COMPLETED
322	id-00175	4	3	4	3	1869.0	1869.0	1869.4	1869.7151	1872.0	24.71	COMPLETED
322	id-00176	9	3	6	9	1872.0	1872.0	1872.3	1872.7065	1881.0	41.699	COMPLETED
322	id-00177	4	2	1	15	1873.0	1873.0	1873.05	1873.4177	1888.0	3.089	COMPLETED
322	id-00178	5	3	3	15	1874.0	1874.0	1874.15	1874.3675	1889.0	11.583	COMPLETED
322	id-00179	5	6	9	9	1875.0	1875.0	1875.45	1875.9237	1884.0	34.749	COMPLETED
322	id-00180	5	8	1	2	1877.0	1877.0	1877.1	1877.4558	1879.0	7.722	COMPLETED
322	id-00181	9	8	3	6	1877.0	1877.0	1877.3	1877.5636	1883.0	41.699	COMPLETED
322	id-00182	9	16	3	15	1878.0	1878.0	1878.15	1878.4631	1893.0	20.849	COMPLETED
322	id-00183	1	2	6	4	1879.0	1879.0	1879.3	1879.6502	1883.0	4.633	COMPLETED
322	id-00184	1	2	3	5	1880.0	1880.0	1880.3	1880.5424	1885.0	4.633	COMPLETED
322	id-00185	8	3	9	8	1880.0	1880.0	1880.9	1881.2916	1888.0	111.197	COMPLETED
322	id-00186	8	9	8	13	1881.0	1881.0	1881.4	1881.7119	1894.0	49.421	COMPLETED
322	id-00187	3	2	5	9	1884.0	1884.0	1884.25	1884.4919	1893.0	11.583	COMPLETED
322	id-00188	7	11	1	10	1885.0	1885.0	1885.1	1885.226	1895.0	10.811	COMPLETED
322	id-00189	4	5	1	1	1885.0	1885.0	1885.1	1886.0	1886.0	6.178	EXPIRED
322	id-00190	10	9	9	1	1886.0	1886.0	1886.45	1887.0	1887.0	69.498	EXPIRED
322	id-00191	7	2	1	7	1887.0	1887.0	1887.1	1887.2733	1894.0	10.811	COMPLETED
322	id-00192	1	2	9	9	1887.0	1887.0	1887.9	1888.2725	1896.0	13.9	COMPLETED
322	id-00193	10	10	6	11	1888.0	1888.0	1888.6	1888.808	1899.0	92.664	COMPLETED
322	id-00194	6	3	5	6	1888.0	1888.0	1888.21	1888.3719	1894.0	11.54	COMPLETED
322	id-00195	6	9	3	13	1888.0	1888.0	1888.3	1888.4296	1901.0	27.799	COMPLETED
322	id-00196	4	8	9	8	1889.0	1889.0	1890.8	1890.9456	1897.0	111.197	COMPLETED
322	id-00197	3	6	5	12	1889.0	1889.0	1890.0	1890.3748	1901.0	46.332	COMPLETED
322	id-00198	10	7	4	4	1889.0	1889.0	1889.8	1889.9629	1893.0	123.552	COMPLETED
322	id-00199	2	4	1	9	1889.0	1889.0	1889.2	1889.6787	1898.0	6.178	COMPLETED
322	id-00200	5	8	10	13	1890.0	1890.0	1891.25	1891.4077	1903.0	96.525	COMPLETED
322	id-00201	2	2	10	2	1890.0	1890.0	1891.25	1892.0	1892.0	38.61	EXPIRED
322	id-00202	8	3	2	15	1892.0	1892.0	1892.08	1892.3243	1907.0	6.867	COMPLETED
322	id-00203	9	11	8	13	1892.0	1892.0	1893.0	1893.2616	1905.0	138.996	COMPLETED
322	id-00204	3	5	7	6	1892.0	1892.0	1892.88	1893.2917	1898.0	40.772	COMPLETED
322	id-00205	5	9	10	2	1893.0	1893.0	1894.25	1895.0	1895.0	96.525	EXPIRED
322	id-00206	8	5	2	6	1893.0	1893.0	1893.25	1893.6855	1899.0	30.888	COMPLETED
322	id-00207	8	3	6	1	1895.0	1895.0	1895.25	1896.0	1896.0	21.46	EXPIRED
322	id-00208	9	5	7	10	1895.0	1895.0	1895.7	1895.8908	1905.0	97.297	COMPLETED
322	id-00209	10	6	9	15	1895.0	1895.0	1895.9	1896.1832	1910.0	138.996	COMPLETED
322	id-00210	9	17	7	11	1896.0	1896.0	1896.35	1896.7729	1907.0	48.649	COMPLETED
322	id-00211	8	12	3	3	1897.0	1897.0	1897.3	1897.6997	1900.0	37.066	COMPLETED
322	id-00212	4	2	9	3	1897.0	1897.0	1897.9	1898.046	1900.0	55.598	COMPLETED
322	id-00213	3	6	5	13	1899.0	1899.0	1899.75	1900.1656	1912.0	34.749	COMPLETED
322	id-00214	9	14	7	1	1899.0	1899.0	1900.05	1900.0	1900.0	145.946	EXPIRED
322	id-00215	3	5	5	8	1899.0	1899.0	1899.75	1900.159	1907.0	34.749	COMPLETED
322	id-00216	5	9	2	8	1900.0	1900.0	1900.18	1900.3235	1908.0	13.9	COMPLETED
322	id-00217	9	13	3	4	1901.0	1901.0	1901.27	1901.5186	1905.0	37.529	COMPLETED
322	id-00218	9	11	6	5	1901.0	1901.0	1901.25	1901.463	1906.0	25.321	COMPLETED
322	id-00219	4	7	8	5	1902.0	1902.0	1902.33	1902.501	1907.0	7.941	COMPLETED
322	id-00220	8	12	4	1	1902.0	1902.0	1902.36	1903.0	1903.0	44.479	EXPIRED
322	id-00221	6	9	10	6	1903.0	1903.0	1903.91	1904.3561	1909.0	84.324	COMPLETED
322	id-00222	5	2	5	5	1904.0	1904.0	1904.21	1904.6374	1909.0	8.297	COMPLETED
322	id-00223	5	5	6	2	1904.0	1904.0	1905.64	1906.0	1906.0	126.641	EXPIRED
322	id-00224	3	3	8	8	1904.0	1904.0	1906.18	1906.3524	1912.0	101.004	COMPLETED
322	id-00225	2	4	5	14	1904.0	1904.0	1905.36	1905.5443	1918.0	42.008	COMPLETED
322	id-00226	3	2	4	6	1905.0	1905.0	1905.52	1905.6291	1911.0	24.093	COMPLETED
322	id-00227	3	3	5	15	1905.0	1905.0	1905.65	1905.9865	1920.0	30.116	COMPLETED
322	id-00228	9	8	3	7	1905.0	1905.0	1905.39	1905.7398	1912.0	43.178	COMPLETED
322	id-00229	8	16	8	8	1905.0	1905.0	1905.8	1906.2749	1913.0	98.842	COMPLETED
322	id-00230	1	2	8	7	1906.0	1906.0	1907.14	1907.336	1913.0	17.606	COMPLETED
322	id-00231	10	9	10	5	1907.0	1910.0	1910.5	1910.9254	1912.0	77.22	COMPLETED
322	id-00232	6	4	7	4	1911.0	1911.0	1911.7	1911.8135	1915.0	64.865	COMPLETED
322	id-00233	5	6	4	5	1911.0	1911.0	1911.4	1911.8487	1916.0	30.888	COMPLETED
322	id-00234	2	4	9	8	1912.0	1912.0	1912.45	1912.8627	1920.0	13.9	COMPLETED
322	id-00235	4	4	2	10	1914.0	1914.0	1914.1	1914.5929	1924.0	6.178	COMPLETED
322	id-00236	3	5	2	6	1916.0	1916.0	1916.3	1916.4265	1922.0	13.9	COMPLETED
322	id-00237	6	10	5	1	1916.0	1916.0	1916.75	1917.0	1917.0	69.498	EXPIRED
322	id-00238	4	5	6	9	1916.0	1916.0	1916.9	1917.1159	1925.0	55.598	COMPLETED
322	id-00239	8	4	6	5	1917.0	1917.0	1917.6	1917.8053	1922.0	74.131	COMPLETED
322	id-00240	4	5	5	3	1917.0	1917.0	1917.5	1917.9765	1920.0	30.888	COMPLETED
322	id-00241	4	5	10	11	1918.0	1918.0	1918.5	1918.7438	1929.0	30.888	COMPLETED
322	id-00242	7	13	6	7	1922.0	1922.0	1922.3	1922.7888	1929.0	32.432	COMPLETED
322	id-00243	6	7	7	13	1923.0	1923.0	1923.35	1923.8179	1936.0	32.432	COMPLETED
322	id-00244	6	11	8	14	1925.0	1925.0	1925.8	1925.962	1939.0	74.131	COMPLETED
322	id-00245	6	3	6	10	1925.0	1925.0	1925.6	1926.0298	1935.0	55.598	COMPLETED
322	id-00246	4	8	1	11	1928.0	1928.0	1928.1	1928.311	1939.0	6.178	COMPLETED
322	id-00247	5	10	7	13	1928.0	1928.0	1928.7	1928.8894	1941.0	54.054	COMPLETED
322	id-00248	5	6	8	12	1931.0	1931.0	1931.4	1931.7785	1943.0	30.888	COMPLETED
322	id-00249	9	6	7	4	1932.0	1932.0	1932.7	1932.8601	1936.0	97.297	COMPLETED
322	id-00250	5	5	9	11	1932.0	1932.0	1932.9	1933.0956	1943.0	69.498	COMPLETED
322	id-00251	5	10	7	15	1936.0	1936.0	1936.35	1936.4504	1951.0	27.027	COMPLETED
322	id-00252	7	6	3	10	1937.0	1937.0	1937.15	1937.2949	1947.0	16.216	COMPLETED
322	id-00253	8	9	1	6	1938.0	1938.0	1938.15	1938.6117	1944.0	18.533	COMPLETED
322	id-00254	7	7	1	15	1938.0	1938.0	1938.15	1938.6162	1953.0	16.216	COMPLETED
322	id-00255	1	2	4	12	1938.0	1938.0	1938.6	1938.859	1950.0	9.266	COMPLETED
322	id-00256	9	8	4	7	1942.0	1942.0	1942.19	1942.5128	1949.0	24.618	COMPLETED
322	id-00257	9	10	1	9	1942.0	1942.0	1942.1	1942.3846	1951.0	13.9	COMPLETED
322	id-00258	8	13	8	10	1942.0	1942.0	1942.8	1942.9276	1952.0	98.842	COMPLETED
322	id-00259	7	5	3	4	1944.0	1944.0	1944.15	1944.5522	1948.0	16.216	COMPLETED
322	id-00260	10	16	10	1	1947.0	1947.0	1948.0	1948.0	1948.0	154.44	EXPIRED
322	id-00261	8	5	6	6	1947.0	1947.0	1947.6	1947.8797	1953.0	74.131	COMPLETED
322	id-00262	4	5	10	6	1948.0	1948.0	1948.5	1948.9063	1954.0	30.888	COMPLETED
322	id-00263	7	3	2	14	1949.0	1949.0	1949.1	1949.2902	1963.0	10.811	COMPLETED
322	id-00264	9	10	7	12	1950.0	1950.0	1951.05	1951.1534	1962.0	145.946	COMPLETED
322	id-00265	6	8	9	9	1950.0	1950.0	1951.35	1951.5743	1959.0	125.096	COMPLETED
322	id-00266	3	4	2	13	1950.0	1950.0	1950.3	1950.5677	1963.0	13.9	COMPLETED
322	id-00267	9	5	1	10	1951.0	1955.0	1955.1	1955.329	1961.0	13.9	COMPLETED
322	id-00268	8	7	10	13	1954.0	1955.0	1956.0	1956.1381	1967.0	123.552	COMPLETED
322	id-00269	1	2	7	14	1956.0	1956.0	1957.05	1957.4663	1970.0	16.216	COMPLETED
322	id-00270	1	2	9	7	1956.0	1956.0	1957.35	1957.6935	1963.0	20.849	COMPLETED
322	id-00271	2	3	6	15	1956.0	1956.0	1956.9	1957.2024	1971.0	27.799	COMPLETED
322	id-00272	4	4	1	7	1957.0	1957.0	1957.11	1957.5598	1964.0	6.795	COMPLETED
322	id-00273	3	2	1	3	1957.0	1957.0	1957.11	1957.4818	1960.0	5.097	COMPLETED
322	id-00274	3	5	8	7	1958.0	1958.0	1958.89	1959.32	1965.0	41.235	COMPLETED
322	id-00275	3	4	2	7	1958.0	1958.0	1958.22	1958.3947	1965.0	10.193	COMPLETED
322	id-00276	5	4	5	5	1959.0	1959.0	1959.28	1959.6665	1964.0	21.622	COMPLETED
322	id-00277	10	13	3	10	1962.0	1962.0	1962.3	1962.604	1972.0	46.332	COMPLETED
322	id-00278	7	14	9	9	1962.0	1962.0	1962.9	1963.342	1971.0	97.297	COMPLETED
322	id-00279	4	7	6	3	1964.0	1964.0	1964.3	1964.6632	1967.0	18.533	COMPLETED
322	id-00280	6	4	4	9	1965.0	1965.0	1965.6	1966.0427	1974.0	55.598	COMPLETED
322	id-00281	5	10	3	2	1965.0	1965.0	1965.45	1965.7119	1967.0	34.749	COMPLETED
322	id-00282	3	2	2	2	1965.0	1965.0	1965.3	1965.68	1967.0	13.9	COMPLETED
322	id-00283	10	12	9	10	1966.0	1966.0	1966.9	1967.1267	1976.0	138.996	COMPLETED
322	id-00284	6	2	8	15	1966.0	1966.0	1966.8	1967.1411	1981.0	74.131	COMPLETED
322	id-00285	6	6	8	2	1967.0	1967.0	1967.4	1967.5337	1969.0	37.066	COMPLETED
322	id-00286	1	2	10	4	1968.0	1968.0	1969.0	1969.4406	1972.0	15.444	COMPLETED
322	id-00287	9	7	3	6	1968.0	1968.0	1968.3	1968.5749	1974.0	41.699	COMPLETED
322	id-00288	7	12	1	3	1969.0	1969.0	1969.05	1969.3021	1972.0	5.405	COMPLETED
322	id-00289	6	2	4	2	1970.0	1970.0	1970.2	1970.6136	1972.0	18.533	COMPLETED
322	id-00290	1	2	7	2	1972.0	1972.0	1972.7	1973.1472	1974.0	10.811	COMPLETED
322	id-00291	3	6	3	1	1972.0	1972.0	1972.3	1973.0	1973.0	13.9	EXPIRED
322	id-00292	9	10	6	14	1973.0	1973.0	1973.3	1973.4888	1987.0	41.699	COMPLETED
322	id-00293	6	4	8	11	1974.0	1974.0	1974.4	1974.7716	1985.0	37.066	COMPLETED
322	id-00294	7	6	3	2	1978.0	1978.0	1978.15	1978.406	1980.0	16.216	COMPLETED
322	id-00295	3	6	1	1	1979.0	1979.0	1979.1	1980.0	1980.0	4.633	EXPIRED
322	id-00296	3	5	9	9	1979.0	1979.0	1979.9	1980.1639	1988.0	41.699	COMPLETED
322	id-00297	4	3	6	4	1980.0	1980.0	1980.3	1980.69	1984.0	18.533	COMPLETED
322	id-00298	2	4	6	9	1981.0	1981.0	1981.3	1981.6288	1990.0	9.266	COMPLETED
322	id-00299	4	5	9	15	1982.0	1982.0	1982.9	1983.3009	1997.0	55.598	COMPLETED
322	id-00300	5	2	1	10	1982.0	1982.0	1982.1	1982.4999	1992.0	7.722	COMPLETED
322	id-00301	4	6	5	2	1983.0	1983.0	1983.75	1983.9306	1985.0	46.332	COMPLETED
322	id-00302	4	4	4	1	1983.0	1983.0	1983.6	1984.0	1984.0	37.066	EXPIRED
322	id-00303	2	3	1	12	1983.0	1983.0	1983.15	1983.4824	1995.0	4.633	COMPLETED
322	id-00304	6	5	1	12	1984.0	1984.0	1984.05	1984.2908	1996.0	4.633	COMPLETED
322	id-00305	10	15	3	5	1984.0	1984.0	1984.3	1984.6113	1989.0	46.332	COMPLETED
322	id-00306	7	10	1	14	1984.0	1984.0	1984.1	1984.3125	1998.0	10.811	COMPLETED
322	id-00307	4	2	1	8	1985.0	1985.0	1985.05	1985.2288	1993.0	3.089	COMPLETED
322	id-00308	7	11	5	7	1986.0	1986.0	1986.25	1986.3778	1993.0	27.027	COMPLETED
322	id-00309	9	8	2	5	1990.0	1990.0	1990.19	1990.4729	1995.0	26.409	COMPLETED
322	id-00310	4	3	5	13	1990.0	1990.0	1990.48	1990.8199	2003.0	25.127	COMPLETED
322	id-00311	10	19	3	3	1991.0	1991.0	1991.14	1991.4935	1994.0	20.302	COMPLETED
322	id-00312	2	2	6	9	1992.0	1992.0	1992.86	1993.0805	2001.0	26.564	COMPLETED
322	id-00313	7	13	2	9	1992.0	1992.0	1992.29	1992.4709	2001.0	31.351	COMPLETED
322	id-00314	8	3	5	11	1992.0	1992.0	1992.25	1992.3643	2003.0	30.888	COMPLETED
322	id-00315	8	10	8	8	1992.0	1992.0	1993.14	1993.5979	2000.0	130.101	COMPLETED
322	id-00316	6	8	8	9	1993.0	1993.0	1993.62	1993.7335	2002.0	57.452	COMPLETED
322	id-00317	8	11	10	13	1995.0	1995.0	1995.5	1995.863	2008.0	61.776	COMPLETED
322	id-00318	8	15	2	15	1997.0	1997.0	1997.1	1997.3944	2012.0	12.355	COMPLETED
322	id-00319	4	8	6	5	2000.0	2000.0	2000.9	2001.0138	2005.0	55.598	COMPLETED
322	id-00320	2	2	6	6	2000.0	2000.0	2000.9	2001.2665	2006.0	27.799	COMPLETED
322	id-00321	3	6	5	15	2000.0	2000.0	2000.75	2001.017	2015.0	34.749	COMPLETED
