326	id-00000	7	9	8	2	1703.0	1703.0	1703.4	1703.5311	1705.0	43.243	COMPLETED
326	id-00001	9	10	8	2	1704.0	1704.0	1704.8	1705.1287	1706.0	111.197	COMPLETED
326	id-00002	6	10	3	1	1704.0	1704.0	1704.3	1705.0	1705.0	27.799	EXPIRED
326	id-00003	9	10	5	2	1704.0	1704.0	1704.23	1704.6953	1706.0	27.632	COMPLETED
326	id-00004	8	11	1	1	1706.0	1706.0	1706.1	1707.0	1707.0	12.355	EXPIRED
326	id-00005	5	10	2	1	1706.0	1706.0	1706.2	1707.0	1707.0	15.444	EXPIRED
326	id-00006	9	17	5	1	1708.0	1708.0	1708.25	1709.0	1709.0	34.749	EXPIRED
326	id-00007	10	11	9	1	1709.0	1709.0	1709.45	1710.0	1710.0	69.498	EXPIRED
326	id-00008	2	4	4	3	1714.0	1714.0	1714.2	1714.4563	1717.0	6.178	COMPLETED
326	id-00009	2	2	7	3	1718.0	1718.0	1718.35	1718.7219	1721.0	10.811	COMPLETED
326	id-00010	10	9	2	2	1719.0	1719.0	1719.1	1719.3166	1721.0	15.444	COMPLETED
326	id-00011	7	4	1	2	1722.0	1722.0	1722.05	1722.1947	1724.0	5.405	COMPLETED
326	id-00012	8	13	1	1	1728.0	1728.0	1728.1	1729.0	1729.0	12.355	EXPIRED
326	id-00013	2	3	3	2	1728.0	1728.0	1728.3	1728.4798	1730.0	9.266	COMPLETED
326	id-00014	7	4	7	1	1729.0	1729.0	1729.35	1730.0	1730.0	37.838	EXPIRED
326	id-00015	10	18	10	3	1730.0	1730.0	1730.5	1730.8014	1733.0	77.22	COMPLETED
326	id-00016	1	2	3	3	1731.0	1731.0	1731.3	1731.4637	1734.0	4.633	COMPLETED
326	id-00017	8	2	7	2	1731.0	1731.0	1731.7	1731.8189	1733.0	86.486	COMPLETED
326	id-00018	9	5	2	2	1732.0	1732.0	1732.1	1732.343	1734.0	13.9	COMPLETED
326	id-00019	1	2	3	3	1736.0	1736.0	1736.43	1736.6536	1739.0	6.641	COMPLETED
326	id-00020	10	20	4	3	1736.0	1736.0	1736.57	1736.9784	1739.0	88.031	COMPLETED
326	id-00021	3	4	4	1	1736.0	1736.0	1736.57	1737.0	1737.0	21.035	EXPIRED
326	id-00022	4	4	3	1	1737.0	1737.0	1737.14	1738.0	1738.0	7.329	EXPIRED
326	id-00023	5	4	3	1	1738.0	1738.0	1738.29	1739.0	1739.0	22.394	EXPIRED
326	id-00024	10	14	10	1	1738.0	1738.0	1738.95	1739.0	1739.0	137.761	EXPIRED
326	id-00025	4	8	3	2	1739.0	1739.0	1739.57	1739.7834	1741.0	35.212	COMPLETED
326	id-00026	6	9	1	1	1739.0	1739.0	1739.19	1740.0	1740.0	17.606	EXPIRED
326	id-00027	6	11	2	1	1739.0	1739.0	1739.38	1740.0	1740.0	35.212	EXPIRED
326	id-00028	2	3	4	2	1739.0	1739.0	1739.76	1740.2088	1741.0	16.31	COMPLETED
326	id-00029	9	13	7	3	1740.0	1740.0	1741.05	1741.2197	1743.0	145.946	COMPLETED
326	id-00030	8	7	2	2	1740.0	1740.0	1740.1	1740.5397	1742.0	11.412	COMPLETED
326	id-00031	10	17	4	3	1740.0	1740.0	1740.6	1740.7866	1743.0	92.664	COMPLETED
326	id-00032	1	2	10	1	1740.0	1740.0	1741.5	1741.0	1741.0	23.166	EXPIRED
326	id-00033	4	3	5	2	1741.0	1741.0	1741.5	1741.6029	1743.0	30.888	COMPLETED
326	id-00034	6	9	8	3	1742.0	1742.0	1742.8	1743.2621	1745.0	74.131	COMPLETED
326	id-00035	7	11	4	1	1745.0	1745.0	1745.2	1746.0	1746.0	21.622	EXPIRED
326	id-00036	3	4	6	2	1746.0	1746.0	1746.3	1746.4995	1748.0	13.9	COMPLETED
326	id-00037	5	7	3	2	1747.0	1747.0	1747.15	1747.5837	1749.0	11.583	COMPLETED
326	id-00038	10	15	4	1	1749.0	1749.0	1749.2	1750.0	1750.0	30.888	EXPIRED
326	id-00039	4	7	5	2	1750.0	1750.0	1750.25	1750.6339	1752.0	15.444	COMPLETED
326	id-00040	10	13	7	3	1751.0	1751.0	1751.7	1752.0473	1754.0	108.108	COMPLETED
326	id-00041	7	2	8	3	1751.0	1751.0	1751.8	1751.9326	1754.0	86.486	COMPLETED
326	id-00042	10	12	7	1	1752.0	1752.0	1752.7	1753.0	1753.0	108.108	EXPIRED
326	id-00043	2	3	10	2	1752.0	1752.0	1753.0	1753.2586	1754.0	30.888	COMPLETED
326	id-00044	9	17	9	2	1754.0	1754.0	1754.9	1755.3334	1756.0	125.096	COMPLETED
326	id-00045	2	2	1	3	1754.0	1754.0	1754.1	1754.2672	1757.0	3.089	COMPLETED
326	id-00046	10	5	6	2	1755.0	1755.0	1755.3	1755.4302	1757.0	46.332	COMPLETED
326	id-00047	10	15	7	1	1756.0	1756.0	1756.7	1757.0	1757.0	108.108	EXPIRED
326	id-00048	10	4	2	3	1756.0	1756.0	1756.2	1756.6691	1759.0	30.888	COMPLETED
326	id-00049	3	6	7	2	1757.0	1757.0	1757.7	1757.821	1759.0	32.432	COMPLETED
326	id-00050	4	3	4	1	1757.0	1757.0	1757.4	1758.0	1758.0	24.71	EXPIRED
326	id-00051	10	17	6	2	1758.0	1758.0	1758.6	1759.0112	1760.0	92.664	COMPLETED
326	id-00052	4	7	2	3	1758.0	1758.0	1758.2	1758.4562	1761.0	12.355	COMPLETED
326	id-00053	10	14	2	3	1759.0	1759.0	1759.3	1759.4773	1762.0	46.332	COMPLETED
326	id-00054	5	8	7	1	1759.0	1759.0	1760.05	1760.0	1760.0	81.081	EXPIRED
326	id-00055	3	2	8	3	1759.0	1759.0	1760.2	1760.6422	1762.0	55.598	COMPLETED
326	id-00056	8	11	9	3	1760.0	1760.0	1760.75	1760.8984	1763.0	92.664	COMPLETED
326	id-00057	5	5	9	2	1761.0	1761.0	1761.41	1761.7365	1763.0	23.929	COMPLETED
326	id-00058	1	2	7	2	1761.0	1761.0	1762.17	1763.0	1763.0	18.069	EXPIRED
326	id-00059	8	16	10	3	1761.0	1761.0	1762.67	1763.1003	1764.0	206.332	COMPLETED
326	id-00060	4	3	6	1	1762.0	None	None	1763.0	1763.0	None	EXPIRED
326	id-00061	3	6	7	3	1763.0	1763.0	1765.33	1766.0	1766.0	107.954	EXPIRED
326	id-00062	9	18	6	1	1763.0	1763.0	1763.82	1764.0	1764.0	113.977	EXPIRED
326	id-00063	5	5	6	2	1763.0	1763.0	1763.82	1763.9603	1765.0	63.32	COMPLETED
326	id-00064	2	2	2	2	1763.0	1763.0	1763.27	1763.5421	1765.0	3.249	COMPLETED
326	id-00065	8	7	10	3	1764.0	1765.0	1766.18	1767.0	1767.0	145.791	EXPIRED
326	id-00066	9	18	9	3	1765.0	1765.0	1766.06	1766.2368	1768.0	147.336	COMPLETED
326	id-00067	1	2	5	3	1765.0	1765.0	1765.22	1765.3972	1768.0	1.324	COMPLETED
326	id-00068	6	3	3	1	1767.0	1767.0	1767.18	1768.0	1768.0	16.68	EXPIRED
326	id-00069	8	4	1	1	1768.0	1768.0	1768.04	1769.0	1769.0	3.811	EXPIRED
326	id-00070	5	10	5	2	1768.0	1768.0	1768.59	1768.8274	1770.0	45.56	COMPLETED
326	id-00071	10	15	2	2	1768.0	1768.0	1768.24	1768.5534	1770.0	37.066	COMPLETED
326	id-00072	3	3	6	2	1770.0	1770.0	1770.3	1770.4793	1772.0	13.9	COMPLETED
326	id-00073	2	2	3	2	1771.0	1771.0	1771.3	1771.4753	1773.0	9.266	COMPLETED
326	id-00074	3	4	4	1	1771.0	1771.0	1771.4	1772.0	1772.0	18.533	EXPIRED
326	id-00075	6	11	9	3	1773.0	1773.0	1773.45	1773.8968	1776.0	41.699	COMPLETED
326	id-00076	1	2	9	1	1775.0	1775.0	1775.45	1776.0	1776.0	6.95	EXPIRED
326	id-00077	7	13	1	2	1777.0	1777.0	1777.05	1777.2265	1779.0	5.405	COMPLETED
326	id-00078	10	14	10	3	1778.0	1778.0	1779.43	1779.5319	1781.0	220.849	COMPLETED
326	id-00079	2	3	8	1	1778.0	1778.0	1779.14	1779.0	1779.0	35.212	EXPIRED
326	id-00080	9	17	7	1	1778.0	1778.0	1778.7	1779.0	1779.0	97.297	EXPIRED
326	id-00081	2	2	9	1	1778.0	1778.0	1779.29	1779.0	1779.0	27.683	EXPIRED
326	id-00082	10	16	7	2	1778.0	1778.0	1778.7	1778.9513	1780.0	108.108	COMPLETED
326	id-00083	1	2	2	2	1782.0	1782.0	1782.2	1782.6883	1784.0	3.089	COMPLETED
326	id-00084	3	3	10	2	1782.0	1782.0	1783.0	1783.2442	1784.0	46.332	COMPLETED
326	id-00085	6	6	4	1	1783.0	1783.0	1783.2	1784.0	1784.0	18.533	EXPIRED
326	id-00086	7	3	7	2	1784.0	1784.0	1784.7	1785.065	1786.0	75.676	COMPLETED
326	id-00087	5	2	9	2	1784.0	1784.0	1784.9	1785.2824	1786.0	69.498	COMPLETED
326	id-00088	1	2	8	1	1785.0	1785.0	1785.4	1786.0	1786.0	6.178	EXPIRED
326	id-00089	8	2	4	1	1786.0	1786.0	1786.2	1787.0	1787.0	24.71	EXPIRED
326	id-00090	7	11	5	1	1788.0	1788.0	1788.75	1789.0	1789.0	81.081	EXPIRED
326	id-00091	6	11	1	3	1788.0	1788.0	1788.15	1788.4787	1791.0	13.9	COMPLETED
326	id-00092	2	4	7	1	1788.0	1788.0	1789.05	1789.0	1789.0	32.432	EXPIRED
326	id-00093	8	13	10	3	1789.0	1789.0	1789.56	1789.7149	1792.0	69.189	COMPLETED
326	id-00094	2	3	6	2	1790.0	1790.0	1790.3	1790.5559	1792.0	9.266	COMPLETED
326	id-00095	2	4	6	2	1791.0	1791.0	1791.9	1792.0135	1793.0	27.799	COMPLETED
326	id-00096	2	4	10	2	1791.0	1791.0	1792.5	1793.0	1793.0	46.332	EXPIRED
326	id-00097	10	14	1	1	1791.0	1791.0	1791.15	1792.0	1792.0	23.166	EXPIRED
326	id-00098	5	2	9	2	1792.0	1792.0	1793.0	1793.1309	1794.0	77.22	COMPLETED
326	id-00099	5	9	1	1	1792.0	1792.0	1792.11	1793.0	1793.0	8.494	EXPIRED
326	id-00100	8	13	4	2	1794.0	1794.0	1794.22	1794.4029	1796.0	27.181	COMPLETED
326	id-00101	2	2	10	2	1796.0	1796.0	1796.5	1796.8822	1798.0	15.444	COMPLETED
326	id-00102	3	5	5	2	1797.0	1797.0	1797.25	1797.7431	1799.0	11.583	COMPLETED
326	id-00103	1	2	7	2	1798.0	1798.0	1798.7	1798.9035	1800.0	10.811	COMPLETED
326	id-00104	9	17	1	1	1798.0	1798.0	1798.1	1799.0	1799.0	13.9	EXPIRED
326	id-00105	4	5	6	3	1799.0	1799.0	1800.2	1800.5296	1802.0	74.131	COMPLETED
326	id-00106	6	10	8	1	1799.0	1799.0	1800.6	1800.0	1800.0	148.262	EXPIRED
326	id-00107	4	2	2	3	1799.0	1799.0	1799.4	1799.5413	1802.0	24.71	COMPLETED
326	id-00108	4	7	10	3	1799.0	1799.0	1801.0	1801.2426	1802.0	123.552	COMPLETED
326	id-00109	8	3	7	2	1800.0	None	None	1802.0	1802.0	None	EXPIRED
326	id-00110	9	8	2	3	1802.0	None	None	1805.0	1805.0	None	EXPIRED
326	id-00111	8	7	6	1	1804.0	None	None	1805.0	1805.0	None	EXPIRED
326	id-00112	5	6	10	1	1805.0	1805.0	1805.5	1806.0	1806.0	38.61	EXPIRED
326	id-00113	6	10	3	1	1807.0	1807.0	1807.15	1808.0	1808.0	13.9	EXPIRED
326	id-00114	6	11	2	2	1809.0	1809.0	1809.5	1809.9579	1811.0	46.332	COMPLETED
326	id-00115	4	2	1	2	1809.0	1809.0	1809.25	1809.3568	1811.0	15.444	COMPLETED
326	id-00116	1	2	5	1	1809.0	1809.0	1810.25	1810.0	1810.0	19.305	EXPIRED
326	id-00117	1	2	5	3	1809.0	1809.0	1810.25	1810.352	1812.0	19.305	COMPLETED
326	id-00118	2	2	3	3	1809.0	1809.0	1809.75	1809.9385	1812.0	23.166	COMPLETED
326	id-00119	8	7	3	2	1810.0	1810.0	1810.17	1810.4126	1812.0	21.004	COMPLETED
326	id-00120	8	16	10	3	1813.0	1813.0	1814.11	1814.3069	1816.0	137.143	COMPLETED
326	id-00121	7	9	3	3	1813.0	1813.0	1813.33	1813.6262	1816.0	35.676	COMPLETED
326	id-00122	8	8	2	2	1813.0	1813.0	1813.1	1813.2593	1815.0	11.412	COMPLETED
326	id-00123	4	6	9	3	1814.0	1814.0	1815.8	1815.9012	1817.0	111.197	COMPLETED
326	id-00124	1	2	3	1	1814.0	1814.0	1814.6	1815.0	1815.0	9.266	EXPIRED
326	id-00125	6	6	6	1	1816.0	1816.0	1816.9	1817.0	1817.0	83.398	EXPIRED
326	id-00126	3	2	5	3	1816.0	1816.0	1816.75	1816.8824	1819.0	34.749	COMPLETED
326	id-00127	2	4	7	2	1816.0	1816.0	1817.05	1818.0	1818.0	32.432	EXPIRED
326	id-00128	7	13	1	3	1820.0	1820.0	1820.1	1820.5874	1823.0	10.811	COMPLETED
326	id-00129	5	4	5	2	1820.0	1820.0	1820.5	1820.9236	1822.0	38.61	COMPLETED
326	id-00130	10	13	4	1	1822.0	1822.0	1822.2	1823.0	1823.0	30.888	EXPIRED
326	id-00131	4	6	7	3	1823.0	1823.0	1823.7	1824.111	1826.0	43.243	COMPLETED
326	id-00132	9	2	2	3	1823.0	1823.0	1823.2	1823.4778	1826.0	27.799	COMPLETED
326	id-00133	6	4	4	1	1824.0	1824.0	1824.2	1825.0	1825.0	18.533	EXPIRED
326	id-00134	1	2	10	1	1826.0	1826.0	1826.5	1827.0	1827.0	7.722	EXPIRED
326	id-00135	3	6	4	3	1828.0	1828.0	1828.2	1828.4044	1831.0	9.266	COMPLETED
326	id-00136	5	3	1	2	1829.0	1829.0	1829.1	1829.5239	1831.0	7.722	COMPLETED
326	id-00137	8	12	10	3	1829.0	1829.0	1830.0	1830.2479	1832.0	123.552	COMPLETED
326	id-00138	4	8	7	2	1833.0	1833.0	1833.7	1834.1468	1835.0	43.243	COMPLETED
326	id-00139	6	2	10	1	1833.0	1833.0	1834.0	1834.0	1834.0	92.664	EXPIRED
326	id-00140	10	4	7	2	1834.0	1834.0	1834.35	1834.7229	1836.0	54.054	COMPLETED
326	id-00141	9	5	8	1	1835.0	1835.0	1835.4	1836.0	1836.0	55.598	EXPIRED
326	id-00142	6	5	9	1	1836.0	1836.0	1836.45	1837.0	1837.0	41.699	EXPIRED
326	id-00143	2	4	2	1	1838.0	1838.0	1838.3	1839.0	1839.0	9.266	EXPIRED
326	id-00144	9	17	8	2	1838.0	1838.0	1839.2	1840.0	1840.0	166.795	EXPIRED
326	id-00145	9	18	10	3	1838.0	1838.0	1839.5	1839.6493	1841.0	208.494	COMPLETED
326	id-00146	10	10	1	1	1839.0	None	None	1840.0	1840.0	None	EXPIRED
326	id-00147	5	7	9	2	1840.0	1840.0	1841.8	1842.0	1842.0	138.996	EXPIRED
326	id-00148	4	8	9	1	1840.0	1840.0	1841.8	1841.0	1841.0	111.197	EXPIRED
326	id-00149	4	5	10	1	1840.0	1840.0	1842.0	1841.0	1841.0	123.552	EXPIRED
326	id-00150	3	2	2	2	1840.0	1840.0	1840.4	1840.8424	1842.0	18.533	COMPLETED
326	id-00151	10	9	10	2	1843.0	1843.0	1844.0	1844.1048	1845.0	154.44	COMPLETED
326	id-00152	5	7	10	2	1843.0	1843.0	1844.0	1844.4069	1845.0	77.22	COMPLETED
326	id-00153	7	9	1	1	1844.0	1844.0	1844.1	1845.0	1845.0	10.811	EXPIRED
326	id-00154	2	2	4	1	1844.0	1844.0	1844.4	1845.0	1845.0	12.355	EXPIRED
326	id-00155	8	4	2	3	1846.0	1846.0	1846.3	1846.5527	1849.0	37.066	COMPLETED
326	id-00156	4	5	9	2	1846.0	1846.0	1847.35	1848.0	1848.0	83.398	EXPIRED
326	id-00157	5	9	3	1	1846.0	1846.0	1846.45	1847.0	1847.0	34.749	EXPIRED
326	id-00158	5	8	10	2	1847.0	1847.0	1848.25	1849.0	1849.0	96.525	EXPIRED
326	id-00159	2	2	9	2	1847.0	1847.0	1848.12	1849.0	1849.0	34.595	EXPIRED
326	id-00160	9	7	8	1	1848.0	1848.0	1848.89	1849.0	1849.0	123.706	EXPIRED
326	id-00161	5	10	8	1	1849.0	1849.0	1849.89	1850.0	1850.0	68.726	EXPIRED
326	id-00162	9	8	2	3	1849.0	1849.0	1849.1	1849.4297	1852.0	13.9	COMPLETED
326	id-00163	4	2	9	1	1850.0	1850.0	1851.35	1851.0	1851.0	83.398	EXPIRED
326	id-00164	1	2	7	3	1850.0	1850.0	1851.05	1851.3071	1853.0	16.216	COMPLETED
326	id-00165	4	7	10	2	1850.0	1850.0	1851.5	1852.0	1852.0	92.664	EXPIRED
326	id-00166	6	3	6	3	1852.0	1852.0	1852.3	1852.7567	1855.0	27.799	COMPLETED
326	id-00167	3	4	7	3	1853.0	1853.0	1854.05	1854.43	1856.0	48.649	COMPLETED
326	id-00168	9	8	4	3	1853.0	1853.0	1853.4	1853.5771	1856.0	55.598	COMPLETED
326	id-00169	7	11	10	1	1853.0	1853.0	1854.5	1854.0	1854.0	162.162	EXPIRED
326	id-00170	5	3	1	3	1853.0	1853.0	1853.1	1853.4957	1856.0	7.722	COMPLETED
326	id-00171	9	12	5	1	1853.0	1853.0	1853.75	1854.0	1854.0	104.247	EXPIRED
326	id-00172	8	8	6	1	1855.0	1855.0	1855.9	1856.0	1856.0	111.197	EXPIRED
326	id-00173	4	5	5	3	1855.0	1855.0	1855.75	1855.9792	1858.0	46.332	COMPLETED
326	id-00174	8	15	8	1	1855.0	1855.0	1856.2	1856.0	1856.0	148.262	EXPIRED
326	id-00175	1	2	10	3	1855.0	1855.0	1855.5	1855.9145	1858.0	7.722	COMPLETED
326	id-00176	2	2	1	1	1858.0	1858.0	1858.15	1859.0	1859.0	4.633	EXPIRED
326	id-00177	10	4	8	3	1858.0	1858.0	1859.2	1859.4611	1861.0	185.328	COMPLETED
326	id-00178	2	2	4	2	1858.0	1858.0	1858.6	1858.8051	1860.0	18.533	COMPLETED
326	id-00179	7	11	10	1	1860.0	1860.0	1860.5	1861.0	1861.0	54.054	EXPIRED
326	id-00180	8	10	9	3	1861.0	1861.0	1862.35	1862.7517	1864.0	166.795	COMPLETED
326	id-00181	10	9	5	1	1861.0	1861.0	1861.75	1862.0	1862.0	115.83	EXPIRED
326	id-00182	1	2	9	1	1861.0	1861.0	1862.35	1862.0	1862.0	20.849	EXPIRED
326	id-00183	5	3	8	1	1863.0	1863.0	1863.4	1864.0	1864.0	30.888	EXPIRED
326	id-00184	9	17	5	2	1865.0	1865.0	1865.5	1865.9725	1867.0	69.498	COMPLETED
326	id-00185	9	18	7	1	1865.0	1865.0	1865.7	1866.0	1866.0	97.297	EXPIRED
326	id-00186	9	4	10	1	1867.0	1867.0	1867.5	1868.0	1868.0	69.498	EXPIRED
326	id-00187	4	8	5	3	1868.0	1868.0	1868.25	1868.4842	1871.0	15.444	COMPLETED
326	id-00188	5	5	2	2	1869.0	1869.0	1869.1	1869.4018	1871.0	7.722	COMPLETED
326	id-00189	7	13	5	1	1870.0	1870.0	1870.5	1871.0	1871.0	54.054	EXPIRED
326	id-00190	4	8	8	2	1870.0	1870.0	1870.8	1871.0047	1872.0	49.421	COMPLETED
326	id-00191	9	10	6	1	1871.0	1871.0	1871.3	1872.0	1872.0	41.699	EXPIRED
326	id-00192	6	3	1	1	1872.0	1872.0	1872.05	1873.0	1873.0	4.633	EXPIRED
326	id-00193	7	9	1	2	1874.0	1874.0	1874.05	1874.1641	1876.0	5.405	COMPLETED
326	id-00194	6	2	5	3	1875.0	1875.0	1875.25	1875.3789	1878.0	23.166	COMPLETED
326	id-00195	10	5	7	3	1878.0	1878.0	1878.7	1878.9397	1881.0	108.108	COMPLETED
326	id-00196	10	10	4	2	1878.0	1878.0	1878.4	1878.7851	1880.0	61.776	COMPLETED
326	id-00197	3	3	1	3	1879.0	1879.0	1879.05	1879.375	1882.0	2.317	COMPLETED
326	id-00198	10	6	4	1	1882.0	1882.0	1882.36	1883.0	1883.0	55.598	EXPIRED
326	id-00199	6	11	2	1	1882.0	1882.0	1882.2	1883.0	1883.0	18.533	EXPIRED
326	id-00200	7	5	7	3	1882.0	1882.0	1882.64	1882.9553	1885.0	57.121	COMPLETED
326	id-00201	10	20	5	3	1882.0	1882.0	1882.5	1882.7759	1885.0	77.22	COMPLETED
326	id-00202	6	2	9	2	1884.0	1884.0	1884.45	1884.876	1886.0	41.699	COMPLETED
326	id-00203	5	4	5	2	1885.0	1885.0	1885.25	1885.6789	1887.0	19.305	COMPLETED
326	id-00204	7	7	5	2	1886.0	1886.0	1886.25	1886.4887	1888.0	27.027	COMPLETED
326	id-00205	8	11	9	1	1887.0	1887.0	1887.9	1888.0	1888.0	111.197	EXPIRED
326	id-00206	3	5	8	1	1887.0	1887.0	1887.8	1888.0	1888.0	37.066	EXPIRED
326	id-00207	7	13	6	3	1889.0	1889.0	1889.3	1889.6156	1892.0	32.432	COMPLETED
326	id-00208	6	4	8	1	1891.0	1891.0	1891.4	1892.0	1892.0	37.066	EXPIRED
326	id-00209	9	9	7	1	1893.0	1893.0	1893.35	1894.0	1894.0	48.649	EXPIRED
326	id-00210	7	14	5	2	1894.0	1894.0	1894.5	1894.8899	1896.0	54.054	COMPLETED
326	id-00211	9	9	2	2	1894.0	1894.0	1894.2	1894.6869	1896.0	27.799	COMPLETED
326	id-00212	1	2	1	2	1895.0	1895.0	1895.05	1895.3661	1897.0	0.772	COMPLETED
326	id-00213	9	12	1	3	1896.0	1896.0	1896.05	1896.3356	1899.0	6.95	COMPLETED
326	id-00214	2	3	8	3	1898.0	1898.0	1898.4	1898.7992	1901.0	12.355	COMPLETED
326	id-00215	9	4	5	3	1900.0	1900.0	1900.5	1900.6126	1903.0	69.498	COMPLETED
326	id-00216	5	3	5	1	1900.0	1900.0	1900.5	1901.0	1901.0	38.61	EXPIRED
326	id-00217	5	2	6	2	1901.0	1901.0	1901.9	1902.063	1903.0	69.498	COMPLETED
326	id-00218	2	3	8	3	1901.0	1901.0	1902.2	1902.4074	1904.0	37.066	COMPLETED
326	id-00219	7	8	6	2	1901.0	1901.0	1901.9	1902.3462	1903.0	97.297	COMPLETED
326	id-00220	7	2	6	1	1903.0	1903.0	1903.3	1904.0	1904.0	32.432	EXPIRED
326	id-00221	8	8	3	3	1904.0	1904.0	1904.15	1904.5308	1907.0	18.533	COMPLETED
326	id-00222	2	2	5	2	1905.0	1905.0	1905.25	1905.5631	1907.0	7.722	COMPLETED
326	id-00223	7	11	10	3	1908.0	1908.0	1909.5	1909.6156	1911.0	162.162	COMPLETED
326	id-00224	8	9	5	2	1908.0	1908.0	1908.75	1908.9964	1910.0	92.664	COMPLETED
326	id-00225	3	6	2	2	1908.0	1908.0	1908.3	1908.7979	1910.0	13.9	COMPLETED
326	id-00226	10	18	3	3	1910.0	1910.0	1910.15	1910.4528	1913.0	23.166	COMPLETED
326	id-00227	7	3	1	3	1911.0	1911.0	1911.1	1911.3303	1914.0	10.811	COMPLETED
326	id-00228	2	3	2	2	1911.0	1911.0	1911.2	1911.5393	1913.0	6.178	COMPLETED
326	id-00229	2	2	4	3	1913.0	1913.0	1913.6	1913.9015	1916.0	18.533	COMPLETED
326	id-00230	7	2	6	1	1913.0	1913.0	1913.9	1914.0	1914.0	97.297	EXPIRED
326	id-00231	1	2	2	3	1913.0	1913.0	1913.3	1913.5258	1916.0	4.633	COMPLETED
326	id-00232	2	3	5	1	1918.0	1918.0	1918.25	1919.0	1919.0	7.722	EXPIRED
326	id-00233	4	3	3	3	1919.0	1919.0	1919.15	1919.4519	1922.0	9.266	COMPLETED
326	id-00234	6	5	2	2	1920.0	1920.0	1920.2	1920.4002	1922.0	18.533	COMPLETED
326	id-00235	7	13	7	1	1920.0	1920.0	1920.7	1921.0	1921.0	75.676	EXPIRED
326	id-00236	3	3	9	3	1921.0	1921.0	1922.35	1922.6233	1924.0	62.548	COMPLETED
326	id-00237	9	11	7	3	1921.0	1921.0	1922.05	1922.5205	1924.0	145.946	COMPLETED
326	id-00238	1	2	6	3	1921.0	1921.0	1921.9	1922.2082	1924.0	13.9	COMPLETED
326	id-00239	1	2	6	2	1923.0	1923.0	1923.3	1923.7347	1925.0	4.633	COMPLETED
326	id-00240	4	6	5	3	1924.0	1924.0	1924.25	1924.3963	1927.0	15.444	COMPLETED
326	id-00241	7	6	9	3	1926.0	1926.0	1927.35	1927.5231	1929.0	145.946	COMPLETED
326	id-00242	4	4	7	2	1926.0	1926.0	1927.05	1928.0	1928.0	64.865	EXPIRED
326	id-00243	5	8	9	3	1926.0	1926.0	1927.35	1927.4933	1929.0	104.247	COMPLETED
326	id-00244	2	3	10	2	1928.0	1928.0	1929.0	1929.335	1930.0	30.888	COMPLETED
326	id-00245	4	4	3	2	1928.0	1928.0	1928.3	1928.5065	1930.0	18.533	COMPLETED
326	id-00246	5	8	1	3	1930.0	1930.0	1930.05	1930.1966	1933.0	3.861	COMPLETED
326	id-00247	9	18	7	1	1931.0	1931.0	1931.7	1932.0	1932.0	97.297	EXPIRED
326	id-00248	3	4	5	1	1931.0	1931.0	1931.5	1932.0	1932.0	23.166	EXPIRED
326	id-00249	7	11	2	3	1932.0	1932.0	1932.1	1932.2385	1935.0	10.811	COMPLETED
326	id-00250	3	6	10	3	1933.0	1933.0	1934.5	1934.7537	1936.0	69.498	COMPLETED
326	id-00251	4	2	3	1	1933.0	1933.0	1933.45	1934.0	1934.0	27.799	EXPIRED
326	id-00252	7	9	2	3	1933.0	1933.0	1933.3	1933.4666	1936.0	32.432	COMPLETED
326	id-00253	9	13	6	3	1934.0	1934.0	1934.27	1934.5555	1937.0	32.438	COMPLETED
326	id-00254	5	7	2	2	1934.0	1934.0	1934.24	1934.5695	1936.0	18.533	COMPLETED
326	id-00255	9	15	4	2	1934.0	1934.0	1934.47	1934.7213	1936.0	65.328	COMPLETED
326	id-00256	7	4	7	2	1935.0	1935.0	1935.35	1935.4882	1937.0	37.838	COMPLETED
326	id-00257	9	6	1	1	1937.0	1937.0	1937.05	1938.0	1938.0	6.95	EXPIRED
326	id-00258	10	8	2	1	1938.0	1938.0	1938.2	1939.0	1939.0	30.888	EXPIRED
326	id-00259	5	4	4	2	1938.0	1938.0	1938.4	1938.8431	1940.0	30.888	COMPLETED
326	id-00260	4	6	4	3	1939.0	1939.0	1939.2	1939.5985	1942.0	12.355	COMPLETED
326	id-00261	2	3	8	1	1940.0	1940.0	1940.8	1941.0	1941.0	24.71	EXPIRED
326	id-00262	3	3	10	3	1940.0	1940.0	1941.0	1941.3156	1943.0	46.332	COMPLETED
326	id-00263	10	19	6	1	1942.0	1942.0	1942.6	1943.0	1943.0	92.664	EXPIRED
326	id-00264	7	2	3	1	1942.0	1942.0	1942.3	1943.0	1943.0	32.432	EXPIRED
326	id-00265	9	11	3	2	1943.0	1943.0	1943.3	1943.7937	1945.0	41.699	COMPLETED
326	id-00266	5	5	7	2	1943.0	1943.0	1943.7	1943.9462	1945.0	54.054	COMPLETED
326	id-00267	7	7	7	1	1944.0	1944.0	1944.35	1945.0	1945.0	37.838	EXPIRED
326	id-00268	10	10	9	2	1945.0	1945.0	1945.43	1945.5959	1947.0	62.355	COMPLETED
326	id-00269	7	14	2	3	1945.0	1945.0	1945.2	1945.6226	1948.0	21.622	COMPLETED
326	id-00270	7	14	5	1	1945.0	1945.0	1945.5	1946.0	1946.0	54.054	EXPIRED
326	id-00271	3	5	1	3	1947.0	1947.0	1947.05	1947.2094	1950.0	2.317	COMPLETED
326	id-00272	10	20	7	1	1948.0	1948.0	1948.7	1949.0	1949.0	108.108	EXPIRED
326	id-00273	1	2	4	2	1948.0	1948.0	1948.4	1948.853	1950.0	6.178	COMPLETED
326	id-00274	5	10	9	2	1949.0	1949.0	1950.35	1951.0	1951.0	104.247	EXPIRED
326	id-00275	1	2	6	3	1949.0	1949.0	1949.9	1950.3517	1952.0	13.9	COMPLETED
326	id-00276	10	7	5	1	1949.0	1949.0	1949.75	1950.0	1950.0	115.83	EXPIRED
326	id-00277	4	5	2	2	1950.0	1950.0	1950.13	1950.5153	1952.0	8.031	COMPLETED
326	id-00278	4	6	10	3	1952.0	1952.0	1952.67	1952.9336	1955.0	41.39	COMPLETED
326	id-00279	5	4	9	3	1953.0	1953.0	1953.6	1954.0832	1956.0	46.332	COMPLETED
326	id-00280	4	3	1	3	1954.0	1954.0	1954.07	1954.185	1957.0	4.324	COMPLETED
326	id-00281	1	2	10	2	1956.0	1956.0	1956.5	1956.6829	1958.0	7.722	COMPLETED
326	id-00282	9	10	4	3	1957.0	1957.0	1957.2	1957.4725	1960.0	27.799	COMPLETED
326	id-00283	9	16	3	1	1958.0	1958.0	1958.15	1959.0	1959.0	20.849	EXPIRED
326	id-00284	8	2	9	2	1959.0	1959.0	1959.45	1959.9165	1961.0	55.598	COMPLETED
326	id-00285	2	2	3	1	1961.0	1961.0	1961.15	1962.0	1962.0	4.633	EXPIRED
326	id-00286	8	13	1	2	1962.0	1962.0	1962.05	1962.3374	1964.0	6.178	COMPLETED
326	id-00287	7	5	5	2	1963.0	1963.0	1963.5	1963.7433	1965.0	54.054	COMPLETED
326	id-00288	8	15	3	1	1963.0	1963.0	1963.3	1964.0	1964.0	37.066	EXPIRED
326	id-00289	2	4	1	2	1964.0	1964.0	1964.1	1964.3727	1966.0	3.089	COMPLETED
326	id-00290	10	5	8	2	1964.0	1964.0	1964.8	1965.2531	1966.0	123.552	COMPLETED
326	id-00291	8	5	2	3	1965.0	1965.0	1965.1	1965.3272	1968.0	12.355	COMPLETED
326	id-00292	9	4	7	3	1966.0	1966.0	1966.35	1966.7185	1969.0	48.649	COMPLETED
326	id-00293	3	5	5	3	1967.0	1967.0	1967.75	1967.9525	1970.0	34.749	COMPLETED
326	id-00294	7	14	7	3	1967.0	1967.0	1968.05	1968.2378	1970.0	113.513	COMPLETED
326	id-00295	7	8	8	2	1967.0	1967.0	1968.2	1969.0	1969.0	129.73	EXPIRED
326	id-00296	10	5	5	1	1969.0	1969.0	1969.25	1970.0	1970.0	38.61	EXPIRED
326	id-00297	7	11	10	2	1970.0	1970.0	1971.0	1971.1357	1972.0	108.108	COMPLETED
326	id-00298	5	4	1	1	1970.0	1970.0	1970.1	1971.0	1971.0	7.722	EXPIRED
326	id-00299	1	2	6	3	1971.0	1971.0	1971.6	1971.7474	1974.0	9.266	COMPLETED
326	id-00300	7	3	6	3	1971.0	1971.0	1971.6	1971.8431	1974.0	64.865	COMPLETED
326	id-00301	3	5	9	2	1972.0	1972.0	1972.9	1973.3247	1974.0	41.699	COMPLETED
326	id-00302	7	7	3	3	1972.0	1972.0	1972.3	1972.6088	1975.0	32.432	COMPLETED
326	id-00303	4	3	5	2	1977.0	1977.0	1977.25	1977.6336	1979.0	15.444	COMPLETED
326	id-00304	1	2	1	2	1978.0	1978.0	1978.05	1978.4873	1980.0	0.772	COMPLETED
326	id-00305	7	8	9	3	1979.0	1979.0	1979.45	1979.5805	1982.0	48.649	COMPLETED
326	id-00306	1	2	2	3	1980.0	1980.0	1980.2	1980.6128	1983.0	3.089	COMPLETED
326	id-00307	10	2	9	3	1980.0	1980.0	1980.9	1981.2078	1983.0	138.996	COMPLETED
326	id-00308	7	10	3	2	1981.0	1981.0	1981.3	1981.4089	1983.0	32.432	COMPLETED
326	id-00309	8	15	8	3	1981.0	1981.0	1981.8	1982.2863	1984.0	98.842	COMPLETED
326	id-00310	7	5	10	1	1982.0	1982.0	1983.0	1983.0	1983.0	108.108	EXPIRED
326	id-00311	10	5	9	3	1982.0	1982.0	1982.9	1983.1454	1985.0	138.996	COMPLETED
326	id-00312	8	6	2	2	1983.0	1983.0	1983.1	1983.3488	1985.0	12.355	COMPLETED
326	id-00313	5	10	9	2	1984.0	1984.0	1984.45	1984.8337	1986.0	34.749	COMPLETED
326	id-00314	9	10	4	1	1985.0	1985.0	1985.2	1986.0	1986.0	27.799	EXPIRED
326	id-00315	6	11	4	2	1987.0	1987.0	1987.2	1987.6729	1989.0	18.533	COMPLETED
326	id-00316	2	3	8	1	1989.0	1989.0	1989.4	1990.0	1990.0	12.355	EXPIRED
326	id-00317	2	3	4	2	1993.0	1993.0	1993.38	1993.6691	1995.0	11.737	COMPLETED
326	id-00318	3	6	9	2	1993.0	1993.0	1993.86	1994.329	1995.0	31.737	COMPLETED
326	id-00319	8	3	7	1	1995.0	1995.0	1995.35	1996.0	1996.0	43.243	EXPIRED
326	id-00320	7	12	3	1	1997.0	1997.0	1997.15	1998.0	1998.0	16.216	EXPIRED
326	id-00321	4	3	5	3	1998.0	1998.0	1998.25	1998.4531	2001.0	15.444	COMPLETED
326	id-00322	6	9	7	3	1999.0	1999.0	2000.05	2000.2896	2002.0	97.297	COMPLETED
326	id-00323	7	9	4	1	1999.0	1999.0	1999.6	2000.0	2000.0	64.865	EXPIRED
326	id-00324	2	4	4	3	1999.0	1999.0	1999.6	2000.0585	2002.0	18.533	COMPLETED
326	id-00325	9	5	6	2	2000.0	2000.0	2000.43	2000.7733	2002.0	59.768	COMPLETED
