0.00011301040649414062
0.00011444091796875
0.0001087188720703125
0.00022101402282714844
4.744529724121094e-05
9.083747863769531e-05
0.00011134147644042969
9.34600830078125e-05
0.00010991096496582031
8.273124694824219e-05
7.462501525878906e-05
6.270408630371094e-05
7.319450378417969e-05
7.43865966796875e-05
0.00011610984802246094
0.00010085105895996094
8.988380432128906e-05
9.298324584960938e-05
9.822845458984375e-05
0.00010514259338378906
0.00010824203491210938
0.00012063980102539062
6.29425048828125e-05
7.009506225585938e-05
0.0002639293670654297
0.0001952648162841797
0.00010514259338378906
0.00012254714965820312
0.00010895729064941406
8.034706115722656e-05
8.320808410644531e-05
8.177757263183594e-05
6.914138793945312e-05
6.318092346191406e-05
0.00011491775512695312
8.916854858398438e-05
8.296966552734375e-05
6.365776062011719e-05
0.0001361370086669922
9.107589721679688e-05
6.0558319091796875e-05
6.914138793945312e-05
0.0001823902130126953
5.602836608886719e-05
6.318092346191406e-05
0.00010395050048828125
7.343292236328125e-05
5.435943603515625e-05
7.2479248046875e-05
5.054473876953125e-05
0.0001246929168701172
0.00013303756713867188
8.368492126464844e-05
5.221366882324219e-05
4.9591064453125e-05
5.6743621826171875e-05
5.125999450683594e-05
8.821487426757812e-05
7.081031799316406e-05
6.628036499023438e-05
5.888938903808594e-05
6.4849853515625e-05
0.00013780593872070312
3.123283386230469e-05
8.96453857421875e-05
6.4849853515625e-05
5.507469177246094e-05
5.5789947509765625e-05
5.340576171875e-05
6.628036499023438e-05
5.4836273193359375e-05
5.555152893066406e-05
7.891654968261719e-05
6.937980651855469e-05
5.030632019042969e-05
4.982948303222656e-05
9.489059448242188e-05
9.703636169433594e-05
4.601478576660156e-05
6.747245788574219e-05
7.224082946777344e-05
7.843971252441406e-05
6.651878356933594e-05
9.34600830078125e-05
5.8650970458984375e-05
8.440017700195312e-05
6.031990051269531e-05
5.984306335449219e-05
4.410743713378906e-05
7.081031799316406e-05
6.0558319091796875e-05
4.76837158203125e-05
4.553794860839844e-05
8.749961853027344e-05
5.316734313964844e-05
5.173683166503906e-05
4.458427429199219e-05
5.7697296142578125e-05
4.839897155761719e-05
5.698204040527344e-05
6.604194641113281e-05
5.507469177246094e-05
0.00011563301086425781
8.797645568847656e-05
5.8650970458984375e-05
5.8650970458984375e-05
4.7206878662109375e-05
5.2928924560546875e-05
7.176399230957031e-05
6.29425048828125e-05
4.506111145019531e-05
5.9604644775390625e-05
4.863739013671875e-05
8.559226989746094e-05
6.365776062011719e-05
5.5789947509765625e-05
0.00012159347534179688
6.151199340820312e-05
5.936622619628906e-05
7.486343383789062e-05
7.772445678710938e-05
5.6743621826171875e-05
4.982948303222656e-05
5.602836608886719e-05
5.459785461425781e-05
6.794929504394531e-05
7.462501525878906e-05
6.008148193359375e-05
6.198883056640625e-05
6.508827209472656e-05
7.224082946777344e-05
5.340576171875e-05
5.340576171875e-05
7.343292236328125e-05
5.507469177246094e-05
7.462501525878906e-05
6.937980651855469e-05
7.772445678710938e-05
5.936622619628906e-05
6.699562072753906e-05
5.817413330078125e-05
0.00011014938354492188
5.340576171875e-05
7.748603820800781e-05
6.246566772460938e-05
7.939338684082031e-05
5.626678466796875e-05
5.269050598144531e-05
9.560585021972656e-05
7.963180541992188e-05
0.00019359588623046875
0.00010538101196289062
5.269050598144531e-05
6.246566772460938e-05
0.00015783309936523438
0.00013780593872070312
5.173683166503906e-05
8.797645568847656e-05
5.7697296142578125e-05
6.437301635742188e-05
6.0558319091796875e-05
7.2479248046875e-05
0.00014901161193847656
7.009506225585938e-05
8.58306884765625e-05
9.369850158691406e-05
5.364418029785156e-05
5.2928924560546875e-05
5.221366882324219e-05
6.747245788574219e-05
5.7697296142578125e-05
0.00011134147644042969
5.3882598876953125e-05
9.441375732421875e-05
6.937980651855469e-05
5.412101745605469e-05
6.556510925292969e-05
5.793571472167969e-05
8.654594421386719e-05
5.412101745605469e-05
5.316734313964844e-05
5.245208740234375e-05
6.842613220214844e-05
0.00011348724365234375
6.103515625e-05
9.703636169433594e-05
5.745887756347656e-05
0.00011134147644042969
7.009506225585938e-05
0.00010418891906738281
5.221366882324219e-05
4.9114227294921875e-05
5.340576171875e-05
4.792213439941406e-05
4.696846008300781e-05
4.863739013671875e-05
6.961822509765625e-05
