0.0001595020294189453
8.344650268554688e-05
9.226799011230469e-05
0.0002129077911376953
2.384185791015625e-05
2.3365020751953125e-05
2.3365020751953125e-05
2.193450927734375e-05
7.081031799316406e-05
7.2479248046875e-05
8.678436279296875e-05
5.698204040527344e-05
0.00012373924255371094
9.679794311523438e-05
8.606910705566406e-05
8.58306884765625e-05
8.225440979003906e-05
8.726119995117188e-05
8.273124694824219e-05
8.749961853027344e-05
7.486343383789062e-05
7.557868957519531e-05
6.318092346191406e-05
0.00023603439331054688
8.058547973632812e-05
7.700920104980469e-05
8.153915405273438e-05
0.0003044605255126953
0.000110626220703125
6.151199340820312e-05
5.364418029785156e-05
5.030632019042969e-05
5.91278076171875e-05
0.00011038780212402344
6.413459777832031e-05
0.0001239776611328125
0.00011348724365234375
0.00011754035949707031
0.00010848045349121094
2.3126602172851562e-05
0.00013709068298339844
8.0108642578125e-05
0.0001404285430908203
9.894371032714844e-05
7.319450378417969e-05
0.00011348724365234375
0.00019550323486328125
9.274482727050781e-05
9.250640869140625e-05
9.632110595703125e-05
0.00012731552124023438
5.459785461425781e-05
6.4849853515625e-05
8.0108642578125e-05
8.916854858398438e-05
0.00012969970703125
9.918212890625e-05
7.2479248046875e-05
9.465217590332031e-05
7.104873657226562e-05
0.00010347366333007812
9.965896606445312e-05
7.462501525878906e-05
6.842613220214844e-05
0.00010013580322265625
0.0001049041748046875
0.000213623046875
9.632110595703125e-05
0.00012373924255371094
0.000125885009765625
9.72747802734375e-05
7.390975952148438e-05
0.00010538101196289062
0.0001380443572998047
6.818771362304688e-05
6.341934204101562e-05
0.00015997886657714844
0.0001552104949951172
2.0265579223632812e-05
6.4849853515625e-05
7.128715515136719e-05
0.0002827644348144531
0.00015544891357421875
6.604194641113281e-05
0.00012683868408203125
0.0001544952392578125
2.1696090698242188e-05
0.00014400482177734375
0.000125885009765625
0.00016951560974121094
0.0001544952392578125
6.461143493652344e-05
8.654594421386719e-05
5.841255187988281e-05
4.601478576660156e-05
9.5367431640625e-05
7.152557373046875e-05
7.62939453125e-05
8.225440979003906e-05
8.797645568847656e-05
8.225440979003906e-05
6.079673767089844e-05
5.936622619628906e-05
0.0001220703125
9.226799011230469e-05
4.696846008300781e-05
7.963180541992188e-05
8.869171142578125e-05
8.511543273925781e-05
8.130073547363281e-05
6.985664367675781e-05
0.0001270771026611328
9.393692016601562e-05
0.00010085105895996094
0.00012826919555664062
6.222724914550781e-05
6.628036499023438e-05
0.00011181831359863281
9.322166442871094e-05
8.058547973632812e-05
5.745887756347656e-05
9.989738464355469e-05
0.00013327598571777344
0.00011944770812988281
0.00010919570922851562
6.937980651855469e-05
0.00016498565673828125
1.4781951904296875e-05
8.249282836914062e-05
8.225440979003906e-05
0.00010514259338378906
0.00011348724365234375
9.250640869140625e-05
7.081031799316406e-05
0.00010204315185546875
0.00010013580322265625
0.00011563301086425781
7.724761962890625e-05
0.00010347366333007812
0.00010132789611816406
6.651878356933594e-05
5.6743621826171875e-05
7.653236389160156e-05
6.0558319091796875e-05
0.00017976760864257812
2.0503997802734375e-05
0.00011396408081054688
0.00010228157043457031
8.535385131835938e-05
5.14984130859375e-05
0.00016880035400390625
0.00011467933654785156
6.937980651855469e-05
5.650520324707031e-05
9.894371032714844e-05
7.414817810058594e-05
0.00010585784912109375
9.202957153320312e-05
0.00013113021850585938
2.1219253540039062e-05
7.271766662597656e-05
7.05718994140625e-05
6.508827209472656e-05
4.863739013671875e-05
6.341934204101562e-05
5.936622619628906e-05
7.176399230957031e-05
6.699562072753906e-05
0.00011038780212402344
5.984306335449219e-05
6.4849853515625e-05
0.0001437664031982422
9.632110595703125e-05
7.033348083496094e-05
9.894371032714844e-05
0.00010824203491210938
8.296966552734375e-05
5.53131103515625e-05
0.00011587142944335938
9.5367431640625e-05
7.462501525878906e-05
5.650520324707031e-05
6.222724914550781e-05
5.698204040527344e-05
0.00010347366333007812
6.198883056640625e-05
5.2928924560546875e-05
9.012222290039062e-05
0.00010371208190917969
0.00013566017150878906
7.43865966796875e-05
5.221366882324219e-05
1.4543533325195312e-05
2.09808349609375e-05
8.0108642578125e-05
6.0558319091796875e-05
8.416175842285156e-05
0.0001537799835205078
0.0002815723419189453
2.4318695068359375e-05
5.1975250244140625e-05
4.76837158203125e-05
5.364418029785156e-05
5.53131103515625e-05
8.606910705566406e-05
6.222724914550781e-05
6.628036499023438e-05
