326	id-00000	1	2	5	5	1703.0	1703.0	1703.25	1703.5432	1708.0	3.861	COMPLETED
326	id-00001	4	8	2	3	1704.0	1704.0	1704.3	1704.5419	1707.0	18.533	COMPLETED
326	id-00002	2	3	2	4	1704.0	1704.0	1704.3	1704.7465	1708.0	9.266	COMPLETED
326	id-00003	6	5	2	2	1704.0	1704.0	1704.3	1704.6691	1706.0	27.799	COMPLETED
326	id-00004	10	14	10	2	1706.0	1706.0	1707.0	1707.1613	1708.0	154.44	COMPLETED
326	id-00005	5	3	9	5	1706.0	1706.0	1706.9	1707.0379	1711.0	69.498	COMPLETED
326	id-00006	10	12	9	1	1708.0	1708.0	1708.45	1709.0	1709.0	69.498	EXPIRED
326	id-00007	7	7	6	5	1709.0	1709.0	1709.3	1709.6237	1714.0	32.432	COMPLETED
326	id-00008	10	4	5	3	1714.0	1714.0	1714.25	1714.6501	1717.0	38.61	COMPLETED
326	id-00009	7	7	3	5	1718.0	1718.0	1718.15	1718.5626	1723.0	16.216	COMPLETED
326	id-00010	1	2	5	3	1719.0	1719.0	1719.25	1719.4331	1722.0	3.861	COMPLETED
326	id-00011	10	13	8	4	1722.0	1722.0	1722.4	1722.5655	1726.0	61.776	COMPLETED
326	id-00012	1	2	1	4	1728.0	1728.0	1728.1	1728.4137	1732.0	1.544	COMPLETED
326	id-00013	3	4	6	2	1728.0	1728.0	1728.6	1729.0347	1730.0	27.799	COMPLETED
326	id-00014	4	2	9	1	1729.0	1729.0	1729.45	1730.0	1730.0	27.799	EXPIRED
326	id-00015	7	2	10	4	1730.0	1730.0	1730.5	1730.6172	1734.0	54.054	COMPLETED
326	id-00016	9	4	9	3	1731.0	1731.0	1731.9	1732.3741	1734.0	125.096	COMPLETED
326	id-00017	5	5	4	3	1731.0	1731.0	1731.4	1731.7184	1734.0	30.888	COMPLETED
326	id-00018	5	5	8	4	1732.0	1732.0	1732.4	1732.8427	1736.0	30.888	COMPLETED
326	id-00019	1	2	6	4	1736.0	1736.0	1736.86	1737.1953	1740.0	13.282	COMPLETED
326	id-00020	5	2	10	3	1736.0	1736.0	1737.43	1737.8357	1739.0	110.425	COMPLETED
326	id-00021	5	3	2	3	1736.0	1736.0	1736.29	1736.435	1739.0	19.66	COMPLETED
326	id-00022	7	11	1	4	1737.0	1737.0	1737.06	1737.2128	1741.0	5.921	COMPLETED
326	id-00023	6	6	10	4	1738.0	1738.0	1739.25	1739.6792	1742.0	115.83	COMPLETED
326	id-00024	2	3	5	2	1738.0	1738.0	1738.62	1738.9037	1740.0	13.305	COMPLETED
326	id-00025	8	3	1	3	1739.0	1739.0	1739.1	1739.4564	1742.0	12.355	COMPLETED
326	id-00026	4	6	5	3	1739.0	1739.0	1740.0	1740.1188	1742.0	61.776	COMPLETED
326	id-00027	2	3	1	3	1739.0	1739.0	1739.2	1739.3834	1742.0	4.292	COMPLETED
326	id-00028	7	2	3	5	1739.0	1739.0	1739.29	1739.624	1744.0	28.617	COMPLETED
326	id-00029	2	4	5	3	1740.0	1740.0	1740.75	1741.0291	1743.0	23.166	COMPLETED
326	id-00030	10	3	10	3	1740.0	1740.0	1741.5	1741.9969	1743.0	231.66	COMPLETED
326	id-00031	7	5	3	1	1740.0	1740.0	1740.45	1741.0	1741.0	48.649	EXPIRED
326	id-00032	3	3	4	2	1740.0	1740.0	1740.19	1740.5633	1742.0	7.012	COMPLETED
326	id-00033	6	2	6	1	1741.0	1741.0	1741.6	1742.0	1742.0	55.598	EXPIRED
326	id-00034	8	13	5	1	1742.0	1742.0	1742.5	1743.0	1743.0	61.776	EXPIRED
326	id-00035	4	5	5	1	1745.0	1745.0	1745.25	1746.0	1746.0	15.444	EXPIRED
326	id-00036	3	3	5	1	1746.0	1746.0	1746.25	1747.0	1747.0	11.583	EXPIRED
326	id-00037	5	3	6	4	1747.0	1747.0	1747.3	1747.4402	1751.0	23.166	COMPLETED
326	id-00038	8	15	2	5	1749.0	1749.0	1749.1	1749.451	1754.0	12.355	COMPLETED
326	id-00039	7	7	9	5	1750.0	1750.0	1750.45	1750.645	1755.0	48.649	COMPLETED
326	id-00040	5	4	2	3	1751.0	1751.0	1751.2	1751.559	1754.0	15.444	COMPLETED
326	id-00041	1	2	3	4	1751.0	1751.0	1751.3	1751.7237	1755.0	4.633	COMPLETED
326	id-00042	9	4	4	1	1752.0	1752.0	1752.4	1753.0	1753.0	55.598	EXPIRED
326	id-00043	5	2	3	3	1752.0	1752.0	1752.3	1752.6446	1755.0	23.166	COMPLETED
326	id-00044	4	5	5	4	1754.0	1754.0	1754.5	1754.7503	1758.0	30.888	COMPLETED
326	id-00045	5	8	2	5	1754.0	1754.0	1754.2	1754.5981	1759.0	15.444	COMPLETED
326	id-00046	6	6	1	4	1755.0	1755.0	1755.05	1755.2683	1759.0	4.633	COMPLETED
326	id-00047	5	2	2	2	1756.0	1756.0	1756.2	1756.5826	1758.0	15.444	COMPLETED
326	id-00048	5	7	8	1	1756.0	1756.0	1756.8	1757.0	1757.0	61.776	EXPIRED
326	id-00049	8	8	10	4	1757.0	1757.0	1758.0	1758.1459	1761.0	123.552	COMPLETED
326	id-00050	8	12	7	2	1757.0	1757.0	1757.7	1758.1374	1759.0	86.486	COMPLETED
326	id-00051	6	12	3	3	1758.0	1758.0	1758.3	1758.5682	1761.0	27.799	COMPLETED
326	id-00052	8	3	2	2	1758.0	1758.0	1758.2	1758.6374	1760.0	24.71	COMPLETED
326	id-00053	6	2	10	1	1759.0	1759.0	1760.5	1760.0	1760.0	138.996	EXPIRED
326	id-00054	4	2	6	1	1759.0	1759.0	1759.9	1760.0	1760.0	55.598	EXPIRED
326	id-00055	1	2	2	1	1759.0	1759.0	1759.3	1760.0	1760.0	4.633	EXPIRED
326	id-00056	9	5	1	5	1760.0	1760.0	1760.07	1760.3938	1765.0	9.73	COMPLETED
326	id-00057	5	8	6	3	1761.0	1761.0	1762.29	1762.7321	1764.0	99.614	COMPLETED
326	id-00058	1	2	9	5	1761.0	1761.0	1762.93	1763.3578	1766.0	29.807	COMPLETED
326	id-00059	5	9	2	2	1761.0	1761.0	1761.43	1761.9138	1763.0	33.205	COMPLETED
326	id-00060	6	9	8	4	1762.0	1762.0	1763.0	1763.1753	1766.0	92.664	COMPLETED
326	id-00061	7	12	3	1	1763.0	1763.0	1763.38	1764.0	1764.0	41.081	EXPIRED
326	id-00062	9	17	7	4	1763.0	1763.0	1763.95	1764.3123	1767.0	132.046	COMPLETED
326	id-00063	8	10	1	2	1763.0	1763.0	1763.14	1763.399	1765.0	17.297	COMPLETED
326	id-00064	2	2	4	1	1763.0	1763.0	1763.55	1764.0	1764.0	6.618	EXPIRED
326	id-00065	10	18	6	5	1764.0	1765.0	1765.6	1765.7341	1769.0	92.664	COMPLETED
326	id-00066	4	3	7	1	1765.0	1765.0	1765.3	1766.0	1766.0	10.048	EXPIRED
326	id-00067	8	12	10	3	1765.0	1765.0	1766.0	1766.3919	1768.0	123.552	COMPLETED
326	id-00068	6	6	2	1	1767.0	1767.0	1767.1	1768.0	1768.0	9.266	EXPIRED
326	id-00069	2	2	2	1	1768.0	1768.0	1768.3	1769.0	1769.0	9.266	EXPIRED
326	id-00070	10	17	10	4	1768.0	1768.0	1769.5	1769.7783	1772.0	231.66	COMPLETED
326	id-00071	2	4	7	3	1768.0	1768.0	1769.05	1769.1923	1771.0	32.432	COMPLETED
326	id-00072	8	13	2	4	1770.0	1770.0	1770.1	1770.3557	1774.0	12.355	COMPLETED
326	id-00073	9	4	10	1	1771.0	1771.0	1772.0	1772.0	1772.0	138.996	EXPIRED
326	id-00074	5	5	5	3	1771.0	1771.0	1771.5	1771.983	1774.0	38.61	COMPLETED
326	id-00075	5	6	9	1	1773.0	1773.0	1773.45	1774.0	1774.0	34.749	EXPIRED
326	id-00076	9	8	2	3	1775.0	1775.0	1775.1	1775.4428	1778.0	13.9	COMPLETED
326	id-00077	6	11	3	4	1777.0	1777.0	1777.15	1777.6241	1781.0	13.9	COMPLETED
326	id-00078	7	10	7	4	1778.0	1778.0	1779.05	1779.4628	1782.0	113.513	COMPLETED
326	id-00079	10	3	9	2	1778.0	1778.0	1778.86	1779.0947	1780.0	132.818	COMPLETED
326	id-00080	4	5	10	1	1778.0	1778.0	1779.5	1779.0	1779.0	92.664	EXPIRED
326	id-00081	8	4	6	1	1778.0	1778.0	1778.57	1779.0	1779.0	65.051	EXPIRED
326	id-00082	3	6	3	4	1778.0	1778.0	1778.45	1778.9192	1782.0	20.849	COMPLETED
326	id-00083	9	17	8	2	1782.0	1782.0	1782.8	1783.0088	1784.0	111.197	COMPLETED
326	id-00084	4	8	1	2	1782.0	1782.0	1782.1	1782.4718	1784.0	6.178	COMPLETED
326	id-00085	6	8	3	4	1783.0	1783.0	1783.15	1783.6373	1787.0	13.9	COMPLETED
326	id-00086	5	3	5	5	1784.0	1784.0	1784.5	1784.6262	1789.0	38.61	COMPLETED
326	id-00087	5	8	9	2	1784.0	1784.0	1784.9	1785.0688	1786.0	69.498	COMPLETED
326	id-00088	8	14	3	2	1785.0	1785.0	1785.15	1785.5361	1787.0	18.533	COMPLETED
326	id-00089	5	10	7	2	1786.0	1786.0	1786.35	1786.5318	1788.0	27.027	COMPLETED
326	id-00090	7	7	9	3	1788.0	1788.0	1789.35	1789.4534	1791.0	145.946	COMPLETED
326	id-00091	7	6	10	1	1788.0	1788.0	1789.5	1789.0	1789.0	162.162	EXPIRED
326	id-00092	1	2	6	3	1788.0	1788.0	1788.9	1789.0179	1791.0	13.9	COMPLETED
326	id-00093	5	8	1	2	1789.0	1789.0	1789.17	1789.6016	1791.0	13.127	COMPLETED
326	id-00094	8	10	5	3	1790.0	1790.0	1790.25	1790.3749	1793.0	30.888	COMPLETED
326	id-00095	9	18	9	3	1791.0	1791.0	1792.35	1792.5363	1794.0	187.645	COMPLETED
326	id-00096	5	5	2	2	1791.0	1791.0	1791.3	1791.4267	1793.0	23.166	COMPLETED
326	id-00097	6	11	7	5	1791.0	1791.0	1792.05	1792.538	1796.0	97.297	COMPLETED
326	id-00098	4	3	5	2	1792.0	1792.0	1793.0	1793.231	1794.0	61.776	COMPLETED
326	id-00099	9	18	5	1	1792.0	1792.0	1792.25	1793.0	1793.0	34.749	EXPIRED
326	id-00100	5	2	10	5	1794.0	1794.0	1796.0	1796.4615	1799.0	154.44	COMPLETED
326	id-00101	9	6	7	5	1796.0	1796.0	1796.35	1796.5187	1801.0	48.649	COMPLETED
326	id-00102	1	2	4	1	1797.0	1797.0	1797.2	1798.0	1798.0	3.089	EXPIRED
326	id-00103	1	2	3	4	1798.0	1798.0	1798.3	1798.495	1802.0	4.633	COMPLETED
326	id-00104	4	4	8	1	1798.0	1798.0	1798.8	1799.0	1799.0	49.421	EXPIRED
326	id-00105	5	6	6	2	1799.0	1799.0	1800.2	1801.0	1801.0	92.664	EXPIRED
326	id-00106	8	16	8	2	1799.0	1799.0	1800.6	1801.0	1801.0	197.683	EXPIRED
326	id-00107	1	2	8	2	1799.0	1799.0	1800.6	1801.0	1801.0	24.71	EXPIRED
326	id-00108	3	3	2	5	1799.0	1799.0	1799.4	1799.8922	1804.0	18.533	COMPLETED
326	id-00109	7	9	4	5	1800.0	1802.0	1802.2	1802.4314	1805.0	21.622	COMPLETED
326	id-00110	3	4	9	5	1802.0	1802.0	1803.5	1803.7732	1807.0	69.498	COMPLETED
326	id-00111	5	6	4	2	1804.0	1804.0	1804.67	1804.8994	1806.0	51.737	COMPLETED
326	id-00112	6	7	2	4	1805.0	1805.0	1805.1	1805.5707	1809.0	9.266	COMPLETED
326	id-00113	7	2	6	3	1807.0	1807.0	1807.3	1807.419	1810.0	32.432	COMPLETED
326	id-00114	10	18	5	1	1809.0	1809.0	1809.5	1810.0	1810.0	77.22	EXPIRED
326	id-00115	9	13	9	2	1809.0	1809.0	1809.9	1810.1733	1811.0	125.096	COMPLETED
326	id-00116	4	3	10	2	1809.0	1809.0	1810.43	1811.0	1811.0	88.34	EXPIRED
326	id-00117	2	4	7	5	1809.0	1809.0	1810.0	1810.1761	1814.0	30.888	COMPLETED
326	id-00118	6	3	10	1	1809.0	1809.0	1810.43	1810.0	1810.0	119.027	EXPIRED
326	id-00119	1	2	10	4	1810.0	1810.0	1810.5	1810.9064	1814.0	7.722	COMPLETED
326	id-00120	2	3	2	5	1813.0	1813.0	1813.3	1813.7349	1818.0	9.266	COMPLETED
326	id-00121	8	6	2	5	1813.0	1813.0	1813.3	1813.7943	1818.0	37.066	COMPLETED
326	id-00122	3	5	9	1	1813.0	1813.0	1814.35	1814.0	1814.0	62.548	EXPIRED
326	id-00123	2	3	3	1	1814.0	1814.0	1814.35	1815.0	1815.0	10.811	EXPIRED
326	id-00124	6	11	6	1	1814.0	1814.0	1814.71	1815.0	1815.0	65.791	EXPIRED
326	id-00125	10	9	4	3	1816.0	1816.0	1816.6	1817.0611	1819.0	92.664	COMPLETED
326	id-00126	8	12	2	1	1816.0	1816.0	1816.3	1817.0	1817.0	37.066	EXPIRED
326	id-00127	2	4	8	5	1816.0	1816.0	1817.2	1817.3093	1821.0	37.066	COMPLETED
326	id-00128	3	3	6	4	1820.0	1820.0	1820.6	1820.9146	1824.0	27.799	COMPLETED
326	id-00129	10	10	4	3	1820.0	1820.0	1820.4	1820.7503	1823.0	61.776	COMPLETED
326	id-00130	9	16	8	1	1822.0	1822.0	1822.4	1823.0	1823.0	55.598	EXPIRED
326	id-00131	2	3	9	1	1823.0	1823.0	1823.9	1824.0	1824.0	27.799	EXPIRED
326	id-00132	1	2	8	5	1823.0	1823.0	1823.8	1824.0545	1828.0	12.355	COMPLETED
326	id-00133	2	3	10	3	1824.0	1824.0	1824.5	1824.9961	1827.0	15.444	COMPLETED
326	id-00134	1	2	10	3	1826.0	1826.0	1826.5	1826.6771	1829.0	7.722	COMPLETED
326	id-00135	1	2	9	1	1828.0	1828.0	1828.45	1829.0	1829.0	6.95	EXPIRED
326	id-00136	10	11	5	1	1829.0	1829.0	1829.5	1830.0	1830.0	77.22	EXPIRED
326	id-00137	9	7	6	3	1829.0	1829.0	1829.6	1829.9781	1832.0	83.398	COMPLETED
326	id-00138	6	10	8	2	1833.0	1833.0	1833.8	1834.1633	1835.0	74.131	COMPLETED
326	id-00139	5	6	3	3	1833.0	1833.0	1833.3	1833.4256	1836.0	23.166	COMPLETED
326	id-00140	2	2	8	1	1834.0	1834.0	1834.4	1835.0	1835.0	12.355	EXPIRED
326	id-00141	10	18	5	5	1835.0	1835.0	1835.25	1835.565	1840.0	38.61	COMPLETED
326	id-00142	3	2	10	3	1836.0	1836.0	1836.5	1836.9519	1839.0	23.166	COMPLETED
326	id-00143	8	5	10	1	1838.0	1838.0	1839.5	1839.0	1839.0	185.328	EXPIRED
326	id-00144	1	2	5	3	1838.0	1838.0	1838.75	1838.853	1841.0	11.583	COMPLETED
326	id-00145	10	11	3	2	1838.0	1838.0	1838.45	1838.8373	1840.0	69.498	COMPLETED
326	id-00146	9	12	5	4	1839.0	1839.0	1839.42	1839.7595	1843.0	58.378	COMPLETED
326	id-00147	8	16	5	1	1840.0	1840.0	1840.75	1841.0	1841.0	92.664	EXPIRED
326	id-00148	10	8	2	4	1840.0	1840.0	1840.3	1840.4982	1844.0	46.332	COMPLETED
326	id-00149	5	2	6	5	1840.0	1840.0	1840.29	1840.5194	1845.0	19.66	COMPLETED
326	id-00150	2	2	4	3	1840.0	1840.0	1840.6	1840.806	1843.0	18.533	COMPLETED
326	id-00151	6	7	3	4	1843.0	1843.0	1843.3	1843.568	1847.0	27.799	COMPLETED
326	id-00152	8	16	4	2	1843.0	1843.0	1843.4	1843.5584	1845.0	49.421	COMPLETED
326	id-00153	6	4	6	4	1844.0	1844.0	1844.6	1845.0641	1848.0	55.598	COMPLETED
326	id-00154	1	2	8	2	1844.0	1844.0	1844.8	1844.9205	1846.0	12.355	COMPLETED
326	id-00155	8	2	7	1	1846.0	1846.0	1846.35	1847.0	1847.0	43.243	EXPIRED
326	id-00156	9	16	6	3	1846.0	1846.0	1846.6	1846.8711	1849.0	83.398	COMPLETED
326	id-00157	5	7	3	5	1846.0	1846.0	1846.3	1846.6583	1851.0	23.166	COMPLETED
326	id-00158	2	4	6	1	1847.0	1847.0	1847.6	1848.0	1848.0	18.533	EXPIRED
326	id-00159	1	2	7	4	1847.0	1847.0	1847.7	1847.8575	1851.0	10.811	COMPLETED
326	id-00160	6	5	1	4	1848.0	1848.0	1848.05	1848.3275	1852.0	4.633	COMPLETED
326	id-00161	3	6	9	1	1849.0	1849.0	1849.9	1850.0	1850.0	41.699	EXPIRED
326	id-00162	6	5	10	4	1849.0	1849.0	1850.0	1850.2613	1853.0	92.664	COMPLETED
326	id-00163	5	7	6	5	1850.0	1850.0	1850.9	1851.0029	1855.0	69.498	COMPLETED
326	id-00164	4	4	6	2	1850.0	1850.0	1850.9	1851.0799	1852.0	55.598	COMPLETED
326	id-00165	8	8	6	1	1850.0	1850.0	1850.9	1851.0	1851.0	111.197	EXPIRED
326	id-00166	2	4	1	2	1852.0	1852.0	1852.05	1852.3363	1854.0	1.544	COMPLETED
326	id-00167	9	2	4	3	1853.0	1853.0	1854.0	1854.3747	1856.0	138.996	COMPLETED
326	id-00168	7	8	7	4	1853.0	1853.0	1854.75	1855.1532	1857.0	189.189	COMPLETED
326	id-00169	1	2	8	5	1853.0	1853.0	1855.0	1855.1565	1858.0	30.888	COMPLETED
326	id-00170	2	3	10	4	1853.0	1853.0	1855.5	1855.8673	1857.0	77.22	COMPLETED
326	id-00171	1	2	4	4	1853.0	1853.0	1854.0	1854.1854	1857.0	15.444	COMPLETED
326	id-00172	5	6	7	1	1855.0	1855.0	1856.17	1856.0	1856.0	90.347	EXPIRED
326	id-00173	10	14	5	2	1855.0	1855.0	1855.25	1855.395	1857.0	38.61	COMPLETED
326	id-00174	9	18	6	4	1855.0	1855.0	1856.0	1856.258	1859.0	138.996	COMPLETED
326	id-00175	2	4	4	5	1855.0	1855.0	1855.67	1856.0941	1860.0	20.695	COMPLETED
326	id-00176	9	12	10	3	1858.0	1858.0	1859.11	1859.3342	1861.0	154.286	COMPLETED
326	id-00177	9	4	2	5	1858.0	1858.0	1858.1	1858.2482	1863.0	13.9	COMPLETED
326	id-00178	3	6	1	5	1858.0	1858.0	1858.11	1858.5578	1863.0	5.097	COMPLETED
326	id-00179	5	9	9	4	1860.0	1860.0	1860.45	1860.7637	1864.0	34.749	COMPLETED
326	id-00180	4	7	8	5	1861.0	1861.0	1862.2	1862.4964	1866.0	74.131	COMPLETED
326	id-00181	6	6	10	3	1861.0	1861.0	1862.5	1862.6406	1864.0	138.996	COMPLETED
326	id-00182	2	3	5	4	1861.0	1861.0	1861.75	1861.8857	1865.0	23.166	COMPLETED
326	id-00183	7	12	1	4	1863.0	1863.0	1863.05	1863.1901	1867.0	5.405	COMPLETED
326	id-00184	5	2	9	5	1865.0	1865.0	1865.9	1866.0776	1870.0	69.498	COMPLETED
326	id-00185	5	8	6	4	1865.0	1865.0	1865.6	1866.0435	1869.0	46.332	COMPLETED
326	id-00186	8	15	2	3	1867.0	1867.0	1867.1	1867.2957	1870.0	12.355	COMPLETED
326	id-00187	6	9	10	1	1868.0	1868.0	1868.5	1869.0	1869.0	46.332	EXPIRED
326	id-00188	1	2	6	1	1869.0	1869.0	1869.3	1870.0	1870.0	4.633	EXPIRED
326	id-00189	6	10	8	2	1870.0	1870.0	1870.8	1871.1281	1872.0	74.131	COMPLETED
326	id-00190	4	4	1	5	1870.0	1870.0	1870.1	1870.3262	1875.0	6.178	COMPLETED
326	id-00191	2	4	5	4	1871.0	1871.0	1871.25	1871.6153	1875.0	7.722	COMPLETED
326	id-00192	10	8	10	4	1872.0	1872.0	1872.5	1872.7973	1876.0	77.22	COMPLETED
326	id-00193	8	2	6	2	1874.0	1874.0	1874.3	1874.4368	1876.0	37.066	COMPLETED
326	id-00194	6	5	2	3	1875.0	1875.0	1875.1	1875.324	1878.0	9.266	COMPLETED
326	id-00195	9	12	1	1	1878.0	1878.0	1878.1	1879.0	1879.0	13.9	EXPIRED
326	id-00196	6	12	6	2	1878.0	1878.0	1878.6	1878.8198	1880.0	55.598	COMPLETED
326	id-00197	10	15	9	1	1879.0	1879.0	1879.45	1880.0	1880.0	69.498	EXPIRED
326	id-00198	8	12	3	4	1882.0	1882.0	1882.45	1882.8889	1886.0	55.598	COMPLETED
326	id-00199	8	11	9	5	1882.0	1882.0	1883.35	1883.8065	1887.0	166.795	COMPLETED
326	id-00200	10	11	5	5	1882.0	1882.0	1882.23	1882.532	1887.0	31.184	COMPLETED
326	id-00201	1	2	5	2	1882.0	1882.0	1882.75	1882.9991	1884.0	11.583	COMPLETED
326	id-00202	4	3	2	4	1884.0	1884.0	1884.1	1884.3455	1888.0	6.178	COMPLETED
326	id-00203	4	4	4	1	1885.0	1885.0	1885.2	1886.0	1886.0	12.355	EXPIRED
326	id-00204	3	6	3	1	1886.0	1886.0	1886.15	1887.0	1887.0	6.95	EXPIRED
326	id-00205	7	13	4	4	1887.0	1887.0	1887.4	1887.8108	1891.0	43.243	COMPLETED
326	id-00206	4	5	10	4	1887.0	1887.0	1888.0	1888.273	1891.0	61.776	COMPLETED
326	id-00207	1	2	1	5	1889.0	1889.0	1889.05	1889.3762	1894.0	0.772	COMPLETED
326	id-00208	3	6	6	4	1891.0	1891.0	1891.3	1891.4922	1895.0	13.9	COMPLETED
326	id-00209	7	11	8	2	1893.0	1893.0	1893.4	1893.5612	1895.0	43.243	COMPLETED
326	id-00210	1	2	9	4	1894.0	1894.0	1894.9	1895.2026	1898.0	13.9	COMPLETED
326	id-00211	6	4	1	2	1894.0	1894.0	1894.1	1894.5163	1896.0	9.266	COMPLETED
326	id-00212	9	5	1	5	1895.0	1895.0	1895.05	1895.3745	1900.0	6.95	COMPLETED
326	id-00213	1	2	5	5	1896.0	1896.0	1896.25	1896.6162	1901.0	3.861	COMPLETED
326	id-00214	10	8	2	2	1898.0	1898.0	1898.1	1898.3129	1900.0	15.444	COMPLETED
326	id-00215	5	4	9	5	1900.0	1900.0	1900.9	1901.0378	1905.0	69.498	COMPLETED
326	id-00216	9	15	7	5	1900.0	1900.0	1900.7	1901.1184	1905.0	97.297	COMPLETED
326	id-00217	10	7	2	4	1901.0	1901.0	1901.3	1901.5976	1905.0	46.332	COMPLETED
326	id-00218	4	4	4	2	1901.0	1901.0	1901.6	1901.7959	1903.0	37.066	COMPLETED
326	id-00219	2	3	3	3	1901.0	1901.0	1901.45	1901.9012	1904.0	13.9	COMPLETED
326	id-00220	4	3	4	4	1903.0	1903.0	1903.2	1903.6933	1907.0	12.355	COMPLETED
326	id-00221	2	3	2	4	1904.0	1904.0	1904.1	1904.4704	1908.0	3.089	COMPLETED
326	id-00222	4	3	6	4	1905.0	1905.0	1905.3	1905.4519	1909.0	18.533	COMPLETED
326	id-00223	2	4	5	3	1908.0	1908.0	1908.75	1908.8718	1911.0	23.166	COMPLETED
326	id-00224	2	4	2	5	1908.0	1908.0	1908.3	1908.4328	1913.0	9.266	COMPLETED
326	id-00225	9	8	1	5	1908.0	1908.0	1908.15	1908.356	1913.0	20.849	COMPLETED
326	id-00226	4	5	9	1	1910.0	1910.0	1910.45	1911.0	1911.0	27.799	EXPIRED
326	id-00227	3	5	8	2	1911.0	1911.0	1911.8	1911.9463	1913.0	37.066	COMPLETED
326	id-00228	2	3	10	2	1911.0	1911.0	1912.0	1912.2416	1913.0	30.888	COMPLETED
326	id-00229	3	5	2	3	1913.0	1913.0	1913.3	1913.4339	1916.0	13.9	COMPLETED
326	id-00230	8	14	6	4	1913.0	1913.0	1913.9	1914.2746	1917.0	111.197	COMPLETED
326	id-00231	5	10	9	4	1913.0	1913.0	1914.35	1914.7607	1917.0	104.247	COMPLETED
326	id-00232	4	4	3	1	1918.0	1918.0	1918.15	1919.0	1919.0	9.266	EXPIRED
326	id-00233	8	8	6	4	1919.0	1919.0	1919.3	1919.4306	1923.0	37.066	COMPLETED
326	id-00234	10	14	3	5	1920.0	1920.0	1920.3	1920.5864	1925.0	46.332	COMPLETED
326	id-00235	5	5	9	5	1920.0	1920.0	1920.9	1921.1831	1925.0	69.498	COMPLETED
326	id-00236	6	10	2	1	1921.0	1921.0	1921.3	1922.0	1922.0	27.799	EXPIRED
326	id-00237	4	7	2	4	1921.0	1921.0	1921.3	1921.5795	1925.0	18.533	COMPLETED
326	id-00238	2	2	5	4	1921.0	1921.0	1921.75	1921.9148	1925.0	23.166	COMPLETED
326	id-00239	1	2	10	3	1923.0	1923.0	1923.5	1923.6252	1926.0	7.722	COMPLETED
326	id-00240	1	2	6	3	1924.0	1924.0	1924.3	1924.41	1927.0	4.633	COMPLETED
326	id-00241	8	9	4	1	1926.0	1926.0	1926.6	1927.0	1927.0	74.131	EXPIRED
326	id-00242	1	2	7	1	1926.0	1926.0	1927.05	1927.0	1927.0	16.216	EXPIRED
326	id-00243	7	13	2	1	1926.0	1926.0	1926.3	1927.0	1927.0	32.432	EXPIRED
326	id-00244	6	6	2	1	1928.0	1928.0	1928.2	1929.0	1929.0	18.533	EXPIRED
326	id-00245	8	12	4	4	1928.0	1928.0	1928.4	1928.7625	1932.0	49.421	COMPLETED
326	id-00246	6	12	2	4	1930.0	1930.0	1930.1	1930.5023	1934.0	9.266	COMPLETED
326	id-00247	10	3	6	2	1931.0	1931.0	1931.6	1931.7834	1933.0	92.664	COMPLETED
326	id-00248	4	5	6	3	1931.0	1931.0	1931.6	1932.0197	1934.0	37.066	COMPLETED
326	id-00249	4	4	6	2	1932.0	1932.0	1932.3	1932.4094	1934.0	18.533	COMPLETED
326	id-00250	9	2	10	3	1933.0	1933.0	1934.5	1934.6108	1936.0	208.494	COMPLETED
326	id-00251	6	3	8	4	1933.0	1933.0	1934.2	1934.6005	1937.0	111.197	COMPLETED
326	id-00252	4	8	1	1	1933.0	1933.0	1933.15	1934.0	1934.0	9.266	EXPIRED
326	id-00253	10	6	9	2	1934.0	1934.0	1934.82	1935.268	1936.0	126.641	COMPLETED
326	id-00254	2	2	4	4	1934.0	1934.0	1934.36	1934.6811	1938.0	4.332	COMPLETED
326	id-00255	5	6	1	4	1934.0	1934.0	1934.2	1934.3411	1938.0	15.444	COMPLETED
326	id-00256	7	14	4	1	1935.0	1935.0	1935.2	1936.0	1936.0	21.622	EXPIRED
326	id-00257	3	3	6	1	1937.0	1937.0	1937.3	1938.0	1938.0	13.9	EXPIRED
326	id-00258	4	5	8	2	1938.0	1938.0	1938.8	1939.1822	1940.0	49.421	COMPLETED
326	id-00259	2	4	6	5	1938.0	1938.0	1938.6	1939.0496	1943.0	18.533	COMPLETED
326	id-00260	1	2	10	4	1939.0	1939.0	1939.5	1939.6677	1943.0	7.722	COMPLETED
326	id-00261	2	4	9	5	1940.0	1940.0	1940.9	1941.0286	1945.0	27.799	COMPLETED
326	id-00262	1	2	9	3	1940.0	1940.0	1940.9	1941.1195	1943.0	13.9	COMPLETED
326	id-00263	1	2	1	2	1942.0	1942.0	1942.1	1942.3314	1944.0	1.544	COMPLETED
326	id-00264	1	2	8	4	1942.0	1942.0	1942.8	1943.1886	1946.0	12.355	COMPLETED
326	id-00265	8	9	10	5	1943.0	1943.0	1944.0	1944.4374	1948.0	123.552	COMPLETED
326	id-00266	1	2	6	2	1943.0	1943.0	1943.6	1944.0759	1945.0	9.266	COMPLETED
326	id-00267	9	13	5	2	1944.0	1944.0	1944.25	1944.7224	1946.0	34.749	COMPLETED
326	id-00268	3	2	8	5	1945.0	1945.0	1946.2	1946.6208	1950.0	55.598	COMPLETED
326	id-00269	3	6	8	1	1945.0	1945.0	1946.2	1946.0	1946.0	55.598	EXPIRED
326	id-00270	3	2	8	5	1945.0	1945.0	1946.2	1946.3917	1950.0	55.598	COMPLETED
326	id-00271	10	5	9	4	1947.0	1947.0	1947.45	1947.7421	1951.0	69.498	COMPLETED
326	id-00272	8	2	5	1	1948.0	1948.0	1948.5	1949.0	1949.0	61.776	EXPIRED
326	id-00273	9	4	9	3	1948.0	1948.0	1948.9	1949.2135	1951.0	125.096	COMPLETED
326	id-00274	9	13	2	3	1949.0	1949.0	1949.2	1949.5503	1952.0	27.799	COMPLETED
326	id-00275	8	12	7	3	1949.0	1949.0	1949.7	1949.9302	1952.0	86.486	COMPLETED
326	id-00276	8	3	9	4	1949.0	1949.0	1949.43	1949.5642	1953.0	49.073	COMPLETED
326	id-00277	5	3	7	4	1950.0	1950.0	1950.35	1950.7833	1954.0	27.027	COMPLETED
326	id-00278	7	5	8	2	1952.0	1952.0	1952.4	1952.788	1954.0	43.243	COMPLETED
326	id-00279	10	18	4	1	1953.0	1953.0	1953.2	1954.0	1954.0	30.888	EXPIRED
326	id-00280	2	4	9	3	1954.0	1954.0	1954.45	1954.7091	1957.0	13.9	COMPLETED
326	id-00281	8	13	9	2	1956.0	1956.0	1956.45	1956.8948	1958.0	55.598	COMPLETED
326	id-00282	9	7	10	4	1957.0	1957.0	1957.5	1957.9703	1961.0	69.498	COMPLETED
326	id-00283	3	6	10	2	1958.0	1958.0	1958.5	1958.6939	1960.0	23.166	COMPLETED
326	id-00284	8	14	7	5	1959.0	1959.0	1959.35	1959.5287	1964.0	43.243	COMPLETED
326	id-00285	7	3	7	1	1961.0	1961.0	1961.35	1962.0	1962.0	37.838	EXPIRED
326	id-00286	3	2	10	5	1962.0	1962.0	1962.5	1962.8835	1967.0	23.166	COMPLETED
326	id-00287	10	4	1	2	1963.0	1963.0	1963.1	1963.2187	1965.0	15.444	COMPLETED
326	id-00288	8	2	9	4	1963.0	1963.0	1963.9	1964.1934	1967.0	111.197	COMPLETED
326	id-00289	4	7	5	3	1964.0	1964.0	1964.5	1964.8047	1967.0	30.888	COMPLETED
326	id-00290	1	2	6	5	1964.0	1964.0	1964.6	1964.7471	1969.0	9.266	COMPLETED
326	id-00291	10	17	3	3	1965.0	1965.0	1965.15	1965.387	1968.0	23.166	COMPLETED
326	id-00292	1	2	8	2	1966.0	1966.0	1966.4	1966.7751	1968.0	6.178	COMPLETED
326	id-00293	8	7	1	4	1967.0	1967.0	1967.1	1967.2444	1971.0	12.355	COMPLETED
326	id-00294	6	3	9	5	1967.0	1967.0	1967.43	1967.7498	1972.0	35.791	COMPLETED
326	id-00295	10	11	10	2	1967.0	1967.0	1968.0	1968.3841	1969.0	154.44	COMPLETED
326	id-00296	8	16	7	4	1969.0	1969.0	1969.35	1969.6456	1973.0	43.243	COMPLETED
326	id-00297	1	2	3	5	1970.0	1970.0	1970.3	1970.411	1975.0	4.633	COMPLETED
326	id-00298	6	10	5	5	1970.0	1970.0	1970.5	1970.8665	1975.0	46.332	COMPLETED
326	id-00299	8	10	4	1	1971.0	1971.0	1971.4	1972.0	1972.0	49.421	EXPIRED
326	id-00300	9	10	3	1	1971.0	1971.0	1971.3	1972.0	1972.0	41.699	EXPIRED
326	id-00301	8	7	8	5	1972.0	1972.0	1972.8	1972.9287	1977.0	98.842	COMPLETED
326	id-00302	8	6	6	5	1972.0	1972.0	1972.6	1972.9811	1977.0	74.131	COMPLETED
326	id-00303	1	2	4	1	1977.0	1977.0	1977.2	1978.0	1978.0	3.089	EXPIRED
326	id-00304	7	13	5	1	1978.0	1978.0	1978.25	1979.0	1979.0	27.027	EXPIRED
326	id-00305	10	15	4	2	1979.0	1979.0	1979.2	1979.5116	1981.0	30.888	COMPLETED
326	id-00306	4	5	5	5	1980.0	1980.0	1980.5	1980.9601	1985.0	30.888	COMPLETED
326	id-00307	9	6	3	1	1980.0	1980.0	1980.3	1981.0	1981.0	41.699	EXPIRED
326	id-00308	5	10	2	2	1981.0	1981.0	1981.2	1981.5143	1983.0	15.444	COMPLETED
326	id-00309	7	12	3	2	1981.0	1981.0	1981.3	1981.4382	1983.0	32.432	COMPLETED
326	id-00310	3	4	1	3	1982.0	1982.0	1982.1	1982.5276	1985.0	4.633	COMPLETED
326	id-00311	8	6	4	3	1982.0	1982.0	1982.4	1982.823	1985.0	49.421	COMPLETED
326	id-00312	4	4	2	2	1983.0	1983.0	1983.1	1983.4765	1985.0	6.178	COMPLETED
326	id-00313	8	11	7	1	1984.0	1984.0	1984.35	1985.0	1985.0	43.243	EXPIRED
326	id-00314	4	2	4	3	1985.0	1985.0	1985.2	1985.6919	1988.0	12.355	COMPLETED
326	id-00315	10	11	2	3	1987.0	1987.0	1987.1	1987.2856	1990.0	15.444	COMPLETED
326	id-00316	7	8	10	4	1989.0	1989.0	1989.5	1989.8126	1993.0	54.054	COMPLETED
326	id-00317	2	3	5	4	1993.0	1993.0	1993.48	1993.5992	1997.0	14.826	COMPLETED
326	id-00318	5	4	5	2	1993.0	1993.0	1993.48	1993.915	1995.0	32.54	COMPLETED
326	id-00319	1	2	2	3	1995.0	1995.0	1995.1	1995.4037	1998.0	1.544	COMPLETED
326	id-00320	5	4	6	1	1997.0	1997.0	1997.3	1998.0	1998.0	23.166	EXPIRED
326	id-00321	9	13	5	4	1998.0	1998.0	1998.25	1998.6844	2002.0	34.749	COMPLETED
326	id-00322	1	2	7	1	1999.0	1999.0	2000.05	2000.0	2000.0	16.216	EXPIRED
326	id-00323	9	10	7	1	1999.0	1999.0	2000.05	2000.0	2000.0	145.946	EXPIRED
326	id-00324	5	3	1	1	1999.0	1999.0	1999.15	2000.0	2000.0	11.583	EXPIRED
326	id-00325	1	2	10	4	2000.0	2000.0	2001.0	2001.2165	2004.0	15.444	COMPLETED
