322	id-00000	8	9	4	6	1700.0	1700.0	1700.2	1700.6783	1706.0	24.71	COMPLETED
322	id-00001	10	19	1	3	1701.0	1701.0	1701.05	1701.1561	1704.0	7.722	COMPLETED
322	id-00002	4	5	5	4	1702.0	1702.0	1702.25	1702.4106	1706.0	15.444	COMPLETED
322	id-00003	2	3	10	5	1704.0	1704.0	1705.5	1705.7852	1709.0	46.332	COMPLETED
322	id-00004	3	5	2	1	1704.0	1704.0	1704.3	1705.0	1705.0	13.9	EXPIRED
322	id-00005	10	15	10	5	1704.0	1704.0	1705.5	1705.8408	1709.0	231.66	COMPLETED
322	id-00006	1	2	9	4	1705.0	1705.0	1706.12	1706.4925	1709.0	17.297	COMPLETED
322	id-00007	1	2	5	7	1708.0	1708.0	1708.62	1708.8738	1715.0	9.575	COMPLETED
322	id-00008	1	2	5	6	1712.0	1712.0	1712.25	1712.5571	1718.0	3.861	COMPLETED
322	id-00009	9	9	6	1	1714.0	1714.0	1714.3	1715.0	1715.0	41.699	EXPIRED
322	id-00010	5	2	3	5	1715.0	1715.0	1715.6	1715.9714	1720.0	46.332	COMPLETED
322	id-00011	3	4	5	2	1715.0	1715.0	1716.0	1716.3936	1717.0	46.332	COMPLETED
322	id-00012	7	9	1	5	1715.0	1715.0	1715.2	1715.317	1720.0	21.622	COMPLETED
322	id-00013	5	2	9	4	1715.0	1715.0	1716.8	1717.1626	1719.0	138.996	COMPLETED
322	id-00014	7	7	10	2	1717.0	1717.0	1717.5	1717.9897	1719.0	54.054	COMPLETED
322	id-00015	8	10	10	2	1718.0	1718.0	1718.5	1718.8418	1720.0	61.776	COMPLETED
322	id-00016	9	3	4	2	1719.0	1719.0	1719.4	1719.7658	1721.0	55.598	COMPLETED
322	id-00017	10	18	7	1	1719.0	1719.0	1719.7	1720.0	1720.0	108.108	EXPIRED
322	id-00018	3	3	3	6	1720.0	1720.0	1720.45	1720.6193	1726.0	20.849	COMPLETED
322	id-00019	10	10	7	1	1720.0	1720.0	1721.05	1721.0	1721.0	162.162	EXPIRED
322	id-00020	2	4	7	4	1720.0	1720.0	1721.05	1721.4404	1724.0	32.432	COMPLETED
322	id-00021	1	2	1	6	1722.0	1722.0	1722.05	1722.3248	1728.0	0.772	COMPLETED
322	id-00022	9	7	1	5	1725.0	1725.0	1725.1	1725.2653	1730.0	13.9	COMPLETED
322	id-00023	9	6	9	4	1725.0	1725.0	1725.9	1726.2214	1729.0	125.096	COMPLETED
322	id-00024	2	4	7	5	1727.0	1727.0	1727.35	1727.6398	1732.0	10.811	COMPLETED
322	id-00025	4	8	4	6	1730.0	1730.0	1730.2	1730.3248	1736.0	12.355	COMPLETED
322	id-00026	9	8	1	3	1732.0	1732.0	1732.1	1732.2172	1735.0	13.9	COMPLETED
322	id-00027	9	13	8	4	1732.0	1732.0	1732.8	1733.067	1736.0	111.197	COMPLETED
322	id-00028	3	5	7	6	1733.0	1733.0	1733.7	1734.0833	1739.0	32.432	COMPLETED
322	id-00029	8	12	5	7	1733.0	1733.0	1733.5	1733.992	1740.0	61.776	COMPLETED
322	id-00030	8	12	4	5	1735.0	1735.0	1735.38	1735.8263	1740.0	46.95	COMPLETED
322	id-00031	10	15	6	1	1735.0	1735.0	1735.57	1736.0	1736.0	82.657	EXPIRED
322	id-00032	6	5	7	1	1736.0	1736.0	1736.33	1737.0	1737.0	27.468	EXPIRED
322	id-00033	9	17	10	5	1736.0	1736.0	1736.95	1737.1323	1741.0	132.046	COMPLETED
322	id-00034	9	13	2	6	1736.0	1736.0	1736.19	1736.5321	1742.0	24.618	COMPLETED
322	id-00035	5	5	5	7	1737.0	1737.0	1737.95	1738.4112	1744.0	73.359	COMPLETED
322	id-00036	8	3	2	4	1737.0	1737.0	1737.19	1737.4644	1741.0	23.475	COMPLETED
322	id-00037	4	4	2	4	1737.0	1737.0	1737.38	1737.502	1741.0	23.475	COMPLETED
322	id-00038	2	4	4	1	1737.0	1737.0	1737.76	1738.0	1738.0	23.475	EXPIRED
322	id-00039	7	10	4	4	1737.0	1737.0	1737.76	1738.1035	1741.0	74.997	COMPLETED
322	id-00040	7	2	2	7	1737.0	1737.0	1737.19	1737.3701	1744.0	18.749	COMPLETED
322	id-00041	8	3	9	3	1738.0	1738.0	1738.86	1739.325	1741.0	106.255	COMPLETED
322	id-00042	8	3	9	4	1738.0	1738.0	1738.86	1739.0282	1742.0	98.147	COMPLETED
322	id-00043	8	10	1	5	1739.0	1739.0	1739.19	1739.3371	1744.0	23.475	COMPLETED
322	id-00044	5	4	10	4	1739.0	1739.0	1740.9	1741.239	1743.0	146.718	COMPLETED
322	id-00045	2	2	5	6	1739.0	1739.0	1739.95	1740.1002	1745.0	29.344	COMPLETED
322	id-00046	5	9	10	4	1739.0	1739.0	1740.9	1741.0524	1743.0	128.805	COMPLETED
322	id-00047	4	2	2	5	1740.0	1740.0	1740.2	1740.5494	1745.0	0.0	COMPLETED
322	id-00048	3	6	9	3	1741.0	1741.0	1741.9	1742.3188	1744.0	0.0	COMPLETED
322	id-00049	9	9	5	7	1742.0	1742.0	1742.24	1742.3588	1749.0	31.096	COMPLETED
322	id-00050	9	13	1	3	1742.0	1742.0	1742.1	1742.2008	1745.0	0.0	COMPLETED
322	id-00051	7	10	5	5	1743.0	1743.0	1743.5	1743.8657	1748.0	0.0	COMPLETED
322	id-00052	8	13	8	2	1744.0	1744.0	1744.8	1744.9559	1746.0	0.0	COMPLETED
322	id-00053	9	7	5	5	1744.0	1744.0	1744.24	1744.3411	1749.0	31.096	COMPLETED
322	id-00054	3	2	3	2	1746.0	1746.0	1746.3	1746.5068	1748.0	13.9	COMPLETED
322	id-00055	10	17	9	5	1746.0	1746.0	1746.9	1747.3692	1751.0	138.996	COMPLETED
322	id-00056	3	4	6	5	1750.0	1750.0	1750.9	1751.0432	1755.0	41.699	COMPLETED
322	id-00057	3	5	7	1	1750.0	1750.0	1751.05	1751.0	1751.0	48.649	EXPIRED
322	id-00058	5	8	10	1	1750.0	1750.0	1751.5	1751.0	1751.0	115.83	EXPIRED
322	id-00059	2	4	6	7	1753.0	1753.0	1753.3	1753.4824	1760.0	9.266	COMPLETED
322	id-00060	2	3	9	6	1754.0	1754.0	1755.35	1755.7597	1760.0	41.699	COMPLETED
322	id-00061	9	3	10	3	1754.0	1754.0	1755.5	1755.693	1757.0	208.494	COMPLETED
322	id-00062	8	2	1	3	1754.0	1754.0	1754.15	1754.3344	1757.0	18.533	COMPLETED
322	id-00063	8	6	2	4	1755.0	1755.0	1755.22	1755.3957	1759.0	27.181	COMPLETED
322	id-00064	9	8	1	5	1756.0	1756.0	1756.11	1756.5509	1761.0	15.29	COMPLETED
322	id-00065	4	4	9	1	1757.0	1757.0	1757.86	1758.0	1758.0	53.127	EXPIRED
322	id-00066	8	14	9	4	1757.0	1757.0	1758.0	1758.1908	1761.0	123.552	COMPLETED
322	id-00067	5	8	5	5	1757.0	1757.0	1757.48	1757.7252	1762.0	32.54	COMPLETED
322	id-00068	7	2	7	2	1758.0	1758.0	1758.67	1759.0454	1760.0	72.432	COMPLETED
322	id-00069	9	16	5	7	1758.0	1758.0	1758.56	1758.9288	1765.0	77.838	COMPLETED
322	id-00070	4	4	9	5	1758.0	1758.0	1758.86	1759.2243	1763.0	45.019	COMPLETED
322	id-00071	10	13	5	4	1759.0	1759.0	1759.24	1759.5338	1763.0	34.803	COMPLETED
322	id-00072	8	2	7	6	1759.0	1759.0	1759.78	1760.0568	1765.0	96.371	COMPLETED
322	id-00073	8	3	2	7	1760.0	1760.0	1760.2	1760.5512	1767.0	24.71	COMPLETED
322	id-00074	7	6	4	6	1760.0	1760.0	1760.4	1760.8017	1766.0	43.243	COMPLETED
322	id-00075	2	2	2	1	1766.0	1766.0	1766.1	1767.0	1767.0	3.089	EXPIRED
322	id-00076	3	5	7	6	1768.0	1768.0	1768.35	1768.6274	1774.0	16.216	COMPLETED
322	id-00077	5	5	1	6	1770.0	1770.0	1770.05	1770.3607	1776.0	3.861	COMPLETED
322	id-00078	5	7	5	5	1772.0	1772.0	1772.75	1773.0347	1777.0	57.915	COMPLETED
322	id-00079	3	5	9	5	1772.0	1772.0	1773.35	1773.6907	1777.0	62.548	COMPLETED
322	id-00080	5	9	4	5	1772.0	1772.0	1772.6	1772.89	1777.0	46.332	COMPLETED
322	id-00081	2	2	4	1	1773.0	1773.0	1773.47	1774.0	1774.0	14.517	EXPIRED
322	id-00082	2	4	8	1	1773.0	1773.0	1773.94	1774.0	1774.0	29.035	EXPIRED
322	id-00083	8	5	2	1	1774.0	1774.0	1774.12	1775.0	1775.0	14.826	EXPIRED
322	id-00084	8	12	9	5	1775.0	1775.0	1775.9	1776.1969	1780.0	111.197	COMPLETED
322	id-00085	2	2	2	1	1775.0	1775.0	1775.2	1776.0	1776.0	6.178	EXPIRED
322	id-00086	5	2	4	1	1776.0	1776.0	1776.57	1777.0	1777.0	44.015	EXPIRED
322	id-00087	10	2	10	2	1776.0	1776.0	1776.4	1776.5334	1778.0	42.92	COMPLETED
322	id-00088	8	6	10	2	1776.0	1776.0	1777.43	1778.0	1778.0	176.679	EXPIRED
322	id-00089	10	19	1	1	1776.0	1776.0	1776.15	1777.0	1777.0	23.166	EXPIRED
322	id-00090	1	2	2	1	1776.0	1776.0	1776.3	1777.0	1777.0	4.633	EXPIRED
322	id-00091	7	7	2	5	1776.0	1776.0	1776.3	1776.4393	1781.0	32.432	COMPLETED
322	id-00092	5	7	4	3	1776.0	1776.0	1776.57	1776.7143	1779.0	38.641	COMPLETED
322	id-00093	1	2	10	6	1777.0	1777.0	1777.5	1777.6548	1783.0	7.722	COMPLETED
322	id-00094	3	5	7	2	1778.0	1778.0	1778.35	1778.7153	1780.0	16.216	COMPLETED
322	id-00095	5	8	5	1	1779.0	1779.0	1779.25	1780.0	1780.0	19.305	EXPIRED
322	id-00096	4	3	2	5	1780.0	1780.0	1780.2	1780.5097	1785.0	12.355	COMPLETED
322	id-00097	10	12	4	6	1780.0	1780.0	1780.4	1780.5812	1786.0	61.776	COMPLETED
322	id-00098	5	3	6	3	1781.0	1781.0	1781.3	1781.6486	1784.0	23.166	COMPLETED
322	id-00099	2	2	8	1	1784.0	1784.0	1784.8	1785.0	1785.0	24.71	EXPIRED
322	id-00100	3	4	3	4	1784.0	1784.0	1784.3	1784.747	1788.0	13.9	COMPLETED
322	id-00101	6	11	2	6	1788.0	1788.0	1788.1	1788.3422	1794.0	9.266	COMPLETED
322	id-00102	3	4	6	2	1789.0	1789.0	1789.3	1789.746	1791.0	13.9	COMPLETED
322	id-00103	10	4	1	6	1791.0	1791.0	1791.1	1791.4564	1797.0	15.444	COMPLETED
322	id-00104	6	9	4	4	1791.0	1791.0	1791.4	1791.5943	1795.0	37.066	COMPLETED
322	id-00105	3	4	10	3	1795.0	1795.0	1796.0	1796.3301	1798.0	46.332	COMPLETED
322	id-00106	10	3	7	4	1795.0	1795.0	1795.7	1795.9638	1799.0	108.108	COMPLETED
322	id-00107	7	4	2	2	1796.0	1796.0	1796.1	1796.2653	1798.0	10.811	COMPLETED
322	id-00108	1	2	1	1	1797.0	1797.0	1797.05	1798.0	1798.0	0.772	EXPIRED
322	id-00109	10	5	6	2	1798.0	1798.0	1798.3	1798.5566	1800.0	46.332	COMPLETED
322	id-00110	1	2	2	3	1799.0	1799.0	1799.2	1799.6546	1802.0	3.089	COMPLETED
322	id-00111	5	9	6	4	1799.0	1799.0	1799.6	1800.0198	1803.0	46.332	COMPLETED
322	id-00112	10	15	9	3	1800.0	1800.0	1800.9	1801.1957	1803.0	138.996	COMPLETED
322	id-00113	6	6	6	2	1800.0	1800.0	1800.6	1800.7348	1802.0	55.598	COMPLETED
322	id-00114	4	8	2	7	1806.0	1806.0	1806.3	1806.5043	1813.0	18.533	COMPLETED
322	id-00115	5	6	1	4	1806.0	1806.0	1806.15	1806.2566	1810.0	11.583	COMPLETED
322	id-00116	6	4	2	6	1806.0	1806.0	1806.3	1806.5671	1812.0	27.799	COMPLETED
322	id-00117	8	14	10	2	1812.0	1812.0	1812.5	1812.9882	1814.0	61.776	COMPLETED
322	id-00118	8	3	4	1	1813.0	1813.0	1813.4	1814.0	1814.0	49.421	EXPIRED
322	id-00119	10	6	3	2	1813.0	1813.0	1813.3	1813.6616	1815.0	46.332	COMPLETED
322	id-00120	2	2	1	3	1814.0	1814.0	1814.1	1814.5164	1817.0	3.089	COMPLETED
322	id-00121	4	3	2	2	1814.0	1814.0	1814.2	1814.5488	1816.0	12.355	COMPLETED
322	id-00122	4	3	5	7	1815.0	1815.0	1815.5	1815.87	1822.0	30.888	COMPLETED
322	id-00123	10	8	10	1	1815.0	1815.0	1816.0	1816.0	1816.0	154.44	EXPIRED
322	id-00124	10	13	7	7	1816.0	1816.0	1816.35	1816.5197	1823.0	54.054	COMPLETED
322	id-00125	2	3	2	5	1817.0	1817.0	1817.1	1817.2346	1822.0	3.089	COMPLETED
322	id-00126	8	16	8	7	1818.0	1818.0	1818.4	1818.7499	1825.0	49.421	COMPLETED
322	id-00127	10	3	8	5	1819.0	1819.0	1819.8	1820.0312	1824.0	123.552	COMPLETED
322	id-00128	1	2	3	5	1819.0	1819.0	1819.3	1819.4735	1824.0	4.633	COMPLETED
322	id-00129	2	3	3	7	1820.0	1820.0	1820.15	1820.2508	1827.0	4.633	COMPLETED
322	id-00130	1	2	4	1	1824.0	1824.0	1824.2	1825.0	1825.0	3.089	EXPIRED
322	id-00131	10	2	6	6	1825.0	1825.0	1825.3	1825.6513	1831.0	46.332	COMPLETED
322	id-00132	4	8	7	1	1828.0	1828.0	1828.35	1829.0	1829.0	21.622	EXPIRED
322	id-00133	10	2	3	6	1829.0	1829.0	1829.15	1829.5767	1835.0	23.166	COMPLETED
322	id-00134	9	9	9	7	1829.0	1829.0	1829.9	1830.2873	1836.0	125.096	COMPLETED
322	id-00135	8	3	1	7	1829.0	1829.0	1829.1	1829.5531	1836.0	12.355	COMPLETED
322	id-00136	9	17	9	4	1830.0	1830.0	1830.9	1831.0242	1834.0	125.096	COMPLETED
322	id-00137	6	6	6	5	1830.0	1830.0	1830.6	1830.8807	1835.0	55.598	COMPLETED
322	id-00138	9	18	3	5	1832.0	1832.0	1832.45	1832.6665	1837.0	62.548	COMPLETED
322	id-00139	1	2	7	2	1832.0	1832.0	1833.05	1834.0	1834.0	16.216	EXPIRED
322	id-00140	10	7	7	2	1832.0	1832.0	1833.05	1834.0	1834.0	162.162	EXPIRED
322	id-00141	3	3	1	7	1833.0	1833.0	1833.22	1833.6424	1840.0	10.193	COMPLETED
322	id-00142	4	7	1	7	1833.0	1833.0	1833.22	1833.4553	1840.0	13.591	COMPLETED
322	id-00143	6	8	4	3	1836.0	1836.0	1836.6	1836.7203	1839.0	55.598	COMPLETED
322	id-00144	8	7	1	7	1836.0	1836.0	1836.15	1836.3006	1843.0	18.533	COMPLETED
322	id-00145	2	2	8	2	1836.0	1836.0	1837.2	1838.0	1838.0	37.066	EXPIRED
322	id-00146	7	4	7	2	1839.0	1839.0	1839.35	1839.7439	1841.0	37.838	COMPLETED
322	id-00147	6	11	3	3	1842.0	1842.0	1842.3	1842.6606	1845.0	27.799	COMPLETED
322	id-00148	5	5	5	4	1842.0	1842.0	1842.5	1842.9328	1846.0	38.61	COMPLETED
322	id-00149	2	2	5	3	1843.0	1843.0	1843.25	1843.6577	1846.0	7.722	COMPLETED
322	id-00150	6	10	5	6	1844.0	1844.0	1844.25	1844.411	1850.0	23.166	COMPLETED
322	id-00151	10	7	6	4	1845.0	1845.0	1845.3	1845.5034	1849.0	46.332	COMPLETED
322	id-00152	1	2	5	7	1847.0	1847.0	1847.25	1847.5274	1854.0	3.861	COMPLETED
322	id-00153	10	19	3	4	1848.0	1848.0	1848.3	1848.7795	1852.0	46.332	COMPLETED
322	id-00154	9	17	4	5	1848.0	1848.0	1848.4	1848.6385	1853.0	55.598	COMPLETED
322	id-00155	1	2	2	6	1849.0	1849.0	1849.1	1849.4568	1855.0	1.544	COMPLETED
322	id-00156	7	4	1	6	1850.0	1850.0	1850.05	1850.2663	1856.0	5.405	COMPLETED
322	id-00157	2	3	7	1	1851.0	1851.0	1851.35	1852.0	1852.0	10.811	EXPIRED
322	id-00158	5	7	10	3	1852.0	1852.0	1852.5	1852.7516	1855.0	38.61	COMPLETED
322	id-00159	3	6	6	3	1855.0	1855.0	1855.6	1855.722	1858.0	27.799	COMPLETED
322	id-00160	7	8	5	2	1855.0	1855.0	1855.5	1855.6066	1857.0	54.054	COMPLETED
322	id-00161	6	8	7	3	1857.0	1857.0	1857.35	1857.4898	1860.0	32.432	COMPLETED
322	id-00162	2	3	4	2	1858.0	1858.0	1858.2	1858.6669	1860.0	6.178	COMPLETED
322	id-00163	4	8	2	2	1860.0	1860.0	1860.1	1860.2905	1862.0	6.178	COMPLETED
322	id-00164	3	3	10	3	1861.0	1861.0	1861.5	1861.9715	1864.0	23.166	COMPLETED
322	id-00165	3	4	2	5	1863.0	1863.0	1863.1	1863.3574	1868.0	4.633	COMPLETED
322	id-00166	9	12	9	5	1864.0	1864.0	1864.45	1864.904	1869.0	62.548	COMPLETED
322	id-00167	8	9	10	4	1865.0	1865.0	1866.5	1866.8313	1869.0	185.328	COMPLETED
322	id-00168	2	3	10	4	1865.0	1865.0	1866.5	1866.6222	1869.0	46.332	COMPLETED
322	id-00169	9	2	5	4	1865.0	1865.0	1865.75	1866.1069	1869.0	104.247	COMPLETED
322	id-00170	6	6	1	3	1867.0	1867.0	1867.1	1867.3623	1870.0	9.266	COMPLETED
322	id-00171	7	7	2	4	1867.0	1867.0	1867.2	1867.6121	1871.0	21.622	COMPLETED
322	id-00172	4	4	4	4	1868.0	1868.0	1868.4	1868.7519	1872.0	24.71	COMPLETED
322	id-00173	1	2	5	2	1868.0	1868.0	1868.5	1868.7094	1870.0	7.722	COMPLETED
322	id-00174	9	6	2	2	1869.0	1869.0	1869.2	1869.427	1871.0	27.799	COMPLETED
322	id-00175	8	2	2	1	1869.0	1869.0	1869.2	1870.0	1870.0	24.71	EXPIRED
322	id-00176	1	2	2	2	1872.0	1872.0	1872.1	1872.2042	1874.0	1.544	COMPLETED
322	id-00177	3	4	9	3	1873.0	1873.0	1873.45	1873.8621	1876.0	20.849	COMPLETED
322	id-00178	2	4	10	2	1874.0	1874.0	1874.5	1874.9142	1876.0	15.444	COMPLETED
322	id-00179	10	8	3	1	1875.0	1875.0	1875.15	1876.0	1876.0	23.166	EXPIRED
322	id-00180	1	2	6	4	1877.0	1877.0	1877.6	1877.7174	1881.0	9.266	COMPLETED
322	id-00181	9	14	7	2	1877.0	1877.0	1877.7	1877.8085	1879.0	97.297	COMPLETED
322	id-00182	3	5	7	2	1878.0	1878.0	1878.35	1878.7684	1880.0	16.216	COMPLETED
322	id-00183	9	8	6	5	1879.0	1879.0	1879.3	1879.4298	1884.0	41.699	COMPLETED
322	id-00184	1	2	4	4	1880.0	1880.0	1880.4	1880.7431	1884.0	6.178	COMPLETED
322	id-00185	3	3	1	1	1880.0	1880.0	1880.1	1881.0	1881.0	4.633	EXPIRED
322	id-00186	7	4	10	6	1881.0	1881.0	1881.5	1881.9894	1887.0	54.054	COMPLETED
322	id-00187	1	2	4	7	1884.0	1884.0	1884.2	1884.6037	1891.0	3.089	COMPLETED
322	id-00188	9	7	5	7	1885.0	1885.0	1885.5	1885.9178	1892.0	69.498	COMPLETED
322	id-00189	8	12	5	3	1885.0	1885.0	1885.5	1885.8843	1888.0	61.776	COMPLETED
322	id-00190	6	5	4	5	1886.0	1886.0	1886.2	1886.4606	1891.0	18.533	COMPLETED
322	id-00191	1	2	7	6	1887.0	1887.0	1887.7	1887.8121	1893.0	10.811	COMPLETED
322	id-00192	7	6	3	1	1887.0	1887.0	1887.3	1888.0	1888.0	32.432	EXPIRED
322	id-00193	2	2	6	2	1888.0	1888.0	1888.9	1889.1776	1890.0	27.799	COMPLETED
322	id-00194	6	12	2	1	1888.0	1888.0	1888.3	1889.0	1889.0	27.799	EXPIRED
322	id-00195	1	2	8	7	1888.0	1888.0	1889.2	1889.4786	1895.0	18.533	COMPLETED
322	id-00196	9	2	3	4	1889.0	1889.0	1889.12	1889.5545	1893.0	12.154	COMPLETED
322	id-00197	9	9	10	1	1889.0	1889.0	1890.58	1890.0	1890.0	219.614	EXPIRED
322	id-00198	1	2	6	7	1889.0	1889.0	1889.95	1890.406	1896.0	14.672	COMPLETED
322	id-00199	3	3	2	7	1889.0	1889.0	1889.32	1889.6586	1896.0	14.826	COMPLETED
322	id-00200	5	4	3	6	1890.0	1890.0	1890.12	1890.5595	1896.0	4.741	COMPLETED
322	id-00201	8	14	10	7	1890.0	1890.0	1890.91	1891.3034	1897.0	112.432	COMPLETED
322	id-00202	9	3	4	1	1892.0	1892.0	1892.17	1893.0	1893.0	17.218	EXPIRED
322	id-00203	3	5	9	7	1892.0	1892.0	1893.64	1894.09	1899.0	75.984	COMPLETED
322	id-00204	5	3	3	2	1892.0	1892.0	1892.55	1892.9863	1894.0	42.471	COMPLETED
322	id-00205	7	9	3	2	1893.0	1893.0	1893.38	1893.689	1895.0	41.081	COMPLETED
322	id-00206	8	3	6	6	1893.0	1893.0	1893.25	1893.7469	1899.0	21.46	COMPLETED
322	id-00207	5	8	1	6	1895.0	1895.0	1895.15	1895.4847	1901.0	11.583	COMPLETED
322	id-00208	4	3	10	6	1895.0	1895.0	1896.5	1896.8769	1901.0	92.664	COMPLETED
322	id-00209	1	2	1	6	1895.0	1895.0	1895.15	1895.2718	1901.0	2.317	COMPLETED
322	id-00210	8	11	2	4	1896.0	1896.0	1896.12	1896.2437	1900.0	14.826	COMPLETED
322	id-00211	9	13	9	3	1897.0	1897.0	1897.38	1897.4972	1900.0	38.488	COMPLETED
322	id-00212	9	16	10	4	1897.0	1897.0	1897.62	1897.906	1901.0	86.178	COMPLETED
322	id-00213	2	2	2	7	1899.0	1899.0	1899.38	1899.8719	1906.0	11.737	COMPLETED
322	id-00214	6	11	4	6	1899.0	1899.0	1899.75	1900.0753	1905.0	69.498	COMPLETED
322	id-00215	2	4	1	1	1899.0	1899.0	1899.19	1900.0	1900.0	5.869	EXPIRED
322	id-00216	2	3	5	3	1900.0	1900.0	1900.25	1900.6845	1903.0	7.722	COMPLETED
322	id-00217	6	4	4	2	1901.0	1901.0	1901.4	1901.5859	1903.0	37.066	COMPLETED
322	id-00218	4	8	10	2	1901.0	1901.0	1902.0	1902.4401	1903.0	61.776	COMPLETED
322	id-00219	9	16	9	1	1902.0	1902.0	1902.9	1903.0	1903.0	125.096	EXPIRED
322	id-00220	2	2	4	6	1902.0	1902.0	1902.4	1902.8474	1908.0	12.355	COMPLETED
322	id-00221	3	5	2	6	1903.0	1903.0	1903.1	1903.5175	1909.0	4.633	COMPLETED
322	id-00222	9	9	1	3	1904.0	1904.0	1904.15	1904.2784	1907.0	20.849	COMPLETED
322	id-00223	7	11	7	7	1904.0	1904.0	1905.05	1905.417	1911.0	113.513	COMPLETED
322	id-00224	4	4	7	1	1904.0	1904.0	1905.05	1905.0	1905.0	64.865	EXPIRED
322	id-00225	3	3	8	2	1904.0	1904.0	1904.33	1904.7728	1906.0	5.956	COMPLETED
322	id-00226	6	2	5	5	1905.0	1905.0	1905.65	1905.8568	1910.0	60.232	COMPLETED
322	id-00227	9	10	6	4	1905.0	1905.0	1905.67	1906.0268	1909.0	93.127	COMPLETED
322	id-00228	3	2	9	4	1905.0	1905.0	1906.17	1906.4972	1909.0	54.208	COMPLETED
322	id-00229	8	5	2	4	1905.0	1905.0	1905.26	1905.5431	1909.0	24.77	COMPLETED
322	id-00230	7	8	7	5	1906.0	1906.0	1906.78	1907.0022	1911.0	84.324	COMPLETED
322	id-00231	6	2	3	1	1907.0	1907.0	1907.33	1908.0	1908.0	30.579	EXPIRED
322	id-00232	7	2	1	1	1911.0	1911.0	1911.1	1912.0	1912.0	10.811	EXPIRED
322	id-00233	8	3	4	5	1911.0	1911.0	1911.4	1911.6205	1916.0	49.421	COMPLETED
322	id-00234	3	4	6	6	1912.0	1912.0	1912.3	1912.6699	1918.0	13.9	COMPLETED
322	id-00235	5	8	1	3	1914.0	1914.0	1914.05	1914.3364	1917.0	3.861	COMPLETED
322	id-00236	2	4	10	7	1916.0	1916.0	1917.5	1917.8787	1923.0	46.332	COMPLETED
322	id-00237	7	5	2	3	1916.0	1916.0	1916.3	1916.4419	1919.0	32.432	COMPLETED
322	id-00238	1	2	2	2	1916.0	1916.0	1916.3	1916.6754	1918.0	4.633	COMPLETED
322	id-00239	2	4	2	4	1917.0	1917.0	1917.22	1917.3594	1921.0	6.795	COMPLETED
322	id-00240	10	5	1	6	1917.0	1917.0	1917.11	1917.3473	1923.0	16.988	COMPLETED
322	id-00241	10	13	9	7	1918.0	1918.0	1918.5	1918.8296	1925.0	77.22	COMPLETED
322	id-00242	5	5	7	3	1922.0	1922.0	1922.35	1922.5281	1925.0	27.027	COMPLETED
322	id-00243	2	4	6	5	1923.0	1923.0	1923.3	1923.7119	1928.0	9.266	COMPLETED
322	id-00244	5	9	7	3	1925.0	1925.0	1925.7	1926.0771	1928.0	54.054	COMPLETED
322	id-00245	7	13	10	7	1925.0	1925.0	1926.0	1926.4412	1932.0	108.108	COMPLETED
322	id-00246	3	5	6	4	1928.0	1928.0	1928.6	1929.0902	1932.0	27.799	COMPLETED
322	id-00247	2	4	6	1	1928.0	1928.0	1928.6	1929.0	1929.0	18.533	EXPIRED
322	id-00248	3	2	2	5	1931.0	1931.0	1931.1	1931.577	1936.0	4.633	COMPLETED
322	id-00249	10	19	10	1	1932.0	1932.0	1933.0	1933.0	1933.0	154.44	EXPIRED
322	id-00250	4	2	9	2	1932.0	1932.0	1932.9	1933.2665	1934.0	55.598	COMPLETED
322	id-00251	8	7	8	7	1936.0	1936.0	1936.4	1936.8123	1943.0	49.421	COMPLETED
322	id-00252	8	16	7	4	1937.0	1937.0	1937.35	1937.7794	1941.0	43.243	COMPLETED
322	id-00253	9	3	5	6	1938.0	1938.0	1938.24	1938.3509	1944.0	31.096	COMPLETED
322	id-00254	7	4	5	6	1938.0	1938.0	1938.5	1938.9456	1944.0	54.054	COMPLETED
322	id-00255	5	10	9	2	1938.0	1938.0	1938.9	1939.0625	1940.0	69.498	COMPLETED
322	id-00256	7	6	3	5	1942.0	1942.0	1942.45	1942.7249	1947.0	48.649	COMPLETED
322	id-00257	2	2	4	3	1942.0	1942.0	1942.6	1942.9702	1945.0	18.533	COMPLETED
322	id-00258	10	15	5	2	1942.0	1942.0	1942.75	1943.1814	1944.0	115.83	COMPLETED
322	id-00259	5	6	10	2	1944.0	1944.0	1944.5	1944.8812	1946.0	38.61	COMPLETED
322	id-00260	4	6	9	2	1947.0	1947.0	1947.9	1948.355	1949.0	55.598	COMPLETED
322	id-00261	2	4	2	3	1947.0	1947.0	1947.2	1947.351	1950.0	6.178	COMPLETED
322	id-00262	5	4	2	7	1948.0	1948.0	1948.1	1948.2155	1955.0	7.722	COMPLETED
322	id-00263	2	3	6	4	1949.0	1949.0	1949.3	1949.4169	1953.0	9.266	COMPLETED
322	id-00264	5	3	2	4	1950.0	1950.0	1950.3	1950.4967	1954.0	23.166	COMPLETED
322	id-00265	1	2	3	2	1950.0	1950.0	1950.45	1950.6725	1952.0	6.95	COMPLETED
322	id-00266	8	9	3	1	1950.0	1950.0	1950.45	1951.0	1951.0	55.598	EXPIRED
322	id-00267	10	6	8	5	1951.0	1951.0	1951.4	1951.5729	1956.0	61.776	COMPLETED
322	id-00268	2	3	2	2	1954.0	1954.0	1954.1	1954.3439	1956.0	3.089	COMPLETED
322	id-00269	6	7	10	7	1956.0	1956.0	1957.5	1957.6924	1963.0	138.996	COMPLETED
322	id-00270	5	2	6	1	1956.0	1956.0	1956.9	1957.0	1957.0	69.498	EXPIRED
322	id-00271	4	7	8	5	1956.0	1956.0	1957.2	1957.4892	1961.0	74.131	COMPLETED
322	id-00272	10	20	9	4	1957.0	1957.0	1957.9	1958.2368	1961.0	138.996	COMPLETED
322	id-00273	2	4	2	7	1957.0	1957.0	1957.09	1957.3797	1964.0	1.083	COMPLETED
322	id-00274	1	2	3	4	1958.0	1958.0	1958.6	1959.0404	1962.0	9.266	COMPLETED
322	id-00275	3	2	8	2	1958.0	1958.0	1959.6	1960.0	1960.0	74.131	EXPIRED
322	id-00276	5	5	9	1	1959.0	1959.0	1960.29	1960.0	1960.0	99.614	EXPIRED
322	id-00277	9	6	9	6	1962.0	1962.0	1962.9	1963.2229	1968.0	125.096	COMPLETED
322	id-00278	6	2	7	6	1962.0	1962.0	1962.7	1962.9466	1968.0	64.865	COMPLETED
322	id-00279	8	6	5	6	1964.0	1964.0	1964.25	1964.417	1970.0	30.888	COMPLETED
322	id-00280	1	2	2	1	1965.0	1965.0	1965.3	1966.0	1966.0	4.633	EXPIRED
322	id-00281	8	6	3	1	1965.0	1965.0	1965.45	1966.0	1966.0	55.598	EXPIRED
322	id-00282	1	2	2	2	1965.0	1965.0	1965.3	1965.7046	1967.0	4.633	COMPLETED
322	id-00283	8	5	10	5	1966.0	1966.0	1967.0	1967.244	1971.0	123.552	COMPLETED
322	id-00284	6	8	9	3	1966.0	1966.0	1966.9	1967.37	1969.0	83.398	COMPLETED
322	id-00285	2	2	3	6	1967.0	1967.0	1967.15	1967.5427	1973.0	4.633	COMPLETED
322	id-00286	2	4	5	6	1968.0	1968.0	1968.5	1968.8925	1974.0	15.444	COMPLETED
322	id-00287	3	3	2	6	1968.0	1968.0	1968.2	1968.5908	1974.0	9.266	COMPLETED
322	id-00288	9	3	2	5	1969.0	1969.0	1969.1	1969.5459	1974.0	13.9	COMPLETED
322	id-00289	3	6	10	7	1970.0	1970.0	1970.5	1970.7587	1977.0	23.166	COMPLETED
322	id-00290	5	4	7	5	1972.0	1972.0	1972.7	1973.1245	1977.0	54.054	COMPLETED
322	id-00291	1	2	9	6	1972.0	1972.0	1972.9	1973.1007	1978.0	13.9	COMPLETED
322	id-00292	7	3	2	4	1973.0	1973.0	1973.1	1973.2351	1977.0	10.811	COMPLETED
322	id-00293	3	4	5	5	1974.0	1974.0	1974.25	1974.6679	1979.0	11.583	COMPLETED
322	id-00294	1	2	2	1	1978.0	1978.0	1978.1	1979.0	1979.0	1.544	EXPIRED
322	id-00295	1	2	5	2	1979.0	1979.0	1979.5	1979.8495	1981.0	7.722	COMPLETED
322	id-00296	2	3	5	2	1979.0	1979.0	1979.5	1979.8005	1981.0	15.444	COMPLETED
322	id-00297	7	12	2	1	1980.0	1980.0	1980.1	1981.0	1981.0	10.811	EXPIRED
322	id-00298	2	3	7	5	1981.0	1981.0	1981.35	1981.8433	1986.0	10.811	COMPLETED
322	id-00299	8	12	8	6	1982.0	1982.0	1982.8	1983.2474	1988.0	98.842	COMPLETED
322	id-00300	7	13	6	2	1982.0	1982.0	1982.6	1982.9219	1984.0	64.865	COMPLETED
322	id-00301	6	5	2	4	1983.0	1983.0	1983.3	1983.5537	1987.0	27.799	COMPLETED
322	id-00302	9	8	7	7	1983.0	1983.0	1984.05	1984.5011	1990.0	145.946	COMPLETED
322	id-00303	3	6	9	5	1983.0	1983.0	1984.35	1984.6128	1988.0	62.548	COMPLETED
322	id-00304	5	9	1	2	1984.0	1984.0	1984.12	1984.595	1986.0	9.266	COMPLETED
322	id-00305	6	9	10	1	1984.0	1984.0	1985.0	1985.0	1985.0	92.664	EXPIRED
322	id-00306	4	4	3	6	1984.0	1984.0	1984.3	1984.6169	1990.0	18.533	COMPLETED
322	id-00307	10	4	10	3	1985.0	1985.0	1985.5	1985.6774	1988.0	77.22	COMPLETED
322	id-00308	4	4	7	1	1986.0	1986.0	1986.35	1987.0	1987.0	21.622	EXPIRED
322	id-00309	3	4	1	7	1990.0	1990.0	1990.1	1990.4016	1997.0	4.633	COMPLETED
322	id-00310	1	2	1	4	1990.0	1990.0	1990.1	1990.3783	1994.0	0.602	COMPLETED
322	id-00311	1	2	1	2	1991.0	1991.0	1991.05	1991.5129	1993.0	0.301	COMPLETED
322	id-00312	2	3	9	1	1992.0	1992.0	1993.71	1993.0	1993.0	52.818	EXPIRED
322	id-00313	8	3	6	6	1992.0	1992.0	1993.14	1993.3356	1998.0	140.849	COMPLETED
322	id-00314	1	2	1	7	1992.0	1992.0	1992.19	1992.3439	1999.0	2.934	COMPLETED
322	id-00315	4	8	3	5	1992.0	1992.0	1992.57	1992.9926	1997.0	29.838	COMPLETED
322	id-00316	7	11	9	7	1993.0	1993.0	1993.82	1993.9699	2000.0	80.918	COMPLETED
322	id-00317	7	14	2	6	1995.0	1995.0	1995.1	1995.4023	2001.0	10.811	COMPLETED
322	id-00318	3	2	4	5	1997.0	1997.0	1997.2	1997.4606	2002.0	9.266	COMPLETED
322	id-00319	8	10	10	1	2000.0	2000.0	2001.5	2001.0	2001.0	None	EXPIRED
322	id-00320	1	2	2	6	2000.0	2000.0	2000.3	2000.4882	2006.0	4.633	COMPLETED
322	id-00321	5	3	10	7	2000.0	2000.0	2001.5	2007.0	2007.0	None	SUBMITTED
