9.34600830078125e-05
0.00025725364685058594
0.00010371208190917969
8.440017700195312e-05
8.20159912109375e-05
0.00010228157043457031
8.273124694824219e-05
6.914138793945312e-05
7.843971252441406e-05
8.654594421386719e-05
7.43865966796875e-05
5.888938903808594e-05
6.651878356933594e-05
4.839897155761719e-05
8.654594421386719e-05
4.863739013671875e-05
6.389617919921875e-05
8.869171142578125e-05
0.00011396408081054688
5.507469177246094e-05
5.1021575927734375e-05
6.699562072753906e-05
5.6743621826171875e-05
5.412101745605469e-05
7.200241088867188e-05
7.939338684082031e-05
7.915496826171875e-05
7.081031799316406e-05
7.43865966796875e-05
6.151199340820312e-05
8.392333984375e-05
7.581710815429688e-05
8.20159912109375e-05
0.00012135505676269531
7.581710815429688e-05
9.894371032714844e-05
5.221366882324219e-05
0.0001266002655029297
9.512901306152344e-05
9.250640869140625e-05
5.8650970458984375e-05
7.987022399902344e-05
1.5020370483398438e-05
5.435943603515625e-05
6.842613220214844e-05
6.699562072753906e-05
7.2479248046875e-05
6.747245788574219e-05
0.00015592575073242188
9.059906005859375e-05
5.459785461425781e-05
7.510185241699219e-05
5.316734313964844e-05
4.744529724121094e-05
7.62939453125e-05
4.482269287109375e-05
5.507469177246094e-05
6.985664367675781e-05
6.651878356933594e-05
1.3113021850585938e-05
1.52587890625e-05
5.221366882324219e-05
4.267692565917969e-05
6.532669067382812e-05
6.890296936035156e-05
0.00010466575622558594
5.626678466796875e-05
7.319450378417969e-05
5.5789947509765625e-05
5.793571472167969e-05
5.555152893066406e-05
0.00016236305236816406
4.6253204345703125e-05
6.318092346191406e-05
1.7642974853515625e-05
7.987022399902344e-05
9.322166442871094e-05
1.3828277587890625e-05
6.508827209472656e-05
6.198883056640625e-05
8.440017700195312e-05
9.274482727050781e-05
5.793571472167969e-05
5.0067901611328125e-05
8.130073547363281e-05
7.081031799316406e-05
4.6253204345703125e-05
7.43865966796875e-05
6.413459777832031e-05
0.00011110305786132812
8.20159912109375e-05
8.916854858398438e-05
0.0001461505889892578
0.0001366138458251953
0.00011229515075683594
0.00013446807861328125
8.940696716308594e-05
0.00012636184692382812
7.43865966796875e-05
4.887580871582031e-05
0.00027251243591308594
0.00020551681518554688
1.430511474609375e-05
0.00016760826110839844
2.384185791015625e-05
5.793571472167969e-05
7.414817810058594e-05
1.4543533325195312e-05
9.775161743164062e-05
7.295608520507812e-05
5.459785461425781e-05
4.9591064453125e-05
7.343292236328125e-05
7.796287536621094e-05
5.745887756347656e-05
7.295608520507812e-05
5.1975250244140625e-05
7.581710815429688e-05
0.0001010894775390625
5.435943603515625e-05
0.0001373291015625
1.621246337890625e-05
5.984306335449219e-05
6.961822509765625e-05
5.888938903808594e-05
7.534027099609375e-05
6.341934204101562e-05
8.058547973632812e-05
7.271766662597656e-05
7.62939453125e-05
5.14984130859375e-05
4.38690185546875e-05
4.887580871582031e-05
6.556510925292969e-05
7.104873657226562e-05
1.2874603271484375e-05
5.245208740234375e-05
5.6743621826171875e-05
6.127357482910156e-05
8.96453857421875e-05
1.5020370483398438e-05
9.274482727050781e-05
7.05718994140625e-05
8.630752563476562e-05
1.5497207641601562e-05
7.009506225585938e-05
5.555152893066406e-05
8.726119995117188e-05
8.535385131835938e-05
1.7642974853515625e-05
6.866455078125e-05
5.555152893066406e-05
8.511543273925781e-05
1.52587890625e-05
6.508827209472656e-05
5.555152893066406e-05
0.00010132789611816406
5.91278076171875e-05
0.00010609626770019531
2.9325485229492188e-05
0.00026297569274902344
0.0001277923583984375
7.43865966796875e-05
5.936622619628906e-05
8.034706115722656e-05
0.00014352798461914062
0.00011706352233886719
8.082389831542969e-05
0.0001125335693359375
1.8835067749023438e-05
6.842613220214844e-05
9.179115295410156e-05
0.00013709068298339844
6.008148193359375e-05
0.00011563301086425781
0.00011134147644042969
0.00010704994201660156
0.00012564659118652344
8.106231689453125e-05
8.130073547363281e-05
0.00010132789611816406
6.842613220214844e-05
5.7697296142578125e-05
9.107589721679688e-05
8.130073547363281e-05
6.29425048828125e-05
6.67572021484375e-05
0.00021505355834960938
6.985664367675781e-05
9.298324584960938e-05
0.000118255615234375
0.0001456737518310547
0.000125885009765625
9.5367431640625e-05
9.512901306152344e-05
7.796287536621094e-05
6.914138793945312e-05
0.0001251697540283203
6.008148193359375e-05
6.866455078125e-05
4.649162292480469e-05
5.316734313964844e-05
5.173683166503906e-05
6.842613220214844e-05
5.650520324707031e-05
4.792213439941406e-05
4.57763671875e-05
6.771087646484375e-05
4.315376281738281e-05
