0.00010943412780761719
8.249282836914062e-05
7.987022399902344e-05
0.00011277198791503906
5.841255187988281e-05
6.914138793945312e-05
6.914138793945312e-05
6.890296936035156e-05
0.00022220611572265625
8.58306884765625e-05
7.414817810058594e-05
9.632110595703125e-05
0.00012373924255371094
2.1457672119140625e-05
8.893013000488281e-05
8.678436279296875e-05
9.131431579589844e-05
7.009506225585938e-05
9.1552734375e-05
7.486343383789062e-05
0.00015163421630859375
0.00018548965454101562
0.00040602684020996094
0.0001423358917236328
0.00010824203491210938
6.67572021484375e-05
8.440017700195312e-05
0.0001773834228515625
3.075599670410156e-05
0.00022411346435546875
9.822845458984375e-05
0.0001266002655029297
7.677078247070312e-05
0.00011539459228515625
5.984306335449219e-05
5.1021575927734375e-05
0.00010752677917480469
0.0001659393310546875
0.00012826919555664062
8.463859558105469e-05
7.414817810058594e-05
9.417533874511719e-05
9.393692016601562e-05
0.00016045570373535156
0.00013780593872070312
6.866455078125e-05
0.00011038780212402344
0.00018930435180664062
3.600120544433594e-05
3.266334533691406e-05
2.8848648071289062e-05
9.822845458984375e-05
6.413459777832031e-05
0.00011706352233886719
5.91278076171875e-05
6.651878356933594e-05
9.012222290039062e-05
9.131431579589844e-05
8.940696716308594e-05
8.511543273925781e-05
7.104873657226562e-05
9.965896606445312e-05
6.365776062011719e-05
8.916854858398438e-05
7.128715515136719e-05
8.153915405273438e-05
7.367134094238281e-05
6.890296936035156e-05
8.440017700195312e-05
5.650520324707031e-05
8.368492126464844e-05
8.344650268554688e-05
6.723403930664062e-05
0.00010800361633300781
6.008148193359375e-05
8.988380432128906e-05
0.00014662742614746094
7.653236389160156e-05
0.0001533031463623047
5.745887756347656e-05
8.344650268554688e-05
2.0742416381835938e-05
9.632110595703125e-05
0.00012803077697753906
6.580352783203125e-05
8.702278137207031e-05
6.341934204101562e-05
6.747245788574219e-05
8.726119995117188e-05
9.107589721679688e-05
6.341934204101562e-05
5.555152893066406e-05
4.76837158203125e-05
6.937980651855469e-05
5.626678466796875e-05
4.887580871582031e-05
5.245208740234375e-05
5.316734313964844e-05
5.888938903808594e-05
4.744529724121094e-05
8.487701416015625e-05
1.6450881958007812e-05
0.0002524852752685547
0.00014519691467285156
0.0001347064971923828
6.103515625e-05
6.628036499023438e-05
5.435943603515625e-05
8.153915405273438e-05
0.0001404285430908203
7.915496826171875e-05
7.796287536621094e-05
0.00014162063598632812
9.846687316894531e-05
9.1552734375e-05
8.749961853027344e-05
9.799003601074219e-05
0.00018405914306640625
9.5367431640625e-05
0.000125885009765625
9.059906005859375e-05
0.00011038780212402344
0.00014901161193847656
0.00012612342834472656
2.3365020751953125e-05
0.00010800361633300781
0.00012350082397460938
9.012222290039062e-05
9.393692016601562e-05
0.00013685226440429688
5.91278076171875e-05
0.0003132820129394531
0.00015783309936523438
0.00010800361633300781
5.7220458984375e-05
9.322166442871094e-05
6.961822509765625e-05
7.367134094238281e-05
0.00013756752014160156
2.0742416381835938e-05
3.4332275390625e-05
3.123283386230469e-05
0.00018072128295898438
0.00012612342834472656
9.322166442871094e-05
7.05718994140625e-05
7.843971252441406e-05
6.103515625e-05
6.937980651855469e-05
6.437301635742188e-05
5.173683166503906e-05
0.00010585784912109375
8.749961853027344e-05
1.5735626220703125e-05
5.1975250244140625e-05
7.462501525878906e-05
4.887580871582031e-05
4.76837158203125e-05
0.0001049041748046875
5.793571472167969e-05
6.628036499023438e-05
9.751319885253906e-05
7.414817810058594e-05
0.00010228157043457031
5.817413330078125e-05
8.797645568847656e-05
6.914138793945312e-05
0.00012302398681640625
8.893013000488281e-05
9.083747863769531e-05
8.106231689453125e-05
6.842613220214844e-05
6.985664367675781e-05
0.00015807151794433594
7.653236389160156e-05
7.343292236328125e-05
7.987022399902344e-05
0.00011372566223144531
6.270408630371094e-05
6.794929504394531e-05
7.200241088867188e-05
8.487701416015625e-05
8.320808410644531e-05
6.604194641113281e-05
4.76837158203125e-05
7.772445678710938e-05
6.890296936035156e-05
9.012222290039062e-05
4.839897155761719e-05
5.793571472167969e-05
6.365776062011719e-05
8.368492126464844e-05
