0.00011277198791503906
7.653236389160156e-05
0.00012302398681640625
0.00025725364685058594
9.918212890625e-05
8.654594421386719e-05
6.723403930664062e-05
6.580352783203125e-05
0.00011944770812988281
2.7418136596679688e-05
8.988380432128906e-05
0.00010776519775390625
8.034706115722656e-05
0.00012350082397460938
8.082389831542969e-05
8.58306884765625e-05
0.0001010894775390625
7.390975952148438e-05
8.273124694824219e-05
8.916854858398438e-05
8.916854858398438e-05
9.560585021972656e-05
0.0001628398895263672
6.651878356933594e-05
0.00010347366333007812
5.245208740234375e-05
5.459785461425781e-05
6.461143493652344e-05
5.2928924560546875e-05
6.103515625e-05
2.3365020751953125e-05
7.200241088867188e-05
0.00010180473327636719
1.8835067749023438e-05
7.796287536621094e-05
0.0001201629638671875
8.153915405273438e-05
5.8650970458984375e-05
9.679794311523438e-05
0.00010442733764648438
2.3126602172851562e-05
0.00015616416931152344
1.6450881958007812e-05
6.29425048828125e-05
5.245208740234375e-05
5.53131103515625e-05
0.00010347366333007812
2.4080276489257812e-05
2.4318695068359375e-05
0.00013637542724609375
0.0001842975616455078
9.846687316894531e-05
5.698204040527344e-05
2.2411346435546875e-05
0.00012445449829101562
5.340576171875e-05
8.916854858398438e-05
6.222724914550781e-05
5.269050598144531e-05
8.058547973632812e-05
6.842613220214844e-05
4.601478576660156e-05
4.458427429199219e-05
4.5299530029296875e-05
6.318092346191406e-05
7.43865966796875e-05
9.775161743164062e-05
1.6450881958007812e-05
0.0001251697540283203
6.198883056640625e-05
6.4849853515625e-05
7.200241088867188e-05
5.841255187988281e-05
4.673004150390625e-05
4.696846008300781e-05
7.224082946777344e-05
5.817413330078125e-05
7.05718994140625e-05
5.602836608886719e-05
6.222724914550781e-05
7.987022399902344e-05
7.843971252441406e-05
7.510185241699219e-05
5.7697296142578125e-05
8.96453857421875e-05
3.314018249511719e-05
5.078315734863281e-05
0.00012350082397460938
6.270408630371094e-05
5.555152893066406e-05
8.487701416015625e-05
5.364418029785156e-05
7.176399230957031e-05
4.887580871582031e-05
5.7697296142578125e-05
5.340576171875e-05
5.269050598144531e-05
8.988380432128906e-05
5.841255187988281e-05
5.054473876953125e-05
5.7220458984375e-05
5.221366882324219e-05
9.298324584960938e-05
7.128715515136719e-05
8.654594421386719e-05
1.52587890625e-05
7.486343383789062e-05
6.699562072753906e-05
6.699562072753906e-05
6.747245788574219e-05
5.888938903808594e-05
5.125999450683594e-05
7.748603820800781e-05
0.00010776519775390625
5.53131103515625e-05
5.626678466796875e-05
6.961822509765625e-05
5.412101745605469e-05
7.605552673339844e-05
8.535385131835938e-05
7.939338684082031e-05
8.320808410644531e-05
0.00011181831359863281
0.00018548965454101562
8.535385131835938e-05
1.6689300537109375e-05
2.6226043701171875e-05
2.288818359375e-05
2.3365020751953125e-05
0.0001671314239501953
2.0503997802734375e-05
1.9550323486328125e-05
1.7404556274414062e-05
0.00012087821960449219
5.435943603515625e-05
6.461143493652344e-05
6.580352783203125e-05
5.6743621826171875e-05
0.00014901161193847656
0.0001266002655029297
5.030632019042969e-05
4.649162292480469e-05
8.440017700195312e-05
8.463859558105469e-05
6.29425048828125e-05
8.630752563476562e-05
0.00010323524475097656
5.078315734863281e-05
8.058547973632812e-05
5.817413330078125e-05
8.392333984375e-05
7.939338684082031e-05
7.343292236328125e-05
8.034706115722656e-05
6.413459777832031e-05
5.364418029785156e-05
7.677078247070312e-05
1.5974044799804688e-05
0.0001385211944580078
1.9311904907226562e-05
5.984306335449219e-05
7.557868957519531e-05
5.030632019042969e-05
5.1975250244140625e-05
9.322166442871094e-05
7.200241088867188e-05
8.106231689453125e-05
0.00010848045349121094
0.00010323524475097656
8.869171142578125e-05
6.4849853515625e-05
9.441375732421875e-05
8.940696716308594e-05
0.00010466575622558594
0.0001232624053955078
5.316734313964844e-05
9.083747863769531e-05
2.3126602172851562e-05
9.417533874511719e-05
9.393692016601562e-05
6.604194641113281e-05
6.175041198730469e-05
6.747245788574219e-05
7.319450378417969e-05
5.269050598144531e-05
5.1975250244140625e-05
6.699562072753906e-05
7.605552673339844e-05
9.870529174804688e-05
5.555152893066406e-05
4.5299530029296875e-05
7.271766662597656e-05
5.1975250244140625e-05
0.00010633468627929688
4.57763671875e-05
5.817413330078125e-05
5.8650970458984375e-05
8.58306884765625e-05
