0.00019216537475585938
6.508827209472656e-05
0.0001342296600341797
0.00010037422180175781
6.29425048828125e-05
6.580352783203125e-05
0.00012540817260742188
0.00011610984802246094
8.893013000488281e-05
0.00012874603271484375
0.00014019012451171875
7.557868957519531e-05
8.058547973632812e-05
7.772445678710938e-05
7.534027099609375e-05
9.918212890625e-05
7.200241088867188e-05
0.00020360946655273438
7.390975952148438e-05
7.963180541992188e-05
7.843971252441406e-05
7.653236389160156e-05
9.632110595703125e-05
8.559226989746094e-05
8.821487426757812e-05
8.726119995117188e-05
9.965896606445312e-05
7.104873657226562e-05
0.0001327991485595703
3.147125244140625e-05
8.225440979003906e-05
7.653236389160156e-05
9.608268737792969e-05
7.104873657226562e-05
0.00010514259338378906
7.867813110351562e-05
0.0001266002655029297
0.0002033710479736328
3.123283386230469e-05
0.00010037422180175781
0.00010061264038085938
9.870529174804688e-05
6.222724914550781e-05
6.437301635742188e-05
5.793571472167969e-05
0.0001087188720703125
6.818771362304688e-05
9.489059448242188e-05
0.00010466575622558594
8.869171142578125e-05
7.414817810058594e-05
6.580352783203125e-05
0.00014352798461914062
9.775161743164062e-05
0.00015807151794433594
1.5497207641601562e-05
7.2479248046875e-05
7.343292236328125e-05
0.00013113021850585938
5.626678466796875e-05
6.628036499023438e-05
5.078315734863281e-05
0.00020885467529296875
7.367134094238281e-05
1.430511474609375e-05
0.00011277198791503906
6.604194641113281e-05
0.00014066696166992188
0.0001220703125
5.841255187988281e-05
6.532669067382812e-05
6.008148193359375e-05
8.463859558105469e-05
8.273124694824219e-05
6.961822509765625e-05
7.200241088867188e-05
6.794929504394531e-05
7.939338684082031e-05
0.00012493133544921875
6.580352783203125e-05
6.437301635742188e-05
7.486343383789062e-05
0.00018358230590820312
0.0002727508544921875
0.0002040863037109375
0.0001323223114013672
5.7697296142578125e-05
7.748603820800781e-05
0.00014781951904296875
0.00017404556274414062
7.05718994140625e-05
0.00011706352233886719
5.7220458984375e-05
0.0001361370086669922
6.890296936035156e-05
7.510185241699219e-05
6.604194641113281e-05
8.988380432128906e-05
7.581710815429688e-05
0.00019788742065429688
0.0001926422119140625
8.678436279296875e-05
9.965896606445312e-05
8.749961853027344e-05
0.00012445449829101562
7.963180541992188e-05
0.00023055076599121094
0.0001609325408935547
6.151199340820312e-05
8.96453857421875e-05
8.344650268554688e-05
6.127357482910156e-05
0.0002071857452392578
8.678436279296875e-05
0.00012683868408203125
6.866455078125e-05
6.651878356933594e-05
0.00011849403381347656
6.723403930664062e-05
0.00014495849609375
0.00011968612670898438
5.53131103515625e-05
6.890296936035156e-05
6.413459777832031e-05
8.392333984375e-05
9.489059448242188e-05
0.0005145072937011719
5.555152893066406e-05
5.6743621826171875e-05
5.2928924560546875e-05
5.221366882324219e-05
5.888938903808594e-05
6.318092346191406e-05
5.1975250244140625e-05
8.940696716308594e-05
4.9591064453125e-05
2.002716064453125e-05
8.869171142578125e-05
8.0108642578125e-05
6.842613220214844e-05
7.915496826171875e-05
7.677078247070312e-05
7.534027099609375e-05
8.368492126464844e-05
6.365776062011719e-05
0.00013017654418945312
7.796287536621094e-05
0.00010704994201660156
0.00018477439880371094
7.009506225585938e-05
0.00010824203491210938
0.00010442733764648438
8.893013000488281e-05
0.00016736984252929688
0.00018978118896484375
9.5367431640625e-05
6.985664367675781e-05
8.106231689453125e-05
0.00011301040649414062
0.00010466575622558594
7.534027099609375e-05
0.00011444091796875
9.822845458984375e-05
0.00012350082397460938
0.00018644332885742188
6.246566772460938e-05
6.914138793945312e-05
0.00011444091796875
1.7881393432617188e-05
7.128715515136719e-05
8.654594421386719e-05
2.6702880859375e-05
8.487701416015625e-05
7.867813110351562e-05
7.605552673339844e-05
9.250640869140625e-05
9.584426879882812e-05
0.00012993812561035156
0.0002510547637939453
0.0005774497985839844
9.751319885253906e-05
0.00011277198791503906
7.414817810058594e-05
9.202957153320312e-05
0.00013637542724609375
0.0001761913299560547
2.0742416381835938e-05
0.00013828277587890625
7.176399230957031e-05
5.7697296142578125e-05
7.987022399902344e-05
7.05718994140625e-05
0.00011491775512695312
7.081031799316406e-05
6.914138793945312e-05
0.00010371208190917969
7.796287536621094e-05
6.556510925292969e-05
8.678436279296875e-05
8.630752563476562e-05
