8.20159912109375e-05
5.745887756347656e-05
7.581710815429688e-05
0.0001163482666015625
8.320808410644531e-05
9.465217590332031e-05
0.00010585784912109375
7.319450378417969e-05
0.00018262863159179688
0.00010752677917480469
8.058547973632812e-05
9.202957153320312e-05
0.00014138221740722656
2.8133392333984375e-05
0.0001323223114013672
0.0001010894775390625
7.939338684082031e-05
7.367134094238281e-05
8.749961853027344e-05
7.891654968261719e-05
6.580352783203125e-05
6.937980651855469e-05
0.00012946128845214844
1.9788742065429688e-05
0.00015044212341308594
4.5299530029296875e-05
6.175041198730469e-05
9.012222290039062e-05
5.984306335449219e-05
7.319450378417969e-05
3.0517578125e-05
8.273124694824219e-05
8.916854858398438e-05
1.5735626220703125e-05
6.651878356933594e-05
9.34600830078125e-05
5.626678466796875e-05
5.4836273193359375e-05
0.00010728836059570312
0.00023126602172851562
0.00015783309936523438
7.414817810058594e-05
7.05718994140625e-05
9.059906005859375e-05
0.00014901161193847656
0.0001201629638671875
0.0001277923583984375
5.1975250244140625e-05
6.270408630371094e-05
0.0001575946807861328
2.0503997802734375e-05
2.1696090698242188e-05
2.09808349609375e-05
9.822845458984375e-05
4.2438507080078125e-05
0.00011563301086425781
1.6450881958007812e-05
9.5367431640625e-05
8.296966552734375e-05
7.843971252441406e-05
6.365776062011719e-05
4.553794860839844e-05
4.410743713378906e-05
9.322166442871094e-05
0.00011515617370605469
6.508827209472656e-05
7.700920104980469e-05
1.4066696166992188e-05
6.222724914550781e-05
0.00011849403381347656
6.079673767089844e-05
7.963180541992188e-05
6.937980651855469e-05
4.9114227294921875e-05
5.173683166503906e-05
6.437301635742188e-05
5.5789947509765625e-05
8.845329284667969e-05
5.626678466796875e-05
8.940696716308594e-05
0.0001995563507080078
0.0002543926239013672
7.700920104980469e-05
0.000118255615234375
8.153915405273438e-05
0.00010919570922851562
8.606910705566406e-05
6.794929504394531e-05
6.651878356933594e-05
6.580352783203125e-05
7.653236389160156e-05
0.00016379356384277344
6.389617919921875e-05
6.151199340820312e-05
5.412101745605469e-05
5.14984130859375e-05
7.176399230957031e-05
5.626678466796875e-05
8.630752563476562e-05
5.269050598144531e-05
5.364418029785156e-05
6.0558319091796875e-05
5.8650970458984375e-05
7.104873657226562e-05
1.3113021850585938e-05
6.127357482910156e-05
0.00011920928955078125
6.628036499023438e-05
9.560585021972656e-05
9.274482727050781e-05
5.054473876953125e-05
5.91278076171875e-05
7.82012939453125e-05
5.340576171875e-05
5.221366882324219e-05
9.799003601074219e-05
6.079673767089844e-05
6.747245788574219e-05
7.748603820800781e-05
6.079673767089844e-05
6.961822509765625e-05
0.00011324882507324219
9.632110595703125e-05
6.127357482910156e-05
1.4066696166992188e-05
0.00010848045349121094
6.4849853515625e-05
1.4781951904296875e-05
0.000102996826171875
4.553794860839844e-05
6.008148193359375e-05
0.00015282630920410156
5.1975250244140625e-05
8.058547973632812e-05
7.796287536621094e-05
8.726119995117188e-05
0.00022149085998535156
0.0001251697540283203
6.103515625e-05
2.7179718017578125e-05
2.574920654296875e-05
2.7179718017578125e-05
0.0001246929168701172
0.0001289844512939453
9.274482727050781e-05
9.298324584960938e-05
8.440017700195312e-05
8.440017700195312e-05
0.00010728836059570312
8.320808410644531e-05
0.00011110305786132812
0.00012993812561035156
0.0001621246337890625
0.00010275840759277344
9.250640869140625e-05
0.00012803077697753906
8.130073547363281e-05
0.00018644332885742188
0.00024509429931640625
6.079673767089844e-05
7.62939453125e-05
8.440017700195312e-05
8.296966552734375e-05
8.130073547363281e-05
2.0742416381835938e-05
3.0279159545898438e-05
4.792213439941406e-05
3.147125244140625e-05
0.00010800361633300781
0.00017905235290527344
0.000133514404296875
7.367134094238281e-05
7.510185241699219e-05
0.000110626220703125
0.00012135505676269531
8.58306884765625e-05
9.655952453613281e-05
0.00010085105895996094
0.00015282630920410156
8.153915405273438e-05
6.4849853515625e-05
0.000133514404296875
5.507469177246094e-05
0.00010061264038085938
0.00011301040649414062
0.0001461505889892578
6.246566772460938e-05
6.890296936035156e-05
0.00010204315185546875
7.224082946777344e-05
0.0002105236053466797
6.866455078125e-05
6.341934204101562e-05
8.082389831542969e-05
8.20159912109375e-05
0.00011348724365234375
7.510185241699219e-05
8.416175842285156e-05
0.0001125335693359375
8.96453857421875e-05
