9.441375732421875e-05
0.00018978118896484375
0.00010943412780761719
8.988380432128906e-05
8.940696716308594e-05
9.679794311523438e-05
9.918212890625e-05
0.00011920928955078125
8.225440979003906e-05
0.00010657310485839844
0.00010728836059570312
9.274482727050781e-05
8.463859558105469e-05
6.0558319091796875e-05
0.00010824203491210938
7.081031799316406e-05
0.00011515617370605469
0.0001659393310546875
2.2649765014648438e-05
3.0279159545898438e-05
2.86102294921875e-05
8.654594421386719e-05
8.034706115722656e-05
0.00010418891906738281
8.893013000488281e-05
9.036064147949219e-05
0.00010776519775390625
0.0001723766326904297
0.0001628398895263672
6.699562072753906e-05
7.104873657226562e-05
8.249282836914062e-05
0.00010800361633300781
0.00020456314086914062
6.508827209472656e-05
9.322166442871094e-05
5.173683166503906e-05
0.00017595291137695312
2.956390380859375e-05
7.390975952148438e-05
5.412101745605469e-05
0.0002257823944091797
5.221366882324219e-05
6.794929504394531e-05
6.937980651855469e-05
8.225440979003906e-05
0.00011944770812988281
0.0004017353057861328
8.177757263183594e-05
5.626678466796875e-05
0.00010228157043457031
7.081031799316406e-05
5.984306335449219e-05
0.00011134147644042969
6.985664367675781e-05
0.00010848045349121094
0.00015354156494140625
2.2411346435546875e-05
2.288818359375e-05
7.2479248046875e-05
8.630752563476562e-05
0.0001270771026611328
0.00023365020751953125
6.031990051269531e-05
5.0067901611328125e-05
5.0067901611328125e-05
6.008148193359375e-05
8.225440979003906e-05
0.0003228187561035156
6.389617919921875e-05
0.00012254714965820312
7.891654968261719e-05
0.0001652240753173828
8.344650268554688e-05
6.151199340820312e-05
0.0001289844512939453
8.153915405273438e-05
7.152557373046875e-05
6.103515625e-05
0.00011682510375976562
9.226799011230469e-05
8.869171142578125e-05
5.2928924560546875e-05
4.649162292480469e-05
7.367134094238281e-05
7.891654968261719e-05
0.00016951560974121094
6.461143493652344e-05
8.034706115722656e-05
7.653236389160156e-05
5.53131103515625e-05
8.153915405273438e-05
6.961822509765625e-05
8.726119995117188e-05
6.890296936035156e-05
0.0002923011779785156
0.00010466575622558594
8.20159912109375e-05
5.6743621826171875e-05
7.724761962890625e-05
4.8160552978515625e-05
6.842613220214844e-05
5.1021575927734375e-05
0.00012445449829101562
5.984306335449219e-05
6.437301635742188e-05
4.3392181396484375e-05
6.341934204101562e-05
6.318092346191406e-05
5.412101745605469e-05
8.702278137207031e-05
6.771087646484375e-05
0.0001251697540283203
0.00012683868408203125
6.890296936035156e-05
6.794929504394531e-05
0.0001342296600341797
9.918212890625e-05
5.936622619628906e-05
6.031990051269531e-05
8.511543273925781e-05
8.678436279296875e-05
0.00010228157043457031
9.250640869140625e-05
7.82012939453125e-05
0.00014257431030273438
8.96453857421875e-05
8.702278137207031e-05
0.00011301040649414062
0.0001823902130126953
0.00011277198791503906
0.00014662742614746094
9.179115295410156e-05
6.723403930664062e-05
5.4836273193359375e-05
0.00015115737915039062
0.00017452239990234375
7.915496826171875e-05
0.00011229515075683594
0.000118255615234375
8.130073547363281e-05
7.367134094238281e-05
8.559226989746094e-05
0.0001270771026611328
0.0002181529998779297
0.00017881393432617188
5.793571472167969e-05
6.628036499023438e-05
8.654594421386719e-05
8.296966552734375e-05
7.104873657226562e-05
9.250640869140625e-05
8.821487426757812e-05
8.749961853027344e-05
9.083747863769531e-05
5.7220458984375e-05
0.00010895729064941406
0.00014352798461914062
6.961822509765625e-05
0.00011730194091796875
7.295608520507812e-05
8.368492126464844e-05
0.00010156631469726562
9.107589721679688e-05
7.700920104980469e-05
0.0001068115234375
8.130073547363281e-05
0.00010514259338378906
9.560585021972656e-05
0.00015306472778320312
7.104873657226562e-05
6.008148193359375e-05
0.0001246929168701172
5.7697296142578125e-05
9.942054748535156e-05
0.0001380443572998047
0.000141143798828125
0.00010085105895996094
5.745887756347656e-05
5.817413330078125e-05
8.20159912109375e-05
0.00013136863708496094
0.00011897087097167969
5.14984130859375e-05
4.935264587402344e-05
6.079673767089844e-05
8.082389831542969e-05
9.465217590332031e-05
0.00013637542724609375
7.390975952148438e-05
9.560585021972656e-05
5.9604644775390625e-05
0.00014829635620117188
6.508827209472656e-05
