0.00011897087097167969
7.2479248046875e-05
0.00011587142944335938
8.845329284667969e-05
8.368492126464844e-05
4.76837158203125e-05
8.20159912109375e-05
0.00011968612670898438
9.322166442871094e-05
6.794929504394531e-05
8.130073547363281e-05
0.00010752677917480469
0.00010704994201660156
8.702278137207031e-05
0.00010561943054199219
6.818771362304688e-05
6.771087646484375e-05
9.012222290039062e-05
5.5789947509765625e-05
5.435943603515625e-05
7.05718994140625e-05
6.723403930664062e-05
6.270408630371094e-05
0.00010180473327636719
5.53131103515625e-05
5.507469177246094e-05
6.270408630371094e-05
5.125999450683594e-05
0.00010371208190917969
1.8358230590820312e-05
6.628036499023438e-05
6.794929504394531e-05
8.749961853027344e-05
6.246566772460938e-05
9.918212890625e-05
7.009506225585938e-05
0.00011968612670898438
8.726119995117188e-05
6.818771362304688e-05
0.00011777877807617188
0.00010585784912109375
8.130073547363281e-05
9.1552734375e-05
6.890296936035156e-05
9.632110595703125e-05
7.796287536621094e-05
0.00012874603271484375
7.295608520507812e-05
8.249282836914062e-05
0.0001010894775390625
0.00011420249938964844
9.655952453613281e-05
8.463859558105469e-05
0.000148773193359375
2.5987625122070312e-05
8.58306884765625e-05
6.175041198730469e-05
7.796287536621094e-05
7.82012939453125e-05
0.00012969970703125
9.846687316894531e-05
6.461143493652344e-05
7.462501525878906e-05
7.152557373046875e-05
0.0001316070556640625
0.00011014938354492188
6.914138793945312e-05
6.532669067382812e-05
7.104873657226562e-05
9.226799011230469e-05
9.131431579589844e-05
9.393692016601562e-05
8.940696716308594e-05
7.510185241699219e-05
0.00013899803161621094
5.984306335449219e-05
7.176399230957031e-05
5.602836608886719e-05
5.245208740234375e-05
8.893013000488281e-05
0.00020384788513183594
0.00016999244689941406
2.8133392333984375e-05
2.0742416381835938e-05
9.34600830078125e-05
0.00015354156494140625
2.3365020751953125e-05
2.3126602172851562e-05
0.00021457672119140625
2.5272369384765625e-05
6.818771362304688e-05
0.0002753734588623047
7.176399230957031e-05
9.870529174804688e-05
5.3882598876953125e-05
5.5789947509765625e-05
5.030632019042969e-05
5.078315734863281e-05
7.414817810058594e-05
8.320808410644531e-05
0.00016617774963378906
8.058547973632812e-05
6.604194641113281e-05
5.340576171875e-05
6.008148193359375e-05
4.76837158203125e-05
0.00011181831359863281
1.3113021850585938e-05
7.271766662597656e-05
1.4066696166992188e-05
4.839897155761719e-05
5.507469177246094e-05
5.5789947509765625e-05
5.125999450683594e-05
8.034706115722656e-05
1.2159347534179688e-05
4.649162292480469e-05
6.222724914550781e-05
6.890296936035156e-05
4.982948303222656e-05
6.175041198730469e-05
6.031990051269531e-05
0.00011229515075683594
2.1219253540039062e-05
8.225440979003906e-05
0.0001125335693359375
6.556510925292969e-05
9.1552734375e-05
9.703636169433594e-05
8.749961853027344e-05
0.00014781951904296875
5.984306335449219e-05
6.008148193359375e-05
6.151199340820312e-05
6.747245788574219e-05
0.00010967254638671875
5.745887756347656e-05
5.5789947509765625e-05
0.0001544952392578125
8.177757263183594e-05
8.7738037109375e-05
0.00011873245239257812
8.273124694824219e-05
7.581710815429688e-05
0.0001468658447265625
0.00010085105895996094
0.00016427040100097656
7.82012939453125e-05
0.0001010894775390625
7.367134094238281e-05
6.914138793945312e-05
0.0001614093780517578
8.463859558105469e-05
7.367134094238281e-05
9.846687316894531e-05
8.821487426757812e-05
0.00011515617370605469
0.00011944770812988281
5.030632019042969e-05
6.389617919921875e-05
8.893013000488281e-05
9.322166442871094e-05
0.0001354217529296875
6.4849853515625e-05
5.555152893066406e-05
7.295608520507812e-05
0.00011157989501953125
0.00017189979553222656
6.341934204101562e-05
9.417533874511719e-05
0.00015163421630859375
0.00012063980102539062
0.00019407272338867188
2.9802322387695312e-05
7.343292236328125e-05
7.2479248046875e-05
6.771087646484375e-05
0.0001575946807861328
7.343292236328125e-05
0.00010156631469726562
0.00017523765563964844
2.2172927856445312e-05
6.771087646484375e-05
6.103515625e-05
7.772445678710938e-05
0.00011730194091796875
7.700920104980469e-05
9.34600830078125e-05
0.0001049041748046875
7.390975952148438e-05
7.05718994140625e-05
0.00012063980102539062
9.059906005859375e-05
8.606910705566406e-05
0.00012230873107910156
8.630752563476562e-05
6.508827209472656e-05
6.4849853515625e-05
0.00012612342834472656
7.271766662597656e-05
9.393692016601562e-05
7.987022399902344e-05
