8.106231689453125e-05
8.511543273925781e-05
2.6226043701171875e-05
7.867813110351562e-05
6.365776062011719e-05
5.91278076171875e-05
6.866455078125e-05
7.033348083496094e-05
5.793571472167969e-05
6.866455078125e-05
8.940696716308594e-05
6.341934204101562e-05
7.271766662597656e-05
7.748603820800781e-05
6.556510925292969e-05
0.00013208389282226562
5.364418029785156e-05
6.961822509765625e-05
0.00012302398681640625
9.107589721679688e-05
2.3126602172851562e-05
0.00013303756713867188
1.7881393432617188e-05
6.794929504394531e-05
5.841255187988281e-05
6.270408630371094e-05
6.794929504394531e-05
7.176399230957031e-05
7.43865966796875e-05
7.367134094238281e-05
6.866455078125e-05
6.389617919921875e-05
7.009506225585938e-05
8.678436279296875e-05
6.580352783203125e-05
8.749961853027344e-05
6.246566772460938e-05
0.00011992454528808594
4.696846008300781e-05
0.0001399517059326172
5.435943603515625e-05
7.581710815429688e-05
5.626678466796875e-05
7.843971252441406e-05
1.5497207641601562e-05
5.8650970458984375e-05
6.914138793945312e-05
6.270408630371094e-05
8.702278137207031e-05
7.343292236328125e-05
0.00016379356384277344
1.7881393432617188e-05
7.677078247070312e-05
6.103515625e-05
7.104873657226562e-05
5.269050598144531e-05
4.935264587402344e-05
7.843971252441406e-05
5.2928924560546875e-05
5.9604644775390625e-05
7.271766662597656e-05
7.772445678710938e-05
4.6253204345703125e-05
9.632110595703125e-05
4.76837158203125e-05
7.82012939453125e-05
0.00011181831359863281
8.106231689453125e-05
6.008148193359375e-05
6.008148193359375e-05
8.7738037109375e-05
5.888938903808594e-05
0.00022101402282714844
5.054473876953125e-05
1.4066696166992188e-05
9.1552734375e-05
2.0742416381835938e-05
7.176399230957031e-05
7.843971252441406e-05
1.430511474609375e-05
0.00010466575622558594
6.604194641113281e-05
0.00013756752014160156
8.058547973632812e-05
7.176399230957031e-05
5.8650970458984375e-05
6.818771362304688e-05
8.034706115722656e-05
9.369850158691406e-05
5.14984130859375e-05
4.9114227294921875e-05
7.82012939453125e-05
5.1021575927734375e-05
0.00011944770812988281
2.9087066650390625e-05
6.628036499023438e-05
7.009506225585938e-05
0.00010609626770019531
6.127357482910156e-05
4.744529724121094e-05
6.008148193359375e-05
0.00011944770812988281
4.887580871582031e-05
0.00012636184692382812
1.430511474609375e-05
8.678436279296875e-05
1.9550323486328125e-05
0.0001010894775390625
5.650520324707031e-05
8.440017700195312e-05
5.53131103515625e-05
6.961822509765625e-05
5.054473876953125e-05
4.696846008300781e-05
4.792213439941406e-05
9.322166442871094e-05
4.863739013671875e-05
4.744529724121094e-05
5.650520324707031e-05
5.91278076171875e-05
8.153915405273438e-05
5.6743621826171875e-05
0.00011610984802246094
1.6689300537109375e-05
6.604194641113281e-05
6.365776062011719e-05
5.2928924560546875e-05
8.416175842285156e-05
6.222724914550781e-05
5.793571472167969e-05
5.4836273193359375e-05
6.985664367675781e-05
5.5789947509765625e-05
4.696846008300781e-05
5.459785461425781e-05
7.62939453125e-05
0.00015234947204589844
7.319450378417969e-05
6.580352783203125e-05
6.461143493652344e-05
9.298324584960938e-05
1.8596649169921875e-05
6.67572021484375e-05
7.224082946777344e-05
8.916854858398438e-05
1.7404556274414062e-05
6.508827209472656e-05
5.7697296142578125e-05
8.535385131835938e-05
8.344650268554688e-05
1.7642974853515625e-05
9.989738464355469e-05
5.3882598876953125e-05
0.00012111663818359375
8.988380432128906e-05
7.081031799316406e-05
8.368492126464844e-05
5.817413330078125e-05
0.00011968612670898438
0.00010609626770019531
2.288818359375e-05
6.0558319091796875e-05
2.3365020751953125e-05
3.0040740966796875e-05
0.00010991096496582031
1.8358230590820312e-05
6.67572021484375e-05
6.175041198730469e-05
2.0742416381835938e-05
0.00012564659118652344
5.602836608886719e-05
7.390975952148438e-05
0.00010895729064941406
9.846687316894531e-05
7.462501525878906e-05
6.866455078125e-05
7.534027099609375e-05
6.794929504394531e-05
6.29425048828125e-05
6.008148193359375e-05
7.724761962890625e-05
9.036064147949219e-05
6.008148193359375e-05
7.486343383789062e-05
0.00012302398681640625
6.747245788574219e-05
6.67572021484375e-05
9.036064147949219e-05
1.71661376953125e-05
5.9604644775390625e-05
9.179115295410156e-05
7.128715515136719e-05
7.534027099609375e-05
6.890296936035156e-05
5.221366882324219e-05
5.340576171875e-05
6.29425048828125e-05
0.00010132789611816406
7.224082946777344e-05
5.364418029785156e-05
5.054473876953125e-05
5.364418029785156e-05
5.1021575927734375e-05
5.745887756347656e-05
7.104873657226562e-05
8.96453857421875e-05
5.364418029785156e-05
4.982948303222656e-05
7.319450378417969e-05
5.6743621826171875e-05
