303	id-00000	8	10	1	3	1700.0	1700.0	1700.1	1700.4329	1703.0	12.355	COMPLETED
303	id-00001	10	12	1	1	1700.0	1700.0	1700.1	1701.0	1701.0	15.444	EXPIRED
303	id-00002	6	11	1	5	1702.0	1702.0	1702.05	1702.4454	1707.0	4.633	COMPLETED
303	id-00003	9	15	1	3	1703.0	1703.0	1703.15	1703.4948	1706.0	20.849	COMPLETED
303	id-00004	4	2	2	1	1703.0	1703.0	1703.3	1704.0	1704.0	18.533	EXPIRED
303	id-00005	5	9	7	2	1703.0	1703.0	1704.05	1705.0	1705.0	81.081	EXPIRED
303	id-00006	9	4	6	2	1705.0	1705.0	1705.3	1705.5849	1707.0	41.699	COMPLETED
303	id-00007	5	8	4	3	1706.0	1706.0	1706.2	1706.4523	1709.0	15.444	COMPLETED
303	id-00008	4	7	10	1	1709.0	1709.0	1709.5	1710.0	1710.0	30.888	EXPIRED
303	id-00009	3	6	9	1	1711.0	1711.0	1711.9	1712.0	1712.0	41.699	EXPIRED
303	id-00010	8	2	5	4	1711.0	1711.0	1711.5	1711.9847	1715.0	61.776	COMPLETED
303	id-00011	4	6	2	2	1712.0	1712.0	1712.1	1712.3485	1714.0	6.178	COMPLETED
303	id-00012	7	6	5	5	1714.0	1714.0	1714.25	1714.5072	1719.0	27.027	COMPLETED
303	id-00013	3	5	9	3	1715.0	1715.0	1715.9	1716.1989	1718.0	41.699	COMPLETED
303	id-00014	2	3	9	4	1715.0	1715.0	1715.9	1716.0873	1719.0	27.799	COMPLETED
303	id-00015	1	2	10	1	1717.0	1717.0	1717.5	1718.0	1718.0	7.722	EXPIRED
303	id-00016	6	10	4	4	1719.0	1719.0	1719.2	1719.4986	1723.0	18.533	COMPLETED
303	id-00017	10	5	4	1	1720.0	1720.0	1720.4	1721.0	1721.0	61.776	EXPIRED
303	id-00018	5	4	10	3	1720.0	1720.0	1721.0	1721.3469	1723.0	77.22	COMPLETED
303	id-00019	7	8	8	1	1722.0	1722.0	1723.2	1723.0	1723.0	129.73	EXPIRED
303	id-00020	2	2	1	4	1722.0	1722.0	1722.15	1722.5863	1726.0	4.633	COMPLETED
303	id-00021	8	11	3	1	1722.0	1722.0	1722.45	1723.0	1723.0	55.598	EXPIRED
303	id-00022	5	9	4	5	1724.0	1724.0	1724.2	1724.6446	1729.0	15.444	COMPLETED
303	id-00023	5	2	6	5	1725.0	1725.0	1725.3	1725.6645	1730.0	23.166	COMPLETED
303	id-00024	10	7	7	2	1726.0	1726.0	1727.05	1728.0	1728.0	162.162	EXPIRED
303	id-00025	2	4	10	5	1726.0	1726.0	1727.5	1727.8825	1731.0	46.332	COMPLETED
303	id-00026	3	5	3	1	1726.0	1726.0	1726.45	1727.0	1727.0	20.849	EXPIRED
303	id-00027	9	7	6	2	1728.0	1728.0	1728.6	1728.7445	1730.0	83.398	COMPLETED
303	id-00028	5	4	1	4	1728.0	1728.0	1728.1	1728.2927	1732.0	7.722	COMPLETED
303	id-00029	10	17	1	1	1729.0	1729.0	1729.05	1730.0	1730.0	7.722	EXPIRED
303	id-00030	5	2	5	3	1732.0	1732.0	1732.75	1733.2371	1735.0	57.915	COMPLETED
303	id-00031	9	11	9	1	1732.0	1732.0	1733.35	1733.0	1733.0	187.645	EXPIRED
303	id-00032	4	4	7	5	1732.0	1732.0	1733.05	1733.3341	1737.0	64.865	COMPLETED
303	id-00033	8	9	2	5	1733.0	1735.0	1735.29	1735.6879	1738.0	35.83	COMPLETED
303	id-00034	7	2	4	2	1735.0	1735.0	1735.57	1736.0274	1737.0	61.622	COMPLETED
303	id-00035	3	5	3	3	1735.0	1735.0	1735.43	1735.8438	1738.0	15.869	COMPLETED
303	id-00036	3	4	7	3	1736.0	1736.0	1736.33	1736.6664	1739.0	12.178	COMPLETED
303	id-00037	10	16	2	5	1739.0	1739.0	1739.1	1739.3681	1744.0	14.501	COMPLETED
303	id-00038	10	11	5	1	1740.0	1740.0	1740.75	1741.0	1741.0	115.83	EXPIRED
303	id-00039	3	3	4	2	1740.0	1740.0	1740.6	1740.9918	1742.0	27.799	COMPLETED
303	id-00040	6	7	9	4	1740.0	1740.0	1741.35	1741.7997	1744.0	125.096	COMPLETED
303	id-00041	9	10	6	1	1741.0	1741.0	1741.43	1742.0	1742.0	59.768	EXPIRED
303	id-00042	1	2	3	3	1743.0	1743.0	1743.43	1743.8244	1746.0	6.641	COMPLETED
303	id-00043	2	3	6	2	1743.0	1743.0	1743.86	1744.0535	1745.0	26.564	COMPLETED
303	id-00044	9	11	2	4	1747.0	1747.0	1747.1	1747.289	1751.0	13.9	COMPLETED
303	id-00045	10	15	7	1	1748.0	1748.0	1748.7	1749.0	1749.0	108.108	EXPIRED
303	id-00046	7	12	9	1	1748.0	1748.0	1748.9	1749.0	1749.0	97.297	EXPIRED
303	id-00047	3	5	7	4	1750.0	1750.0	1750.35	1750.5577	1754.0	16.216	COMPLETED
303	id-00048	3	2	10	2	1753.0	1753.0	1753.5	1753.9133	1755.0	23.166	COMPLETED
303	id-00049	4	3	7	1	1754.0	1754.0	1754.7	1755.0	1755.0	43.243	EXPIRED
303	id-00050	9	17	2	2	1754.0	1754.0	1754.2	1754.5671	1756.0	27.799	COMPLETED
303	id-00051	1	2	10	4	1755.0	1755.0	1756.0	1756.2318	1759.0	15.444	COMPLETED
303	id-00052	9	4	9	5	1755.0	1755.0	1755.9	1756.2202	1760.0	125.096	COMPLETED
303	id-00053	9	12	4	1	1757.0	1757.0	1757.4	1758.0	1758.0	55.598	EXPIRED
303	id-00054	9	2	10	4	1757.0	1757.0	1758.0	1758.1976	1761.0	138.996	COMPLETED
303	id-00055	6	8	7	1	1759.0	1759.0	1759.7	1760.0	1760.0	64.865	EXPIRED
303	id-00056	3	6	10	5	1759.0	1759.0	1760.0	1760.1362	1764.0	46.332	COMPLETED
303	id-00057	1	2	8	1	1760.0	1760.0	1760.8	1761.0	1761.0	12.355	EXPIRED
303	id-00058	3	5	6	3	1760.0	1760.0	1760.6	1761.0591	1763.0	27.799	COMPLETED
303	id-00059	5	5	3	5	1763.0	1763.0	1763.15	1763.3	1768.0	11.583	COMPLETED
303	id-00060	10	11	10	3	1764.0	1764.0	1764.5	1764.9143	1767.0	77.22	COMPLETED
303	id-00061	5	5	1	1	1765.0	1765.0	1765.05	1766.0	1766.0	3.861	EXPIRED
303	id-00062	2	3	2	3	1767.0	1767.0	1767.1	1767.4167	1770.0	3.089	COMPLETED
303	id-00063	10	6	9	5	1768.0	1768.0	1768.9	1769.2172	1773.0	138.996	COMPLETED
303	id-00064	4	4	2	4	1768.0	1768.0	1768.2	1768.4618	1772.0	12.355	COMPLETED
303	id-00065	5	6	3	4	1769.0	1769.0	1769.15	1769.5403	1773.0	11.583	COMPLETED
303	id-00066	1	2	10	5	1770.0	1770.0	1770.5	1770.9756	1775.0	7.722	COMPLETED
303	id-00067	7	4	6	4	1773.0	1773.0	1773.3	1773.6727	1777.0	32.432	COMPLETED
303	id-00068	4	7	3	2	1774.0	1774.0	1774.3	1774.6469	1776.0	18.533	COMPLETED
303	id-00069	4	6	10	4	1774.0	1774.0	1775.0	1775.1634	1778.0	61.776	COMPLETED
303	id-00070	3	4	5	5	1775.0	1775.0	1775.25	1775.3907	1780.0	11.583	COMPLETED
303	id-00071	5	4	10	2	1777.0	1777.0	1777.5	1777.9522	1779.0	38.61	COMPLETED
303	id-00072	5	6	10	1	1778.0	1778.0	1778.5	1779.0	1779.0	38.61	EXPIRED
303	id-00073	10	6	7	2	1779.0	1779.0	1779.35	1779.7133	1781.0	54.054	COMPLETED
303	id-00074	9	6	7	3	1780.0	1780.0	1780.7	1781.1074	1783.0	97.297	COMPLETED
303	id-00075	9	15	1	4	1780.0	1780.0	1780.1	1780.3824	1784.0	13.9	COMPLETED
303	id-00076	3	6	6	4	1780.0	1780.0	1780.29	1780.4973	1784.0	10.702	COMPLETED
303	id-00077	10	9	7	3	1782.0	1782.0	1782.35	1782.8276	1785.0	54.054	COMPLETED
303	id-00078	6	3	5	4	1783.0	1783.0	1783.75	1783.9123	1787.0	69.498	COMPLETED
303	id-00079	3	3	8	5	1783.0	1783.0	1784.2	1784.3556	1788.0	55.598	COMPLETED
303	id-00080	7	13	10	4	1783.0	1783.0	1784.5	1784.8208	1787.0	162.162	COMPLETED
303	id-00081	9	10	7	2	1785.0	1785.0	1785.35	1785.5711	1787.0	48.649	COMPLETED
303	id-00082	5	2	9	1	1787.0	1787.0	1787.9	1788.0	1788.0	69.498	EXPIRED
303	id-00083	8	15	1	2	1787.0	1787.0	1787.1	1787.3284	1789.0	12.355	COMPLETED
303	id-00084	2	2	5	1	1788.0	1788.0	1788.5	1789.0	1789.0	15.444	EXPIRED
303	id-00085	1	2	3	1	1788.0	1788.0	1788.3	1789.0	1789.0	4.633	EXPIRED
303	id-00086	1	2	9	4	1792.0	1792.0	1793.35	1793.7352	1796.0	20.849	COMPLETED
303	id-00087	8	12	9	4	1792.0	1792.0	1793.35	1793.4684	1796.0	166.795	COMPLETED
303	id-00088	6	12	9	1	1792.0	1792.0	1793.35	1793.0	1793.0	125.096	EXPIRED
303	id-00089	10	3	9	2	1794.0	1794.0	1794.45	1794.5604	1796.0	69.498	COMPLETED
303	id-00090	10	14	6	1	1795.0	1795.0	1795.6	1796.0	1796.0	92.664	EXPIRED
303	id-00091	8	10	8	3	1795.0	1795.0	1795.8	1796.187	1798.0	98.842	COMPLETED
303	id-00092	6	3	7	1	1796.0	1796.0	1796.7	1797.0	1797.0	64.865	EXPIRED
303	id-00093	1	2	1	5	1796.0	1796.0	1796.1	1796.2826	1801.0	1.544	COMPLETED
303	id-00094	9	2	6	1	1798.0	1798.0	1798.3	1799.0	1799.0	41.699	EXPIRED
303	id-00095	9	9	5	1	1799.0	1799.0	1799.25	1800.0	1800.0	34.749	EXPIRED
303	id-00096	3	6	7	5	1802.0	1802.0	1802.7	1802.996	1807.0	32.432	COMPLETED
303	id-00097	4	5	5	4	1802.0	1802.0	1802.5	1802.6702	1806.0	30.888	COMPLETED
303	id-00098	6	10	5	2	1803.0	1803.0	1803.5	1803.9194	1805.0	46.332	COMPLETED
303	id-00099	2	2	1	5	1803.0	1803.0	1803.1	1803.3259	1808.0	3.089	COMPLETED
303	id-00100	9	12	5	1	1805.0	1805.0	1805.25	1806.0	1806.0	34.749	EXPIRED
303	id-00101	10	9	8	4	1806.0	1806.0	1806.4	1806.708	1810.0	61.776	COMPLETED
303	id-00102	3	3	4	5	1807.0	1807.0	1807.2	1807.5807	1812.0	9.266	COMPLETED
303	id-00103	5	3	5	4	1808.0	1808.0	1808.5	1808.616	1812.0	38.61	COMPLETED
303	id-00104	5	3	7	5	1808.0	1808.0	1808.7	1809.0408	1813.0	54.054	COMPLETED
303	id-00105	2	2	7	3	1813.0	1813.0	1813.7	1814.0167	1816.0	21.622	COMPLETED
303	id-00106	2	4	3	4	1813.0	1813.0	1813.3	1813.5861	1817.0	9.266	COMPLETED
303	id-00107	10	2	1	2	1814.0	1814.0	1814.05	1814.3791	1816.0	7.722	COMPLETED
303	id-00108	10	14	8	3	1822.0	1822.0	1822.4	1822.662	1825.0	61.776	COMPLETED
303	id-00109	8	3	7	3	1824.0	1824.0	1825.05	1825.1888	1827.0	129.73	COMPLETED
303	id-00110	7	11	4	2	1824.0	1824.0	1824.6	1825.0887	1826.0	64.865	COMPLETED
303	id-00111	5	9	9	4	1824.0	1824.0	1825.35	1825.5869	1828.0	104.247	COMPLETED
303	id-00112	7	5	6	2	1827.0	1827.0	1827.3	1827.7912	1829.0	32.432	COMPLETED
303	id-00113	5	10	3	3	1827.0	1827.0	1827.3	1827.7355	1830.0	23.166	COMPLETED
303	id-00114	10	9	10	5	1827.0	1827.0	1828.0	1828.1849	1832.0	154.44	COMPLETED
303	id-00115	3	3	10	2	1828.0	1828.0	1829.0	1829.2676	1830.0	46.332	COMPLETED
303	id-00116	7	2	9	1	1828.0	1828.0	1828.9	1829.0	1829.0	97.297	EXPIRED
303	id-00117	10	13	6	1	1829.0	1829.0	1829.6	1830.0	1830.0	92.664	EXPIRED
303	id-00118	8	14	6	2	1829.0	1829.0	1829.6	1829.9697	1831.0	74.131	COMPLETED
303	id-00119	8	7	1	5	1829.0	1829.0	1829.05	1829.2026	1834.0	6.178	COMPLETED
303	id-00120	3	5	5	5	1830.0	1830.0	1830.5	1830.9347	1835.0	23.166	COMPLETED
303	id-00121	7	7	1	1	1830.0	1830.0	1830.1	1831.0	1831.0	10.811	EXPIRED
303	id-00122	7	7	4	2	1831.0	1831.0	1831.2	1831.4573	1833.0	21.622	COMPLETED
303	id-00123	10	8	10	3	1832.0	1832.0	1833.0	1833.309	1835.0	154.44	COMPLETED
303	id-00124	5	2	10	5	1832.0	1832.0	1833.0	1833.4446	1837.0	77.22	COMPLETED
303	id-00125	3	3	8	3	1833.0	1833.0	1834.2	1834.691	1836.0	55.598	COMPLETED
303	id-00126	3	2	10	4	1833.0	1833.0	1834.5	1834.82	1837.0	69.498	COMPLETED
303	id-00127	3	2	1	1	1833.0	1833.0	1833.15	1834.0	1834.0	6.95	EXPIRED
303	id-00128	9	10	10	5	1835.0	1835.0	1835.5	1835.6166	1840.0	69.498	COMPLETED
303	id-00129	2	3	5	3	1836.0	1836.0	1836.25	1836.512	1839.0	7.722	COMPLETED
303	id-00130	2	2	1	2	1837.0	1837.0	1837.1	1837.467	1839.0	3.089	COMPLETED
303	id-00131	1	2	8	2	1837.0	1837.0	1837.8	1838.2688	1839.0	12.355	COMPLETED
303	id-00132	6	11	7	2	1838.0	1838.0	1838.35	1838.4734	1840.0	32.432	COMPLETED
303	id-00133	9	16	7	3	1839.0	1839.0	1839.35	1839.6306	1842.0	48.649	COMPLETED
303	id-00134	5	7	5	5	1841.0	1841.0	1841.25	1841.6298	1846.0	19.305	COMPLETED
303	id-00135	5	6	5	3	1842.0	1842.0	1842.25	1842.6725	1845.0	19.305	COMPLETED
303	id-00136	10	19	3	3	1845.0	1845.0	1845.3	1845.5275	1848.0	46.332	COMPLETED
303	id-00137	2	2	4	4	1845.0	1845.0	1845.6	1845.7812	1849.0	18.533	COMPLETED
303	id-00138	10	16	7	4	1845.0	1845.0	1845.7	1846.0362	1849.0	108.108	COMPLETED
303	id-00139	7	11	1	4	1845.0	1845.0	1845.15	1845.5298	1849.0	16.216	COMPLETED
303	id-00140	6	3	5	1	1845.0	1845.0	1845.75	1846.0	1846.0	69.498	EXPIRED
303	id-00141	3	4	10	1	1846.0	1846.0	1846.5	1847.0	1847.0	23.166	EXPIRED
303	id-00142	9	12	3	1	1848.0	1848.0	1848.15	1849.0	1849.0	20.849	EXPIRED
303	id-00143	2	3	9	2	1849.0	1849.0	1849.45	1849.616	1851.0	13.9	COMPLETED
303	id-00144	4	4	10	1	1850.0	1850.0	1851.0	1851.0	1851.0	61.776	EXPIRED
303	id-00145	4	3	9	1	1850.0	1850.0	1850.9	1851.0	1851.0	55.598	EXPIRED
303	id-00146	9	8	8	3	1851.0	1851.0	1851.4	1851.5495	1854.0	55.598	COMPLETED
303	id-00147	2	2	3	2	1852.0	1852.0	1852.45	1852.7283	1854.0	13.9	COMPLETED
303	id-00148	10	7	9	4	1852.0	1852.0	1853.35	1853.5036	1856.0	208.494	COMPLETED
303	id-00149	7	5	9	3	1852.0	1852.0	1853.35	1853.8188	1855.0	145.946	COMPLETED
303	id-00150	8	8	8	3	1853.0	1855.0	1855.8	1856.0	1856.0	98.842	EXPIRED
303	id-00151	5	8	5	1	1855.0	1855.0	1855.5	1856.0	1856.0	38.61	EXPIRED
303	id-00152	3	3	3	5	1856.0	1856.0	1856.15	1856.4592	1861.0	6.95	COMPLETED
303	id-00153	5	3	7	2	1858.0	1858.0	1858.35	1858.8462	1860.0	27.027	COMPLETED
303	id-00154	3	2	1	5	1861.0	1861.0	1861.15	1861.4866	1866.0	6.95	COMPLETED
303	id-00155	8	5	10	2	1861.0	1861.0	1861.5	1861.6726	1863.0	61.776	COMPLETED
303	id-00156	8	11	2	5	1861.0	1861.0	1861.3	1861.5941	1866.0	37.066	COMPLETED
303	id-00157	8	16	7	5	1861.0	1861.0	1862.05	1862.4216	1866.0	129.73	COMPLETED
303	id-00158	9	2	4	2	1862.0	1862.0	1862.33	1862.4588	1864.0	45.869	COMPLETED
303	id-00159	8	5	1	5	1863.0	1863.0	1863.08	1863.3338	1868.0	9.884	COMPLETED
303	id-00160	10	9	5	1	1865.0	1865.0	1865.25	1866.0	1866.0	38.61	EXPIRED
303	id-00161	5	9	2	3	1866.0	1866.0	1866.2	1866.3237	1869.0	15.444	COMPLETED
303	id-00162	9	2	7	3	1866.0	1866.0	1866.7	1867.0252	1869.0	97.297	COMPLETED
303	id-00163	9	4	10	2	1868.0	1868.0	1868.5	1868.8248	1870.0	69.498	COMPLETED
303	id-00164	2	2	1	3	1871.0	1871.0	1871.1	1871.4828	1874.0	3.089	COMPLETED
303	id-00165	1	2	7	2	1871.0	1871.0	1871.7	1871.8779	1873.0	10.811	COMPLETED
303	id-00166	4	6	6	2	1872.0	1872.0	1872.3	1872.6049	1874.0	18.533	COMPLETED
303	id-00167	9	12	5	1	1874.0	1874.0	1874.5	1875.0	1875.0	69.498	EXPIRED
303	id-00168	9	15	6	3	1874.0	1874.0	1874.6	1874.9382	1877.0	83.398	COMPLETED
303	id-00169	7	9	9	3	1875.0	1875.0	1875.45	1875.8747	1878.0	48.649	COMPLETED
303	id-00170	6	11	8	2	1876.0	1876.0	1876.4	1876.5515	1878.0	37.066	COMPLETED
303	id-00171	7	10	4	5	1878.0	1878.0	1878.6	1878.759	1883.0	64.865	COMPLETED
303	id-00172	2	2	9	3	1878.0	1878.0	1878.41	1878.8034	1881.0	4.933	COMPLETED
303	id-00173	10	13	4	3	1878.0	1878.0	1878.6	1878.9568	1881.0	92.664	COMPLETED
303	id-00174	2	3	8	5	1878.0	1878.0	1879.2	1879.5785	1883.0	37.066	COMPLETED
303	id-00175	9	2	1	2	1880.0	1880.0	1880.15	1880.4085	1882.0	20.849	COMPLETED
303	id-00176	1	2	7	1	1880.0	1880.0	1881.05	1881.0	1881.0	16.216	EXPIRED
303	id-00177	9	11	3	4	1880.0	1880.0	1880.45	1880.5655	1884.0	62.548	COMPLETED
303	id-00178	1	2	1	5	1881.0	1881.0	1881.16	1881.4556	1886.0	2.471	COMPLETED
303	id-00179	4	2	8	5	1881.0	1881.0	1882.26	1882.7035	1886.0	77.838	COMPLETED
303	id-00180	3	2	10	4	1881.0	1881.0	1882.58	1882.9534	1885.0	73.205	COMPLETED
303	id-00181	7	8	2	4	1885.0	1885.0	1885.2	1885.6028	1889.0	21.622	COMPLETED
303	id-00182	1	2	8	2	1885.0	1885.0	1885.8	1886.2109	1887.0	12.355	COMPLETED
303	id-00183	4	5	6	4	1886.0	1886.0	1886.3	1886.6771	1890.0	18.533	COMPLETED
303	id-00184	1	2	1	4	1887.0	1887.0	1887.1	1887.2447	1891.0	1.544	COMPLETED
303	id-00185	2	3	6	2	1887.0	1887.0	1887.6	1887.9807	1889.0	18.533	COMPLETED
303	id-00186	3	5	3	1	1888.0	1888.0	1888.15	1889.0	1889.0	6.95	EXPIRED
303	id-00187	4	8	7	3	1890.0	1890.0	1890.7	1891.1161	1893.0	43.243	COMPLETED
303	id-00188	1	2	4	2	1890.0	1890.0	1890.4	1890.7914	1892.0	6.178	COMPLETED
303	id-00189	8	10	2	5	1893.0	1893.0	1893.1	1893.5979	1898.0	12.355	COMPLETED
303	id-00190	1	2	9	4	1895.0	1895.0	1896.35	1896.7241	1899.0	20.849	COMPLETED
303	id-00191	8	14	5	4	1895.0	1895.0	1895.75	1896.2293	1899.0	92.664	COMPLETED
303	id-00192	1	2	10	1	1895.0	1895.0	1896.5	1896.0	1896.0	23.166	EXPIRED
303	id-00193	9	9	1	4	1896.0	1896.0	1896.06	1896.5542	1900.0	8.34	COMPLETED
303	id-00194	1	2	2	5	1898.0	1898.0	1898.22	1898.43	1903.0	3.398	COMPLETED
303	id-00195	10	17	9	5	1898.0	1898.0	1899.0	1899.3426	1903.0	154.44	COMPLETED
303	id-00196	9	7	6	2	1899.0	1899.0	1899.33	1899.7503	1901.0	45.869	COMPLETED
303	id-00197	3	6	9	1	1900.0	1900.0	1900.9	1901.0	1901.0	41.699	EXPIRED
303	id-00198	8	3	5	1	1900.0	1900.0	1900.5	1901.0	1901.0	61.776	EXPIRED
303	id-00199	1	2	5	4	1901.0	1901.0	1901.25	1901.7302	1905.0	3.861	COMPLETED
303	id-00200	1	2	1	4	1903.0	1903.0	1903.1	1903.2248	1907.0	1.544	COMPLETED
303	id-00201	7	13	7	5	1903.0	1903.0	1903.7	1903.9313	1908.0	75.676	COMPLETED
303	id-00202	1	2	4	1	1904.0	1904.0	1904.2	1905.0	1905.0	3.089	EXPIRED
303	id-00203	1	2	1	1	1905.0	1905.0	1905.05	1906.0	1906.0	0.772	EXPIRED
303	id-00204	9	11	5	5	1906.0	1906.0	1906.5	1906.6992	1911.0	69.498	COMPLETED
303	id-00205	10	16	7	3	1906.0	1906.0	1906.7	1906.8554	1909.0	108.108	COMPLETED
303	id-00206	8	6	3	4	1909.0	1909.0	1909.15	1909.4726	1913.0	18.533	COMPLETED
303	id-00207	8	9	5	4	1910.0	1910.0	1910.25	1910.4971	1914.0	30.888	COMPLETED
303	id-00208	9	2	2	3	1913.0	1913.0	1913.1	1913.2372	1916.0	13.9	COMPLETED
303	id-00209	4	7	8	3	1914.0	1914.0	1914.4	1914.7064	1917.0	24.71	COMPLETED
303	id-00210	5	9	10	5	1917.0	1917.0	1917.5	1917.8109	1922.0	38.61	COMPLETED
303	id-00211	3	6	6	1	1918.0	1918.0	1918.6	1919.0	1919.0	27.799	EXPIRED
303	id-00212	7	2	2	1	1918.0	1918.0	1918.2	1919.0	1919.0	21.622	EXPIRED
303	id-00213	8	9	7	4	1919.0	1919.0	1919.35	1919.5433	1923.0	43.243	COMPLETED
303	id-00214	8	6	1	4	1920.0	1920.0	1920.1	1920.2907	1924.0	12.355	COMPLETED
303	id-00215	6	10	5	5	1920.0	1920.0	1920.5	1920.7307	1925.0	46.332	COMPLETED
303	id-00216	3	6	3	5	1922.0	1922.0	1922.15	1922.3608	1927.0	6.95	COMPLETED
303	id-00217	7	13	8	2	1923.0	1923.0	1923.8	1924.1267	1925.0	86.486	COMPLETED
303	id-00218	9	9	1	3	1923.0	1923.0	1923.1	1923.3024	1926.0	13.9	COMPLETED
303	id-00219	8	7	3	2	1925.0	1925.0	1925.15	1925.3063	1927.0	18.533	COMPLETED
303	id-00220	3	3	10	1	1926.0	1926.0	1926.5	1927.0	1927.0	23.166	EXPIRED
303	id-00221	7	13	6	3	1927.0	1927.0	1927.9	1928.2529	1930.0	97.297	COMPLETED
303	id-00222	7	2	4	4	1927.0	1927.0	1927.6	1927.8365	1931.0	64.865	COMPLETED
303	id-00223	8	10	4	4	1927.0	1927.0	1927.35	1927.7597	1931.0	43.243	COMPLETED
303	id-00224	6	10	9	5	1927.0	1927.0	1928.35	1928.7411	1932.0	125.096	COMPLETED
303	id-00225	8	8	3	1	1927.0	1927.0	1927.26	1928.0	1928.0	24.77	EXPIRED
303	id-00226	3	3	9	5	1928.0	1928.0	1929.93	1930.2474	1933.0	89.421	COMPLETED
303	id-00227	5	10	1	4	1928.0	1928.0	1928.21	1928.7005	1932.0	16.216	COMPLETED
303	id-00228	3	6	10	4	1928.0	1928.0	1930.14	1930.4401	1932.0	99.15	COMPLETED
303	id-00229	2	2	10	2	1929.0	1929.0	1931.5	1931.0	1931.0	77.22	EXPIRED
303	id-00230	5	8	9	4	1929.0	1929.0	1931.25	1931.4187	1933.0	173.745	COMPLETED
303	id-00231	1	2	5	5	1930.0	1930.0	1930.5	1930.7928	1935.0	7.722	COMPLETED
303	id-00232	2	2	3	4	1934.0	1934.0	1934.3	1934.6389	1938.0	9.266	COMPLETED
303	id-00233	10	15	7	4	1935.0	1935.0	1935.35	1935.8204	1939.0	54.054	COMPLETED
303	id-00234	8	4	10	2	1937.0	1937.0	1937.5	1937.8663	1939.0	61.776	COMPLETED
303	id-00235	9	12	4	4	1938.0	1938.0	1938.4	1938.645	1942.0	55.598	COMPLETED
303	id-00236	2	2	6	3	1938.0	1938.0	1938.6	1939.0955	1941.0	18.533	COMPLETED
303	id-00237	3	3	4	4	1941.0	1941.0	1941.2	1941.3006	1945.0	9.266	COMPLETED
303	id-00238	10	15	1	4	1943.0	1943.0	1943.1	1943.2636	1947.0	15.444	COMPLETED
303	id-00239	10	3	7	3	1943.0	1943.0	1943.7	1943.8233	1946.0	108.108	COMPLETED
303	id-00240	1	2	1	5	1944.0	1944.0	1944.1	1944.2833	1949.0	1.544	COMPLETED
303	id-00241	10	20	8	1	1944.0	1944.0	1944.8	1945.0	1945.0	123.552	EXPIRED
303	id-00242	9	11	5	4	1945.0	1945.0	1945.25	1945.677	1949.0	34.749	COMPLETED
303	id-00243	2	4	3	4	1946.0	1946.0	1946.15	1946.5956	1950.0	4.633	COMPLETED
303	id-00244	7	13	9	2	1948.0	1948.0	1948.45	1948.6874	1950.0	48.649	COMPLETED
303	id-00245	3	4	8	1	1949.0	1949.0	1950.2	1950.0	1950.0	55.598	EXPIRED
303	id-00246	2	4	2	2	1949.0	1949.0	1949.3	1949.6649	1951.0	9.266	COMPLETED
303	id-00247	5	8	3	3	1949.0	1949.0	1949.45	1949.9038	1952.0	34.749	COMPLETED
303	id-00248	8	14	10	4	1950.0	1950.0	1950.59	1950.9555	1954.0	72.896	COMPLETED
303	id-00249	1	2	5	5	1951.0	1951.0	1951.29	1951.4803	1956.0	4.479	COMPLETED
303	id-00250	9	10	5	3	1953.0	1953.0	1953.59	1954.0311	1956.0	82.008	COMPLETED
303	id-00251	6	7	6	3	1953.0	1953.0	1953.71	1953.979	1956.0	65.791	COMPLETED
303	id-00252	2	4	5	1	1956.0	1956.0	1956.25	1957.0	1957.0	7.722	EXPIRED
303	id-00253	1	2	4	1	1958.0	1958.0	1958.2	1959.0	1959.0	3.089	EXPIRED
303	id-00254	3	5	9	5	1960.0	1960.0	1960.9	1961.2324	1965.0	41.699	COMPLETED
303	id-00255	5	8	4	2	1960.0	1960.0	1960.4	1960.7543	1962.0	30.888	COMPLETED
303	id-00256	1	2	7	5	1962.0	1962.0	1962.7	1963.1287	1967.0	10.811	COMPLETED
303	id-00257	2	3	8	3	1962.0	1962.0	1962.8	1963.2067	1965.0	24.71	COMPLETED
303	id-00258	6	8	8	2	1963.0	1963.0	1963.8	1964.0174	1965.0	74.131	COMPLETED
303	id-00259	4	3	3	4	1963.0	1963.0	1963.3	1963.4834	1967.0	18.533	COMPLETED
303	id-00260	7	2	8	3	1965.0	1965.0	1965.8	1966.0184	1968.0	86.486	COMPLETED
303	id-00261	6	9	2	2	1965.0	1965.0	1965.2	1965.5594	1967.0	18.533	COMPLETED
303	id-00262	1	2	2	2	1966.0	1966.0	1966.1	1966.4934	1968.0	1.544	COMPLETED
303	id-00263	3	2	6	3	1967.0	1967.0	1967.3	1967.6234	1970.0	13.9	COMPLETED
303	id-00264	7	2	5	3	1969.0	1969.0	1969.5	1969.8091	1972.0	54.054	COMPLETED
303	id-00265	8	13	6	5	1969.0	1969.0	1969.6	1970.0566	1974.0	74.131	COMPLETED
303	id-00266	9	4	9	5	1970.0	1970.0	1970.45	1970.8075	1975.0	62.548	COMPLETED
303	id-00267	7	14	7	2	1973.0	1973.0	1974.05	1975.0	1975.0	113.513	EXPIRED
303	id-00268	6	8	7	5	1973.0	1973.0	1974.05	1974.3633	1978.0	97.297	COMPLETED
303	id-00269	4	4	8	2	1973.0	1973.0	1974.2	1975.0	1975.0	74.131	EXPIRED
303	id-00270	9	7	9	3	1974.0	1975.0	1976.35	1977.0	1977.0	187.645	EXPIRED
303	id-00271	2	3	7	2	1975.0	1975.0	1976.05	1977.0	1977.0	32.432	EXPIRED
303	id-00272	4	2	4	4	1975.0	1975.0	1975.6	1975.8291	1979.0	37.066	COMPLETED
303	id-00273	6	4	10	5	1976.0	1976.0	1976.5	1976.6585	1981.0	46.332	COMPLETED
303	id-00274	7	5	6	5	1976.0	1976.0	1976.67	1977.0142	1981.0	72.432	COMPLETED
303	id-00275	10	5	10	4	1977.0	1979.0	1980.0	1980.3036	1981.0	154.44	COMPLETED
303	id-00276	5	5	10	5	1979.0	1979.0	1979.48	1979.9125	1984.0	32.54	COMPLETED
303	id-00277	6	9	1	1	1979.0	1979.0	1979.1	1980.0	1980.0	9.266	EXPIRED
303	id-00278	5	10	3	5	1979.0	1979.0	1979.33	1979.648	1984.0	25.483	COMPLETED
303	id-00279	3	6	1	3	1980.0	1980.0	1980.05	1980.5439	1983.0	2.317	COMPLETED
303	id-00280	4	6	10	2	1981.0	1981.0	1982.0	1982.3379	1983.0	61.776	COMPLETED
303	id-00281	7	12	6	1	1981.0	1981.0	1981.6	1982.0	1982.0	64.865	EXPIRED
303	id-00282	3	2	8	3	1984.0	1984.0	1984.4	1984.5062	1987.0	18.533	COMPLETED
303	id-00283	10	9	8	2	1984.0	1984.0	1984.8	1985.133	1986.0	123.552	COMPLETED
303	id-00284	10	18	10	5	1984.0	1984.0	1985.0	1985.3922	1989.0	154.44	COMPLETED
303	id-00285	9	7	3	4	1988.0	1988.0	1988.15	1988.5807	1992.0	20.849	COMPLETED
303	id-00286	6	11	10	4	1990.0	1990.0	1991.43	1991.7475	1994.0	132.51	COMPLETED
303	id-00287	7	10	2	3	1990.0	1990.0	1990.29	1990.4912	1993.0	31.351	COMPLETED
303	id-00288	7	6	3	4	1990.0	1990.0	1990.43	1990.6395	1994.0	42.432	COMPLETED
303	id-00289	8	6	6	2	1991.0	1991.0	1991.3	1991.6345	1993.0	37.066	COMPLETED
303	id-00290	8	10	10	1	1991.0	1991.0	1991.67	1992.0	1992.0	76.463	EXPIRED
303	id-00291	2	3	2	3	1992.0	1992.0	1992.13	1992.5616	1995.0	2.79	COMPLETED
303	id-00292	8	5	1	1	1993.0	1993.0	1993.07	1994.0	1994.0	7.989	EXPIRED
303	id-00293	8	14	1	4	1997.0	1997.0	1997.1	1997.3657	2001.0	12.355	COMPLETED
303	id-00294	5	6	7	2	1997.0	1997.0	1997.7	1997.8893	1999.0	54.054	COMPLETED
303	id-00295	1	2	1	5	1998.0	1998.0	1998.15	1998.4224	2003.0	2.317	COMPLETED
303	id-00296	4	7	9	5	1998.0	1998.0	1999.35	1999.5094	2003.0	83.398	COMPLETED
303	id-00297	8	9	6	3	1998.0	1998.0	1998.9	1999.3487	2001.0	111.197	COMPLETED
303	id-00298	6	10	2	3	1999.0	1999.0	1999.25	1999.4721	2002.0	23.166	COMPLETED
303	id-00299	9	8	4	3	1999.0	1999.0	1999.5	1999.6227	2002.0	69.498	COMPLETED
303	id-00300	8	12	5	1	2000.0	2000.0	2000.5	2001.0	2001.0	61.776	EXPIRED
303	id-00301	1	2	1	5	2000.0	2000.0	2000.1	2000.237	2005.0	1.544	COMPLETED
303	id-00302	8	3	8	2	2001.0	2001.0	2001.4	2003.0	2003.0	None	SUBMITTED
