311	id-00000	3	6	7	1	1704.0	1704.0	1705.05	1705.0	1705.0	48.649	EXPIRED
311	id-00001	3	4	2	5	1704.0	1704.0	1704.3	1704.6343	1709.0	13.9	COMPLETED
311	id-00002	7	9	7	5	1704.0	1704.0	1705.05	1705.5286	1709.0	113.513	COMPLETED
311	id-00003	6	10	4	1	1705.0	1705.0	1705.4	1706.0	1706.0	37.066	EXPIRED
311	id-00004	9	14	2	1	1706.0	1706.0	1706.2	1707.0	1707.0	27.799	EXPIRED
311	id-00005	2	4	6	1	1706.0	1706.0	1706.27	1707.0	1707.0	3.249	EXPIRED
311	id-00006	6	10	10	3	1707.0	1707.0	1708.0	1708.4042	1710.0	92.664	COMPLETED
311	id-00007	7	2	3	2	1708.0	1708.0	1708.3	1708.6957	1710.0	32.432	COMPLETED
311	id-00008	6	11	5	5	1709.0	1709.0	1709.5	1709.6627	1714.0	46.332	COMPLETED
311	id-00009	5	7	10	1	1710.0	1710.0	1711.0	1711.0	1711.0	77.22	EXPIRED
311	id-00010	6	3	7	1	1710.0	1710.0	1710.7	1711.0	1711.0	64.865	EXPIRED
311	id-00011	5	6	10	2	1711.0	1711.0	1712.0	1712.2352	1713.0	77.22	COMPLETED
311	id-00012	9	10	10	4	1711.0	1711.0	1712.0	1712.3856	1715.0	138.996	COMPLETED
311	id-00013	9	18	7	2	1712.0	1712.0	1712.35	1712.5303	1714.0	48.649	COMPLETED
311	id-00014	9	12	9	5	1713.0	1713.0	1713.9	1714.3961	1718.0	125.096	COMPLETED
311	id-00015	5	8	2	4	1713.0	1713.0	1713.2	1713.3229	1717.0	15.444	COMPLETED
311	id-00016	1	2	4	1	1717.0	1717.0	1717.4	1718.0	1718.0	6.178	EXPIRED
311	id-00017	4	6	7	2	1717.0	1717.0	1717.7	1717.9281	1719.0	43.243	COMPLETED
311	id-00018	8	15	3	5	1718.0	1718.0	1718.15	1718.4106	1723.0	18.533	COMPLETED
311	id-00019	5	5	5	2	1719.0	1719.0	1719.25	1719.4508	1721.0	19.305	COMPLETED
311	id-00020	6	2	3	4	1720.0	1720.0	1720.15	1720.5843	1724.0	13.9	COMPLETED
311	id-00021	10	2	10	4	1721.0	1721.0	1721.5	1721.6797	1725.0	77.22	COMPLETED
311	id-00022	5	2	8	1	1724.0	1724.0	1724.4	1725.0	1725.0	30.888	EXPIRED
311	id-00023	1	2	6	3	1726.0	1726.0	1726.3	1726.5848	1729.0	4.633	COMPLETED
311	id-00024	4	8	10	4	1727.0	1727.0	1728.5	1728.8185	1731.0	92.664	COMPLETED
311	id-00025	7	9	7	2	1727.0	1727.0	1728.05	1729.0	1729.0	113.513	EXPIRED
311	id-00026	1	2	6	3	1727.0	1727.0	1727.9	1728.2929	1730.0	13.9	COMPLETED
311	id-00027	5	3	2	3	1728.0	1728.0	1728.22	1728.4201	1731.0	16.988	COMPLETED
311	id-00028	7	9	9	2	1729.0	1729.0	1730.0	1730.2065	1731.0	108.108	COMPLETED
311	id-00029	10	15	9	2	1730.0	1730.0	1730.45	1730.7635	1732.0	69.498	COMPLETED
311	id-00030	6	8	7	4	1732.0	1732.0	1732.35	1732.7878	1736.0	32.432	COMPLETED
311	id-00031	3	2	2	1	1734.0	1734.0	1734.1	1735.0	1735.0	4.633	EXPIRED
311	id-00032	4	2	8	1	1735.0	1735.0	1735.76	1736.0	1736.0	46.95	EXPIRED
311	id-00033	2	2	9	1	1735.0	1735.0	1735.86	1736.0	1736.0	18.456	EXPIRED
311	id-00034	6	4	10	1	1736.0	1736.0	1736.48	1737.0	1737.0	39.953	EXPIRED
311	id-00035	3	2	1	3	1737.0	1737.0	1737.05	1737.3273	1740.0	1.845	COMPLETED
311	id-00036	3	4	4	5	1739.0	1739.0	1739.19	1739.5238	1744.0	7.012	COMPLETED
311	id-00037	1	2	5	1	1740.0	1740.0	1740.25	1741.0	1741.0	3.861	EXPIRED
311	id-00038	3	5	2	3	1741.0	1741.0	1741.4	1741.7931	1744.0	18.533	COMPLETED
311	id-00039	2	2	10	4	1741.0	1741.0	1743.0	1743.3376	1745.0	61.776	COMPLETED
311	id-00040	8	14	10	1	1741.0	1741.0	1743.0	1742.0	1742.0	247.104	EXPIRED
311	id-00041	1	2	4	4	1741.0	1741.0	1741.8	1742.0039	1745.0	12.355	COMPLETED
311	id-00042	6	3	5	1	1744.0	1744.0	1744.25	1745.0	1745.0	23.166	EXPIRED
311	id-00043	1	2	10	4	1746.0	1746.0	1746.5	1746.7291	1750.0	7.722	COMPLETED
311	id-00044	2	2	4	5	1747.0	1747.0	1747.6	1747.7339	1752.0	18.533	COMPLETED
311	id-00045	1	2	1	2	1747.0	1747.0	1747.15	1747.4779	1749.0	2.317	COMPLETED
311	id-00046	6	7	7	1	1747.0	1747.0	1748.05	1748.0	1748.0	97.297	EXPIRED
311	id-00047	10	19	8	2	1749.0	1749.0	1749.4	1749.7498	1751.0	61.776	COMPLETED
311	id-00048	10	4	5	2	1750.0	1750.0	1750.5	1750.7932	1752.0	77.22	COMPLETED
311	id-00049	7	11	9	3	1750.0	1750.0	1750.9	1751.208	1753.0	97.297	COMPLETED
311	id-00050	4	4	7	3	1751.0	1751.0	1751.35	1751.6807	1754.0	21.622	COMPLETED
311	id-00051	8	11	1	4	1752.0	1752.0	1752.15	1752.5262	1756.0	18.533	COMPLETED
311	id-00052	3	6	4	3	1752.0	1752.0	1752.6	1752.8872	1755.0	27.799	COMPLETED
311	id-00053	4	3	9	4	1752.0	1752.0	1753.35	1753.7299	1756.0	83.398	COMPLETED
311	id-00054	9	2	4	1	1753.0	1753.0	1753.75	1754.0	1754.0	104.247	EXPIRED
311	id-00055	4	8	10	1	1753.0	1753.0	1754.88	1754.0	1754.0	116.139	EXPIRED
311	id-00056	1	2	3	5	1753.0	1753.0	1753.56	1753.9724	1758.0	8.649	COMPLETED
311	id-00057	3	3	5	2	1755.0	1755.0	1755.25	1755.4866	1757.0	11.583	COMPLETED
311	id-00058	4	6	1	5	1757.0	1757.0	1757.1	1757.4786	1762.0	6.178	COMPLETED
311	id-00059	9	8	10	1	1757.0	1757.0	1758.0	1758.0	1758.0	138.996	EXPIRED
311	id-00060	7	8	7	5	1758.0	1758.0	1758.35	1758.671	1763.0	37.838	COMPLETED
311	id-00061	5	5	10	3	1759.0	1759.0	1759.5	1759.7749	1762.0	38.61	COMPLETED
311	id-00062	8	6	5	4	1760.0	1760.0	1760.25	1760.5436	1764.0	30.888	COMPLETED
311	id-00063	1	2	2	4	1761.0	1761.0	1761.1	1761.4198	1765.0	1.544	COMPLETED
311	id-00064	1	2	8	3	1763.0	1763.0	1763.8	1763.9435	1766.0	12.355	COMPLETED
311	id-00065	5	10	7	5	1763.0	1763.0	1763.7	1764.1591	1768.0	54.054	COMPLETED
311	id-00066	7	12	1	5	1765.0	1765.0	1765.05	1765.2079	1770.0	5.405	COMPLETED
311	id-00067	5	5	10	3	1766.0	1766.0	1767.0	1767.3569	1769.0	77.22	COMPLETED
311	id-00068	1	2	6	4	1766.0	1766.0	1766.6	1767.0057	1770.0	9.266	COMPLETED
311	id-00069	2	2	4	4	1768.0	1768.0	1768.4	1768.709	1772.0	12.355	COMPLETED
311	id-00070	8	8	3	1	1768.0	1768.0	1768.3	1769.0	1769.0	37.066	EXPIRED
311	id-00071	3	2	10	3	1770.0	1770.0	1771.0	1771.4196	1773.0	46.332	COMPLETED
311	id-00072	9	16	10	5	1770.0	1770.0	1771.0	1771.1514	1775.0	138.996	COMPLETED
311	id-00073	9	14	1	5	1771.0	1771.0	1771.05	1771.2341	1776.0	6.95	COMPLETED
311	id-00074	2	2	5	5	1772.0	1772.0	1772.25	1772.671	1777.0	7.722	COMPLETED
311	id-00075	8	15	5	4	1774.0	1774.0	1774.5	1774.8304	1778.0	61.776	COMPLETED
311	id-00076	2	2	3	2	1774.0	1774.0	1774.3	1774.4487	1776.0	9.266	COMPLETED
311	id-00077	4	6	10	2	1775.0	1775.0	1776.0	1776.4509	1777.0	61.776	COMPLETED
311	id-00078	1	2	7	4	1775.0	1775.0	1775.7	1775.9637	1779.0	10.811	COMPLETED
311	id-00079	8	2	7	4	1776.0	1776.0	1777.05	1777.4033	1780.0	129.73	COMPLETED
311	id-00080	2	4	8	2	1776.0	1776.0	1777.2	1778.0	1778.0	37.066	EXPIRED
311	id-00081	4	8	9	3	1776.0	1776.0	1777.35	1777.6575	1779.0	83.398	COMPLETED
311	id-00082	8	5	8	5	1779.0	1779.0	1779.4	1779.593	1784.0	49.421	COMPLETED
311	id-00083	9	13	2	3	1780.0	1780.0	1780.1	1780.2038	1783.0	13.9	COMPLETED
311	id-00084	6	11	2	2	1781.0	1781.0	1781.2	1781.4483	1783.0	18.533	COMPLETED
311	id-00085	4	3	6	4	1781.0	1781.0	1781.6	1781.9953	1785.0	37.066	COMPLETED
311	id-00086	8	2	4	5	1782.0	1782.0	1782.2	1782.6587	1787.0	24.71	COMPLETED
311	id-00087	5	4	10	3	1783.0	1783.0	1784.0	1784.1795	1786.0	77.22	COMPLETED
311	id-00088	2	4	1	1	1783.0	1783.0	1783.1	1784.0	1784.0	3.089	EXPIRED
311	id-00089	7	13	5	5	1784.0	1784.0	1784.25	1784.436	1789.0	27.027	COMPLETED
311	id-00090	7	4	8	1	1785.0	1785.0	1785.4	1786.0	1786.0	43.243	EXPIRED
311	id-00091	5	2	1	5	1786.0	1786.0	1786.15	1786.6243	1791.0	11.583	COMPLETED
311	id-00092	5	2	3	5	1786.0	1786.0	1786.45	1786.7275	1791.0	34.749	COMPLETED
311	id-00093	2	3	2	5	1786.0	1786.0	1786.3	1786.5694	1791.0	9.266	COMPLETED
311	id-00094	6	9	9	2	1789.0	1789.0	1789.9	1790.3	1791.0	83.398	COMPLETED
311	id-00095	6	10	9	5	1789.0	1789.0	1789.9	1790.3746	1794.0	83.398	COMPLETED
311	id-00096	9	4	2	3	1790.0	1790.0	1790.1	1790.5534	1793.0	13.9	COMPLETED
311	id-00097	8	8	5	3	1793.0	1793.0	1793.75	1793.8683	1796.0	92.664	COMPLETED
311	id-00098	4	6	3	3	1793.0	1793.0	1793.45	1793.898	1796.0	27.799	COMPLETED
311	id-00099	3	5	10	1	1793.0	1793.0	1794.5	1794.0	1794.0	69.498	EXPIRED
311	id-00100	3	3	1	5	1794.0	1794.0	1794.06	1794.2023	1799.0	2.78	COMPLETED
311	id-00101	9	4	8	3	1795.0	1795.0	1795.4	1795.5788	1798.0	55.598	COMPLETED
311	id-00102	1	2	10	4	1796.0	1796.0	1796.5	1796.9461	1800.0	7.722	COMPLETED
311	id-00103	9	11	10	4	1797.0	1797.0	1797.5	1797.7021	1801.0	69.498	COMPLETED
311	id-00104	3	2	5	5	1798.0	1798.0	1798.25	1798.42	1803.0	11.583	COMPLETED
311	id-00105	2	2	5	1	1799.0	1799.0	1799.25	1800.0	1800.0	7.722	EXPIRED
311	id-00106	5	10	10	2	1801.0	1801.0	1802.0	1802.3934	1803.0	77.22	COMPLETED
311	id-00107	6	7	10	5	1801.0	1801.0	1802.0	1802.41	1806.0	92.664	COMPLETED
311	id-00108	10	16	5	3	1803.0	1803.0	1803.25	1803.3768	1806.0	38.61	COMPLETED
311	id-00109	2	3	10	1	1804.0	1804.0	1805.0	1805.0	1805.0	30.888	EXPIRED
311	id-00110	6	7	1	3	1804.0	1804.0	1804.1	1804.4894	1807.0	9.266	COMPLETED
311	id-00111	4	3	6	1	1807.0	1807.0	1807.3	1808.0	1808.0	18.533	EXPIRED
311	id-00112	10	12	8	1	1809.0	1809.0	1809.8	1810.0	1810.0	123.552	EXPIRED
311	id-00113	4	7	8	1	1809.0	1809.0	1809.8	1810.0	1810.0	49.421	EXPIRED
311	id-00114	5	7	5	2	1811.0	1811.0	1811.25	1811.6673	1813.0	19.305	COMPLETED
311	id-00115	4	7	1	4	1812.0	1812.0	1812.05	1812.5409	1816.0	3.089	COMPLETED
311	id-00116	10	7	8	3	1815.0	1815.0	1815.8	1816.1694	1818.0	123.552	COMPLETED
311	id-00117	7	6	4	5	1815.0	1815.0	1815.4	1815.7828	1820.0	43.243	COMPLETED
311	id-00118	9	5	10	3	1816.0	1816.0	1817.5	1817.8025	1819.0	208.494	COMPLETED
311	id-00119	4	6	3	5	1816.0	1816.0	1816.45	1816.944	1821.0	27.799	COMPLETED
311	id-00120	7	11	4	2	1816.0	1816.0	1816.6	1817.0134	1818.0	64.865	COMPLETED
311	id-00121	2	3	3	3	1816.0	1816.0	1816.14	1816.3783	1819.0	3.004	COMPLETED
311	id-00122	4	7	8	5	1817.0	1817.0	1818.45	1818.9001	1822.0	89.575	COMPLETED
311	id-00123	5	4	9	3	1817.0	1817.0	1817.86	1818.2349	1820.0	66.409	COMPLETED
311	id-00124	2	4	5	3	1817.0	1817.0	1817.48	1817.9545	1820.0	10.301	COMPLETED
311	id-00125	7	9	7	2	1817.0	1817.0	1818.27	1819.0	1819.0	137.297	EXPIRED
311	id-00126	2	3	2	5	1818.0	1820.0	1820.5	1820.728	1823.0	15.444	COMPLETED
311	id-00127	1	2	8	2	1818.0	None	None	1820.0	1820.0	None	EXPIRED
311	id-00128	2	3	1	4	1818.0	1820.0	1820.25	1820.733	1822.0	7.722	COMPLETED
311	id-00129	2	3	1	5	1819.0	1820.0	1820.25	1820.4122	1824.0	7.722	COMPLETED
311	id-00130	4	7	2	3	1819.0	1820.0	1820.5	1820.9409	1822.0	30.888	COMPLETED
311	id-00131	7	6	10	5	1820.0	1820.0	1822.5	1822.6604	1825.0	270.27	COMPLETED
311	id-00132	9	9	7	2	1821.0	1821.0	1821.54	1821.6936	1823.0	75.058	COMPLETED
311	id-00133	8	5	10	3	1821.0	1821.0	1821.5	1821.6945	1824.0	61.776	COMPLETED
311	id-00134	9	6	8	5	1822.0	1824.0	1825.2	1825.4373	1827.0	166.795	COMPLETED
311	id-00135	7	11	8	2	1824.0	1824.0	1825.2	1826.0	1826.0	129.73	EXPIRED
311	id-00136	5	10	1	4	1824.0	1824.0	1824.17	1824.2794	1828.0	13.127	COMPLETED
311	id-00137	2	4	10	5	1824.0	1824.0	1825.5	1825.8725	1829.0	46.332	COMPLETED
311	id-00138	10	3	9	1	1826.0	1826.0	1826.45	1827.0	1827.0	69.498	EXPIRED
311	id-00139	5	7	1	5	1827.0	1827.0	1827.15	1827.3255	1832.0	11.583	COMPLETED
311	id-00140	10	3	9	1	1827.0	1827.0	1827.9	1828.0	1828.0	138.996	EXPIRED
311	id-00141	8	3	1	1	1827.0	1827.0	1827.1	1828.0	1828.0	12.355	EXPIRED
311	id-00142	4	8	9	2	1827.0	1827.0	1828.35	1829.0	1829.0	83.398	EXPIRED
311	id-00143	9	5	6	1	1827.0	1827.0	1827.9	1828.0	1828.0	125.096	EXPIRED
311	id-00144	1	2	7	5	1828.0	1828.0	1828.44	1828.8115	1833.0	6.795	COMPLETED
311	id-00145	10	8	3	4	1830.0	1830.0	1830.3	1830.4848	1834.0	46.332	COMPLETED
311	id-00146	10	3	8	5	1830.0	1830.0	1830.8	1831.0295	1835.0	123.552	COMPLETED
311	id-00147	5	3	4	1	1830.0	1830.0	1830.2	1831.0	1831.0	15.444	EXPIRED
311	id-00148	10	10	5	4	1834.0	1834.0	1834.25	1834.7124	1838.0	38.61	COMPLETED
311	id-00149	7	11	10	5	1836.0	1836.0	1836.5	1836.7911	1841.0	54.054	COMPLETED
311	id-00150	4	7	4	3	1837.0	1837.0	1837.2	1837.689	1840.0	12.355	COMPLETED
311	id-00151	4	6	1	1	1838.0	1838.0	1838.05	1839.0	1839.0	3.089	EXPIRED
311	id-00152	6	10	7	4	1839.0	1839.0	1839.7	1839.801	1843.0	64.865	COMPLETED
311	id-00153	8	9	4	1	1839.0	1839.0	1839.4	1840.0	1840.0	49.421	EXPIRED
311	id-00154	2	3	2	1	1840.0	1840.0	1840.3	1841.0	1841.0	9.266	EXPIRED
311	id-00155	6	2	5	3	1840.0	1840.0	1840.75	1841.2189	1843.0	69.498	COMPLETED
311	id-00156	10	11	7	2	1840.0	1840.0	1841.05	1842.0	1842.0	162.162	EXPIRED
311	id-00157	2	4	1	4	1841.0	1841.0	1841.2	1841.5744	1845.0	6.178	COMPLETED
311	id-00158	2	3	9	2	1841.0	1841.0	1841.43	1841.6025	1843.0	9.228	COMPLETED
311	id-00159	8	7	4	3	1841.0	1841.0	1841.8	1842.1729	1844.0	98.842	COMPLETED
311	id-00160	1	2	7	4	1843.0	1843.0	1843.7	1843.869	1847.0	10.811	COMPLETED
311	id-00161	4	6	8	2	1844.0	1844.0	1844.8	1845.2394	1846.0	49.421	COMPLETED
311	id-00162	1	2	9	3	1845.0	1845.0	1845.45	1845.8498	1848.0	6.95	COMPLETED
311	id-00163	9	13	4	2	1846.0	1846.0	1846.4	1846.8792	1848.0	55.598	COMPLETED
311	id-00164	6	4	5	3	1846.0	1846.0	1846.5	1846.8236	1849.0	46.332	COMPLETED
311	id-00165	8	16	5	5	1847.0	1847.0	1847.25	1847.3544	1852.0	30.888	COMPLETED
311	id-00166	8	6	2	5	1850.0	1850.0	1850.1	1850.3628	1855.0	12.355	COMPLETED
311	id-00167	7	11	10	3	1850.0	1850.0	1851.5	1851.977	1853.0	162.162	COMPLETED
311	id-00168	6	10	10	1	1850.0	1850.0	1851.5	1851.0	1851.0	138.996	EXPIRED
311	id-00169	1	2	2	1	1850.0	1850.0	1850.3	1851.0	1851.0	4.633	EXPIRED
311	id-00170	9	4	2	5	1853.0	1853.0	1853.3	1853.7751	1858.0	41.699	COMPLETED
311	id-00171	6	2	1	4	1853.0	1853.0	1853.15	1853.3393	1857.0	13.9	COMPLETED
311	id-00172	4	5	9	4	1853.0	1853.0	1854.35	1854.7411	1857.0	83.398	COMPLETED
311	id-00173	8	2	4	2	1855.0	1855.0	1855.2	1855.4386	1857.0	24.71	COMPLETED
311	id-00174	3	2	8	5	1857.0	1857.0	1857.4	1857.824	1862.0	18.533	COMPLETED
311	id-00175	3	6	10	3	1858.0	1858.0	1858.5	1858.6582	1861.0	23.166	COMPLETED
311	id-00176	5	9	6	1	1859.0	1859.0	1859.3	1860.0	1860.0	23.166	EXPIRED
311	id-00177	7	12	3	3	1860.0	1860.0	1860.6	1861.033	1863.0	64.865	COMPLETED
311	id-00178	4	6	1	4	1860.0	1860.0	1860.2	1860.5144	1864.0	12.355	COMPLETED
311	id-00179	1	2	9	1	1860.0	1860.0	1861.8	1861.0	1861.0	27.799	EXPIRED
311	id-00180	7	10	10	4	1860.0	1860.0	1862.0	1862.366	1864.0	216.216	COMPLETED
311	id-00181	5	9	4	3	1862.0	1862.0	1862.2	1862.3668	1865.0	15.444	COMPLETED
311	id-00182	10	14	4	4	1863.0	1863.0	1863.4	1863.6243	1867.0	61.776	COMPLETED
311	id-00183	10	13	9	3	1863.0	1863.0	1863.9	1864.057	1866.0	138.996	COMPLETED
311	id-00184	7	13	1	4	1865.0	1865.0	1865.05	1865.5323	1869.0	5.405	COMPLETED
311	id-00185	10	11	10	3	1867.0	1867.0	1867.5	1867.8887	1870.0	77.22	COMPLETED
311	id-00186	1	2	5	2	1868.0	1868.0	1868.5	1868.901	1870.0	7.722	COMPLETED
311	id-00187	6	5	7	2	1868.0	1868.0	1868.7	1868.8324	1870.0	64.865	COMPLETED
311	id-00188	3	6	4	4	1869.0	1869.0	1869.4	1869.8761	1873.0	18.533	COMPLETED
311	id-00189	4	5	2	4	1869.0	1869.0	1869.2	1869.6067	1873.0	12.355	COMPLETED
311	id-00190	4	7	5	5	1870.0	1870.0	1871.0	1871.1704	1875.0	61.776	COMPLETED
311	id-00191	2	2	8	3	1870.0	1870.0	1871.6	1872.0983	1873.0	49.421	COMPLETED
311	id-00192	3	3	1	4	1870.0	1870.0	1870.2	1870.6411	1874.0	9.266	COMPLETED
311	id-00193	6	5	8	3	1870.0	1870.0	1871.6	1871.8577	1873.0	148.262	COMPLETED
311	id-00194	1	2	7	2	1873.0	1873.0	1874.05	1875.0	1875.0	16.216	EXPIRED
311	id-00195	2	4	4	3	1873.0	1873.0	1873.6	1874.0233	1876.0	18.533	COMPLETED
311	id-00196	4	5	1	4	1873.0	1873.0	1873.15	1873.352	1877.0	9.266	COMPLETED
311	id-00197	7	8	10	3	1874.0	1874.0	1874.53	1874.8294	1877.0	57.297	COMPLETED
311	id-00198	6	10	4	2	1880.0	1880.0	1880.2	1880.5401	1882.0	18.533	COMPLETED
311	id-00199	7	6	5	2	1881.0	1881.0	1881.25	1881.3639	1883.0	27.027	COMPLETED
311	id-00200	5	9	9	5	1883.0	1883.0	1883.45	1883.6451	1888.0	34.749	COMPLETED
311	id-00201	1	2	3	2	1885.0	1885.0	1885.3	1885.5702	1887.0	4.633	COMPLETED
311	id-00202	10	5	2	3	1885.0	1885.0	1885.2	1885.378	1888.0	30.888	COMPLETED
311	id-00203	2	3	2	3	1887.0	1887.0	1887.1	1887.2055	1890.0	3.089	COMPLETED
311	id-00204	7	10	2	2	1888.0	1888.0	1888.1	1888.5212	1890.0	10.811	COMPLETED
311	id-00205	1	2	4	4	1889.0	1889.0	1889.2	1889.4353	1893.0	3.089	COMPLETED
311	id-00206	2	3	8	2	1890.0	1890.0	1890.4	1890.7386	1892.0	12.355	COMPLETED
311	id-00207	8	7	2	3	1891.0	1891.0	1891.1	1891.4835	1894.0	12.355	COMPLETED
311	id-00208	3	3	10	4	1894.0	1894.0	1894.5	1894.8635	1898.0	23.166	COMPLETED
311	id-00209	3	4	2	4	1895.0	1895.0	1895.1	1895.5611	1899.0	4.633	COMPLETED
311	id-00210	3	2	7	2	1896.0	1896.0	1896.35	1896.4705	1898.0	16.216	COMPLETED
311	id-00211	6	3	6	3	1897.0	1897.0	1897.9	1898.3224	1900.0	83.398	COMPLETED
311	id-00212	3	2	4	3	1897.0	1897.0	1897.6	1897.7674	1900.0	27.799	COMPLETED
311	id-00213	10	7	5	1	1897.0	1897.0	1897.75	1898.0	1898.0	115.83	EXPIRED
311	id-00214	3	4	8	2	1898.0	1898.0	1898.4	1898.8173	1900.0	18.533	COMPLETED
311	id-00215	7	5	4	5	1899.0	1899.0	1899.4	1899.715	1904.0	43.243	COMPLETED
311	id-00216	10	8	6	1	1899.0	1899.0	1899.6	1900.0	1900.0	92.664	EXPIRED
311	id-00217	6	12	4	5	1901.0	1901.0	1901.4	1901.6885	1906.0	37.066	COMPLETED
311	id-00218	10	9	6	3	1901.0	1901.0	1901.6	1901.9803	1904.0	92.664	COMPLETED
311	id-00219	6	7	9	5	1901.0	1901.0	1901.38	1901.7387	1906.0	20.882	COMPLETED
311	id-00220	3	5	9	4	1904.0	1904.0	1904.45	1904.6629	1908.0	20.849	COMPLETED
311	id-00221	7	12	8	1	1906.0	1906.0	1906.4	1907.0	1907.0	43.243	EXPIRED
311	id-00222	6	5	8	5	1907.0	1907.0	1907.8	1908.2625	1912.0	74.131	COMPLETED
311	id-00223	4	3	9	2	1907.0	1907.0	1907.9	1908.3882	1909.0	55.598	COMPLETED
311	id-00224	8	4	9	2	1909.0	1909.0	1909.45	1909.55	1911.0	55.598	COMPLETED
311	id-00225	1	2	10	4	1912.0	1912.0	1913.0	1913.1721	1916.0	15.444	COMPLETED
311	id-00226	8	12	8	2	1912.0	1912.0	1912.8	1913.0787	1914.0	98.842	COMPLETED
311	id-00227	7	6	4	3	1914.0	1914.0	1914.2	1914.3192	1917.0	21.622	COMPLETED
311	id-00228	9	13	3	2	1915.0	1915.0	1915.3	1915.5816	1917.0	41.699	COMPLETED
311	id-00229	6	6	4	2	1915.0	1915.0	1915.4	1915.7581	1917.0	37.066	COMPLETED
311	id-00230	8	8	6	3	1916.0	1916.0	1916.3	1916.7363	1919.0	37.066	COMPLETED
311	id-00231	1	2	1	3	1918.0	1918.0	1918.05	1918.5117	1921.0	0.772	COMPLETED
311	id-00232	4	3	4	3	1919.0	1919.0	1919.6	1919.8003	1922.0	37.066	COMPLETED
311	id-00233	3	3	6	1	1919.0	1919.0	1919.9	1920.0	1920.0	41.699	EXPIRED
311	id-00234	5	4	1	2	1919.0	1919.0	1919.15	1919.6364	1921.0	11.583	COMPLETED
311	id-00235	1	2	5	4	1921.0	1921.0	1921.25	1921.5953	1925.0	3.861	COMPLETED
311	id-00236	2	4	1	1	1923.0	1923.0	1923.05	1924.0	1924.0	1.544	EXPIRED
311	id-00237	7	2	6	5	1925.0	1925.0	1925.6	1926.0229	1930.0	64.865	COMPLETED
311	id-00238	4	3	3	1	1925.0	1925.0	1925.3	1926.0	1926.0	18.533	EXPIRED
311	id-00239	10	14	1	1	1927.0	1927.0	1927.05	1928.0	1928.0	7.722	EXPIRED
311	id-00240	7	5	7	3	1928.0	1928.0	1928.7	1928.8417	1931.0	75.676	COMPLETED
311	id-00241	1	2	10	3	1928.0	1928.0	1929.0	1929.1861	1931.0	15.444	COMPLETED
311	id-00242	6	12	9	4	1931.0	1931.0	1931.9	1932.0521	1935.0	83.398	COMPLETED
311	id-00243	8	12	10	4	1931.0	1931.0	1932.0	1932.4561	1935.0	123.552	COMPLETED
311	id-00244	7	10	3	4	1931.0	1931.0	1931.14	1931.4076	1935.0	12.495	COMPLETED
311	id-00245	1	2	10	2	1932.0	1932.0	1932.5	1932.8429	1934.0	7.722	COMPLETED
311	id-00246	7	4	8	4	1934.0	1934.0	1934.4	1934.745	1938.0	43.243	COMPLETED
311	id-00247	4	5	4	5	1936.0	1936.0	1936.2	1936.3263	1941.0	12.355	COMPLETED
311	id-00248	4	2	6	2	1937.0	1937.0	1937.6	1938.0541	1939.0	37.066	COMPLETED
311	id-00249	3	2	3	3	1937.0	1937.0	1937.3	1937.555	1940.0	13.9	COMPLETED
311	id-00250	2	4	8	1	1939.0	1939.0	1939.8	1940.0	1940.0	24.71	EXPIRED
311	id-00251	3	3	9	1	1939.0	1939.0	1939.9	1940.0	1940.0	41.699	EXPIRED
311	id-00252	4	8	2	5	1940.0	1940.0	1940.1	1940.3421	1945.0	6.178	COMPLETED
311	id-00253	5	9	7	3	1941.0	1941.0	1941.35	1941.6628	1944.0	27.027	COMPLETED
311	id-00254	10	3	5	5	1942.0	1942.0	1942.5	1942.994	1947.0	77.22	COMPLETED
311	id-00255	3	4	6	5	1942.0	1942.0	1942.6	1942.7093	1947.0	27.799	COMPLETED
311	id-00256	7	5	8	4	1943.0	1943.0	1943.38	1943.8098	1947.0	37.498	COMPLETED
311	id-00257	9	18	7	2	1943.0	1943.0	1943.7	1943.9303	1945.0	97.297	COMPLETED
311	id-00258	10	10	9	3	1943.0	1943.0	1943.9	1944.223	1946.0	138.996	COMPLETED
311	id-00259	4	7	1	3	1944.0	1944.0	1944.15	1944.6089	1947.0	9.266	COMPLETED
311	id-00260	1	2	9	1	1944.0	1944.0	1945.35	1945.0	1945.0	20.849	EXPIRED
311	id-00261	3	5	4	5	1944.0	1944.0	1944.6	1944.796	1949.0	27.799	COMPLETED
311	id-00262	10	2	1	5	1946.0	1946.0	1946.05	1946.3874	1951.0	7.722	COMPLETED
311	id-00263	7	11	4	3	1948.0	1948.0	1948.2	1948.595	1951.0	21.622	COMPLETED
311	id-00264	9	4	8	1	1950.0	1950.0	1950.8	1951.0	1951.0	111.197	EXPIRED
311	id-00265	7	5	1	4	1950.0	1950.0	1950.1	1950.4865	1954.0	10.811	COMPLETED
311	id-00266	6	4	7	1	1950.0	1950.0	1950.3	1951.0	1951.0	19.314	EXPIRED
311	id-00267	2	3	8	2	1952.0	1952.0	1952.4	1952.7508	1954.0	12.355	COMPLETED
311	id-00268	9	3	10	2	1953.0	1953.0	1954.5	1955.0	1955.0	208.494	EXPIRED
311	id-00269	3	6	10	3	1953.0	1953.0	1954.5	1954.695	1956.0	69.498	COMPLETED
311	id-00270	8	4	7	5	1953.0	1953.0	1954.05	1954.4046	1958.0	129.73	COMPLETED
311	id-00271	10	19	1	2	1955.0	1955.0	1955.05	1955.4412	1957.0	7.722	COMPLETED
311	id-00272	7	8	9	2	1956.0	1956.0	1956.45	1956.8138	1958.0	48.649	COMPLETED
311	id-00273	1	2	8	4	1957.0	1957.0	1957.4	1957.8434	1961.0	6.178	COMPLETED
311	id-00274	9	18	3	3	1959.0	1959.0	1959.3	1959.5176	1962.0	41.699	COMPLETED
311	id-00275	3	3	8	4	1959.0	1959.0	1959.8	1960.0594	1963.0	37.066	COMPLETED
311	id-00276	3	2	4	4	1961.0	1961.0	1961.2	1961.6462	1965.0	9.266	COMPLETED
311	id-00277	7	12	8	5	1964.0	1964.0	1964.4	1964.6699	1969.0	43.243	COMPLETED
311	id-00278	2	4	7	2	1966.0	1966.0	1967.05	1968.0	1968.0	32.432	EXPIRED
311	id-00279	10	3	3	3	1966.0	1966.0	1966.45	1966.6876	1969.0	69.498	COMPLETED
311	id-00280	4	3	3	4	1966.0	1966.0	1966.45	1966.9043	1970.0	27.799	COMPLETED
311	id-00281	7	10	1	2	1968.0	1968.0	1968.1	1968.5689	1970.0	10.811	COMPLETED
311	id-00282	9	14	2	3	1968.0	1968.0	1968.2	1968.4337	1971.0	27.799	COMPLETED
311	id-00283	10	7	5	3	1969.0	1969.0	1969.25	1969.5036	1972.0	38.61	COMPLETED
311	id-00284	8	11	3	5	1970.0	1970.0	1970.15	1970.3407	1975.0	18.533	COMPLETED
311	id-00285	3	6	1	2	1972.0	1972.0	1972.05	1972.3339	1974.0	2.317	COMPLETED
311	id-00286	8	9	7	2	1973.0	1973.0	1973.35	1973.7008	1975.0	43.243	COMPLETED
311	id-00287	4	7	10	1	1974.0	1974.0	1975.0	1975.0	1975.0	61.776	EXPIRED
311	id-00288	3	3	10	5	1974.0	1974.0	1975.0	1975.4158	1979.0	46.332	COMPLETED
311	id-00289	6	3	8	4	1976.0	1976.0	1976.4	1976.8472	1980.0	37.066	COMPLETED
311	id-00290	10	17	10	3	1976.0	1976.0	1977.0	1977.3094	1979.0	154.44	COMPLETED
311	id-00291	8	6	9	2	1976.0	1976.0	1976.9	1977.0782	1978.0	111.197	COMPLETED
311	id-00292	1	2	5	3	1978.0	1978.0	1978.5	1978.8172	1981.0	7.722	COMPLETED
311	id-00293	1	2	6	5	1978.0	1978.0	1978.6	1978.8315	1983.0	9.266	COMPLETED
311	id-00294	2	2	4	4	1980.0	1980.0	1980.4	1980.7261	1984.0	12.355	COMPLETED
311	id-00295	8	8	7	3	1980.0	1980.0	1980.7	1980.9725	1983.0	86.486	COMPLETED
311	id-00296	8	13	1	3	1981.0	1981.0	1981.05	1981.4485	1984.0	6.178	COMPLETED
311	id-00297	6	2	3	1	1984.0	1984.0	1984.15	1985.0	1985.0	13.9	EXPIRED
311	id-00298	2	3	1	4	1986.0	1986.0	1986.1	1986.4677	1990.0	3.089	COMPLETED
311	id-00299	5	7	3	3	1986.0	1986.0	1986.3	1986.6884	1989.0	23.166	COMPLETED
311	id-00300	2	2	6	3	1987.0	1987.0	1987.6	1987.8379	1990.0	18.533	COMPLETED
311	id-00301	8	6	5	4	1987.0	1987.0	1987.5	1987.729	1991.0	61.776	COMPLETED
311	id-00302	5	8	4	3	1988.0	1988.0	1988.2	1988.3285	1991.0	15.444	COMPLETED
311	id-00303	2	3	4	4	1991.0	1991.0	1991.19	1991.4468	1995.0	4.077	COMPLETED
311	id-00304	10	9	8	5	1992.0	1992.0	1992.38	1992.7415	1997.0	55.105	COMPLETED
311	id-00305	7	10	10	2	1993.0	1993.0	1993.95	1994.1479	1995.0	102.703	COMPLETED
311	id-00306	6	11	5	3	1993.0	1993.0	1993.48	1993.699	1996.0	39.953	COMPLETED
311	id-00307	6	11	9	5	1995.0	1995.0	1995.45	1995.8748	2000.0	41.699	COMPLETED
311	id-00308	6	2	2	3	1997.0	1997.0	1997.1	1997.3044	2000.0	9.266	COMPLETED
311	id-00309	9	10	4	2	1998.0	1998.0	1998.4	1998.5852	2000.0	55.598	COMPLETED
311	id-00310	2	2	7	4	1998.0	1998.0	1998.7	1999.0466	2002.0	21.622	COMPLETED
