0.00010704994201660156
9.942054748535156e-05
0.00016379356384277344
0.00010323524475097656
8.344650268554688e-05
9.989738464355469e-05
0.0001437664031982422
0.00011563301086425781
0.0001327991485595703
9.131431579589844e-05
8.487701416015625e-05
9.942054748535156e-05
9.560585021972656e-05
0.00015664100646972656
8.749961853027344e-05
8.749961853027344e-05
0.0001049041748046875
0.0001285076141357422
0.00010609626770019531
0.0001678466796875
8.034706115722656e-05
8.726119995117188e-05
7.390975952148438e-05
8.463859558105469e-05
9.34600830078125e-05
7.367134094238281e-05
0.00013065338134765625
8.7738037109375e-05
0.00010085105895996094
9.655952453613281e-05
0.00010514259338378906
0.0001163482666015625
0.00011014938354492188
7.987022399902344e-05
0.00011014938354492188
0.00010800361633300781
0.000110626220703125
9.918212890625e-05
0.00018787384033203125
0.00010752677917480469
0.00013875961303710938
0.00010800361633300781
9.250640869140625e-05
8.869171142578125e-05
0.00011777877807617188
8.726119995117188e-05
6.4849853515625e-05
5.793571472167969e-05
5.435943603515625e-05
0.00011610984802246094
5.745887756347656e-05
7.748603820800781e-05
5.054473876953125e-05
6.0558319091796875e-05
6.246566772460938e-05
0.00010704994201660156
6.842613220214844e-05
7.772445678710938e-05
6.67572021484375e-05
5.2928924560546875e-05
5.030632019042969e-05
8.034706115722656e-05
7.343292236328125e-05
6.4849853515625e-05
5.14984130859375e-05
5.793571472167969e-05
6.818771362304688e-05
9.083747863769531e-05
4.863739013671875e-05
5.602836608886719e-05
7.462501525878906e-05
9.560585021972656e-05
9.393692016601562e-05
7.462501525878906e-05
6.628036499023438e-05
4.5299530029296875e-05
6.0558319091796875e-05
7.128715515136719e-05
5.626678466796875e-05
4.6253204345703125e-05
5.602836608886719e-05
4.673004150390625e-05
4.553794860839844e-05
9.703636169433594e-05
5.698204040527344e-05
0.00013208389282226562
3.910064697265625e-05
4.744529724121094e-05
5.698204040527344e-05
6.842613220214844e-05
5.316734313964844e-05
7.081031799316406e-05
4.506111145019531e-05
5.507469177246094e-05
4.863739013671875e-05
5.054473876953125e-05
0.00011467933654785156
4.291534423828125e-05
2.8371810913085938e-05
8.463859558105469e-05
9.298324584960938e-05
7.700920104980469e-05
6.866455078125e-05
6.723403930664062e-05
7.605552673339844e-05
6.556510925292969e-05
6.29425048828125e-05
0.00012350082397460938
8.320808410644531e-05
9.751319885253906e-05
0.00012183189392089844
7.486343383789062e-05
9.226799011230469e-05
6.747245788574219e-05
6.985664367675781e-05
5.316734313964844e-05
7.867813110351562e-05
4.4345855712890625e-05
0.00011992454528808594
1.9073486328125e-05
7.081031799316406e-05
5.173683166503906e-05
0.00011205673217773438
6.341934204101562e-05
6.103515625e-05
7.081031799316406e-05
7.390975952148438e-05
6.723403930664062e-05
7.700920104980469e-05
5.793571472167969e-05
6.198883056640625e-05
6.866455078125e-05
5.412101745605469e-05
7.82012939453125e-05
6.866455078125e-05
7.534027099609375e-05
7.939338684082031e-05
5.3882598876953125e-05
0.0001323223114013672
0.0001926422119140625
2.288818359375e-05
6.461143493652344e-05
8.630752563476562e-05
6.413459777832031e-05
6.365776062011719e-05
9.655952453613281e-05
5.984306335449219e-05
8.559226989746094e-05
7.295608520507812e-05
5.1975250244140625e-05
4.744529724121094e-05
5.125999450683594e-05
7.2479248046875e-05
8.273124694824219e-05
8.440017700195312e-05
0.00012445449829101562
5.936622619628906e-05
8.916854858398438e-05
7.343292236328125e-05
8.988380432128906e-05
0.00010609626770019531
8.034706115722656e-05
6.031990051269531e-05
5.793571472167969e-05
0.00016570091247558594
8.749961853027344e-05
8.082389831542969e-05
4.935264587402344e-05
7.772445678710938e-05
6.723403930664062e-05
4.863739013671875e-05
7.677078247070312e-05
5.507469177246094e-05
6.008148193359375e-05
8.749961853027344e-05
5.53131103515625e-05
7.987022399902344e-05
5.698204040527344e-05
4.8160552978515625e-05
4.267692565917969e-05
6.866455078125e-05
7.462501525878906e-05
5.53131103515625e-05
6.103515625e-05
5.245208740234375e-05
