322	id-00000	10	20	1	3	1700.0	1700.0	1700.05	1700.3662	1703.0	7.722	COMPLETED
322	id-00001	6	2	6	4	1701.0	1701.0	1701.3	1701.4407	1705.0	27.799	COMPLETED
322	id-00002	10	5	2	3	1702.0	1702.0	1702.1	1702.3577	1705.0	15.444	COMPLETED
322	id-00003	9	7	10	9	1704.0	1704.0	1705.0	1705.1753	1713.0	138.996	COMPLETED
322	id-00004	5	9	3	4	1704.0	1704.0	1704.3	1704.594	1708.0	23.166	COMPLETED
322	id-00005	10	6	2	10	1704.0	1704.0	1704.09	1704.4052	1714.0	12.203	COMPLETED
322	id-00006	5	3	10	10	1705.0	1705.0	1705.5	1705.7296	1715.0	38.61	COMPLETED
322	id-00007	4	3	2	8	1708.0	1708.0	1708.1	1708.2488	1716.0	6.178	COMPLETED
322	id-00008	5	3	2	8	1712.0	1712.0	1712.1	1712.2797	1720.0	7.722	COMPLETED
322	id-00009	4	5	1	7	1714.0	1714.0	1714.05	1714.1863	1721.0	3.089	COMPLETED
322	id-00010	1	2	4	2	1715.0	1715.0	1715.8	1716.181	1717.0	12.355	COMPLETED
322	id-00011	7	4	5	1	1715.0	1715.0	1716.0	1716.0	1716.0	108.108	EXPIRED
322	id-00012	1	2	1	7	1715.0	1715.0	1715.2	1715.4995	1722.0	3.089	COMPLETED
322	id-00013	5	8	10	9	1715.0	1715.0	1717.0	1717.2722	1724.0	154.44	COMPLETED
322	id-00014	3	3	8	4	1717.0	1717.0	1717.4	1717.807	1721.0	18.533	COMPLETED
322	id-00015	9	10	6	8	1718.0	1718.0	1718.3	1718.4574	1726.0	41.699	COMPLETED
322	id-00016	10	4	6	6	1719.0	1719.0	1719.6	1719.7219	1725.0	92.664	COMPLETED
322	id-00017	10	9	6	8	1719.0	1719.0	1719.6	1719.9889	1727.0	92.664	COMPLETED
322	id-00018	5	5	5	8	1720.0	1720.0	1720.75	1720.9857	1728.0	57.915	COMPLETED
322	id-00019	6	11	3	1	1720.0	1720.0	1720.45	1721.0	1721.0	41.699	EXPIRED
322	id-00020	2	3	2	7	1720.0	1720.0	1720.3	1720.675	1727.0	9.266	COMPLETED
322	id-00021	1	2	5	3	1722.0	1722.0	1722.25	1722.4886	1725.0	3.861	COMPLETED
322	id-00022	9	11	3	7	1725.0	1725.0	1725.3	1725.4406	1732.0	41.699	COMPLETED
322	id-00023	1	2	6	9	1725.0	1725.0	1725.6	1725.7973	1734.0	9.266	COMPLETED
322	id-00024	1	2	2	9	1727.0	1727.0	1727.1	1727.238	1736.0	1.544	COMPLETED
322	id-00025	6	8	9	9	1730.0	1730.0	1730.45	1730.7052	1739.0	41.699	COMPLETED
322	id-00026	6	7	7	10	1732.0	1732.0	1732.7	1732.936	1742.0	64.865	COMPLETED
322	id-00027	2	2	1	7	1732.0	1732.0	1732.1	1732.5124	1739.0	3.089	COMPLETED
322	id-00028	10	11	5	5	1733.0	1733.0	1733.5	1733.6249	1738.0	77.22	COMPLETED
322	id-00029	8	7	1	1	1733.0	1733.0	1733.1	1734.0	1734.0	12.355	EXPIRED
322	id-00030	1	2	5	1	1735.0	1735.0	1735.48	1736.0	1736.0	7.413	EXPIRED
322	id-00031	5	7	7	5	1735.0	1735.0	1735.67	1736.1567	1740.0	45.421	COMPLETED
322	id-00032	1	2	3	5	1736.0	1736.0	1736.43	1736.8316	1741.0	6.641	COMPLETED
322	id-00033	6	7	2	7	1736.0	1736.0	1736.29	1736.4494	1743.0	26.873	COMPLETED
322	id-00034	2	2	10	4	1736.0	1736.0	1737.43	1737.7298	1740.0	30.688	COMPLETED
322	id-00035	7	6	10	7	1737.0	1737.0	1738.58	1738.7971	1744.0	170.811	COMPLETED
322	id-00036	5	10	6	7	1737.0	1737.0	1737.95	1738.278	1744.0	73.359	COMPLETED
322	id-00037	5	2	7	9	1737.0	1737.0	1738.0	1738.338	1746.0	77.22	COMPLETED
322	id-00038	5	5	10	4	1737.0	1737.0	1738.43	1738.6781	1741.0	110.425	COMPLETED
322	id-00039	6	6	3	5	1737.0	1737.0	1737.47	1737.8212	1742.0	43.552	COMPLETED
322	id-00040	7	5	2	8	1737.0	1737.0	1737.29	1737.6334	1745.0	28.617	COMPLETED
322	id-00041	8	8	7	5	1738.0	1738.0	1739.17	1739.346	1743.0	144.556	COMPLETED
322	id-00042	4	2	5	9	1738.0	1738.0	1738.83	1738.9762	1747.0	51.274	COMPLETED
322	id-00043	6	4	5	7	1739.0	1739.0	1739.48	1739.6464	1746.0	44.479	COMPLETED
322	id-00044	3	4	6	7	1739.0	1739.0	1739.57	1739.7431	1746.0	21.035	COMPLETED
322	id-00045	2	3	1	7	1739.0	1739.0	1739.5	1739.6952	1746.0	15.444	COMPLETED
322	id-00046	2	4	10	9	1739.0	1739.0	1744.0	1744.1084	1748.0	154.44	COMPLETED
322	id-00047	7	5	8	7	1740.0	1740.0	1740.44	1740.6406	1747.0	47.568	COMPLETED
322	id-00048	6	12	4	7	1741.0	1741.0	1741.25	1741.5986	1748.0	23.166	COMPLETED
322	id-00049	7	4	6	3	1742.0	1742.0	1742.86	1743.1599	1745.0	92.973	COMPLETED
322	id-00050	5	9	5	5	1742.0	1742.0	1742.71	1742.914	1747.0	54.826	COMPLETED
322	id-00051	5	7	5	10	1743.0	1743.0	1743.42	1743.9028	1753.0	32.432	COMPLETED
322	id-00052	2	4	1	8	1744.0	1744.0	1744.17	1744.5779	1752.0	5.251	COMPLETED
322	id-00053	8	3	8	4	1744.0	1744.0	1745.33	1745.5348	1748.0	164.324	COMPLETED
322	id-00054	10	5	8	9	1746.0	1746.0	1746.8	1747.1071	1755.0	123.552	COMPLETED
322	id-00055	7	6	5	10	1746.0	1746.0	1746.5	1746.7	1756.0	54.054	COMPLETED
322	id-00056	1	2	8	8	1750.0	1750.0	1751.2	1751.5506	1758.0	18.533	COMPLETED
322	id-00057	7	8	10	10	1750.0	1750.0	1751.5	1751.73	1760.0	162.162	COMPLETED
322	id-00058	8	10	10	9	1750.0	1750.0	1751.5	1751.6382	1759.0	185.328	COMPLETED
322	id-00059	3	6	5	4	1753.0	1753.0	1753.25	1753.6845	1757.0	11.583	COMPLETED
322	id-00060	9	11	5	4	1754.0	1754.0	1754.5	1754.8324	1758.0	69.498	COMPLETED
322	id-00061	3	4	2	7	1754.0	1754.0	1754.2	1754.4169	1761.0	9.266	COMPLETED
322	id-00062	9	3	6	8	1754.0	1754.0	1754.29	1754.7575	1762.0	37.575	COMPLETED
322	id-00063	1	2	6	4	1755.0	1755.0	1755.3	1755.7172	1759.0	4.633	COMPLETED
322	id-00064	5	6	1	2	1756.0	1756.0	1756.05	1756.2224	1758.0	3.861	COMPLETED
322	id-00065	4	3	10	9	1757.0	1757.0	1758.5	1758.759	1766.0	92.664	COMPLETED
322	id-00066	7	5	6	3	1757.0	1757.0	1757.9	1758.1512	1760.0	97.297	COMPLETED
322	id-00067	4	6	8	9	1757.0	1757.0	1758.2	1758.5468	1766.0	74.131	COMPLETED
322	id-00068	10	14	8	7	1758.0	1758.0	1759.33	1759.625	1765.0	205.405	COMPLETED
322	id-00069	2	4	4	3	1758.0	1758.0	1758.67	1759.025	1761.0	20.695	COMPLETED
322	id-00070	2	4	5	5	1758.0	1758.0	1758.24	1758.5132	1763.0	5.15	COMPLETED
322	id-00071	9	6	7	6	1759.0	1760.0	1760.32	1760.578	1765.0	38.445	COMPLETED
322	id-00072	6	11	7	9	1759.0	1760.0	1761.05	1761.5224	1768.0	97.297	COMPLETED
322	id-00073	1	2	1	5	1760.0	1760.0	1760.15	1760.6209	1765.0	2.317	COMPLETED
322	id-00074	7	13	7	10	1760.0	1760.0	1761.05	1761.3011	1770.0	113.513	COMPLETED
322	id-00075	6	8	6	6	1766.0	1766.0	1766.3	1766.6268	1772.0	27.799	COMPLETED
322	id-00076	2	4	9	3	1768.0	1768.0	1768.45	1768.6219	1771.0	13.9	COMPLETED
322	id-00077	7	6	10	7	1770.0	1770.0	1770.5	1770.8911	1777.0	54.054	COMPLETED
322	id-00078	9	12	7	4	1772.0	1772.0	1773.05	1773.215	1776.0	145.946	COMPLETED
322	id-00079	3	2	8	3	1772.0	1772.0	1773.2	1773.3276	1775.0	55.598	COMPLETED
322	id-00080	7	10	8	7	1772.0	1772.0	1773.2	1773.5622	1779.0	129.73	COMPLETED
322	id-00081	4	4	7	2	1773.0	None	None	1775.0	1775.0	None	EXPIRED
322	id-00082	10	5	4	8	1773.0	1775.0	1775.38	1775.6081	1781.0	58.687	COMPLETED
322	id-00083	9	8	8	6	1774.0	1775.0	1775.8	1776.0343	1780.0	111.197	COMPLETED
322	id-00084	3	6	2	5	1775.0	1775.0	1775.2	1775.5583	1780.0	9.266	COMPLETED
322	id-00085	9	5	3	3	1775.0	1775.0	1775.29	1775.4536	1778.0	37.575	COMPLETED
322	id-00086	6	11	2	4	1776.0	1776.0	1776.3	1776.591	1780.0	27.799	COMPLETED
322	id-00087	3	3	8	5	1776.0	1776.0	1777.52	1777.7089	1781.0	70.425	COMPLETED
322	id-00088	9	6	1	1	1776.0	1776.0	1776.19	1777.0	1777.0	26.409	EXPIRED
322	id-00089	2	2	4	2	1776.0	1776.0	1776.76	1777.1452	1778.0	23.475	COMPLETED
322	id-00090	3	6	9	5	1776.0	1776.0	1777.35	1777.6943	1781.0	62.548	COMPLETED
322	id-00091	5	3	7	1	1776.0	1776.0	1777.33	1777.0	1777.0	90.163	EXPIRED
322	id-00092	10	16	10	6	1776.0	1776.0	1777.5	1777.9995	1782.0	231.66	COMPLETED
322	id-00093	7	13	5	2	1777.0	1777.0	1777.71	1778.0305	1779.0	76.757	COMPLETED
322	id-00094	4	7	8	2	1778.0	1778.0	1779.14	1780.0	1780.0	70.425	EXPIRED
322	id-00095	4	2	1	4	1779.0	1780.0	1780.05	1780.1961	1783.0	2.617	COMPLETED
322	id-00096	10	4	10	10	1780.0	1780.0	1781.0	1781.4899	1790.0	154.44	COMPLETED
322	id-00097	8	13	5	1	1780.0	1780.0	1780.5	1781.0	1781.0	61.776	EXPIRED
322	id-00098	1	2	5	7	1781.0	1781.0	1781.25	1781.4301	1788.0	3.861	COMPLETED
322	id-00099	9	17	1	3	1784.0	1784.0	1784.1	1784.3378	1787.0	13.9	COMPLETED
322	id-00100	3	5	6	5	1784.0	1784.0	1784.6	1785.0525	1789.0	27.799	COMPLETED
322	id-00101	3	2	10	2	1788.0	1788.0	1788.5	1788.8107	1790.0	23.166	COMPLETED
322	id-00102	1	2	3	6	1789.0	1789.0	1789.15	1789.3763	1795.0	2.317	COMPLETED
322	id-00103	3	4	7	8	1791.0	1791.0	1791.7	1792.1014	1799.0	32.432	COMPLETED
322	id-00104	9	2	6	6	1791.0	1791.0	1791.6	1791.9409	1797.0	83.398	COMPLETED
322	id-00105	4	2	10	6	1795.0	1795.0	1796.0	1796.1406	1801.0	61.776	COMPLETED
322	id-00106	1	2	6	10	1795.0	1795.0	1795.6	1795.9166	1805.0	9.266	COMPLETED
322	id-00107	1	2	9	6	1796.0	1796.0	1796.45	1796.7654	1802.0	6.95	COMPLETED
322	id-00108	7	4	6	8	1797.0	1797.0	1797.3	1797.6252	1805.0	32.432	COMPLETED
322	id-00109	4	4	4	7	1798.0	1798.0	1798.2	1798.566	1805.0	12.355	COMPLETED
322	id-00110	10	6	5	10	1799.0	1799.0	1799.5	1799.7797	1809.0	77.22	COMPLETED
322	id-00111	3	4	5	2	1799.0	1799.0	1799.5	1799.8909	1801.0	23.166	COMPLETED
322	id-00112	3	4	1	10	1800.0	1800.0	1800.1	1800.5091	1810.0	4.633	COMPLETED
322	id-00113	10	20	5	5	1800.0	1800.0	1800.5	1800.7711	1805.0	77.22	COMPLETED
322	id-00114	3	6	3	9	1806.0	1806.0	1806.45	1806.8798	1815.0	20.849	COMPLETED
322	id-00115	3	4	8	9	1806.0	1806.0	1807.2	1807.3714	1815.0	55.598	COMPLETED
322	id-00116	1	2	8	1	1806.0	1806.0	1807.2	1807.0	1807.0	18.533	EXPIRED
322	id-00117	2	4	7	9	1812.0	1812.0	1812.35	1812.4775	1821.0	10.811	COMPLETED
322	id-00118	5	3	10	5	1813.0	1813.0	1814.0	1814.4298	1818.0	77.22	COMPLETED
322	id-00119	2	2	1	8	1813.0	1813.0	1813.1	1813.3489	1821.0	3.089	COMPLETED
322	id-00120	1	2	4	2	1814.0	1814.0	1814.4	1814.6123	1816.0	6.178	COMPLETED
322	id-00121	5	9	6	7	1814.0	1814.0	1814.6	1814.932	1821.0	46.332	COMPLETED
322	id-00122	5	6	7	1	1815.0	1815.0	1815.7	1816.0	1816.0	54.054	EXPIRED
322	id-00123	7	9	10	1	1815.0	1815.0	1816.0	1816.0	1816.0	108.108	EXPIRED
322	id-00124	10	20	1	6	1816.0	1816.0	1816.05	1816.169	1822.0	7.722	COMPLETED
322	id-00125	8	8	10	9	1817.0	1817.0	1817.5	1817.8676	1826.0	61.776	COMPLETED
322	id-00126	5	2	6	6	1818.0	1818.0	1818.3	1818.7576	1824.0	23.166	COMPLETED
322	id-00127	8	12	4	5	1819.0	1819.0	1819.4	1819.7314	1824.0	49.421	COMPLETED
322	id-00128	3	6	10	4	1819.0	1819.0	1820.0	1820.2596	1823.0	46.332	COMPLETED
322	id-00129	2	3	2	10	1820.0	1820.0	1820.1	1820.4826	1830.0	3.089	COMPLETED
322	id-00130	5	8	8	4	1824.0	1824.0	1824.4	1824.7982	1828.0	30.888	COMPLETED
322	id-00131	4	3	1	6	1825.0	1825.0	1825.05	1825.3424	1831.0	3.089	COMPLETED
322	id-00132	8	5	10	4	1828.0	1828.0	1828.5	1828.7079	1832.0	61.776	COMPLETED
322	id-00133	3	3	4	9	1829.0	1829.0	1829.6	1829.7608	1838.0	27.799	COMPLETED
322	id-00134	9	18	2	5	1829.0	1829.0	1829.3	1829.6621	1834.0	41.699	COMPLETED
322	id-00135	4	2	9	9	1829.0	1829.0	1830.35	1830.6435	1838.0	83.398	COMPLETED
322	id-00136	2	2	1	4	1830.0	1830.0	1830.12	1830.421	1834.0	3.707	COMPLETED
322	id-00137	8	9	7	3	1830.0	1830.0	1830.88	1831.3435	1833.0	108.726	COMPLETED
322	id-00138	2	2	7	2	1832.0	1832.0	1833.31	1834.0	1834.0	40.463	EXPIRED
322	id-00139	1	2	4	3	1832.0	1832.0	1832.75	1832.8529	1835.0	11.583	COMPLETED
322	id-00140	8	3	3	9	1832.0	1832.0	1832.56	1832.9126	1841.0	69.189	COMPLETED
322	id-00141	9	8	5	6	1833.0	1833.0	1833.71	1833.8906	1839.0	98.687	COMPLETED
322	id-00142	2	2	1	10	1833.0	1833.0	1833.14	1833.2502	1843.0	4.324	COMPLETED
322	id-00143	5	4	6	8	1836.0	1836.0	1836.9	1837.1058	1844.0	69.498	COMPLETED
322	id-00144	5	5	10	2	1836.0	1836.0	1837.5	1838.0	1838.0	115.83	EXPIRED
322	id-00145	6	7	2	8	1836.0	1836.0	1836.3	1836.5509	1844.0	27.799	COMPLETED
322	id-00146	7	4	1	2	1839.0	1839.0	1839.05	1839.5233	1841.0	5.405	COMPLETED
322	id-00147	5	7	1	5	1842.0	1842.0	1842.1	1842.5827	1847.0	7.722	COMPLETED
322	id-00148	9	5	10	7	1842.0	1842.0	1843.0	1843.3124	1849.0	138.996	COMPLETED
322	id-00149	2	2	6	9	1843.0	1843.0	1843.3	1843.7159	1852.0	9.266	COMPLETED
322	id-00150	3	6	6	5	1844.0	1844.0	1844.3	1844.6269	1849.0	13.9	COMPLETED
322	id-00151	5	8	7	8	1845.0	1845.0	1845.35	1845.8007	1853.0	27.027	COMPLETED
322	id-00152	3	5	4	10	1847.0	1847.0	1847.2	1847.3909	1857.0	9.266	COMPLETED
322	id-00153	6	6	2	4	1848.0	1848.0	1848.2	1848.349	1852.0	18.533	COMPLETED
322	id-00154	8	5	10	6	1848.0	1848.0	1849.0	1849.2628	1854.0	123.552	COMPLETED
322	id-00155	2	4	10	7	1849.0	1849.0	1849.5	1849.7032	1856.0	15.444	COMPLETED
322	id-00156	10	13	5	1	1850.0	1850.0	1850.25	1851.0	1851.0	38.61	EXPIRED
322	id-00157	10	3	8	10	1851.0	1851.0	1851.4	1851.7943	1861.0	61.776	COMPLETED
322	id-00158	10	10	10	1	1852.0	1852.0	1852.5	1853.0	1853.0	77.22	EXPIRED
322	id-00159	1	2	1	5	1855.0	1855.0	1855.1	1855.2653	1860.0	1.544	COMPLETED
322	id-00160	8	15	8	4	1855.0	1855.0	1855.8	1856.2998	1859.0	98.842	COMPLETED
322	id-00161	8	8	6	7	1857.0	1857.0	1857.3	1857.6478	1864.0	37.066	COMPLETED
322	id-00162	10	6	1	3	1858.0	1858.0	1858.05	1858.2881	1861.0	7.722	COMPLETED
322	id-00163	10	2	2	2	1860.0	1860.0	1860.1	1860.2273	1862.0	15.444	COMPLETED
322	id-00164	7	8	3	1	1861.0	1861.0	1861.15	1862.0	1862.0	16.216	EXPIRED
322	id-00165	8	14	3	7	1863.0	1863.0	1863.15	1863.6354	1870.0	18.533	COMPLETED
322	id-00166	7	9	9	10	1864.0	1864.0	1864.45	1864.8714	1874.0	48.649	COMPLETED
322	id-00167	3	6	9	5	1865.0	1865.0	1866.35	1866.5152	1870.0	62.548	COMPLETED
322	id-00168	10	20	4	7	1865.0	1865.0	1865.6	1865.7316	1872.0	92.664	COMPLETED
322	id-00169	6	7	5	4	1865.0	1865.0	1865.75	1866.142	1869.0	69.498	COMPLETED
322	id-00170	4	8	1	2	1867.0	1867.0	1867.1	1867.4924	1869.0	6.178	COMPLETED
322	id-00171	3	3	4	4	1867.0	1867.0	1867.4	1867.8394	1871.0	18.533	COMPLETED
322	id-00172	4	4	10	3	1868.0	1868.0	1869.0	1869.3013	1871.0	61.776	COMPLETED
322	id-00173	2	4	3	9	1868.0	1868.0	1868.3	1868.5457	1877.0	9.266	COMPLETED
322	id-00174	10	4	1	5	1869.0	1869.0	1869.1	1869.3064	1874.0	15.444	COMPLETED
322	id-00175	3	5	1	7	1869.0	1869.0	1869.1	1869.3683	1876.0	4.633	COMPLETED
322	id-00176	9	7	3	4	1872.0	1872.0	1872.15	1872.3239	1876.0	20.849	COMPLETED
322	id-00177	5	3	7	1	1873.0	1873.0	1873.35	1874.0	1874.0	27.027	EXPIRED
322	id-00178	9	16	1	6	1874.0	1874.0	1874.05	1874.5333	1880.0	6.95	COMPLETED
322	id-00179	6	5	2	10	1875.0	1875.0	1875.1	1875.2862	1885.0	9.266	COMPLETED
322	id-00180	10	9	2	2	1877.0	1877.0	1877.2	1877.5598	1879.0	30.888	COMPLETED
322	id-00181	3	4	5	9	1877.0	1877.0	1877.5	1877.6127	1886.0	23.166	COMPLETED
322	id-00182	7	8	9	2	1878.0	1878.0	1878.45	1878.8521	1880.0	48.649	COMPLETED
322	id-00183	8	10	9	9	1879.0	1879.0	1879.45	1879.7022	1888.0	55.598	COMPLETED
322	id-00184	9	6	2	2	1880.0	1880.0	1880.2	1880.4622	1882.0	27.799	COMPLETED
322	id-00185	6	2	3	10	1880.0	1880.0	1880.3	1880.4968	1890.0	27.799	COMPLETED
322	id-00186	10	14	4	7	1881.0	1881.0	1881.2	1881.5362	1888.0	30.888	COMPLETED
322	id-00187	4	6	4	2	1884.0	1884.0	1884.2	1884.3201	1886.0	12.355	COMPLETED
322	id-00188	9	16	3	9	1885.0	1885.0	1885.3	1885.7094	1894.0	41.699	COMPLETED
322	id-00189	7	6	3	1	1885.0	1885.0	1885.3	1886.0	1886.0	32.432	EXPIRED
322	id-00190	4	3	2	6	1886.0	1886.0	1886.1	1886.5208	1892.0	6.178	COMPLETED
322	id-00191	2	2	1	1	1887.0	1887.0	1887.1	1888.0	1888.0	3.089	EXPIRED
322	id-00192	3	4	9	8	1887.0	1887.0	1887.9	1888.2637	1895.0	41.699	COMPLETED
322	id-00193	1	2	1	10	1888.0	1888.0	1888.15	1888.4743	1898.0	2.317	COMPLETED
322	id-00194	5	5	6	1	1888.0	1888.0	1888.9	1889.0	1889.0	69.498	EXPIRED
322	id-00195	5	6	4	7	1888.0	1888.0	1888.6	1889.0756	1895.0	46.332	COMPLETED
322	id-00196	5	4	10	3	1889.0	1889.0	1890.5	1890.7082	1892.0	115.83	COMPLETED
322	id-00197	7	6	8	8	1889.0	1889.0	1890.2	1890.3469	1897.0	129.73	COMPLETED
322	id-00198	5	2	4	9	1889.0	1889.0	1889.17	1889.6642	1898.0	6.716	COMPLETED
322	id-00199	5	4	7	4	1889.0	1889.0	1890.05	1890.2885	1893.0	81.081	COMPLETED
322	id-00200	4	2	6	1	1890.0	1890.0	1890.25	1891.0	1891.0	6.016	EXPIRED
322	id-00201	3	6	9	6	1890.0	1890.0	1893.0	1893.3428	1896.0	138.996	COMPLETED
322	id-00202	6	7	5	7	1892.0	1895.0	1896.25	1896.6859	1899.0	115.83	COMPLETED
322	id-00203	5	3	8	2	1892.0	None	None	1894.0	1894.0	None	EXPIRED
322	id-00204	8	12	7	7	1892.0	1895.0	1896.75	1897.2083	1899.0	216.216	COMPLETED
322	id-00205	2	4	3	8	1893.0	1895.0	1895.75	1896.0501	1901.0	23.166	COMPLETED
322	id-00206	1	2	1	3	1893.0	1895.0	1895.25	1896.0	1896.0	3.861	EXPIRED
322	id-00207	10	4	7	1	1895.0	1895.0	1895.58	1896.0	1896.0	89.575	EXPIRED
322	id-00208	4	2	8	5	1895.0	1895.0	1895.67	1895.9664	1900.0	16.123	COMPLETED
322	id-00209	3	2	8	3	1895.0	1895.0	1897.0	1897.4834	1898.0	92.664	COMPLETED
322	id-00210	8	15	1	3	1896.0	None	None	1899.0	1899.0	None	EXPIRED
322	id-00211	10	11	3	1	1897.0	None	None	1898.0	1898.0	None	EXPIRED
322	id-00212	9	6	5	8	1897.0	1899.0	1899.62	1899.9558	1905.0	86.178	COMPLETED
322	id-00213	5	5	9	9	1899.0	1899.0	1900.12	1900.4823	1908.0	65.368	COMPLETED
322	id-00214	3	5	3	9	1899.0	1899.0	1900.0	1900.267	1908.0	46.332	COMPLETED
322	id-00215	2	3	8	8	1899.0	1899.0	1900.0	1900.4294	1907.0	12.032	COMPLETED
322	id-00216	6	2	3	6	1900.0	1900.0	1900.15	1900.2731	1906.0	13.9	COMPLETED
322	id-00217	5	8	3	6	1901.0	1901.0	1901.3	1901.568	1907.0	23.166	COMPLETED
322	id-00218	9	18	7	5	1901.0	1901.0	1901.7	1901.9937	1906.0	97.297	COMPLETED
322	id-00219	9	6	8	4	1902.0	1902.0	1902.8	1903.1362	1906.0	111.197	COMPLETED
322	id-00220	4	4	5	5	1902.0	1902.0	1902.5	1902.8759	1907.0	30.888	COMPLETED
322	id-00221	9	4	3	7	1903.0	1903.0	1903.15	1903.2796	1910.0	20.849	COMPLETED
322	id-00222	9	3	5	1	1904.0	1904.0	1904.42	1905.0	1905.0	58.378	EXPIRED
322	id-00223	8	8	9	6	1904.0	1904.0	1904.75	1904.9398	1910.0	64.38	COMPLETED
322	id-00224	6	11	3	7	1904.0	1904.0	1904.3	1904.7429	1911.0	27.799	COMPLETED
322	id-00225	8	16	10	2	1904.0	1904.0	1905.0	1905.2524	1906.0	123.552	COMPLETED
322	id-00226	8	8	9	10	1905.0	1905.0	1906.35	1906.6764	1915.0	166.795	COMPLETED
322	id-00227	7	14	3	2	1905.0	1905.0	1905.45	1905.5596	1907.0	48.649	COMPLETED
322	id-00228	9	4	2	2	1905.0	1905.0	1905.09	1905.5309	1907.0	9.964	COMPLETED
322	id-00229	4	3	6	9	1905.0	1905.0	1905.9	1906.394	1914.0	55.598	COMPLETED
322	id-00230	9	5	2	10	1906.0	1906.0	1906.17	1906.6144	1916.0	23.629	COMPLETED
322	id-00231	10	5	7	1	1907.0	1907.0	1907.58	1908.0	1908.0	89.575	EXPIRED
322	id-00232	1	2	6	8	1911.0	1911.0	1911.6	1911.7329	1919.0	9.266	COMPLETED
322	id-00233	7	2	6	8	1911.0	1911.0	1911.6	1911.8167	1919.0	64.865	COMPLETED
322	id-00234	8	9	5	9	1912.0	1912.0	1912.25	1912.5679	1921.0	30.888	COMPLETED
322	id-00235	10	16	8	2	1914.0	1914.0	1914.4	1914.7838	1916.0	61.776	COMPLETED
322	id-00236	6	6	9	9	1916.0	1916.0	1917.35	1917.7341	1925.0	125.096	COMPLETED
322	id-00237	4	8	5	8	1916.0	1916.0	1916.75	1916.851	1924.0	46.332	COMPLETED
322	id-00238	6	8	10	2	1916.0	1916.0	1917.5	1918.0	1918.0	138.996	EXPIRED
322	id-00239	7	4	1	7	1917.0	1917.0	1917.12	1917.2416	1924.0	12.973	COMPLETED
322	id-00240	10	5	10	1	1917.0	1917.0	1917.45	1918.0	1918.0	61.013	EXPIRED
322	id-00241	6	9	5	7	1918.0	1918.0	1918.62	1918.9489	1925.0	57.452	COMPLETED
322	id-00242	10	11	8	4	1922.0	1922.0	1922.4	1922.6986	1926.0	61.776	COMPLETED
322	id-00243	2	3	5	5	1923.0	1923.0	1923.25	1923.4327	1928.0	7.722	COMPLETED
322	id-00244	3	6	6	3	1925.0	1925.0	1925.6	1925.9796	1928.0	27.799	COMPLETED
322	id-00245	1	2	9	7	1925.0	1925.0	1925.9	1926.3505	1932.0	13.9	COMPLETED
322	id-00246	7	9	9	10	1928.0	1928.0	1928.9	1929.2225	1938.0	97.297	COMPLETED
322	id-00247	1	2	9	3	1928.0	1928.0	1928.9	1929.363	1931.0	13.9	COMPLETED
322	id-00248	10	19	7	2	1931.0	1931.0	1931.35	1931.5396	1933.0	54.054	COMPLETED
322	id-00249	6	6	10	8	1932.0	1932.0	1933.0	1933.2944	1940.0	92.664	COMPLETED
322	id-00250	10	10	1	10	1932.0	1932.0	1932.1	1932.5033	1942.0	15.444	COMPLETED
322	id-00251	9	12	10	9	1936.0	1936.0	1936.5	1936.6443	1945.0	69.498	COMPLETED
322	id-00252	2	4	9	8	1937.0	1937.0	1937.45	1937.5701	1945.0	13.9	COMPLETED
322	id-00253	5	3	3	4	1938.0	1938.0	1938.45	1938.9174	1942.0	34.749	COMPLETED
322	id-00254	5	4	10	10	1938.0	1938.0	1939.5	1939.8895	1948.0	115.83	COMPLETED
322	id-00255	2	4	5	10	1938.0	1938.0	1938.75	1939.0224	1948.0	23.166	COMPLETED
322	id-00256	3	5	1	1	1942.0	1942.0	1942.15	1943.0	1943.0	6.95	EXPIRED
322	id-00257	3	3	8	3	1942.0	1942.0	1943.2	1943.5955	1945.0	55.598	COMPLETED
322	id-00258	7	13	5	3	1942.0	1942.0	1942.75	1943.1687	1945.0	81.081	COMPLETED
322	id-00259	3	3	1	10	1944.0	1944.0	1944.05	1944.3987	1954.0	2.317	COMPLETED
322	id-00260	6	5	4	9	1947.0	1947.0	1947.4	1947.7059	1956.0	37.066	COMPLETED
322	id-00261	9	14	7	2	1947.0	1947.0	1947.7	1948.1784	1949.0	97.297	COMPLETED
322	id-00262	2	4	7	8	1948.0	1948.0	1948.35	1948.6711	1956.0	10.811	COMPLETED
322	id-00263	8	3	1	8	1949.0	1949.0	1949.05	1949.2017	1957.0	6.178	COMPLETED
322	id-00264	5	2	4	3	1950.0	1950.0	1950.6	1950.8138	1953.0	46.332	COMPLETED
322	id-00265	7	5	6	5	1950.0	1950.0	1950.9	1951.3013	1955.0	97.297	COMPLETED
322	id-00266	7	6	5	10	1950.0	1950.0	1950.75	1951.2459	1960.0	81.081	COMPLETED
322	id-00267	8	10	9	6	1951.0	1951.0	1951.45	1951.9372	1957.0	55.598	COMPLETED
322	id-00268	9	10	8	6	1954.0	1954.0	1954.4	1954.6759	1960.0	55.598	COMPLETED
322	id-00269	6	5	3	7	1956.0	1956.0	1956.45	1956.6945	1963.0	41.699	COMPLETED
322	id-00270	2	2	8	1	1956.0	1956.0	1957.2	1957.0	1957.0	37.066	EXPIRED
322	id-00271	4	5	4	7	1956.0	1956.0	1956.6	1956.8348	1963.0	37.066	COMPLETED
322	id-00272	4	8	3	2	1957.0	1957.0	1957.33	1957.472	1959.0	20.386	COMPLETED
322	id-00273	3	6	7	10	1957.0	1957.0	1957.78	1958.0477	1967.0	36.139	COMPLETED
322	id-00274	1	2	4	3	1958.0	1958.0	1958.44	1958.5896	1961.0	6.795	COMPLETED
322	id-00275	3	5	3	8	1958.0	1958.0	1958.33	1958.5951	1966.0	15.29	COMPLETED
322	id-00276	3	5	8	9	1959.0	1959.0	1959.44	1959.8645	1968.0	20.386	COMPLETED
322	id-00277	10	12	1	1	1962.0	1962.0	1962.1	1963.0	1963.0	15.444	EXPIRED
322	id-00278	3	2	4	7	1962.0	1962.0	1962.4	1962.6524	1969.0	18.533	COMPLETED
322	id-00279	2	3	8	7	1964.0	1964.0	1964.4	1964.8491	1971.0	12.355	COMPLETED
322	id-00280	1	2	8	10	1965.0	1965.0	1966.2	1966.4609	1975.0	18.533	COMPLETED
322	id-00281	10	9	8	10	1965.0	1965.0	1966.2	1966.57	1975.0	185.328	COMPLETED
322	id-00282	1	2	9	7	1965.0	1965.0	1966.35	1966.5643	1972.0	20.849	COMPLETED
322	id-00283	5	5	8	8	1966.0	1966.0	1967.0	1967.2776	1974.0	77.22	COMPLETED
322	id-00284	10	16	3	6	1966.0	1966.0	1966.14	1966.4692	1972.0	20.302	COMPLETED
322	id-00285	1	2	8	10	1967.0	1967.0	1968.0	1968.3732	1977.0	15.444	COMPLETED
322	id-00286	8	14	5	8	1968.0	1968.0	1968.62	1969.0878	1976.0	76.602	COMPLETED
322	id-00287	5	10	7	8	1968.0	1968.0	1968.33	1968.8132	1976.0	22.371	COMPLETED
322	id-00288	9	5	10	8	1969.0	1970.0	1971.0	1971.2355	1977.0	138.996	COMPLETED
322	id-00289	5	4	1	2	1970.0	1970.0	1970.1	1970.4024	1972.0	7.722	COMPLETED
322	id-00290	6	12	3	8	1972.0	1972.0	1972.3	1972.4353	1980.0	27.799	COMPLETED
322	id-00291	7	8	8	8	1972.0	1972.0	1972.8	1973.1442	1980.0	86.486	COMPLETED
322	id-00292	7	2	9	8	1973.0	1973.0	1973.45	1973.5906	1981.0	48.649	COMPLETED
322	id-00293	1	2	5	5	1974.0	1974.0	1974.25	1974.5965	1979.0	3.861	COMPLETED
322	id-00294	6	11	8	2	1978.0	1978.0	1978.4	1978.6214	1980.0	37.066	COMPLETED
322	id-00295	3	5	7	7	1979.0	1979.0	1979.7	1979.9918	1986.0	32.432	COMPLETED
322	id-00296	9	17	10	3	1979.0	1979.0	1980.0	1980.4188	1982.0	138.996	COMPLETED
322	id-00297	6	11	9	5	1980.0	1980.0	1980.45	1980.8014	1985.0	41.699	COMPLETED
322	id-00298	4	6	3	8	1981.0	1981.0	1981.15	1981.2724	1989.0	9.266	COMPLETED
322	id-00299	5	7	8	1	1982.0	1982.0	1982.8	1983.0	1983.0	61.776	EXPIRED
322	id-00300	8	9	8	2	1982.0	1982.0	1982.8	1983.2248	1984.0	98.842	COMPLETED
322	id-00301	3	6	9	8	1983.0	1983.0	1984.35	1984.5087	1991.0	62.548	COMPLETED
322	id-00302	1	2	8	2	1983.0	1983.0	1984.2	1985.0	1985.0	18.533	EXPIRED
322	id-00303	5	4	6	7	1983.0	1983.0	1983.9	1984.3263	1990.0	69.498	COMPLETED
322	id-00304	10	10	4	4	1984.0	1984.0	1984.5	1984.8173	1988.0	77.22	COMPLETED
322	id-00305	4	3	1	3	1984.0	1984.0	1984.12	1984.4609	1987.0	7.413	COMPLETED
322	id-00306	6	3	5	10	1984.0	1984.0	1984.25	1984.5367	1994.0	23.166	COMPLETED
322	id-00307	6	7	8	1	1985.0	1985.0	1985.4	1986.0	1986.0	37.066	EXPIRED
322	id-00308	1	2	7	6	1986.0	1986.0	1986.35	1986.6299	1992.0	5.405	COMPLETED
322	id-00309	1	2	9	4	1990.0	1990.0	1990.86	1991.1373	1994.0	13.282	COMPLETED
322	id-00310	3	6	6	4	1990.0	1990.0	1990.57	1990.8694	1994.0	21.035	COMPLETED
322	id-00311	5	5	3	1	1991.0	1991.0	1991.14	1992.0	1992.0	9.491	EXPIRED
322	id-00312	9	4	9	6	1992.0	1992.0	1993.29	1993.5217	1998.0	179.305	COMPLETED
322	id-00313	6	7	3	7	1992.0	1992.0	1992.43	1992.7468	1999.0	39.846	COMPLETED
322	id-00314	7	4	8	10	1992.0	1992.0	1992.4	1992.565	2002.0	43.243	COMPLETED
322	id-00315	6	10	3	3	1992.0	1992.0	1992.43	1992.6766	1995.0	35.791	COMPLETED
322	id-00316	6	12	3	7	1993.0	1993.0	1993.25	1993.5155	2000.0	20.809	COMPLETED
322	id-00317	6	2	6	4	1995.0	1995.0	1995.3	1995.4107	1999.0	27.799	COMPLETED
322	id-00318	8	11	5	5	1997.0	1997.0	1997.25	1997.406	2002.0	30.888	COMPLETED
322	id-00319	8	2	5	10	2000.0	2000.0	2000.75	2001.1394	2010.0	92.664	COMPLETED
322	id-00320	2	3	6	3	2000.0	2000.0	2000.9	2001.1865	2003.0	27.799	COMPLETED
322	id-00321	6	11	2	6	2000.0	2000.0	2000.3	2000.5977	2006.0	27.799	COMPLETED
