0.00013518333435058594
8.535385131835938e-05
7.319450378417969e-05
5.817413330078125e-05
6.198883056640625e-05
8.344650268554688e-05
0.00011515617370605469
0.00011348724365234375
0.0001266002655029297
0.00016832351684570312
8.177757263183594e-05
6.842613220214844e-05
0.00010514259338378906
7.104873657226562e-05
5.888938903808594e-05
6.794929504394531e-05
8.368492126464844e-05
0.00013208389282226562
8.177757263183594e-05
4.029273986816406e-05
9.632110595703125e-05
6.151199340820312e-05
5.984306335449219e-05
7.367134094238281e-05
5.125999450683594e-05
6.556510925292969e-05
8.273124694824219e-05
6.4849853515625e-05
0.00010013580322265625
1.7642974853515625e-05
6.651878356933594e-05
8.58306884765625e-05
0.0001380443572998047
6.818771362304688e-05
8.082389831542969e-05
6.031990051269531e-05
0.00012564659118652344
9.632110595703125e-05
6.508827209472656e-05
0.00011420249938964844
0.00011610984802246094
6.794929504394531e-05
5.888938903808594e-05
5.221366882324219e-05
9.703636169433594e-05
8.0108642578125e-05
0.0001373291015625
9.965896606445312e-05
7.653236389160156e-05
5.245208740234375e-05
5.5789947509765625e-05
8.893013000488281e-05
8.296966552734375e-05
0.00028777122497558594
6.985664367675781e-05
6.842613220214844e-05
9.274482727050781e-05
6.556510925292969e-05
0.0001246929168701172
8.606910705566406e-05
5.507469177246094e-05
6.890296936035156e-05
1.4543533325195312e-05
0.0001087188720703125
6.532669067382812e-05
8.130073547363281e-05
1.7881393432617188e-05
5.221366882324219e-05
4.982948303222656e-05
4.57763671875e-05
5.030632019042969e-05
9.369850158691406e-05
8.177757263183594e-05
5.91278076171875e-05
6.961822509765625e-05
6.29425048828125e-05
0.0001583099365234375
6.67572021484375e-05
6.222724914550781e-05
7.176399230957031e-05
0.0001952648162841797
0.00022029876708984375
0.00016570091247558594
0.0001423358917236328
7.390975952148438e-05
8.797645568847656e-05
8.296966552734375e-05
0.00014066696166992188
5.888938903808594e-05
0.0001220703125
5.793571472167969e-05
8.654594421386719e-05
2.002716064453125e-05
5.817413330078125e-05
5.555152893066406e-05
4.982948303222656e-05
4.792213439941406e-05
6.0558319091796875e-05
9.083747863769531e-05
0.0001316070556640625
7.772445678710938e-05
7.343292236328125e-05
0.000141143798828125
6.532669067382812e-05
0.00010037422180175781
0.0001862049102783203
0.00011610984802246094
5.316734313964844e-05
5.3882598876953125e-05
6.198883056640625e-05
5.1021575927734375e-05
0.0002067089080810547
8.893013000488281e-05
0.00012445449829101562
6.29425048828125e-05
7.987022399902344e-05
8.940696716308594e-05
8.463859558105469e-05
0.0001513957977294922
0.00011491775512695312
5.984306335449219e-05
0.00010132789611816406
9.751319885253906e-05
9.489059448242188e-05
0.0001163482666015625
7.534027099609375e-05
0.00011038780212402344
0.00011229515075683594
7.081031799316406e-05
9.608268737792969e-05
8.821487426757812e-05
7.271766662597656e-05
6.67572021484375e-05
0.000213623046875
9.012222290039062e-05
8.511543273925781e-05
0.00016570091247558594
7.700920104980469e-05
0.00012421607971191406
8.249282836914062e-05
8.702278137207031e-05
0.00010943412780761719
8.344650268554688e-05
0.00011205673217773438
7.605552673339844e-05
6.723403930664062e-05
0.00011539459228515625
2.3603439331054688e-05
7.82012939453125e-05
7.653236389160156e-05
8.702278137207031e-05
5.555152893066406e-05
9.059906005859375e-05
0.00017380714416503906
5.316734313964844e-05
6.890296936035156e-05
8.654594421386719e-05
0.00015044212341308594
0.00015282630920410156
4.9591064453125e-05
4.863739013671875e-05
6.4849853515625e-05
8.58306884765625e-05
0.000194549560546875
5.507469177246094e-05
8.440017700195312e-05
0.00013566017150878906
0.0001068115234375
8.606910705566406e-05
1.8596649169921875e-05
6.723403930664062e-05
5.507469177246094e-05
5.841255187988281e-05
0.000148773193359375
6.818771362304688e-05
0.00011324882507324219
8.96453857421875e-05
1.621246337890625e-05
0.0001380443572998047
0.00010037422180175781
7.772445678710938e-05
6.794929504394531e-05
0.00010347366333007812
0.00014495849609375
0.00010919570922851562
0.0001327991485595703
0.00010371208190917969
5.4836273193359375e-05
9.989738464355469e-05
6.532669067382812e-05
6.842613220214844e-05
0.00010824203491210938
6.604194641113281e-05
5.245208740234375e-05
0.00011920928955078125
5.817413330078125e-05
5.1021575927734375e-05
0.00011324882507324219
