9.012222290039062e-05
6.29425048828125e-05
8.58306884765625e-05
1.811981201171875e-05
7.534027099609375e-05
6.270408630371094e-05
6.937980651855469e-05
9.202957153320312e-05
5.650520324707031e-05
6.031990051269531e-05
9.703636169433594e-05
6.461143493652344e-05
6.29425048828125e-05
0.0001380443572998047
0.00012087821960449219
6.508827209472656e-05
5.602836608886719e-05
0.00014019012451171875
7.987022399902344e-05
6.246566772460938e-05
0.00015163421630859375
6.651878356933594e-05
7.581710815429688e-05
5.650520324707031e-05
6.628036499023438e-05
0.00010514259338378906
7.605552673339844e-05
9.441375732421875e-05
9.679794311523438e-05
0.00010538101196289062
0.00012445449829101562
7.82012939453125e-05
9.1552734375e-05
0.00010633468627929688
8.606910705566406e-05
8.606910705566406e-05
8.034706115722656e-05
7.390975952148438e-05
5.936622619628906e-05
6.937980651855469e-05
6.222724914550781e-05
0.00011086463928222656
6.008148193359375e-05
5.888938903808594e-05
6.890296936035156e-05
8.225440979003906e-05
6.604194641113281e-05
7.128715515136719e-05
6.127357482910156e-05
6.628036499023438e-05
9.703636169433594e-05
6.4849853515625e-05
9.679794311523438e-05
1.9788742065429688e-05
7.653236389160156e-05
7.2479248046875e-05
6.747245788574219e-05
8.630752563476562e-05
1.9073486328125e-05
5.125999450683594e-05
7.605552673339844e-05
8.249282836914062e-05
6.437301635742188e-05
5.054473876953125e-05
8.416175842285156e-05
7.367134094238281e-05
6.604194641113281e-05
5.7697296142578125e-05
5.4836273193359375e-05
8.106231689453125e-05
7.987022399902344e-05
8.082389831542969e-05
7.939338684082031e-05
7.581710815429688e-05
8.130073547363281e-05
6.0558319091796875e-05
9.298324584960938e-05
6.079673767089844e-05
4.38690185546875e-05
5.14984130859375e-05
1.811981201171875e-05
1.8835067749023438e-05
0.00015020370483398438
4.696846008300781e-05
6.008148193359375e-05
4.792213439941406e-05
4.601478576660156e-05
5.7220458984375e-05
5.7697296142578125e-05
0.000133514404296875
4.4345855712890625e-05
5.6743621826171875e-05
4.315376281738281e-05
6.937980651855469e-05
4.792213439941406e-05
7.319450378417969e-05
4.6253204345703125e-05
5.5789947509765625e-05
0.0001347064971923828
5.459785461425781e-05
0.00010514259338378906
4.863739013671875e-05
5.078315734863281e-05
6.031990051269531e-05
6.508827209472656e-05
5.7697296142578125e-05
7.534027099609375e-05
5.412101745605469e-05
7.510185241699219e-05
6.914138793945312e-05
6.198883056640625e-05
0.00010323524475097656
1.7642974853515625e-05
8.869171142578125e-05
0.00010466575622558594
0.00011372566223144531
6.341934204101562e-05
6.961822509765625e-05
5.435943603515625e-05
7.724761962890625e-05
6.318092346191406e-05
7.772445678710938e-05
4.506111145019531e-05
6.747245788574219e-05
2.0503997802734375e-05
6.628036499023438e-05
5.2928924560546875e-05
8.320808410644531e-05
6.151199340820312e-05
6.008148193359375e-05
6.937980651855469e-05
6.29425048828125e-05
7.557868957519531e-05
7.43865966796875e-05
6.508827209472656e-05
6.556510925292969e-05
7.152557373046875e-05
6.508827209472656e-05
8.392333984375e-05
6.747245788574219e-05
7.319450378417969e-05
6.723403930664062e-05
5.507469177246094e-05
0.00011181831359863281
0.00010538101196289062
2.86102294921875e-05
8.988380432128906e-05
1.621246337890625e-05
1.7881393432617188e-05
6.937980651855469e-05
6.747245788574219e-05
7.295608520507812e-05
7.224082946777344e-05
6.175041198730469e-05
0.00011491775512695312
6.985664367675781e-05
5.936622619628906e-05
6.127357482910156e-05
6.866455078125e-05
8.273124694824219e-05
6.985664367675781e-05
5.650520324707031e-05
6.937980651855469e-05
2.1457672119140625e-05
6.532669067382812e-05
7.677078247070312e-05
8.678436279296875e-05
8.463859558105469e-05
8.177757263183594e-05
8.96453857421875e-05
6.604194641113281e-05
6.437301635742188e-05
8.535385131835938e-05
6.437301635742188e-05
0.00010013580322265625
5.793571472167969e-05
8.440017700195312e-05
7.367134094238281e-05
5.602836608886719e-05
0.00013899803161621094
7.796287536621094e-05
9.274482727050781e-05
0.00010180473327636719
1.7404556274414062e-05
6.532669067382812e-05
0.00010061264038085938
7.009506225585938e-05
4.839897155761719e-05
5.698204040527344e-05
6.794929504394531e-05
7.367134094238281e-05
5.817413330078125e-05
6.341934204101562e-05
6.365776062011719e-05
