9.703636169433594e-05
5.650520324707031e-05
0.00018310546875
1.5735626220703125e-05
9.655952453613281e-05
7.605552673339844e-05
6.389617919921875e-05
7.867813110351562e-05
7.843971252441406e-05
6.270408630371094e-05
6.985664367675781e-05
7.224082946777344e-05
0.0001163482666015625
8.225440979003906e-05
0.00010561943054199219
1.6927719116210938e-05
6.0558319091796875e-05
5.221366882324219e-05
0.0001266002655029297
0.0001575946807861328
6.031990051269531e-05
9.417533874511719e-05
2.86102294921875e-05
2.2649765014648438e-05
8.96453857421875e-05
5.435943603515625e-05
9.870529174804688e-05
8.225440979003906e-05
6.604194641113281e-05
0.00013875961303710938
6.127357482910156e-05
6.866455078125e-05
5.984306335449219e-05
0.00011229515075683594
0.0001404285430908203
8.511543273925781e-05
9.703636169433594e-05
0.00014066696166992188
8.630752563476562e-05
8.559226989746094e-05
7.343292236328125e-05
9.846687316894531e-05
7.796287536621094e-05
0.0001347064971923828
8.916854858398438e-05
5.650520324707031e-05
7.581710815429688e-05
8.96453857421875e-05
7.081031799316406e-05
6.604194641113281e-05
0.00011515617370605469
7.343292236328125e-05
8.916854858398438e-05
0.00010824203491210938
0.00023674964904785156
5.626678466796875e-05
6.818771362304688e-05
0.0001239776611328125
8.821487426757812e-05
2.2411346435546875e-05
8.916854858398438e-05
0.0001628398895263672
7.176399230957031e-05
9.822845458984375e-05
8.511543273925781e-05
7.557868957519531e-05
0.0001246929168701172
6.818771362304688e-05
9.5367431640625e-05
9.965896606445312e-05
8.559226989746094e-05
0.0001270771026611328
0.00010752677917480469
6.890296936035156e-05
0.00016355514526367188
0.00011587142944335938
0.00013184547424316406
0.00018072128295898438
6.651878356933594e-05
7.796287536621094e-05
6.103515625e-05
0.00012183189392089844
6.318092346191406e-05
6.437301635742188e-05
0.00011682510375976562
5.078315734863281e-05
6.937980651855469e-05
0.00010800361633300781
4.553794860839844e-05
0.00013709068298339844
4.601478576660156e-05
7.987022399902344e-05
7.486343383789062e-05
6.29425048828125e-05
4.458427429199219e-05
0.00011181831359863281
5.6743621826171875e-05
6.0558319091796875e-05
4.5299530029296875e-05
9.059906005859375e-05
0.00012421607971191406
4.601478576660156e-05
4.792213439941406e-05
5.650520324707031e-05
9.417533874511719e-05
5.435943603515625e-05
7.414817810058594e-05
9.393692016601562e-05
0.0001468658447265625
7.176399230957031e-05
7.152557373046875e-05
0.00023627281188964844
2.47955322265625e-05
9.489059448242188e-05
0.00016570091247558594
9.393692016601562e-05
7.343292236328125e-05
0.00012636184692382812
9.512901306152344e-05
8.7738037109375e-05
0.00010609626770019531
9.226799011230469e-05
6.222724914550781e-05
0.000148773193359375
8.20159912109375e-05
9.012222290039062e-05
5.030632019042969e-05
0.00014829635620117188
0.00012040138244628906
7.271766662597656e-05
9.560585021972656e-05
0.00011658668518066406
7.510185241699219e-05
7.367134094238281e-05
0.00010228157043457031
7.534027099609375e-05
0.0001347064971923828
0.00010156631469726562
9.942054748535156e-05
0.00010442733764648438
0.00010371208190917969
7.295608520507812e-05
4.792213439941406e-05
0.00026226043701171875
0.0002028942108154297
3.6716461181640625e-05
0.0001823902130126953
0.00011444091796875
7.033348083496094e-05
0.00010228157043457031
0.00013899803161621094
0.00011706352233886719
9.942054748535156e-05
0.00012683868408203125
7.05718994140625e-05
6.866455078125e-05
9.226799011230469e-05
0.00017142295837402344
7.557868957519531e-05
8.869171142578125e-05
0.00011944770812988281
0.00010585784912109375
0.00011944770812988281
0.00014019012451171875
0.00011301040649414062
6.723403930664062e-05
7.319450378417969e-05
0.00010609626770019531
0.00010538101196289062
0.00012373924255371094
7.605552673339844e-05
0.00019884109497070312
0.0001251697540283203
7.319450378417969e-05
6.818771362304688e-05
6.461143493652344e-05
0.0002257823944091797
6.079673767089844e-05
6.29425048828125e-05
0.00012087821960449219
2.4318695068359375e-05
9.870529174804688e-05
8.034706115722656e-05
6.0558319091796875e-05
4.1961669921875e-05
7.43865966796875e-05
8.177757263183594e-05
7.939338684082031e-05
7.653236389160156e-05
6.937980651855469e-05
5.245208740234375e-05
