326	id-00000	10	18	8	3	1703.0	1703.0	1703.4	1703.6394	1706.0	61.776	COMPLETED
326	id-00001	7	2	8	10	1704.0	1704.0	1704.36	1704.5371	1714.0	32.131	COMPLETED
326	id-00002	9	17	6	2	1704.0	1704.0	1704.6	1704.8546	1706.0	83.398	COMPLETED
326	id-00003	7	11	5	12	1704.0	1704.0	1704.5	1704.7769	1716.0	54.054	COMPLETED
326	id-00004	2	3	7	11	1706.0	1706.0	1706.7	1707.0529	1717.0	21.622	COMPLETED
326	id-00005	7	10	6	11	1706.0	1706.0	1706.6	1707.0107	1717.0	64.865	COMPLETED
326	id-00006	9	4	4	3	1708.0	1708.0	1708.2	1708.4577	1711.0	27.799	COMPLETED
326	id-00007	2	3	4	10	1709.0	1709.0	1709.2	1709.4647	1719.0	6.178	COMPLETED
326	id-00008	5	6	8	8	1714.0	1714.0	1714.4	1714.8527	1722.0	30.888	COMPLETED
326	id-00009	9	11	6	11	1718.0	1718.0	1718.3	1718.4789	1729.0	41.699	COMPLETED
326	id-00010	1	2	1	1	1719.0	1719.0	1719.05	1720.0	1720.0	0.772	EXPIRED
326	id-00011	4	8	3	8	1722.0	1722.0	1722.15	1722.5688	1730.0	9.266	COMPLETED
326	id-00012	7	14	3	6	1728.0	1728.0	1728.3	1728.4797	1734.0	32.432	COMPLETED
326	id-00013	7	5	3	6	1728.0	1728.0	1728.3	1728.7424	1734.0	32.432	COMPLETED
326	id-00014	10	17	9	4	1729.0	1729.0	1729.45	1729.5662	1733.0	69.498	COMPLETED
326	id-00015	7	4	3	6	1730.0	1730.0	1730.15	1730.3129	1736.0	16.216	COMPLETED
326	id-00016	1	2	5	4	1731.0	1731.0	1731.5	1731.7791	1735.0	7.722	COMPLETED
326	id-00017	5	6	8	5	1731.0	1731.0	1731.8	1732.1555	1736.0	61.776	COMPLETED
326	id-00018	1	2	4	3	1732.0	1732.0	1732.2	1732.3055	1735.0	3.089	COMPLETED
326	id-00019	10	6	6	12	1736.0	1736.0	1736.86	1737.297	1748.0	132.818	COMPLETED
326	id-00020	5	10	4	13	1736.0	1736.0	1736.57	1736.7565	1749.0	44.015	COMPLETED
326	id-00021	3	6	3	11	1736.0	1736.0	1736.43	1736.9273	1747.0	15.869	COMPLETED
326	id-00022	9	4	8	11	1737.0	1737.0	1737.38	1737.7437	1748.0	49.236	COMPLETED
326	id-00023	4	2	8	13	1738.0	1738.0	1738.76	1739.1415	1751.0	46.95	COMPLETED
326	id-00024	10	7	4	4	1738.0	1738.0	1738.38	1738.5015	1742.0	55.105	COMPLETED
326	id-00025	5	6	1	4	1739.0	1739.0	1739.19	1739.3542	1743.0	14.672	COMPLETED
326	id-00026	1	2	8	12	1739.0	1739.0	1740.52	1740.7728	1751.0	23.475	COMPLETED
326	id-00027	1	2	9	3	1739.0	1739.0	1740.71	1740.8532	1742.0	26.409	COMPLETED
326	id-00028	5	5	6	6	1739.0	1739.0	1740.14	1740.355	1745.0	77.283	COMPLETED
326	id-00029	3	4	6	12	1740.0	1740.0	1740.57	1740.9875	1752.0	26.409	COMPLETED
326	id-00030	3	5	10	2	1740.0	1740.0	1740.95	1741.3154	1742.0	35.059	COMPLETED
326	id-00031	4	7	6	10	1740.0	1740.0	1740.92	1741.2975	1750.0	0.0	COMPLETED
326	id-00032	9	13	1	1	1740.0	1740.0	1740.15	1741.0	1741.0	0.0	EXPIRED
326	id-00033	8	15	3	10	1741.0	1741.0	1741.23	1741.7002	1751.0	0.0	COMPLETED
326	id-00034	9	18	4	3	1742.0	1742.0	1742.31	1742.7194	1745.0	0.0	COMPLETED
326	id-00035	10	6	5	8	1745.0	1745.0	1745.25	1745.5299	1753.0	38.61	COMPLETED
326	id-00036	8	8	2	11	1746.0	1746.0	1746.1	1746.3675	1757.0	12.355	COMPLETED
326	id-00037	5	10	4	6	1747.0	1747.0	1747.2	1747.4651	1753.0	15.444	COMPLETED
326	id-00038	10	2	3	6	1749.0	1749.0	1749.15	1749.409	1755.0	23.166	COMPLETED
326	id-00039	7	7	2	14	1750.0	1750.0	1750.1	1750.5956	1764.0	10.811	COMPLETED
326	id-00040	3	2	3	10	1751.0	1751.0	1751.3	1751.6463	1761.0	13.9	COMPLETED
326	id-00041	9	6	4	5	1751.0	1751.0	1751.4	1751.7552	1756.0	55.598	COMPLETED
326	id-00042	2	3	2	13	1752.0	1752.0	1752.2	1752.3911	1765.0	6.178	COMPLETED
326	id-00043	2	4	8	9	1752.0	1752.0	1752.8	1753.2504	1761.0	24.71	COMPLETED
326	id-00044	4	5	4	6	1754.0	1754.0	1754.4	1754.7271	1760.0	24.71	COMPLETED
326	id-00045	8	6	10	5	1754.0	1754.0	1755.0	1755.44	1759.0	123.552	COMPLETED
326	id-00046	3	6	1	15	1755.0	1755.0	1755.05	1755.4946	1770.0	2.317	COMPLETED
326	id-00047	4	8	6	9	1756.0	1756.0	1756.6	1757.0963	1765.0	37.066	COMPLETED
326	id-00048	10	12	6	9	1756.0	1756.0	1756.6	1756.7747	1765.0	92.664	COMPLETED
326	id-00049	1	2	6	6	1757.0	1757.0	1757.6	1757.8033	1763.0	9.266	COMPLETED
326	id-00050	7	8	4	12	1757.0	1757.0	1757.4	1757.6068	1769.0	43.243	COMPLETED
326	id-00051	10	8	1	8	1758.0	1758.0	1758.1	1758.3727	1766.0	15.444	COMPLETED
326	id-00052	2	4	7	12	1758.0	1758.0	1758.7	1759.1272	1770.0	21.622	COMPLETED
326	id-00053	5	10	7	9	1759.0	1759.0	1759.7	1759.9682	1768.0	54.054	COMPLETED
326	id-00054	8	7	1	8	1759.0	1759.0	1759.05	1759.523	1767.0	5.706	COMPLETED
326	id-00055	8	12	8	6	1759.0	1759.0	1759.8	1760.0187	1765.0	98.842	COMPLETED
326	id-00056	10	13	5	9	1760.0	1760.0	1760.25	1760.7031	1769.0	38.61	COMPLETED
326	id-00057	8	11	9	7	1761.0	1761.0	1762.35	1762.8371	1768.0	166.795	COMPLETED
326	id-00058	1	2	6	7	1761.0	1761.0	1761.9	1762.0651	1768.0	13.9	COMPLETED
326	id-00059	6	2	1	12	1761.0	1761.0	1761.15	1761.4643	1773.0	13.9	COMPLETED
326	id-00060	1	2	5	3	1762.0	1762.0	1762.42	1762.678	1765.0	6.486	COMPLETED
326	id-00061	2	3	2	12	1763.0	1763.0	1763.18	1763.4073	1775.0	5.56	COMPLETED
326	id-00062	9	6	9	15	1763.0	1763.0	1763.82	1764.2963	1778.0	98.515	COMPLETED
326	id-00063	5	9	4	3	1763.0	1763.0	1763.67	1764.1445	1766.0	51.737	COMPLETED
326	id-00064	7	11	4	8	1763.0	1763.0	1763.67	1763.8726	1771.0	72.432	COMPLETED
326	id-00065	6	6	6	9	1764.0	1764.0	1764.5	1764.6917	1773.0	46.332	COMPLETED
326	id-00066	4	3	5	12	1765.0	1765.0	1765.5	1765.9977	1777.0	30.888	COMPLETED
326	id-00067	8	3	5	8	1765.0	1765.0	1765.5	1765.9137	1773.0	61.776	COMPLETED
326	id-00068	7	9	10	6	1767.0	1767.0	1767.5	1767.6264	1773.0	54.054	COMPLETED
326	id-00069	4	6	9	9	1768.0	1768.0	1769.35	1769.7581	1777.0	83.398	COMPLETED
326	id-00070	1	2	2	1	1768.0	1768.0	1768.3	1769.0	1769.0	4.633	EXPIRED
326	id-00071	6	11	1	6	1768.0	1768.0	1768.15	1768.5385	1774.0	13.9	COMPLETED
326	id-00072	6	3	7	8	1770.0	1770.0	1770.35	1770.5827	1778.0	32.432	COMPLETED
326	id-00073	5	7	8	3	1771.0	1771.0	1771.8	1771.9684	1774.0	61.776	COMPLETED
326	id-00074	1	2	9	13	1771.0	1771.0	1771.9	1772.0435	1784.0	13.9	COMPLETED
326	id-00075	3	2	5	3	1773.0	1773.0	1773.25	1773.7171	1776.0	11.583	COMPLETED
326	id-00076	7	3	6	2	1775.0	1775.0	1775.3	1775.4098	1777.0	32.432	COMPLETED
326	id-00077	6	10	3	11	1777.0	1777.0	1777.15	1777.4251	1788.0	13.9	COMPLETED
326	id-00078	5	10	3	14	1778.0	1778.0	1778.6	1778.9943	1792.0	46.332	COMPLETED
326	id-00079	3	3	4	10	1778.0	1778.0	1778.8	1779.1124	1788.0	37.066	COMPLETED
326	id-00080	8	9	4	12	1778.0	1778.0	1778.8	1779.0514	1790.0	98.842	COMPLETED
326	id-00081	3	2	3	15	1778.0	1778.0	1778.14	1778.5317	1793.0	5.167	COMPLETED
326	id-00082	2	3	2	14	1778.0	1778.0	1778.4	1778.6507	1792.0	12.355	COMPLETED
326	id-00083	9	7	4	4	1782.0	1782.0	1782.4	1782.5849	1786.0	55.598	COMPLETED
326	id-00084	6	7	2	10	1782.0	1782.0	1782.2	1782.4771	1792.0	18.533	COMPLETED
326	id-00085	8	2	9	10	1783.0	1783.0	1783.45	1783.6872	1793.0	55.598	COMPLETED
326	id-00086	3	4	5	10	1784.0	1784.0	1784.5	1784.879	1794.0	23.166	COMPLETED
326	id-00087	7	4	10	8	1784.0	1784.0	1785.0	1785.2308	1792.0	108.108	COMPLETED
326	id-00088	6	6	9	2	1785.0	1785.0	1785.45	1785.5622	1787.0	41.699	COMPLETED
326	id-00089	10	20	9	4	1786.0	1786.0	1786.45	1786.7705	1790.0	69.498	COMPLETED
326	id-00090	2	2	1	3	1788.0	1788.0	1788.15	1788.6307	1791.0	4.633	COMPLETED
326	id-00091	3	3	7	5	1788.0	1788.0	1789.05	1789.5271	1793.0	48.649	COMPLETED
326	id-00092	4	2	3	8	1788.0	1788.0	1788.45	1788.7634	1796.0	27.799	COMPLETED
326	id-00093	3	5	8	7	1789.0	1789.0	1789.47	1789.9296	1796.0	21.776	COMPLETED
326	id-00094	3	3	4	3	1790.0	1790.0	1790.2	1790.3758	1793.0	9.266	COMPLETED
326	id-00095	5	9	7	6	1791.0	1791.0	1792.05	1792.2518	1797.0	81.081	COMPLETED
326	id-00096	10	17	7	15	1791.0	1791.0	1792.05	1792.4826	1806.0	162.162	COMPLETED
326	id-00097	1	2	2	3	1791.0	1791.0	1791.3	1791.5766	1794.0	4.633	COMPLETED
326	id-00098	2	3	6	2	1792.0	1792.0	1793.2	1794.0	1794.0	37.066	EXPIRED
326	id-00099	4	2	10	15	1792.0	1792.0	1792.5	1792.8085	1807.0	30.888	COMPLETED
326	id-00100	8	10	7	5	1794.0	1795.0	1795.35	1795.7084	1799.0	43.243	COMPLETED
326	id-00101	1	2	6	6	1796.0	1796.0	1796.3	1796.7376	1802.0	4.633	COMPLETED
326	id-00102	1	2	1	14	1797.0	1797.0	1797.05	1797.2867	1811.0	0.772	COMPLETED
326	id-00103	10	20	1	8	1798.0	1798.0	1798.1	1798.318	1806.0	15.444	COMPLETED
326	id-00104	6	11	5	1	1798.0	1798.0	1798.5	1799.0	1799.0	46.332	EXPIRED
326	id-00105	6	11	10	8	1799.0	1799.0	1800.5	1800.6938	1807.0	138.996	COMPLETED
326	id-00106	8	2	8	11	1799.0	1799.0	1799.4	1799.7109	1810.0	49.421	COMPLETED
326	id-00107	5	3	3	3	1799.0	1799.0	1799.45	1799.8283	1802.0	34.749	COMPLETED
326	id-00108	4	3	6	13	1799.0	1799.0	1799.9	1800.0812	1812.0	55.598	COMPLETED
326	id-00109	6	4	6	2	1800.0	1800.0	1800.43	1800.5433	1802.0	39.846	COMPLETED
326	id-00110	2	2	4	14	1802.0	1802.0	1802.29	1802.6798	1816.0	8.958	COMPLETED
326	id-00111	9	5	9	1	1804.0	1804.0	1804.64	1805.0	1805.0	88.957	EXPIRED
326	id-00112	8	4	2	10	1805.0	1805.0	1805.1	1805.495	1815.0	12.355	COMPLETED
326	id-00113	2	2	6	6	1807.0	1807.0	1807.3	1807.6358	1813.0	9.266	COMPLETED
326	id-00114	9	13	10	6	1809.0	1809.0	1810.5	1810.6999	1815.0	208.494	COMPLETED
326	id-00115	3	3	5	11	1809.0	1809.0	1809.75	1809.9507	1820.0	34.749	COMPLETED
326	id-00116	3	2	10	7	1809.0	1809.0	1809.95	1810.0892	1816.0	44.015	COMPLETED
326	id-00117	5	4	2	1	1809.0	1809.0	1809.19	1810.0	1810.0	12.88	EXPIRED
326	id-00118	8	14	6	13	1809.0	1809.0	1809.9	1810.2058	1822.0	111.197	COMPLETED
326	id-00119	1	2	5	1	1810.0	1810.0	1810.45	1811.0	1811.0	6.95	EXPIRED
326	id-00120	5	6	9	3	1813.0	1813.0	1815.45	1816.0	1816.0	189.189	EXPIRED
326	id-00121	2	4	6	9	1813.0	1813.0	1814.64	1815.0367	1822.0	50.656	COMPLETED
326	id-00122	4	3	6	7	1813.0	1813.0	1814.64	1814.9221	1820.0	101.313	COMPLETED
326	id-00123	9	6	7	8	1814.0	1815.0	1815.93	1816.398	1822.0	129.266	COMPLETED
326	id-00124	1	2	4	15	1814.0	1815.0	1815.53	1815.9878	1829.0	8.185	COMPLETED
326	id-00125	8	6	9	2	1816.0	1816.0	1817.2	1818.0	1818.0	148.262	EXPIRED
326	id-00126	9	4	3	5	1816.0	1816.0	1816.14	1816.2542	1821.0	18.14	COMPLETED
326	id-00127	5	3	4	11	1816.0	1816.0	1816.53	1816.9316	1827.0	40.927	COMPLETED
326	id-00128	10	17	7	6	1820.0	1820.0	1820.7	1821.169	1826.0	108.108	COMPLETED
326	id-00129	3	5	5	12	1820.0	1820.0	1820.5	1820.9795	1832.0	23.166	COMPLETED
326	id-00130	6	10	9	2	1822.0	1822.0	1822.45	1822.8356	1824.0	41.699	COMPLETED
326	id-00131	5	9	10	4	1823.0	1823.0	1824.0	1824.2571	1827.0	77.22	COMPLETED
326	id-00132	5	7	3	14	1823.0	1823.0	1823.3	1823.4259	1837.0	23.166	COMPLETED
326	id-00133	8	3	2	12	1824.0	1824.0	1824.1	1824.3377	1836.0	12.355	COMPLETED
326	id-00134	1	2	6	5	1826.0	1826.0	1826.3	1826.7704	1831.0	4.633	COMPLETED
326	id-00135	9	17	10	7	1828.0	1828.0	1828.5	1828.7753	1835.0	69.498	COMPLETED
326	id-00136	7	8	2	14	1829.0	1829.0	1829.2	1829.3019	1843.0	21.622	COMPLETED
326	id-00137	5	9	1	7	1829.0	1829.0	1829.1	1829.3405	1836.0	7.722	COMPLETED
326	id-00138	1	2	7	9	1833.0	1833.0	1833.7	1833.8546	1842.0	10.811	COMPLETED
326	id-00139	9	7	2	5	1833.0	1833.0	1833.2	1833.3227	1838.0	27.799	COMPLETED
326	id-00140	1	2	10	9	1834.0	1834.0	1834.5	1834.7869	1843.0	7.722	COMPLETED
326	id-00141	5	3	2	13	1835.0	1835.0	1835.1	1835.3066	1848.0	7.722	COMPLETED
326	id-00142	10	4	9	4	1836.0	1836.0	1836.45	1836.5553	1840.0	69.498	COMPLETED
326	id-00143	8	5	2	2	1838.0	1838.0	1838.3	1838.5691	1840.0	37.066	COMPLETED
326	id-00144	3	2	4	4	1838.0	1838.0	1838.6	1838.7833	1842.0	27.799	COMPLETED
326	id-00145	7	2	4	12	1838.0	1838.0	1838.6	1838.8145	1850.0	64.865	COMPLETED
326	id-00146	7	3	5	2	1839.0	1839.0	1839.25	1839.3848	1841.0	27.027	COMPLETED
326	id-00147	7	6	1	11	1840.0	1840.0	1840.2	1840.5481	1851.0	21.622	COMPLETED
326	id-00148	2	3	5	4	1840.0	1840.0	1841.0	1841.3902	1844.0	30.888	COMPLETED
326	id-00149	1	2	5	2	1840.0	1840.0	1841.0	1841.4319	1842.0	15.444	COMPLETED
326	id-00150	8	15	5	6	1840.0	1840.0	1841.0	1841.243	1846.0	123.552	COMPLETED
326	id-00151	10	12	6	11	1843.0	1843.0	1843.6	1843.9498	1854.0	92.664	COMPLETED
326	id-00152	2	3	8	1	1843.0	1843.0	1843.8	1844.0	1844.0	24.71	EXPIRED
326	id-00153	2	4	6	8	1844.0	1844.0	1844.6	1845.0349	1852.0	18.533	COMPLETED
326	id-00154	6	12	10	15	1844.0	1844.0	1845.0	1845.3028	1859.0	92.664	COMPLETED
326	id-00155	4	8	7	1	1846.0	1846.0	1846.35	1847.0	1847.0	21.622	EXPIRED
326	id-00156	9	13	1	4	1846.0	1846.0	1846.1	1846.2725	1850.0	13.9	COMPLETED
326	id-00157	8	12	7	9	1846.0	1846.0	1846.7	1846.8224	1855.0	86.486	COMPLETED
326	id-00158	6	3	3	9	1847.0	1847.0	1847.3	1847.5639	1856.0	27.799	COMPLETED
326	id-00159	6	3	4	14	1847.0	1847.0	1847.4	1847.6444	1861.0	37.066	COMPLETED
326	id-00160	1	2	3	15	1848.0	1848.0	1848.15	1848.2568	1863.0	2.317	COMPLETED
326	id-00161	1	2	8	3	1849.0	1849.0	1849.8	1850.2418	1852.0	12.355	COMPLETED
326	id-00162	1	2	2	14	1849.0	1849.0	1849.2	1849.5748	1863.0	3.089	COMPLETED
326	id-00163	7	4	2	13	1850.0	1850.0	1850.3	1850.6287	1863.0	32.432	COMPLETED
326	id-00164	2	2	8	1	1850.0	1850.0	1851.2	1851.0	1851.0	37.066	EXPIRED
326	id-00165	1	2	1	14	1850.0	1850.0	1850.15	1850.5281	1864.0	2.317	COMPLETED
326	id-00166	4	5	2	6	1852.0	1852.0	1852.1	1852.4475	1858.0	6.178	COMPLETED
326	id-00167	7	10	4	4	1853.0	1853.0	1853.6	1853.783	1857.0	64.865	COMPLETED
326	id-00168	7	5	3	4	1853.0	1853.0	1853.3	1853.7951	1857.0	32.432	COMPLETED
326	id-00169	6	4	4	10	1853.0	1853.0	1853.4	1853.6307	1863.0	37.066	COMPLETED
326	id-00170	9	9	6	8	1853.0	1853.0	1853.9	1854.092	1861.0	125.096	COMPLETED
326	id-00171	1	2	4	7	1853.0	1853.0	1853.6	1853.8532	1860.0	9.266	COMPLETED
326	id-00172	3	5	1	3	1855.0	1855.0	1855.2	1855.6645	1858.0	9.266	COMPLETED
326	id-00173	2	2	5	9	1855.0	1855.0	1856.0	1856.1082	1864.0	30.888	COMPLETED
326	id-00174	2	3	3	10	1855.0	1855.0	1855.6	1855.9529	1865.0	18.533	COMPLETED
326	id-00175	5	4	8	6	1855.0	1855.0	1856.6	1856.7587	1861.0	123.552	COMPLETED
326	id-00176	5	8	9	9	1858.0	1858.0	1859.35	1859.4545	1867.0	104.247	COMPLETED
326	id-00177	2	4	9	1	1858.0	1858.0	1859.35	1859.0	1859.0	41.699	EXPIRED
326	id-00178	10	13	8	14	1858.0	1858.0	1859.2	1859.485	1872.0	185.328	COMPLETED
326	id-00179	7	4	7	1	1860.0	1860.0	1860.35	1861.0	1861.0	37.838	EXPIRED
326	id-00180	2	2	1	6	1861.0	1861.0	1861.15	1861.564	1867.0	4.633	COMPLETED
326	id-00181	10	17	2	10	1861.0	1861.0	1861.3	1861.4849	1871.0	46.332	COMPLETED
326	id-00182	3	3	9	14	1861.0	1861.0	1862.35	1862.6067	1875.0	62.548	COMPLETED
326	id-00183	5	7	5	11	1863.0	1863.0	1863.25	1863.3702	1874.0	19.305	COMPLETED
326	id-00184	3	5	8	9	1865.0	1865.0	1865.8	1865.902	1874.0	37.066	COMPLETED
326	id-00185	2	3	6	4	1865.0	1865.0	1865.6	1866.0866	1869.0	18.533	COMPLETED
326	id-00186	4	2	3	10	1867.0	1867.0	1867.15	1867.4055	1877.0	9.266	COMPLETED
326	id-00187	2	4	5	4	1868.0	1868.0	1868.25	1868.3639	1872.0	7.722	COMPLETED
326	id-00188	7	5	9	4	1869.0	1869.0	1869.45	1869.9109	1873.0	48.649	COMPLETED
326	id-00189	1	2	7	5	1870.0	1870.0	1870.7	1870.8105	1875.0	10.811	COMPLETED
326	id-00190	5	8	4	5	1870.0	1870.0	1870.4	1870.5239	1875.0	30.888	COMPLETED
326	id-00191	1	2	4	14	1871.0	1871.0	1871.2	1871.6594	1885.0	3.089	COMPLETED
326	id-00192	7	6	5	9	1872.0	1872.0	1872.25	1872.4762	1881.0	27.027	COMPLETED
326	id-00193	9	13	3	11	1874.0	1874.0	1874.15	1874.4668	1885.0	20.849	COMPLETED
326	id-00194	8	8	7	7	1875.0	1875.0	1875.35	1875.5032	1882.0	43.243	COMPLETED
326	id-00195	10	7	6	12	1878.0	1878.0	1878.6	1878.9085	1890.0	92.664	COMPLETED
326	id-00196	1	2	4	1	1878.0	1878.0	1878.4	1879.0	1879.0	6.178	EXPIRED
326	id-00197	4	3	10	11	1879.0	1879.0	1879.5	1879.8862	1890.0	30.888	COMPLETED
326	id-00198	8	7	5	2	1882.0	1882.0	1882.75	1883.0734	1884.0	92.664	COMPLETED
326	id-00199	10	2	9	12	1882.0	1882.0	1883.35	1883.7388	1894.0	208.494	COMPLETED
326	id-00200	2	3	10	15	1882.0	1882.0	1883.5	1883.7871	1897.0	46.332	COMPLETED
326	id-00201	1	2	1	3	1882.0	1882.0	1882.05	1882.3445	1885.0	0.301	COMPLETED
326	id-00202	6	3	4	11	1884.0	1884.0	1884.2	1884.6827	1895.0	18.533	COMPLETED
326	id-00203	2	2	10	7	1885.0	1885.0	1885.5	1885.703	1892.0	15.444	COMPLETED
326	id-00204	6	9	7	10	1886.0	1886.0	1886.35	1886.7676	1896.0	32.432	COMPLETED
326	id-00205	10	7	10	1	1887.0	1887.0	1888.0	1888.0	1888.0	154.44	EXPIRED
326	id-00206	9	12	3	2	1887.0	1887.0	1887.3	1887.5033	1889.0	41.699	COMPLETED
326	id-00207	9	18	1	11	1889.0	1889.0	1889.05	1889.1633	1900.0	6.95	COMPLETED
326	id-00208	1	2	7	1	1891.0	1891.0	1891.35	1892.0	1892.0	5.405	EXPIRED
326	id-00209	9	17	3	12	1893.0	1893.0	1893.15	1893.4555	1905.0	20.849	COMPLETED
326	id-00210	7	11	5	2	1894.0	1894.0	1894.5	1894.9814	1896.0	54.054	COMPLETED
326	id-00211	2	4	10	8	1894.0	1894.0	1895.0	1895.3545	1902.0	30.888	COMPLETED
326	id-00212	5	7	2	12	1895.0	1895.0	1895.1	1895.5961	1907.0	7.722	COMPLETED
326	id-00213	1	2	7	6	1896.0	1896.0	1896.35	1896.636	1902.0	5.405	COMPLETED
326	id-00214	5	3	4	12	1898.0	1898.0	1898.2	1898.6001	1910.0	15.444	COMPLETED
326	id-00215	3	2	2	11	1900.0	1900.0	1900.2	1900.3013	1911.0	9.266	COMPLETED
326	id-00216	10	9	1	1	1900.0	1900.0	1900.1	1901.0	1901.0	15.444	EXPIRED
326	id-00217	4	7	3	1	1901.0	1901.0	1901.45	1902.0	1902.0	27.799	EXPIRED
326	id-00218	3	3	7	7	1901.0	1901.0	1902.05	1902.1823	1908.0	48.649	COMPLETED
326	id-00219	1	2	9	14	1901.0	1901.0	1902.35	1902.4863	1915.0	20.849	COMPLETED
326	id-00220	6	10	2	10	1903.0	1903.0	1903.1	1903.4724	1913.0	9.266	COMPLETED
326	id-00221	7	3	4	13	1904.0	1904.0	1904.2	1904.6782	1917.0	21.622	COMPLETED
326	id-00222	4	2	3	5	1905.0	1905.0	1905.15	1905.6465	1910.0	9.266	COMPLETED
326	id-00223	4	8	9	4	1908.0	1908.0	1909.35	1909.763	1912.0	83.398	COMPLETED
326	id-00224	3	5	3	12	1908.0	1908.0	1908.45	1908.8617	1920.0	20.849	COMPLETED
326	id-00225	5	3	4	7	1908.0	1908.0	1908.6	1908.7514	1915.0	46.332	COMPLETED
326	id-00226	2	4	2	9	1910.0	1910.0	1910.1	1910.3457	1919.0	3.089	COMPLETED
326	id-00227	4	6	8	5	1911.0	1911.0	1911.8	1912.0835	1916.0	49.421	COMPLETED
326	id-00228	6	2	1	4	1911.0	1911.0	1911.1	1911.2863	1915.0	9.266	COMPLETED
326	id-00229	6	12	9	6	1913.0	1913.0	1914.35	1914.7642	1919.0	125.096	COMPLETED
326	id-00230	1	2	9	12	1913.0	1913.0	1914.35	1914.5559	1925.0	20.849	COMPLETED
326	id-00231	7	12	3	5	1913.0	1913.0	1913.45	1913.8027	1918.0	48.649	COMPLETED
326	id-00232	8	10	4	5	1918.0	1918.0	1918.2	1918.3013	1923.0	24.71	COMPLETED
326	id-00233	2	2	1	2	1919.0	1919.0	1919.05	1919.3418	1921.0	1.544	COMPLETED
326	id-00234	3	5	6	7	1920.0	1920.0	1920.6	1920.9637	1927.0	27.799	COMPLETED
326	id-00235	6	5	9	11	1920.0	1920.0	1920.9	1921.1243	1931.0	83.398	COMPLETED
326	id-00236	4	4	8	6	1921.0	1921.0	1922.2	1922.4127	1927.0	74.131	COMPLETED
326	id-00237	4	7	9	11	1921.0	1921.0	1922.35	1922.5097	1932.0	83.398	COMPLETED
326	id-00238	3	2	5	15	1921.0	1921.0	1921.75	1922.0271	1936.0	34.749	COMPLETED
326	id-00239	8	2	2	5	1923.0	1923.0	1923.1	1923.2893	1928.0	12.355	COMPLETED
326	id-00240	1	2	8	1	1924.0	1924.0	1924.4	1925.0	1925.0	6.178	EXPIRED
326	id-00241	4	2	8	5	1926.0	1926.0	1927.2	1927.5436	1931.0	74.131	COMPLETED
326	id-00242	1	2	9	7	1926.0	1926.0	1927.35	1927.8239	1933.0	20.849	COMPLETED
326	id-00243	5	4	4	5	1926.0	1926.0	1926.6	1926.8113	1931.0	46.332	COMPLETED
326	id-00244	9	3	6	14	1928.0	1928.0	1928.6	1928.8081	1942.0	83.398	COMPLETED
326	id-00245	4	5	8	14	1928.0	1928.0	1928.8	1929.171	1942.0	49.421	COMPLETED
326	id-00246	9	16	8	2	1930.0	1930.0	1930.4	1930.5464	1932.0	55.598	COMPLETED
326	id-00247	3	6	6	8	1931.0	1931.0	1931.6	1931.9969	1939.0	27.799	COMPLETED
326	id-00248	1	2	10	13	1931.0	1931.0	1932.0	1932.4431	1944.0	15.444	COMPLETED
326	id-00249	9	14	8	2	1932.0	1932.0	1932.4	1932.6287	1934.0	55.598	COMPLETED
326	id-00250	6	6	7	4	1933.0	1933.0	1934.05	1934.2041	1937.0	97.297	COMPLETED
326	id-00251	5	7	9	10	1933.0	1933.0	1934.35	1934.6602	1943.0	104.247	COMPLETED
326	id-00252	7	6	10	13	1933.0	1933.0	1934.5	1934.8868	1946.0	162.162	COMPLETED
326	id-00253	10	19	7	14	1934.0	1935.0	1935.7	1935.9443	1948.0	108.108	COMPLETED
326	id-00254	7	11	2	15	1934.0	1935.0	1935.19	1935.5249	1949.0	20.541	COMPLETED
326	id-00255	6	8	10	14	1934.0	1935.0	1935.95	1936.2171	1948.0	79.074	COMPLETED
326	id-00256	7	14	7	10	1935.0	1935.0	1935.7	1936.0635	1945.0	75.676	COMPLETED
326	id-00257	8	7	2	2	1937.0	1937.0	1937.1	1937.469	1939.0	12.355	COMPLETED
326	id-00258	7	8	5	1	1938.0	1938.0	1938.5	1939.0	1939.0	54.054	EXPIRED
326	id-00259	8	4	4	12	1938.0	1938.0	1938.4	1938.6358	1950.0	49.421	COMPLETED
326	id-00260	2	4	4	10	1939.0	1939.0	1939.2	1939.4096	1949.0	6.178	COMPLETED
326	id-00261	9	6	3	3	1940.0	1940.0	1940.3	1940.5208	1943.0	41.699	COMPLETED
326	id-00262	7	10	7	7	1940.0	1940.0	1940.7	1940.8305	1947.0	75.676	COMPLETED
326	id-00263	4	5	8	11	1942.0	1942.0	1942.8	1943.1667	1953.0	49.421	COMPLETED
326	id-00264	3	3	6	1	1942.0	1942.0	1942.6	1943.0	1943.0	27.799	EXPIRED
326	id-00265	7	11	10	15	1943.0	1943.0	1944.0	1944.2971	1958.0	108.108	COMPLETED
326	id-00266	3	5	3	10	1943.0	1943.0	1943.3	1943.7735	1953.0	13.9	COMPLETED
326	id-00267	2	3	8	15	1944.0	1944.0	1944.4	1944.7346	1959.0	12.355	COMPLETED
326	id-00268	1	2	7	8	1945.0	1945.0	1946.05	1946.2442	1953.0	16.216	COMPLETED
326	id-00269	1	2	9	1	1945.0	1945.0	1946.35	1946.0	1946.0	20.849	EXPIRED
326	id-00270	1	2	10	14	1945.0	1945.0	1946.5	1946.6234	1959.0	23.166	COMPLETED
326	id-00271	6	2	8	14	1947.0	1947.0	1947.4	1947.6274	1961.0	37.066	COMPLETED
326	id-00272	8	15	6	15	1948.0	1948.0	1948.6	1948.993	1963.0	74.131	COMPLETED
326	id-00273	2	4	3	11	1948.0	1948.0	1948.3	1948.4454	1959.0	9.266	COMPLETED
326	id-00274	1	2	4	1	1949.0	1949.0	1949.6	1950.0	1950.0	9.266	EXPIRED
326	id-00275	9	14	6	10	1949.0	1949.0	1949.9	1950.0921	1959.0	125.096	COMPLETED
326	id-00276	5	4	8	6	1949.0	1949.0	1950.2	1950.4988	1955.0	92.664	COMPLETED
326	id-00277	1	2	9	5	1950.0	1950.0	1950.6	1950.7354	1955.0	9.266	COMPLETED
326	id-00278	9	3	8	14	1952.0	1952.0	1952.53	1952.9777	1966.0	73.668	COMPLETED
326	id-00279	9	15	2	3	1953.0	1953.0	1953.13	1953.5998	1956.0	18.069	COMPLETED
326	id-00280	10	18	7	4	1954.0	1954.0	1954.47	1954.8267	1958.0	72.587	COMPLETED
326	id-00281	9	15	9	9	1956.0	1956.0	1956.45	1956.8092	1965.0	62.548	COMPLETED
326	id-00282	5	10	4	15	1957.0	1957.0	1957.2	1957.6275	1972.0	15.444	COMPLETED
326	id-00283	6	4	6	7	1958.0	1958.0	1958.3	1958.7262	1965.0	27.799	COMPLETED
326	id-00284	6	4	10	9	1959.0	1959.0	1959.5	1959.7575	1968.0	46.332	COMPLETED
326	id-00285	10	7	1	3	1961.0	1961.0	1961.05	1961.4379	1964.0	7.722	COMPLETED
326	id-00286	6	6	1	14	1962.0	1962.0	1962.05	1962.4367	1976.0	4.633	COMPLETED
326	id-00287	8	4	5	10	1963.0	1963.0	1963.5	1963.6598	1973.0	61.776	COMPLETED
326	id-00288	1	2	10	3	1963.0	1963.0	1964.0	1964.4696	1966.0	15.444	COMPLETED
326	id-00289	9	2	3	3	1964.0	1964.0	1964.3	1964.6661	1967.0	41.699	COMPLETED
326	id-00290	4	5	2	6	1964.0	1964.0	1964.2	1964.5884	1970.0	12.355	COMPLETED
326	id-00291	5	2	9	15	1965.0	1965.0	1965.45	1965.6405	1980.0	34.749	COMPLETED
326	id-00292	2	3	5	12	1966.0	1966.0	1966.25	1966.5272	1978.0	7.722	COMPLETED
326	id-00293	6	12	2	6	1967.0	1967.0	1967.2	1967.4249	1973.0	18.533	COMPLETED
326	id-00294	8	16	2	13	1967.0	1967.0	1967.2	1967.5655	1980.0	24.71	COMPLETED
326	id-00295	9	9	5	3	1967.0	1967.0	1967.24	1967.3867	1970.0	31.096	COMPLETED
326	id-00296	8	16	2	6	1969.0	1969.0	1969.1	1969.3721	1975.0	12.355	COMPLETED
326	id-00297	9	11	1	11	1970.0	1970.0	1970.1	1970.4721	1981.0	13.9	COMPLETED
326	id-00298	3	3	9	6	1970.0	1970.0	1970.9	1971.0315	1976.0	41.699	COMPLETED
326	id-00299	3	2	9	12	1971.0	1971.0	1971.9	1972.3632	1983.0	41.699	COMPLETED
326	id-00300	3	5	4	9	1971.0	1971.0	1971.4	1971.7276	1980.0	18.533	COMPLETED
326	id-00301	4	3	1	1	1972.0	1972.0	1972.1	1973.0	1973.0	6.178	EXPIRED
326	id-00302	9	13	5	1	1972.0	1972.0	1972.5	1973.0	1973.0	69.498	EXPIRED
326	id-00303	9	2	9	2	1977.0	1977.0	1977.45	1977.5887	1979.0	62.548	COMPLETED
326	id-00304	4	6	3	10	1978.0	1978.0	1978.15	1978.5806	1988.0	9.266	COMPLETED
326	id-00305	6	5	2	5	1979.0	1979.0	1979.1	1979.5053	1984.0	9.266	COMPLETED
326	id-00306	4	7	10	4	1980.0	1980.0	1981.0	1981.4964	1984.0	61.776	COMPLETED
326	id-00307	9	6	1	6	1980.0	1980.0	1980.1	1980.3154	1986.0	13.9	COMPLETED
326	id-00308	3	2	10	15	1981.0	1981.0	1982.0	1982.2373	1996.0	46.332	COMPLETED
326	id-00309	1	2	5	2	1981.0	1981.0	1981.5	1981.657	1983.0	7.722	COMPLETED
326	id-00310	5	7	1	11	1982.0	1982.0	1982.1	1982.3063	1993.0	7.722	COMPLETED
326	id-00311	9	11	10	10	1982.0	1982.0	1983.0	1983.4847	1992.0	138.996	COMPLETED
326	id-00312	7	5	7	13	1983.0	1983.0	1983.35	1983.7348	1996.0	37.838	COMPLETED
326	id-00313	4	8	5	5	1984.0	1984.0	1984.25	1984.6206	1989.0	15.444	COMPLETED
326	id-00314	9	9	1	14	1985.0	1985.0	1985.05	1985.3389	1999.0	6.95	COMPLETED
326	id-00315	6	10	3	14	1987.0	1987.0	1987.15	1987.2557	2001.0	13.9	COMPLETED
326	id-00316	7	6	4	12	1989.0	1989.0	1989.2	1989.3411	2001.0	21.622	COMPLETED
326	id-00317	7	7	9	3	1993.0	1993.0	1993.86	1994.004	1996.0	92.973	COMPLETED
326	id-00318	6	2	6	10	1993.0	1993.0	1993.57	1993.8184	2003.0	47.445	COMPLETED
326	id-00319	10	14	9	4	1995.0	1995.0	1995.45	1995.8877	1999.0	69.498	COMPLETED
326	id-00320	1	2	1	2	1997.0	1997.0	1997.05	1997.3031	1999.0	0.772	COMPLETED
326	id-00321	8	3	10	5	1998.0	1998.0	1998.5	1998.8928	2003.0	61.776	COMPLETED
326	id-00322	6	6	9	4	1999.0	1999.0	2000.35	2000.7983	2003.0	125.096	COMPLETED
326	id-00323	1	2	4	8	1999.0	1999.0	1999.6	1999.8955	2007.0	9.266	COMPLETED
326	id-00324	7	9	5	2	1999.0	1999.0	1999.75	2000.1436	2001.0	81.081	COMPLETED
326	id-00325	5	10	4	5	2000.0	2000.0	2000.29	2000.7773	2005.0	22.394	COMPLETED
