302	id-00000	9	2	2	4	1700.0	1700.0	1700.2	1700.3247	1704.0	27.799	COMPLETED
302	id-00001	7	6	4	4	1700.0	1700.0	1700.4	1700.6625	1704.0	43.243	COMPLETED
302	id-00002	6	7	3	4	1701.0	1701.0	1701.15	1701.6165	1705.0	13.9	COMPLETED
302	id-00003	4	4	9	4	1704.0	1704.0	1704.45	1704.6845	1708.0	27.799	COMPLETED
302	id-00004	10	14	1	4	1705.0	1705.0	1705.2	1705.4541	1709.0	30.888	COMPLETED
302	id-00005	1	2	8	2	1705.0	1705.0	1706.6	1707.0	1707.0	24.71	EXPIRED
302	id-00006	10	7	7	7	1705.0	1705.0	1705.64	1706.0299	1712.0	98.842	COMPLETED
302	id-00007	6	7	5	5	1705.0	1705.0	1706.0	1706.3056	1710.0	92.664	COMPLETED
302	id-00008	3	6	7	5	1705.0	1705.0	1706.4	1706.8045	1710.0	64.865	COMPLETED
302	id-00009	7	2	7	1	1705.0	1705.0	1705.64	1706.0	1706.0	57.121	EXPIRED
302	id-00010	7	4	3	5	1706.0	1706.0	1706.19	1706.637	1711.0	20.541	COMPLETED
302	id-00011	2	4	6	1	1710.0	1710.0	1710.3	1711.0	1711.0	9.266	EXPIRED
302	id-00012	6	11	10	3	1713.0	1713.0	1714.0	1714.163	1716.0	92.664	COMPLETED
302	id-00013	9	4	5	7	1713.0	1713.0	1713.5	1713.9338	1720.0	69.498	COMPLETED
302	id-00014	4	7	8	7	1715.0	1715.0	1715.4	1715.5054	1722.0	24.71	COMPLETED
302	id-00015	2	3	6	3	1716.0	1716.0	1716.3	1716.6646	1719.0	9.266	COMPLETED
302	id-00016	10	11	9	5	1718.0	1718.0	1718.9	1719.0334	1723.0	138.996	COMPLETED
302	id-00017	6	4	9	5	1718.0	1718.0	1718.9	1719.0919	1723.0	83.398	COMPLETED
302	id-00018	8	8	6	3	1722.0	1722.0	1722.3	1722.4494	1725.0	37.066	COMPLETED
302	id-00019	7	6	5	1	1723.0	1723.0	1723.25	1724.0	1724.0	27.027	EXPIRED
302	id-00020	6	12	8	2	1724.0	1724.0	1724.4	1724.8851	1726.0	37.066	COMPLETED
302	id-00021	3	6	3	4	1725.0	1725.0	1725.3	1725.7956	1729.0	13.9	COMPLETED
302	id-00022	1	2	2	4	1725.0	1725.0	1725.2	1725.5766	1729.0	3.089	COMPLETED
302	id-00023	8	13	4	6	1727.0	1727.0	1727.2	1727.6691	1733.0	24.71	COMPLETED
302	id-00024	7	2	8	2	1729.0	1729.0	1729.4	1729.7205	1731.0	43.243	COMPLETED
302	id-00025	9	10	8	7	1730.0	1730.0	1730.4	1730.6723	1737.0	55.598	COMPLETED
302	id-00026	7	3	3	7	1733.0	1733.0	1733.15	1733.4584	1740.0	16.216	COMPLETED
302	id-00027	2	3	6	3	1736.0	1736.0	1736.57	1736.9918	1739.0	17.606	COMPLETED
302	id-00028	5	6	10	3	1736.0	1736.0	1736.95	1737.1218	1739.0	64.402	COMPLETED
302	id-00029	5	10	7	4	1737.0	1737.0	1737.33	1737.5444	1741.0	22.371	COMPLETED
302	id-00030	8	16	6	3	1738.0	1738.0	1738.86	1739.22	1741.0	106.255	COMPLETED
302	id-00031	5	7	4	2	1738.0	1738.0	1738.57	1738.8745	1740.0	44.015	COMPLETED
302	id-00032	4	7	6	1	1738.0	1738.0	1738.86	1739.0	1739.0	45.019	EXPIRED
302	id-00033	4	3	8	4	1739.0	1739.0	1739.76	1740.0161	1743.0	46.95	COMPLETED
302	id-00034	4	3	5	7	1739.0	1739.0	1739.48	1739.7164	1746.0	25.127	COMPLETED
302	id-00035	1	2	7	6	1740.0	1740.0	1740.35	1740.6308	1746.0	5.405	COMPLETED
302	id-00036	5	10	7	4	1741.0	1741.0	1741.35	1741.6321	1745.0	27.027	COMPLETED
302	id-00037	5	9	10	7	1742.0	1742.0	1743.5	1743.7238	1749.0	115.83	COMPLETED
302	id-00038	5	10	1	7	1742.0	1742.0	1742.15	1742.2504	1749.0	11.583	COMPLETED
302	id-00039	9	3	1	6	1742.0	1742.0	1742.05	1742.3805	1748.0	6.478	COMPLETED
302	id-00040	4	6	10	5	1742.0	1742.0	1743.5	1743.9941	1747.0	92.664	COMPLETED
302	id-00041	1	2	9	3	1743.0	1743.0	1744.64	1744.8859	1746.0	25.328	COMPLETED
302	id-00042	6	11	6	6	1743.0	1743.0	1744.09	1744.2059	1749.0	101.004	COMPLETED
302	id-00043	8	7	6	6	1743.0	1743.0	1743.29	1743.4026	1749.0	33.096	COMPLETED
302	id-00044	9	15	9	3	1744.0	1745.0	1745.9	1746.0833	1747.0	125.096	COMPLETED
302	id-00045	5	8	8	1	1745.0	1745.0	1745.8	1746.0	1746.0	61.776	EXPIRED
302	id-00046	3	3	4	3	1746.0	1746.0	1746.2	1746.6824	1749.0	9.266	COMPLETED
302	id-00047	9	4	10	5	1747.0	1747.0	1747.5	1747.6301	1752.0	69.498	COMPLETED
302	id-00048	3	2	5	3	1749.0	1749.0	1749.25	1749.5776	1752.0	11.583	COMPLETED
302	id-00049	4	3	5	5	1751.0	1751.0	1751.25	1751.7248	1756.0	15.444	COMPLETED
302	id-00050	1	2	8	3	1754.0	1754.0	1754.4	1754.8939	1757.0	6.178	COMPLETED
302	id-00051	5	5	1	4	1756.0	1756.0	1756.05	1756.5109	1760.0	3.861	COMPLETED
302	id-00052	10	7	3	5	1759.0	1759.0	1759.15	1759.3375	1764.0	23.166	COMPLETED
302	id-00053	9	5	10	5	1760.0	1760.0	1760.45	1760.7446	1765.0	54.063	COMPLETED
302	id-00054	7	11	5	3	1760.0	1760.0	1760.5	1760.642	1763.0	54.054	COMPLETED
302	id-00055	10	10	5	3	1760.0	1760.0	1760.5	1760.7659	1763.0	77.22	COMPLETED
302	id-00056	2	3	8	4	1762.0	1762.0	1762.8	1762.9394	1766.0	24.71	COMPLETED
302	id-00057	6	6	7	2	1762.0	1762.0	1762.7	1762.9482	1764.0	64.865	COMPLETED
302	id-00058	4	2	7	6	1767.0	1767.0	1767.35	1767.8272	1773.0	21.622	COMPLETED
302	id-00059	2	3	5	6	1768.0	1768.0	1768.5	1768.7139	1774.0	15.444	COMPLETED
302	id-00060	7	9	10	5	1768.0	1768.0	1769.0	1769.2249	1773.0	108.108	COMPLETED
302	id-00061	6	5	7	4	1769.0	1769.0	1769.35	1769.4815	1773.0	32.432	COMPLETED
302	id-00062	3	4	7	7	1770.0	1770.0	1770.7	1771.1506	1777.0	32.432	COMPLETED
302	id-00063	3	6	7	1	1770.0	1770.0	1770.7	1771.0	1771.0	32.432	EXPIRED
302	id-00064	5	3	9	1	1772.0	1772.0	1772.45	1773.0	1773.0	34.749	EXPIRED
302	id-00065	6	5	2	2	1774.0	1774.0	1774.3	1774.49	1776.0	27.799	COMPLETED
302	id-00066	1	2	4	1	1774.0	1774.0	1774.6	1775.0	1775.0	9.266	EXPIRED
302	id-00067	3	5	7	3	1774.0	1774.0	1775.05	1775.4412	1777.0	48.649	COMPLETED
302	id-00068	5	4	8	5	1775.0	1775.0	1775.47	1775.9301	1780.0	36.293	COMPLETED
302	id-00069	6	7	2	2	1777.0	1777.0	1777.12	1777.2977	1779.0	11.12	COMPLETED
302	id-00070	6	9	9	4	1778.0	1778.0	1778.53	1779.0158	1782.0	49.112	COMPLETED
302	id-00071	4	8	6	7	1779.0	1779.0	1779.71	1780.0749	1786.0	43.861	COMPLETED
302	id-00072	5	5	8	7	1779.0	1779.0	1779.94	1780.2405	1786.0	72.587	COMPLETED
302	id-00073	9	5	4	3	1780.0	1780.0	1780.2	1780.5926	1783.0	27.799	COMPLETED
302	id-00074	3	6	5	3	1781.0	1781.0	1781.5	1781.9683	1784.0	23.166	COMPLETED
302	id-00075	4	3	1	6	1781.0	1781.0	1781.1	1781.5432	1787.0	6.178	COMPLETED
302	id-00076	8	15	6	5	1782.0	1782.0	1782.3	1782.6827	1787.0	37.066	COMPLETED
302	id-00077	6	7	9	3	1783.0	1783.0	1783.9	1784.106	1786.0	83.398	COMPLETED
302	id-00078	10	2	4	5	1783.0	1783.0	1783.4	1783.7262	1788.0	61.776	COMPLETED
302	id-00079	8	15	10	7	1784.0	1784.0	1785.0	1785.1004	1791.0	123.552	COMPLETED
302	id-00080	2	4	8	7	1784.0	1784.0	1784.8	1785.0066	1791.0	24.71	COMPLETED
302	id-00081	1	2	1	5	1786.0	1786.0	1786.05	1786.3146	1791.0	0.772	COMPLETED
302	id-00082	4	2	8	2	1787.0	1787.0	1787.4	1787.7784	1789.0	24.71	COMPLETED
302	id-00083	6	9	6	5	1788.0	1788.0	1788.3	1788.6318	1793.0	27.799	COMPLETED
302	id-00084	1	2	8	2	1792.0	1792.0	1792.4	1792.8067	1794.0	6.178	COMPLETED
302	id-00085	5	9	2	6	1794.0	1794.0	1794.1	1794.5599	1800.0	7.722	COMPLETED
302	id-00086	7	11	4	5	1798.0	1798.0	1798.2	1798.6479	1803.0	21.622	COMPLETED
302	id-00087	8	16	5	7	1800.0	1800.0	1800.25	1800.4393	1807.0	30.888	COMPLETED
302	id-00088	1	2	4	4	1802.0	1802.0	1802.2	1802.5649	1806.0	3.089	COMPLETED
302	id-00089	1	2	7	4	1803.0	1803.0	1803.35	1803.7325	1807.0	5.405	COMPLETED
302	id-00090	7	6	2	4	1806.0	1806.0	1806.1	1806.4124	1810.0	10.811	COMPLETED
302	id-00091	2	2	2	3	1807.0	1807.0	1807.4	1807.7693	1810.0	12.355	COMPLETED
302	id-00092	2	2	6	5	1807.0	1807.0	1808.2	1808.332	1812.0	37.066	COMPLETED
302	id-00093	3	2	3	1	1807.0	1807.0	1807.6	1808.0	1808.0	27.799	EXPIRED
302	id-00094	1	2	3	4	1807.0	1807.0	1807.6	1807.7342	1811.0	9.266	COMPLETED
302	id-00095	10	18	4	3	1808.0	1808.0	1808.22	1808.5903	1811.0	33.977	COMPLETED
302	id-00096	10	6	1	6	1811.0	1811.0	1811.1	1811.5127	1817.0	15.444	COMPLETED
302	id-00097	5	9	7	2	1811.0	1811.0	1811.7	1811.8268	1813.0	54.054	COMPLETED
302	id-00098	9	9	3	6	1812.0	1812.0	1812.3	1812.5133	1818.0	41.699	COMPLETED
302	id-00099	4	2	7	7	1812.0	1812.0	1812.7	1812.8518	1819.0	43.243	COMPLETED
302	id-00100	4	3	2	2	1816.0	1816.0	1816.1	1816.5239	1818.0	6.178	COMPLETED
302	id-00101	4	7	1	2	1817.0	1817.0	1817.05	1817.3199	1819.0	3.089	COMPLETED
302	id-00102	10	16	3	1	1818.0	1818.0	1818.15	1819.0	1819.0	23.166	EXPIRED
302	id-00103	3	6	10	3	1819.0	1819.0	1820.0	1820.4551	1822.0	46.332	COMPLETED
302	id-00104	6	11	3	5	1819.0	1819.0	1819.3	1819.5167	1824.0	27.799	COMPLETED
302	id-00105	5	10	10	2	1820.0	1820.0	1820.5	1820.9119	1822.0	38.61	COMPLETED
302	id-00106	1	2	10	1	1821.0	1821.0	1821.5	1822.0	1822.0	7.722	EXPIRED
302	id-00107	4	4	7	4	1822.0	1822.0	1823.05	1823.4898	1826.0	64.865	COMPLETED
302	id-00108	2	3	7	1	1822.0	1822.0	1823.05	1823.0	1823.0	32.432	EXPIRED
302	id-00109	4	5	7	1	1822.0	1822.0	1823.05	1823.0	1823.0	64.865	EXPIRED
302	id-00110	3	6	4	1	1823.0	1823.0	1823.8	1824.0	1824.0	37.066	EXPIRED
302	id-00111	1	2	1	3	1823.0	1823.0	1823.05	1823.251	1826.0	0.772	COMPLETED
302	id-00112	7	5	10	4	1823.0	1823.0	1825.0	1825.2126	1827.0	216.216	COMPLETED
302	id-00113	2	4	7	1	1825.0	1825.0	1825.35	1826.0	1826.0	10.811	EXPIRED
302	id-00114	10	11	6	5	1826.0	1826.0	1826.3	1826.7023	1831.0	46.332	COMPLETED
302	id-00115	6	6	9	5	1827.0	1827.0	1828.35	1828.7172	1832.0	125.096	COMPLETED
302	id-00116	4	2	6	6	1827.0	1827.0	1827.3	1827.6541	1833.0	18.533	COMPLETED
302	id-00117	10	15	8	2	1827.0	1827.0	1828.2	1829.0	1829.0	185.328	EXPIRED
302	id-00118	2	4	1	5	1827.0	1827.0	1827.15	1827.3852	1832.0	4.633	COMPLETED
302	id-00119	8	8	10	1	1828.0	1828.0	1829.0	1829.0	1829.0	123.552	EXPIRED
302	id-00120	7	7	10	2	1828.0	1828.0	1829.0	1829.4098	1830.0	108.108	COMPLETED
302	id-00121	1	2	1	1	1828.0	1828.0	1828.25	1829.0	1829.0	3.861	EXPIRED
302	id-00122	10	19	2	4	1829.0	1830.0	1830.1	1830.425	1833.0	15.444	COMPLETED
302	id-00123	8	7	3	3	1831.0	1831.0	1831.3	1831.5365	1834.0	37.066	COMPLETED
302	id-00124	10	5	2	1	1831.0	1831.0	1831.2	1832.0	1832.0	30.888	EXPIRED
302	id-00125	2	3	6	7	1832.0	1832.0	1832.9	1833.3389	1839.0	27.799	COMPLETED
302	id-00126	8	10	10	1	1832.0	1832.0	1833.5	1833.0	1833.0	185.328	EXPIRED
302	id-00127	5	6	7	1	1832.0	1832.0	1833.05	1833.0	1833.0	81.081	EXPIRED
302	id-00128	10	5	2	6	1836.0	1836.0	1836.2	1836.3038	1842.0	30.888	COMPLETED
302	id-00129	6	12	4	5	1836.0	1836.0	1836.4	1836.5119	1841.0	37.066	COMPLETED
302	id-00130	1	2	6	2	1837.0	1837.0	1837.6	1837.9467	1839.0	9.266	COMPLETED
302	id-00131	2	4	7	6	1837.0	1837.0	1837.7	1837.8344	1843.0	21.622	COMPLETED
302	id-00132	6	9	8	7	1838.0	1838.0	1839.2	1839.3799	1845.0	111.197	COMPLETED
302	id-00133	9	12	7	3	1838.0	1838.0	1839.05	1839.2624	1841.0	145.946	COMPLETED
302	id-00134	1	2	3	6	1838.0	1838.0	1838.45	1838.5508	1844.0	6.95	COMPLETED
302	id-00135	8	16	6	2	1839.0	1839.0	1839.3	1839.4567	1841.0	37.066	COMPLETED
302	id-00136	3	5	2	6	1839.0	1839.0	1839.4	1839.588	1845.0	18.533	COMPLETED
302	id-00137	4	8	5	6	1840.0	1840.0	1840.25	1840.4401	1846.0	15.444	COMPLETED
302	id-00138	8	14	7	7	1841.0	1841.0	1841.7	1842.0635	1848.0	86.486	COMPLETED
302	id-00139	9	6	10	7	1841.0	1841.0	1842.0	1842.2487	1848.0	138.996	COMPLETED
302	id-00140	4	7	9	3	1842.0	1842.0	1842.9	1843.0759	1845.0	55.598	COMPLETED
302	id-00141	1	2	4	3	1842.0	1842.0	1842.4	1842.6037	1845.0	6.178	COMPLETED
302	id-00142	3	5	9	5	1843.0	1843.0	1843.45	1843.8167	1848.0	20.849	COMPLETED
302	id-00143	5	8	3	7	1844.0	1844.0	1844.45	1844.8063	1851.0	34.749	COMPLETED
302	id-00144	1	2	10	6	1844.0	1844.0	1845.5	1845.8362	1850.0	23.166	COMPLETED
302	id-00145	6	9	9	1	1844.0	1844.0	1845.35	1845.0	1845.0	125.096	EXPIRED
302	id-00146	8	8	9	2	1845.0	1845.0	1846.38	1847.0	1847.0	170.502	EXPIRED
302	id-00147	5	9	7	1	1845.0	1845.0	1846.08	1846.0	1846.0	83.398	EXPIRED
302	id-00148	5	9	3	5	1846.0	1850.0	1850.6	1851.0	1851.0	46.332	EXPIRED
302	id-00149	6	11	8	2	1847.0	None	None	1849.0	1849.0	None	EXPIRED
302	id-00150	5	6	7	5	1848.0	1850.0	1851.4	1851.6215	1853.0	108.108	COMPLETED
302	id-00151	1	2	1	3	1849.0	1850.0	1850.2	1850.5603	1852.0	3.089	COMPLETED
302	id-00152	4	6	4	2	1850.0	1850.0	1850.8	1851.1067	1852.0	49.421	COMPLETED
302	id-00153	2	2	8	3	1851.0	1851.0	1851.53	1851.715	1854.0	16.371	COMPLETED
302	id-00154	7	2	4	4	1852.0	1852.0	1852.53	1852.9447	1856.0	57.297	COMPLETED
302	id-00155	7	10	9	7	1852.0	1852.0	1853.2	1853.4224	1859.0	129.73	COMPLETED
302	id-00156	6	8	8	2	1854.0	1854.0	1854.53	1854.9675	1856.0	49.112	COMPLETED
302	id-00157	5	10	3	2	1855.0	1855.0	1855.15	1855.2543	1857.0	11.583	COMPLETED
302	id-00158	9	9	1	4	1860.0	1860.0	1860.1	1860.4172	1864.0	13.9	COMPLETED
302	id-00159	4	6	5	6	1860.0	1860.0	1860.5	1860.8094	1866.0	30.888	COMPLETED
302	id-00160	2	4	10	6	1862.0	1862.0	1862.5	1862.7234	1868.0	15.444	COMPLETED
302	id-00161	4	5	3	6	1863.0	1863.0	1863.15	1863.3852	1869.0	9.266	COMPLETED
302	id-00162	10	16	10	3	1864.0	1864.0	1864.5	1864.9696	1867.0	77.22	COMPLETED
302	id-00163	1	2	2	7	1865.0	1865.0	1865.1	1865.3946	1872.0	1.544	COMPLETED
302	id-00164	2	4	10	4	1866.0	1866.0	1867.0	1867.3855	1870.0	30.888	COMPLETED
302	id-00165	10	16	2	2	1866.0	1866.0	1866.2	1866.5173	1868.0	30.888	COMPLETED
302	id-00166	5	3	9	6	1867.0	1867.0	1867.45	1867.7883	1873.0	34.749	COMPLETED
302	id-00167	7	12	1	1	1868.0	1868.0	1868.05	1869.0	1869.0	5.405	EXPIRED
302	id-00168	7	6	4	1	1869.0	1869.0	1869.4	1870.0	1870.0	43.243	EXPIRED
302	id-00169	1	2	1	6	1869.0	1869.0	1869.1	1869.5728	1875.0	1.544	COMPLETED
302	id-00170	4	6	8	2	1870.0	1870.0	1870.4	1870.722	1872.0	24.71	COMPLETED
302	id-00171	5	6	4	2	1871.0	1871.0	1871.2	1871.6852	1873.0	15.444	COMPLETED
302	id-00172	5	5	5	2	1873.0	1873.0	1873.25	1873.5043	1875.0	19.305	COMPLETED
302	id-00173	3	4	10	2	1874.0	1874.0	1874.5	1874.7232	1876.0	23.166	COMPLETED
302	id-00174	6	11	8	6	1877.0	1877.0	1877.8	1878.1351	1883.0	74.131	COMPLETED
302	id-00175	1	2	8	4	1877.0	1877.0	1877.8	1877.9196	1881.0	12.355	COMPLETED
302	id-00176	10	16	10	7	1878.0	1878.0	1878.5	1878.721	1885.0	77.22	COMPLETED
302	id-00177	1	2	5	6	1879.0	1879.0	1879.25	1879.4198	1885.0	3.861	COMPLETED
302	id-00178	4	3	6	2	1881.0	1881.0	1881.6	1882.0416	1883.0	37.066	COMPLETED
302	id-00179	6	3	9	7	1881.0	1881.0	1881.9	1882.2835	1888.0	83.398	COMPLETED
302	id-00180	3	6	9	4	1886.0	1886.0	1886.45	1886.8845	1890.0	20.849	COMPLETED
302	id-00181	5	2	5	5	1888.0	1888.0	1888.25	1888.7094	1893.0	19.305	COMPLETED
302	id-00182	4	5	1	5	1890.0	1890.0	1890.05	1890.1574	1895.0	3.089	COMPLETED
302	id-00183	2	2	10	4	1891.0	1891.0	1892.5	1892.7281	1895.0	46.332	COMPLETED
302	id-00184	9	18	10	4	1891.0	1891.0	1892.5	1892.7188	1895.0	208.494	COMPLETED
302	id-00185	9	18	6	6	1891.0	1891.0	1891.9	1892.3016	1897.0	125.096	COMPLETED
302	id-00186	5	5	3	6	1893.0	1893.0	1893.15	1893.2626	1899.0	11.583	COMPLETED
302	id-00187	5	6	3	3	1894.0	1894.0	1894.15	1894.4972	1897.0	11.583	COMPLETED
302	id-00188	10	18	9	7	1898.0	1898.0	1898.45	1898.5793	1905.0	69.498	COMPLETED
302	id-00189	1	2	1	4	1899.0	1899.0	1899.05	1899.4563	1903.0	0.772	COMPLETED
302	id-00190	8	6	1	3	1900.0	1900.0	1900.05	1900.1688	1903.0	6.178	COMPLETED
302	id-00191	3	5	9	5	1902.0	1902.0	1902.9	1903.1254	1907.0	41.699	COMPLETED
302	id-00192	8	2	7	1	1902.0	1902.0	1902.7	1903.0	1903.0	86.486	EXPIRED
302	id-00193	2	4	6	7	1903.0	1903.0	1903.3	1903.5432	1910.0	9.266	COMPLETED
302	id-00194	7	12	9	3	1904.0	1904.0	1904.45	1904.6314	1907.0	48.649	COMPLETED
302	id-00195	2	4	1	7	1906.0	1906.0	1906.05	1906.475	1913.0	1.544	COMPLETED
302	id-00196	5	2	4	4	1907.0	1907.0	1907.4	1907.6604	1911.0	30.888	COMPLETED
302	id-00197	8	15	3	6	1907.0	1907.0	1907.3	1907.4089	1913.0	37.066	COMPLETED
302	id-00198	7	3	6	3	1908.0	1908.0	1908.3	1908.5573	1911.0	32.432	COMPLETED
302	id-00199	7	8	8	2	1909.0	1909.0	1909.4	1909.7087	1911.0	43.243	COMPLETED
302	id-00200	6	6	8	6	1910.0	1910.0	1910.4	1910.7535	1916.0	37.066	COMPLETED
302	id-00201	5	10	3	3	1911.0	1911.0	1911.15	1911.3336	1914.0	11.583	COMPLETED
302	id-00202	5	6	2	1	1915.0	1915.0	1915.2	1916.0	1916.0	15.444	EXPIRED
302	id-00203	3	5	8	5	1915.0	1915.0	1915.8	1916.0733	1920.0	37.066	COMPLETED
302	id-00204	9	17	3	3	1917.0	1917.0	1917.15	1917.2959	1920.0	20.849	COMPLETED
302	id-00205	4	6	5	1	1918.0	1918.0	1918.75	1919.0	1919.0	46.332	EXPIRED
302	id-00206	3	6	5	6	1918.0	1918.0	1918.75	1919.1793	1924.0	34.749	COMPLETED
302	id-00207	1	2	1	7	1918.0	1918.0	1918.15	1918.6093	1925.0	2.317	COMPLETED
302	id-00208	8	12	9	7	1919.0	1919.0	1919.45	1919.7097	1926.0	55.598	COMPLETED
302	id-00209	7	11	7	6	1923.0	1923.0	1923.35	1923.7518	1929.0	37.838	COMPLETED
302	id-00210	1	2	9	6	1924.0	1924.0	1924.45	1924.7285	1930.0	6.95	COMPLETED
302	id-00211	1	2	7	2	1926.0	1926.0	1927.05	1928.0	1928.0	16.216	EXPIRED
302	id-00212	5	3	3	7	1926.0	1926.0	1926.45	1926.9224	1933.0	34.749	COMPLETED
302	id-00213	2	3	2	5	1926.0	1926.0	1926.3	1926.7388	1931.0	9.266	COMPLETED
302	id-00214	4	4	6	1	1927.0	1927.0	1927.32	1928.0	1928.0	19.768	EXPIRED
302	id-00215	10	2	7	1	1928.0	1928.0	1928.3	1929.0	1929.0	37.847	EXPIRED
302	id-00216	8	15	5	6	1928.0	1928.0	1928.53	1928.7787	1934.0	65.483	COMPLETED
302	id-00217	9	13	2	5	1928.0	1928.0	1928.21	1928.7091	1933.0	29.189	COMPLETED
302	id-00218	1	2	7	6	1929.0	1929.0	1929.37	1929.7639	1935.0	5.714	COMPLETED
302	id-00219	7	6	9	1	1930.0	1930.0	1930.9	1931.0	1931.0	97.297	EXPIRED
302	id-00220	5	7	3	6	1930.0	1930.0	1930.3	1930.6106	1936.0	23.166	COMPLETED
302	id-00221	6	10	3	2	1932.0	1932.0	1932.15	1932.4055	1934.0	13.9	COMPLETED
302	id-00222	2	4	3	2	1933.0	1933.0	1933.15	1933.3316	1935.0	4.633	COMPLETED
302	id-00223	6	7	3	1	1935.0	1935.0	1935.3	1936.0	1936.0	27.799	EXPIRED
302	id-00224	4	6	4	4	1935.0	1935.0	1935.4	1935.7775	1939.0	24.71	COMPLETED
302	id-00225	10	10	1	5	1936.0	1936.0	1936.1	1936.5541	1941.0	15.444	COMPLETED
302	id-00226	8	4	8	7	1936.0	1936.0	1936.38	1936.5052	1943.0	43.367	COMPLETED
302	id-00227	8	16	2	7	1936.0	1936.0	1936.2	1936.3463	1943.0	24.71	COMPLETED
302	id-00228	9	13	1	3	1937.0	1937.0	1937.15	1937.5383	1940.0	20.849	COMPLETED
302	id-00229	4	2	8	7	1937.0	1937.0	1937.38	1937.7521	1944.0	19.892	COMPLETED
302	id-00230	3	3	9	7	1937.0	1937.0	1938.35	1938.4692	1944.0	62.548	COMPLETED
302	id-00231	5	4	8	2	1937.0	1937.0	1938.2	1939.0	1939.0	92.664	EXPIRED
302	id-00232	7	9	3	2	1938.0	1938.0	1938.14	1938.628	1940.0	13.815	COMPLETED
302	id-00233	1	2	7	2	1938.0	1938.0	1939.17	1940.0	1940.0	18.069	EXPIRED
302	id-00234	7	12	10	1	1938.0	1938.0	1939.67	1939.0	1939.0	180.54	EXPIRED
302	id-00235	10	3	3	3	1939.0	1940.0	1940.3	1940.5784	1942.0	46.332	COMPLETED
302	id-00236	4	4	9	2	1940.0	1940.0	1940.9	1941.3403	1942.0	55.598	COMPLETED
302	id-00237	1	2	5	1	1941.0	1941.0	1941.5	1942.0	1942.0	7.722	EXPIRED
302	id-00238	9	14	1	5	1941.0	1941.0	1941.1	1941.3588	1946.0	13.9	COMPLETED
302	id-00239	3	5	5	6	1942.0	1942.0	1942.5	1942.7434	1948.0	23.166	COMPLETED
302	id-00240	6	9	3	2	1942.0	1942.0	1942.3	1942.7649	1944.0	27.799	COMPLETED
302	id-00241	4	4	1	1	1943.0	1943.0	1943.05	1944.0	1944.0	3.089	EXPIRED
302	id-00242	5	5	4	4	1944.0	1944.0	1944.4	1944.5611	1948.0	30.888	COMPLETED
302	id-00243	3	2	8	1	1944.0	1944.0	1944.8	1945.0	1945.0	37.066	EXPIRED
302	id-00244	3	5	9	1	1946.0	1946.0	1946.45	1947.0	1947.0	20.849	EXPIRED
302	id-00245	1	2	5	3	1947.0	1947.0	1947.5	1947.7854	1950.0	7.722	COMPLETED
302	id-00246	4	5	10	2	1947.0	1947.0	1948.0	1948.1029	1949.0	61.776	COMPLETED
302	id-00247	7	11	8	1	1950.0	1950.0	1950.4	1951.0	1951.0	43.243	EXPIRED
302	id-00248	2	4	7	1	1954.0	1954.0	1954.35	1955.0	1955.0	10.811	EXPIRED
302	id-00249	3	4	3	7	1955.0	1955.0	1955.15	1955.5686	1962.0	6.95	COMPLETED
302	id-00250	5	8	8	1	1957.0	1957.0	1957.4	1958.0	1958.0	30.888	EXPIRED
302	id-00251	6	7	9	4	1959.0	1959.0	1959.9	1960.0574	1963.0	83.398	COMPLETED
302	id-00252	6	9	7	1	1959.0	1959.0	1959.7	1960.0	1960.0	64.865	EXPIRED
302	id-00253	9	12	8	3	1961.0	1961.0	1961.8	1961.9248	1964.0	111.197	COMPLETED
302	id-00254	9	17	3	3	1961.0	1961.0	1961.3	1961.7953	1964.0	41.699	COMPLETED
302	id-00255	7	12	1	5	1961.0	1961.0	1961.05	1961.1725	1966.0	4.934	COMPLETED
302	id-00256	10	14	10	3	1962.0	1962.0	1962.5	1962.9955	1965.0	77.22	COMPLETED
302	id-00257	7	13	4	5	1963.0	1963.0	1963.2	1963.5576	1968.0	21.622	COMPLETED
302	id-00258	3	6	9	7	1964.0	1964.0	1964.45	1964.7082	1971.0	20.849	COMPLETED
302	id-00259	2	2	4	6	1965.0	1965.0	1965.2	1965.3321	1971.0	6.178	COMPLETED
302	id-00260	2	3	5	3	1966.0	1966.0	1966.25	1966.3669	1969.0	7.722	COMPLETED
302	id-00261	3	6	4	4	1967.0	1967.0	1967.6	1967.8825	1971.0	27.799	COMPLETED
302	id-00262	9	11	2	1	1967.0	1967.0	1967.3	1968.0	1968.0	41.699	EXPIRED
302	id-00263	3	3	9	1	1967.0	1967.0	1968.35	1968.0	1968.0	62.548	EXPIRED
302	id-00264	2	2	8	5	1968.0	1968.0	1968.47	1968.653	1973.0	14.517	COMPLETED
302	id-00265	3	4	9	6	1969.0	1969.0	1970.06	1970.34	1975.0	49.112	COMPLETED
302	id-00266	3	2	2	2	1969.0	1969.0	1969.24	1969.4067	1971.0	11.12	COMPLETED
302	id-00267	5	2	4	4	1970.0	1970.0	1970.24	1970.4167	1974.0	18.533	COMPLETED
302	id-00268	2	4	9	3	1971.0	1971.0	1971.53	1971.6779	1974.0	16.371	COMPLETED
302	id-00269	4	5	2	4	1972.0	1972.0	1972.12	1972.5566	1976.0	7.413	COMPLETED
302	id-00270	2	2	1	3	1973.0	1973.0	1973.06	1973.4398	1976.0	1.853	COMPLETED
302	id-00271	1	2	10	2	1975.0	1975.0	1975.5	1975.866	1977.0	7.722	COMPLETED
302	id-00272	7	3	1	4	1976.0	1976.0	1976.05	1976.4257	1980.0	5.405	COMPLETED
302	id-00273	3	4	6	5	1977.0	1977.0	1977.3	1977.4168	1982.0	13.9	COMPLETED
302	id-00274	1	2	6	6	1978.0	1978.0	1978.3	1978.6738	1984.0	4.633	COMPLETED
302	id-00275	5	9	1	6	1979.0	1979.0	1979.1	1979.4288	1985.0	7.722	COMPLETED
302	id-00276	1	2	2	2	1979.0	1979.0	1979.2	1979.6764	1981.0	3.089	COMPLETED
302	id-00277	1	2	9	1	1980.0	1980.0	1981.35	1981.0	1981.0	20.849	EXPIRED
302	id-00278	1	2	8	1	1980.0	1980.0	1981.2	1981.0	1981.0	18.533	EXPIRED
302	id-00279	6	4	10	6	1980.0	1980.0	1981.5	1981.6368	1986.0	138.996	COMPLETED
302	id-00280	3	6	7	3	1981.0	1981.0	1982.17	1982.2809	1984.0	54.208	COMPLETED
302	id-00281	2	2	6	5	1981.0	1981.0	1982.0	1982.3987	1986.0	30.888	COMPLETED
302	id-00282	3	2	5	1	1984.0	1984.0	1984.42	1985.0	1985.0	19.459	EXPIRED
302	id-00283	8	14	4	6	1985.0	1985.0	1985.2	1985.3219	1991.0	24.71	COMPLETED
302	id-00284	9	12	8	3	1987.0	1987.0	1987.8	1988.0844	1990.0	111.197	COMPLETED
302	id-00285	5	3	1	6	1987.0	1987.0	1987.05	1987.1882	1993.0	3.861	COMPLETED
302	id-00286	7	14	5	7	1987.0	1987.0	1987.5	1987.887	1994.0	54.054	COMPLETED
302	id-00287	3	6	3	6	1988.0	1988.0	1988.3	1988.5983	1994.0	13.9	COMPLETED
302	id-00288	5	6	1	4	1988.0	1988.0	1988.1	1988.3512	1992.0	7.722	COMPLETED
302	id-00289	9	14	6	1	1989.0	1989.0	1989.9	1990.0	1990.0	125.096	EXPIRED
302	id-00290	5	2	1	5	1989.0	1989.0	1989.1	1989.356	1994.0	7.722	COMPLETED
302	id-00291	4	8	1	5	1989.0	1989.0	1989.1	1989.3375	1994.0	6.178	COMPLETED
302	id-00292	9	13	9	2	1989.0	1989.0	1990.35	1991.0	1991.0	187.645	EXPIRED
302	id-00293	2	2	2	3	1989.0	1989.0	1989.3	1989.5013	1992.0	9.266	COMPLETED
302	id-00294	2	3	8	3	1991.0	1991.0	1991.38	1991.7931	1994.0	8.155	COMPLETED
302	id-00295	9	7	7	5	1992.0	1992.0	1992.33	1992.7576	1997.0	42.757	COMPLETED
302	id-00296	4	4	6	4	1996.0	1996.0	1996.3	1996.5442	2000.0	18.533	COMPLETED
302	id-00297	4	7	2	4	1997.0	1997.0	1997.1	1997.5364	2001.0	6.178	COMPLETED
302	id-00298	5	4	5	6	1998.0	1998.0	1998.25	1998.6352	2004.0	19.305	COMPLETED
302	id-00299	5	6	9	2	1999.0	1999.0	1999.45	1999.7106	2001.0	34.749	COMPLETED
302	id-00300	8	5	1	2	2000.0	2000.0	2000.1	2000.5965	2002.0	12.355	COMPLETED
302	id-00301	5	2	2	3	2000.0	2000.0	2000.2	2000.6609	2003.0	15.444	COMPLETED
