326	id-00000	1	2	10	1	1703.0	1703.0	1703.5	1704.0	1704.0	7.722	EXPIRED
326	id-00001	3	2	5	10	1704.0	1704.0	1704.75	1705.1784	1714.0	34.749	COMPLETED
326	id-00002	7	10	8	7	1704.0	1704.0	1705.2	1705.5715	1711.0	129.73	COMPLETED
326	id-00003	8	8	3	10	1704.0	1704.0	1704.45	1704.6453	1714.0	55.598	COMPLETED
326	id-00004	9	15	3	6	1706.0	1706.0	1706.3	1706.745	1712.0	41.699	COMPLETED
326	id-00005	10	17	3	1	1706.0	1706.0	1706.3	1707.0	1707.0	46.332	EXPIRED
326	id-00006	10	7	4	9	1708.0	1708.0	1708.2	1708.3758	1717.0	30.888	COMPLETED
326	id-00007	10	8	5	10	1709.0	1709.0	1709.25	1709.4448	1719.0	38.61	COMPLETED
326	id-00008	3	3	3	5	1714.0	1714.0	1714.15	1714.4784	1719.0	6.95	COMPLETED
326	id-00009	8	15	8	8	1718.0	1718.0	1718.4	1718.6502	1726.0	49.421	COMPLETED
326	id-00010	4	4	1	7	1719.0	1719.0	1719.05	1719.4116	1726.0	3.089	COMPLETED
326	id-00011	2	4	2	1	1722.0	1722.0	1722.1	1723.0	1723.0	3.089	EXPIRED
326	id-00012	9	10	4	9	1728.0	1728.0	1728.4	1728.8812	1737.0	55.598	COMPLETED
326	id-00013	6	8	3	6	1728.0	1728.0	1728.3	1728.7556	1734.0	27.799	COMPLETED
326	id-00014	3	6	3	9	1729.0	1729.0	1729.15	1729.4881	1738.0	6.95	COMPLETED
326	id-00015	7	12	6	7	1730.0	1730.0	1730.3	1730.4994	1737.0	32.432	COMPLETED
326	id-00016	7	2	9	5	1731.0	1731.0	1731.9	1732.3492	1736.0	97.297	COMPLETED
326	id-00017	3	6	5	4	1731.0	1731.0	1731.5	1731.7993	1735.0	23.166	COMPLETED
326	id-00018	6	3	2	2	1732.0	1732.0	1732.1	1732.2122	1734.0	9.266	COMPLETED
326	id-00019	9	15	9	1	1736.0	1736.0	1736.86	1737.0	1737.0	119.537	EXPIRED
326	id-00020	9	16	4	5	1736.0	1736.0	1736.38	1736.8182	1741.0	49.236	COMPLETED
326	id-00021	5	6	1	8	1736.0	1736.0	1736.05	1736.341	1744.0	3.39	COMPLETED
326	id-00022	4	8	8	7	1737.0	1737.0	1737.38	1737.6693	1744.0	19.892	COMPLETED
326	id-00023	7	8	6	5	1738.0	1738.0	1738.57	1738.7256	1743.0	61.622	COMPLETED
326	id-00024	1	2	9	9	1738.0	1738.0	1738.86	1739.122	1747.0	5.174	COMPLETED
326	id-00025	2	2	1	7	1739.0	1739.0	1739.19	1739.4609	1746.0	5.869	COMPLETED
326	id-00026	5	9	1	3	1739.0	1739.0	1739.19	1739.6673	1742.0	14.672	COMPLETED
326	id-00027	9	17	2	6	1739.0	1739.0	1739.38	1739.5145	1745.0	52.818	COMPLETED
326	id-00028	4	6	7	6	1739.0	1739.0	1740.33	1740.5651	1745.0	69.623	COMPLETED
326	id-00029	1	2	3	9	1740.0	1740.0	1740.75	1740.9111	1749.0	0.0	COMPLETED
326	id-00030	8	3	3	8	1740.0	1740.0	1740.75	1741.1844	1748.0	0.0	COMPLETED
326	id-00031	1	2	6	10	1740.0	1740.0	1741.5	1741.8722	1750.0	0.0	COMPLETED
326	id-00032	6	3	1	7	1740.0	1740.0	1740.25	1740.6963	1747.0	0.0	COMPLETED
326	id-00033	8	15	2	3	1741.0	1741.0	1741.12	1741.5211	1744.0	0.0	COMPLETED
326	id-00034	3	6	9	1	1742.0	1742.0	1742.56	1743.0	1743.0	0.0	EXPIRED
326	id-00035	3	3	2	9	1745.0	1745.0	1745.1	1745.576	1754.0	4.633	COMPLETED
326	id-00036	1	2	7	9	1746.0	1746.0	1746.35	1746.8495	1755.0	5.405	COMPLETED
326	id-00037	7	6	1	7	1747.0	1747.0	1747.05	1747.4517	1754.0	5.405	COMPLETED
326	id-00038	8	9	6	7	1749.0	1749.0	1749.3	1749.4476	1756.0	37.066	COMPLETED
326	id-00039	8	5	4	6	1750.0	1750.0	1750.2	1750.4328	1756.0	24.71	COMPLETED
326	id-00040	5	6	10	4	1751.0	1751.0	1752.0	1752.4435	1755.0	77.22	COMPLETED
326	id-00041	10	6	4	4	1751.0	1751.0	1751.4	1751.5205	1755.0	61.776	COMPLETED
326	id-00042	3	5	6	1	1752.0	1752.0	1752.6	1753.0	1753.0	27.799	EXPIRED
326	id-00043	6	6	9	4	1752.0	1752.0	1752.9	1753.1457	1756.0	83.398	COMPLETED
326	id-00044	4	8	9	8	1754.0	1754.0	1754.9	1755.1818	1762.0	55.598	COMPLETED
326	id-00045	7	4	3	10	1754.0	1754.0	1754.3	1754.5946	1764.0	32.432	COMPLETED
326	id-00046	7	6	7	9	1755.0	1755.0	1755.35	1755.5056	1764.0	37.838	COMPLETED
326	id-00047	9	10	4	8	1756.0	1756.0	1756.4	1756.7543	1764.0	55.598	COMPLETED
326	id-00048	3	6	3	6	1756.0	1756.0	1756.3	1756.6668	1762.0	13.9	COMPLETED
326	id-00049	3	3	10	3	1757.0	1757.0	1758.0	1758.3301	1760.0	46.332	COMPLETED
326	id-00050	10	14	8	2	1757.0	1757.0	1757.8	1758.0224	1759.0	123.552	COMPLETED
326	id-00051	5	8	7	6	1758.0	1758.0	1758.7	1759.166	1764.0	54.054	COMPLETED
326	id-00052	8	6	2	3	1758.0	1758.0	1758.2	1758.4511	1761.0	24.71	COMPLETED
326	id-00053	8	9	3	1	1759.0	1759.0	1759.45	1760.0	1760.0	55.598	EXPIRED
326	id-00054	4	5	7	5	1759.0	1759.0	1760.05	1760.4381	1764.0	64.865	COMPLETED
326	id-00055	8	6	10	10	1759.0	1759.0	1760.5	1760.8977	1769.0	185.328	COMPLETED
326	id-00056	8	3	10	10	1760.0	1760.0	1761.25	1761.606	1770.0	154.44	COMPLETED
326	id-00057	6	12	5	5	1761.0	1765.0	1765.75	1766.0	1766.0	69.498	EXPIRED
326	id-00058	6	7	6	10	1761.0	1765.0	1765.78	1766.1638	1771.0	72.278	COMPLETED
326	id-00059	10	13	1	1	1761.0	None	None	1762.0	1762.0	None	EXPIRED
326	id-00060	9	10	2	3	1762.0	None	None	1765.0	1765.0	None	EXPIRED
326	id-00061	10	13	2	8	1763.0	1765.0	1765.26	1765.4344	1771.0	40.154	COMPLETED
326	id-00062	6	7	8	7	1763.0	1765.0	1766.04	1766.3853	1770.0	96.371	COMPLETED
326	id-00063	7	12	7	3	1763.0	1765.0	1766.05	1766.0	1766.0	113.513	EXPIRED
326	id-00064	7	13	2	5	1763.0	1765.0	1765.3	1765.762	1768.0	32.432	COMPLETED
326	id-00065	8	5	3	3	1764.0	1765.0	1765.39	1765.7908	1767.0	37.155	COMPLETED
326	id-00066	7	8	5	7	1765.0	1765.0	1765.65	1766.084	1772.0	70.27	COMPLETED
326	id-00067	5	9	2	5	1765.0	1765.0	1765.26	1765.7108	1770.0	12.723	COMPLETED
326	id-00068	4	3	5	5	1767.0	1767.0	1767.25	1767.5056	1772.0	15.444	COMPLETED
326	id-00069	9	17	5	9	1768.0	1768.0	1768.75	1769.0351	1777.0	104.247	COMPLETED
326	id-00070	3	3	1	6	1768.0	1768.0	1768.15	1768.4127	1774.0	6.95	COMPLETED
326	id-00071	2	2	1	5	1768.0	1768.0	1768.15	1768.4476	1773.0	4.633	COMPLETED
326	id-00072	2	2	3	3	1770.0	1770.0	1770.15	1770.278	1773.0	4.633	COMPLETED
326	id-00073	3	5	4	3	1771.0	1771.0	1771.4	1771.605	1774.0	18.533	COMPLETED
326	id-00074	9	2	8	3	1771.0	1771.0	1771.8	1772.0601	1774.0	111.197	COMPLETED
326	id-00075	2	3	9	4	1773.0	1773.0	1773.45	1773.6315	1777.0	13.9	COMPLETED
326	id-00076	3	6	7	8	1775.0	1775.0	1775.35	1775.6252	1783.0	16.216	COMPLETED
326	id-00077	10	3	7	1	1777.0	1777.0	1777.35	1778.0	1778.0	54.054	EXPIRED
326	id-00078	5	9	7	2	1778.0	1778.0	1779.4	1780.0	1780.0	108.108	EXPIRED
326	id-00079	3	3	10	10	1778.0	1778.0	1780.0	1780.1375	1788.0	92.664	COMPLETED
326	id-00080	8	8	6	8	1778.0	1778.0	1778.29	1778.7757	1786.0	33.096	COMPLETED
326	id-00081	9	9	3	2	1778.0	1778.0	1778.6	1778.9142	1780.0	83.398	COMPLETED
326	id-00082	3	4	8	10	1778.0	1778.0	1779.6	1780.081	1788.0	74.131	COMPLETED
326	id-00083	9	11	4	1	1782.0	1782.0	1782.4	1783.0	1783.0	55.598	EXPIRED
326	id-00084	1	2	10	3	1782.0	1782.0	1783.0	1783.1119	1785.0	15.444	COMPLETED
326	id-00085	2	2	10	4	1783.0	1783.0	1783.5	1783.6746	1787.0	15.444	COMPLETED
326	id-00086	10	13	2	8	1784.0	1784.0	1784.2	1784.4257	1792.0	30.888	COMPLETED
326	id-00087	1	2	7	9	1784.0	1784.0	1784.7	1785.1737	1793.0	10.811	COMPLETED
326	id-00088	6	10	2	8	1785.0	1785.0	1785.1	1785.555	1793.0	9.266	COMPLETED
326	id-00089	5	2	1	9	1786.0	1786.0	1786.05	1786.3888	1795.0	3.861	COMPLETED
326	id-00090	6	10	5	4	1788.0	1788.0	1788.75	1789.1041	1792.0	69.498	COMPLETED
326	id-00091	1	2	3	1	1788.0	1788.0	1788.45	1789.0	1789.0	6.95	EXPIRED
326	id-00092	1	2	4	4	1788.0	1788.0	1788.6	1789.0955	1792.0	9.266	COMPLETED
326	id-00093	9	3	9	7	1789.0	1789.0	1789.45	1789.7395	1796.0	62.548	COMPLETED
326	id-00094	3	5	10	1	1790.0	1790.0	1790.5	1791.0	1791.0	23.166	EXPIRED
326	id-00095	4	7	2	4	1791.0	1791.0	1791.3	1791.4997	1795.0	18.533	COMPLETED
326	id-00096	4	8	5	1	1791.0	1791.0	1791.75	1792.0	1792.0	46.332	EXPIRED
326	id-00097	1	2	8	6	1791.0	1791.0	1792.2	1792.4389	1797.0	18.533	COMPLETED
326	id-00098	6	9	6	9	1792.0	1792.0	1792.63	1792.8838	1801.0	58.378	COMPLETED
326	id-00099	2	4	9	3	1792.0	1792.0	1792.95	1793.4223	1795.0	29.344	COMPLETED
326	id-00100	7	4	7	5	1794.0	1794.0	1794.37	1794.6489	1799.0	40.0	COMPLETED
326	id-00101	6	7	6	2	1796.0	1796.0	1796.3	1796.7391	1798.0	27.799	COMPLETED
326	id-00102	8	2	10	7	1797.0	1797.0	1797.5	1797.8505	1804.0	61.776	COMPLETED
326	id-00103	1	2	1	2	1798.0	1798.0	1798.1	1798.2847	1800.0	1.544	COMPLETED
326	id-00104	6	9	3	3	1798.0	1798.0	1798.3	1798.531	1801.0	27.799	COMPLETED
326	id-00105	8	10	6	4	1799.0	1799.0	1799.9	1800.2072	1803.0	111.197	COMPLETED
326	id-00106	6	5	10	5	1799.0	1799.0	1800.5	1800.8174	1804.0	138.996	COMPLETED
326	id-00107	5	3	2	10	1799.0	1799.0	1799.1	1799.225	1809.0	7.722	COMPLETED
326	id-00108	4	5	4	3	1799.0	1799.0	1799.6	1799.7964	1802.0	37.066	COMPLETED
326	id-00109	1	2	5	4	1800.0	1800.0	1800.36	1800.7689	1804.0	5.56	COMPLETED
326	id-00110	9	10	5	2	1802.0	1802.0	1802.36	1802.7145	1804.0	50.039	COMPLETED
326	id-00111	9	6	7	7	1804.0	1804.0	1804.5	1804.7689	1811.0	69.498	COMPLETED
326	id-00112	7	7	9	8	1805.0	1805.0	1805.45	1805.8483	1813.0	48.649	COMPLETED
326	id-00113	2	3	10	3	1807.0	1807.0	1807.5	1807.9507	1810.0	15.444	COMPLETED
326	id-00114	3	2	2	4	1809.0	1809.0	1809.29	1809.5373	1813.0	13.436	COMPLETED
326	id-00115	9	11	9	9	1809.0	1809.0	1809.9	1810.1749	1818.0	125.096	COMPLETED
326	id-00116	3	2	5	8	1809.0	1809.0	1809.71	1809.8654	1817.0	32.896	COMPLETED
326	id-00117	10	19	5	8	1809.0	1809.0	1809.5	1809.6665	1817.0	77.22	COMPLETED
326	id-00118	4	7	2	1	1809.0	1809.0	1809.29	1810.0	1810.0	15.181	EXPIRED
326	id-00119	8	6	9	1	1810.0	1810.0	1810.45	1811.0	1811.0	55.598	EXPIRED
326	id-00120	6	4	7	9	1813.0	1813.0	1814.05	1814.4972	1822.0	97.297	COMPLETED
326	id-00121	3	3	9	4	1813.0	1813.0	1814.35	1814.6246	1817.0	62.548	COMPLETED
326	id-00122	2	3	9	7	1813.0	1813.0	1814.35	1814.8078	1820.0	41.699	COMPLETED
326	id-00123	6	7	10	4	1814.0	1814.0	1816.22	1816.3797	1818.0	205.714	COMPLETED
326	id-00124	2	4	9	8	1814.0	1814.0	1816.0	1816.171	1822.0	61.776	COMPLETED
326	id-00125	4	5	4	10	1816.0	1816.0	1816.86	1817.0487	1826.0	53.127	COMPLETED
326	id-00126	4	2	6	5	1816.0	1816.0	1817.29	1817.4584	1821.0	79.691	COMPLETED
326	id-00127	6	7	10	6	1816.0	1816.0	1818.14	1818.4275	1822.0	198.301	COMPLETED
326	id-00128	5	2	8	8	1820.0	1820.0	1820.8	1821.1308	1828.0	61.776	COMPLETED
326	id-00129	1	2	9	8	1820.0	1820.0	1820.9	1821.2218	1828.0	13.9	COMPLETED
326	id-00130	6	9	10	2	1822.0	1822.0	1822.5	1822.8258	1824.0	46.332	COMPLETED
326	id-00131	8	6	6	1	1823.0	1823.0	1823.6	1824.0	1824.0	74.131	EXPIRED
326	id-00132	2	2	3	1	1823.0	1823.0	1823.3	1824.0	1824.0	9.266	EXPIRED
326	id-00133	2	4	9	1	1824.0	1824.0	1824.45	1825.0	1825.0	13.9	EXPIRED
326	id-00134	3	6	6	6	1826.0	1826.0	1826.3	1826.631	1832.0	13.9	COMPLETED
326	id-00135	8	2	8	3	1828.0	1828.0	1828.4	1828.6782	1831.0	49.421	COMPLETED
326	id-00136	7	14	8	1	1829.0	1829.0	1829.8	1830.0	1830.0	86.486	EXPIRED
326	id-00137	9	3	4	7	1829.0	1829.0	1829.4	1829.7991	1836.0	55.598	COMPLETED
326	id-00138	3	2	9	5	1833.0	1833.0	1833.9	1834.3178	1838.0	41.699	COMPLETED
326	id-00139	9	14	8	8	1833.0	1833.0	1833.8	1833.9814	1841.0	111.197	COMPLETED
326	id-00140	3	2	2	5	1834.0	1834.0	1834.1	1834.5632	1839.0	4.633	COMPLETED
326	id-00141	6	10	5	10	1835.0	1835.0	1835.25	1835.6162	1845.0	23.166	COMPLETED
326	id-00142	3	6	5	4	1836.0	1836.0	1836.25	1836.6026	1840.0	11.583	COMPLETED
326	id-00143	2	3	2	1	1838.0	1838.0	1838.3	1839.0	1839.0	9.266	EXPIRED
326	id-00144	7	9	10	5	1838.0	1838.0	1839.5	1839.847	1843.0	162.162	COMPLETED
326	id-00145	7	2	3	5	1838.0	1838.0	1838.45	1838.5899	1843.0	48.649	COMPLETED
326	id-00146	5	4	2	6	1839.0	1839.0	1839.15	1839.4967	1845.0	11.583	COMPLETED
326	id-00147	7	2	3	10	1840.0	1840.0	1840.6	1840.8696	1850.0	64.865	COMPLETED
326	id-00148	1	2	9	5	1840.0	1840.0	1841.8	1842.1557	1845.0	27.799	COMPLETED
326	id-00149	2	2	10	10	1840.0	1840.0	1842.0	1842.1353	1850.0	61.776	COMPLETED
326	id-00150	6	7	3	2	1840.0	1840.0	1840.6	1840.9043	1842.0	55.598	COMPLETED
326	id-00151	2	2	3	9	1843.0	1843.0	1843.3	1843.7482	1852.0	9.266	COMPLETED
326	id-00152	4	8	3	5	1843.0	1843.0	1843.3	1843.7777	1848.0	18.533	COMPLETED
326	id-00153	9	2	1	2	1844.0	1844.0	1844.1	1844.5282	1846.0	13.9	COMPLETED
326	id-00154	8	13	10	1	1844.0	1844.0	1845.0	1845.0	1845.0	123.552	EXPIRED
326	id-00155	9	8	8	6	1846.0	1846.0	1846.8	1847.0943	1852.0	111.197	COMPLETED
326	id-00156	9	5	9	8	1846.0	1846.0	1846.45	1846.8906	1854.0	62.548	COMPLETED
326	id-00157	8	9	9	1	1846.0	1846.0	1846.9	1847.0	1847.0	111.197	EXPIRED
326	id-00158	6	10	3	1	1847.0	1847.0	1847.3	1848.0	1848.0	27.799	EXPIRED
326	id-00159	4	6	4	3	1847.0	1847.0	1847.4	1847.8797	1850.0	24.71	COMPLETED
326	id-00160	1	2	8	7	1848.0	1848.0	1848.4	1848.6329	1855.0	6.178	COMPLETED
326	id-00161	7	14	7	6	1849.0	1849.0	1849.7	1849.9284	1855.0	75.676	COMPLETED
326	id-00162	1	2	3	5	1849.0	1849.0	1849.3	1849.5568	1854.0	4.633	COMPLETED
326	id-00163	3	3	3	2	1850.0	1850.0	1850.45	1850.9183	1852.0	20.849	COMPLETED
326	id-00164	8	4	2	8	1850.0	1850.0	1850.3	1850.5359	1858.0	37.066	COMPLETED
326	id-00165	9	9	4	6	1850.0	1850.0	1850.6	1850.8466	1856.0	83.398	COMPLETED
326	id-00166	3	2	8	8	1852.0	1852.0	1852.4	1852.5863	1860.0	18.533	COMPLETED
326	id-00167	5	3	2	9	1853.0	1853.0	1853.1	1853.3729	1862.0	7.722	COMPLETED
326	id-00168	10	19	8	7	1853.0	1853.0	1854.6	1854.804	1860.0	247.104	COMPLETED
326	id-00169	4	8	10	1	1853.0	1853.0	1855.0	1854.0	1854.0	123.552	EXPIRED
326	id-00170	3	2	9	5	1853.0	1853.0	1854.8	1855.2713	1858.0	83.398	COMPLETED
326	id-00171	3	2	2	9	1853.0	1853.0	1853.4	1853.5913	1862.0	18.533	COMPLETED
326	id-00172	9	18	4	7	1855.0	1855.0	1855.6	1855.7608	1862.0	83.398	COMPLETED
326	id-00173	7	10	6	4	1855.0	1855.0	1855.9	1856.0482	1859.0	97.297	COMPLETED
326	id-00174	3	2	10	5	1855.0	1855.0	1856.5	1856.901	1860.0	69.498	COMPLETED
326	id-00175	5	2	4	10	1855.0	1855.0	1855.2	1855.4262	1865.0	15.444	COMPLETED
326	id-00176	9	5	2	5	1858.0	1858.0	1858.3	1858.6429	1863.0	41.699	COMPLETED
326	id-00177	6	12	8	2	1858.0	1858.0	1859.2	1860.0	1860.0	111.197	EXPIRED
326	id-00178	1	2	3	5	1858.0	1858.0	1858.45	1858.6792	1863.0	6.95	COMPLETED
326	id-00179	1	2	1	2	1860.0	1860.0	1860.05	1860.2671	1862.0	0.772	COMPLETED
326	id-00180	7	4	4	6	1861.0	1861.0	1861.2	1861.5694	1867.0	21.622	COMPLETED
326	id-00181	10	20	10	4	1861.0	1861.0	1862.0	1862.4359	1865.0	154.44	COMPLETED
326	id-00182	7	5	4	4	1861.0	1861.0	1861.4	1861.8615	1865.0	43.243	COMPLETED
326	id-00183	1	2	6	5	1863.0	1863.0	1863.3	1863.58	1868.0	4.633	COMPLETED
326	id-00184	6	8	9	1	1865.0	1865.0	1865.9	1866.0	1866.0	83.398	EXPIRED
326	id-00185	10	19	4	6	1865.0	1865.0	1865.4	1865.6256	1871.0	61.776	COMPLETED
326	id-00186	6	5	7	8	1867.0	1867.0	1867.35	1867.5362	1875.0	32.432	COMPLETED
326	id-00187	10	7	6	3	1868.0	1868.0	1868.3	1868.7025	1871.0	46.332	COMPLETED
326	id-00188	7	4	4	9	1869.0	1869.0	1869.2	1869.563	1878.0	21.622	COMPLETED
326	id-00189	10	10	2	3	1870.0	1870.0	1870.2	1870.5848	1873.0	30.888	COMPLETED
326	id-00190	6	2	10	2	1870.0	1870.0	1871.0	1871.4939	1872.0	92.664	COMPLETED
326	id-00191	3	3	10	10	1871.0	1871.0	1871.5	1871.9866	1881.0	23.166	COMPLETED
326	id-00192	4	7	7	6	1872.0	1872.0	1872.35	1872.6743	1878.0	21.622	COMPLETED
326	id-00193	8	7	4	8	1874.0	1874.0	1874.2	1874.5153	1882.0	24.71	COMPLETED
326	id-00194	6	4	7	6	1875.0	1875.0	1875.35	1875.6434	1881.0	32.432	COMPLETED
326	id-00195	4	3	9	7	1878.0	1878.0	1878.9	1879.3996	1885.0	55.598	COMPLETED
326	id-00196	5	5	6	2	1878.0	1878.0	1878.6	1878.9638	1880.0	46.332	COMPLETED
326	id-00197	6	9	4	4	1879.0	1879.0	1879.2	1879.4188	1883.0	18.533	COMPLETED
326	id-00198	2	3	10	4	1882.0	1882.0	1884.0	1884.2311	1886.0	61.776	COMPLETED
326	id-00199	1	2	8	6	1882.0	1882.0	1883.6	1883.7978	1888.0	24.71	COMPLETED
326	id-00200	8	14	3	8	1882.0	1882.0	1882.6	1882.978	1890.0	74.131	COMPLETED
326	id-00201	1	2	5	6	1882.0	1882.0	1883.0	1883.1225	1888.0	15.444	COMPLETED
326	id-00202	1	2	2	6	1884.0	1884.0	1884.1	1884.4159	1890.0	1.544	COMPLETED
326	id-00203	1	2	1	6	1885.0	1885.0	1885.05	1885.2052	1891.0	0.772	COMPLETED
326	id-00204	8	2	4	6	1886.0	1886.0	1886.2	1886.5985	1892.0	24.71	COMPLETED
326	id-00205	9	17	5	9	1887.0	1887.0	1887.5	1887.8366	1896.0	69.498	COMPLETED
326	id-00206	4	2	1	6	1887.0	1887.0	1887.1	1887.2077	1893.0	6.178	COMPLETED
326	id-00207	6	4	4	3	1889.0	1889.0	1889.2	1889.6638	1892.0	18.533	COMPLETED
326	id-00208	7	4	9	4	1891.0	1891.0	1891.45	1891.7165	1895.0	48.649	COMPLETED
326	id-00209	9	15	8	8	1893.0	1893.0	1893.4	1893.6757	1901.0	55.598	COMPLETED
326	id-00210	1	2	6	10	1894.0	1894.0	1894.6	1894.7674	1904.0	9.266	COMPLETED
326	id-00211	6	4	8	10	1894.0	1894.0	1894.8	1895.1907	1904.0	74.131	COMPLETED
326	id-00212	5	9	3	9	1895.0	1895.0	1895.15	1895.4907	1904.0	11.583	COMPLETED
326	id-00213	2	4	6	10	1896.0	1896.0	1896.3	1896.7538	1906.0	9.266	COMPLETED
326	id-00214	10	19	4	2	1898.0	1898.0	1898.2	1898.5735	1900.0	30.888	COMPLETED
326	id-00215	7	3	6	9	1900.0	1900.0	1900.6	1900.774	1909.0	64.865	COMPLETED
326	id-00216	7	5	2	6	1900.0	1900.0	1900.2	1900.661	1906.0	21.622	COMPLETED
326	id-00217	7	2	5	4	1901.0	1901.0	1901.75	1902.032	1905.0	81.081	COMPLETED
326	id-00218	1	2	2	8	1901.0	1901.0	1901.3	1901.6186	1909.0	4.633	COMPLETED
326	id-00219	2	3	2	8	1901.0	1901.0	1901.3	1901.7459	1909.0	9.266	COMPLETED
326	id-00220	4	2	9	4	1903.0	1903.0	1903.45	1903.6588	1907.0	27.799	COMPLETED
326	id-00221	7	10	10	6	1904.0	1904.0	1904.5	1904.9908	1910.0	54.054	COMPLETED
326	id-00222	6	6	1	6	1905.0	1905.0	1905.05	1905.312	1911.0	4.633	COMPLETED
326	id-00223	10	10	10	6	1908.0	1908.0	1909.0	1909.3796	1914.0	154.44	COMPLETED
326	id-00224	1	2	6	4	1908.0	1908.0	1908.26	1908.5457	1912.0	1.564	COMPLETED
326	id-00225	10	9	9	8	1908.0	1908.0	1908.9	1909.3312	1916.0	138.996	COMPLETED
326	id-00226	10	15	10	1	1910.0	1910.0	1910.5	1911.0	1911.0	77.22	EXPIRED
326	id-00227	2	3	1	9	1911.0	1911.0	1911.1	1911.4174	1920.0	3.089	COMPLETED
326	id-00228	1	2	2	9	1911.0	1911.0	1911.2	1911.6324	1920.0	3.089	COMPLETED
326	id-00229	6	11	3	2	1913.0	1913.0	1913.3	1913.4515	1915.0	27.799	COMPLETED
326	id-00230	9	14	8	7	1913.0	1913.0	1913.8	1914.2537	1920.0	111.197	COMPLETED
326	id-00231	6	10	6	2	1913.0	1913.0	1913.26	1913.6532	1915.0	16.739	COMPLETED
326	id-00232	4	6	10	6	1918.0	1918.0	1918.5	1918.7456	1924.0	30.888	COMPLETED
326	id-00233	10	2	9	4	1919.0	1919.0	1919.45	1919.6053	1923.0	69.498	COMPLETED
326	id-00234	4	3	8	8	1920.0	1920.0	1920.8	1921.0895	1928.0	49.421	COMPLETED
326	id-00235	7	11	6	6	1920.0	1920.0	1920.6	1920.8716	1926.0	64.865	COMPLETED
326	id-00236	1	2	9	6	1921.0	1921.0	1922.35	1922.6098	1927.0	20.849	COMPLETED
326	id-00237	7	9	7	2	1921.0	1921.0	1922.05	1923.0	1923.0	113.513	EXPIRED
326	id-00238	5	2	4	5	1921.0	1921.0	1921.6	1921.8974	1926.0	46.332	COMPLETED
326	id-00239	1	2	4	10	1923.0	1923.0	1923.2	1923.6517	1933.0	3.089	COMPLETED
326	id-00240	10	17	9	1	1924.0	1924.0	1924.45	1925.0	1925.0	69.498	EXPIRED
326	id-00241	1	2	10	6	1926.0	1926.0	1927.5	1927.9746	1932.0	23.166	COMPLETED
326	id-00242	5	6	4	4	1926.0	1926.0	1926.6	1926.8973	1930.0	46.332	COMPLETED
326	id-00243	3	3	9	1	1926.0	1926.0	1927.35	1927.0	1927.0	62.548	EXPIRED
326	id-00244	2	4	4	9	1928.0	1928.0	1928.4	1928.5728	1937.0	12.355	COMPLETED
326	id-00245	7	9	2	2	1928.0	1928.0	1928.2	1928.5702	1930.0	21.622	COMPLETED
326	id-00246	5	6	7	1	1930.0	1930.0	1930.35	1931.0	1931.0	27.027	EXPIRED
326	id-00247	4	3	1	10	1931.0	1931.0	1931.1	1931.5021	1941.0	6.178	COMPLETED
326	id-00248	3	3	8	4	1931.0	1931.0	1931.8	1932.1299	1935.0	37.066	COMPLETED
326	id-00249	6	5	1	5	1932.0	1932.0	1932.05	1932.1526	1937.0	4.633	COMPLETED
326	id-00250	9	18	6	5	1933.0	1933.0	1933.6	1934.0319	1938.0	83.398	COMPLETED
326	id-00251	7	6	10	9	1933.0	1933.0	1933.45	1933.7388	1942.0	40.163	COMPLETED
326	id-00252	10	10	9	4	1933.0	1933.0	1933.9	1934.3192	1937.0	138.996	COMPLETED
326	id-00253	4	5	8	9	1934.0	1934.0	1935.2	1935.3746	1943.0	74.131	COMPLETED
326	id-00254	2	2	8	6	1934.0	1934.0	1935.2	1935.5174	1940.0	37.066	COMPLETED
326	id-00255	7	2	10	10	1934.0	1934.0	1935.5	1935.6527	1944.0	162.162	COMPLETED
326	id-00256	8	7	9	5	1935.0	1937.0	1937.43	1937.5972	1940.0	49.073	COMPLETED
326	id-00257	6	9	1	1	1937.0	1937.0	1937.14	1938.0	1938.0	12.973	EXPIRED
326	id-00258	4	7	4	9	1938.0	1938.0	1938.19	1938.5276	1947.0	9.946	COMPLETED
326	id-00259	4	8	10	4	1938.0	1938.0	1939.43	1939.5828	1942.0	88.34	COMPLETED
326	id-00260	10	18	3	7	1939.0	1940.0	1940.3	1940.5179	1946.0	46.332	COMPLETED
326	id-00261	9	8	2	5	1940.0	1940.0	1940.2	1940.4774	1945.0	27.799	COMPLETED
326	id-00262	4	6	2	9	1940.0	1940.0	1940.1	1940.4035	1949.0	5.235	COMPLETED
326	id-00263	5	6	5	6	1942.0	1942.0	1942.5	1942.9247	1948.0	38.61	COMPLETED
326	id-00264	4	6	5	7	1942.0	1942.0	1942.5	1942.8421	1949.0	30.888	COMPLETED
326	id-00265	6	8	5	10	1943.0	1943.0	1943.5	1943.9667	1953.0	46.332	COMPLETED
326	id-00266	9	12	10	1	1943.0	1943.0	1944.0	1944.0	1944.0	138.996	EXPIRED
326	id-00267	9	14	6	7	1944.0	1944.0	1944.3	1944.4415	1951.0	41.699	COMPLETED
326	id-00268	10	2	8	10	1945.0	1945.0	1945.38	1945.8545	1955.0	55.105	COMPLETED
326	id-00269	9	9	5	5	1945.0	1945.0	1945.5	1945.9834	1950.0	69.498	COMPLETED
326	id-00270	10	12	10	2	1945.0	1945.0	1946.0	1946.2612	1947.0	154.44	COMPLETED
326	id-00271	1	2	5	6	1947.0	1947.0	1947.25	1947.6986	1953.0	3.861	COMPLETED
326	id-00272	2	2	3	1	1948.0	1948.0	1948.3	1949.0	1949.0	9.266	EXPIRED
326	id-00273	6	10	6	5	1948.0	1948.0	1948.6	1949.0288	1953.0	55.598	COMPLETED
326	id-00274	8	4	7	4	1949.0	1949.0	1949.7	1950.1241	1953.0	86.486	COMPLETED
326	id-00275	10	7	7	5	1949.0	1949.0	1949.7	1949.9965	1954.0	108.108	COMPLETED
326	id-00276	6	3	4	7	1949.0	1949.0	1949.19	1949.6506	1956.0	15.815	COMPLETED
326	id-00277	1	2	2	6	1950.0	1950.0	1950.1	1950.2801	1956.0	1.544	COMPLETED
326	id-00278	10	14	1	4	1952.0	1952.0	1952.05	1952.413	1956.0	7.722	COMPLETED
326	id-00279	3	4	10	7	1953.0	1953.0	1953.5	1953.6208	1960.0	23.166	COMPLETED
326	id-00280	3	6	7	4	1954.0	1954.0	1954.35	1954.8109	1958.0	16.216	COMPLETED
326	id-00281	3	6	10	2	1956.0	1956.0	1956.5	1956.7446	1958.0	23.166	COMPLETED
326	id-00282	8	8	2	2	1957.0	1957.0	1957.1	1957.5559	1959.0	12.355	COMPLETED
326	id-00283	10	12	9	2	1958.0	1958.0	1958.45	1958.9308	1960.0	69.498	COMPLETED
326	id-00284	1	2	2	9	1959.0	1959.0	1959.1	1959.3307	1968.0	1.544	COMPLETED
326	id-00285	5	8	8	7	1961.0	1961.0	1961.4	1961.864	1968.0	30.888	COMPLETED
326	id-00286	8	12	4	4	1962.0	1962.0	1962.2	1962.3156	1966.0	24.71	COMPLETED
326	id-00287	6	7	9	8	1963.0	1963.0	1963.9	1964.053	1971.0	83.398	COMPLETED
326	id-00288	3	4	3	7	1963.0	1963.0	1963.3	1963.7631	1970.0	13.9	COMPLETED
326	id-00289	1	2	5	5	1964.0	1964.0	1964.5	1964.791	1969.0	7.722	COMPLETED
326	id-00290	3	4	9	5	1964.0	1964.0	1964.9	1965.0642	1969.0	41.699	COMPLETED
326	id-00291	5	2	5	5	1965.0	1965.0	1965.25	1965.3737	1970.0	19.305	COMPLETED
326	id-00292	8	16	8	10	1966.0	1966.0	1966.4	1966.7402	1976.0	49.421	COMPLETED
326	id-00293	6	4	3	5	1967.0	1967.0	1967.45	1967.7268	1972.0	41.699	COMPLETED
326	id-00294	3	4	9	2	1967.0	1967.0	1968.35	1969.0	1969.0	62.548	EXPIRED
326	id-00295	9	12	8	4	1967.0	1967.0	1968.2	1968.5974	1971.0	166.795	COMPLETED
326	id-00296	3	5	3	2	1969.0	1969.0	1969.15	1969.3213	1971.0	6.95	COMPLETED
326	id-00297	2	3	4	3	1970.0	1970.0	1970.4	1970.5014	1973.0	12.355	COMPLETED
326	id-00298	3	4	5	4	1970.0	1970.0	1970.5	1970.707	1974.0	23.166	COMPLETED
326	id-00299	3	2	1	5	1971.0	1971.0	1971.1	1971.2222	1976.0	4.633	COMPLETED
326	id-00300	8	15	8	2	1971.0	1971.0	1971.8	1972.1007	1973.0	98.842	COMPLETED
326	id-00301	8	8	7	8	1972.0	1972.0	1972.7	1973.0162	1980.0	86.486	COMPLETED
326	id-00302	2	2	5	4	1972.0	1972.0	1972.5	1972.6117	1976.0	15.444	COMPLETED
326	id-00303	4	6	3	1	1977.0	1977.0	1977.15	1978.0	1978.0	9.266	EXPIRED
326	id-00304	8	5	3	3	1978.0	1978.0	1978.15	1978.5213	1981.0	18.533	COMPLETED
326	id-00305	4	2	9	9	1979.0	1979.0	1979.45	1979.5651	1988.0	27.799	COMPLETED
326	id-00306	10	6	10	4	1980.0	1980.0	1981.0	1981.328	1984.0	154.44	COMPLETED
326	id-00307	2	4	4	3	1980.0	1980.0	1980.4	1980.5225	1983.0	12.355	COMPLETED
326	id-00308	4	8	2	4	1981.0	1981.0	1981.2	1981.3433	1985.0	12.355	COMPLETED
326	id-00309	1	2	4	8	1981.0	1981.0	1981.4	1981.86	1989.0	6.178	COMPLETED
326	id-00310	4	6	10	4	1982.0	1982.0	1983.0	1983.4617	1986.0	61.776	COMPLETED
326	id-00311	7	11	7	3	1982.0	1982.0	1982.7	1983.0709	1985.0	75.676	COMPLETED
326	id-00312	6	2	9	6	1983.0	1983.0	1983.45	1983.9488	1989.0	41.699	COMPLETED
326	id-00313	1	2	9	5	1984.0	1984.0	1984.45	1984.5682	1989.0	6.95	COMPLETED
326	id-00314	5	4	7	6	1985.0	1985.0	1985.35	1985.6575	1991.0	27.027	COMPLETED
326	id-00315	2	4	5	9	1987.0	1987.0	1987.25	1987.4405	1996.0	7.722	COMPLETED
326	id-00316	6	2	9	4	1989.0	1989.0	1989.45	1989.715	1993.0	41.699	COMPLETED
326	id-00317	7	12	9	5	1993.0	1993.0	1993.86	1994.2639	1998.0	92.973	COMPLETED
326	id-00318	2	2	5	8	1993.0	1993.0	1993.48	1993.8387	2001.0	10.301	COMPLETED
326	id-00319	2	3	10	1	1995.0	1995.0	1995.5	1996.0	1996.0	15.444	EXPIRED
326	id-00320	1	2	8	1	1997.0	1997.0	1997.4	1998.0	1998.0	6.178	EXPIRED
326	id-00321	3	5	2	1	1998.0	1998.0	1998.1	1999.0	1999.0	4.633	EXPIRED
326	id-00322	10	2	8	10	1999.0	1999.0	2000.2	2000.4256	2009.0	185.328	COMPLETED
326	id-00323	4	2	1	4	1999.0	1999.0	1999.15	1999.629	2003.0	9.266	COMPLETED
326	id-00324	4	8	7	4	1999.0	1999.0	2000.05	2000.1845	2003.0	64.865	COMPLETED
326	id-00325	1	2	7	3	2000.0	2000.0	2001.17	2003.0	2003.0	None	SUBMITTED
