0.00011801719665527344
0.00011944770812988281
9.036064147949219e-05
0.00018715858459472656
0.00011968612670898438
7.462501525878906e-05
0.00011324882507324219
7.534027099609375e-05
6.818771362304688e-05
0.0001087188720703125
6.937980651855469e-05
6.270408630371094e-05
6.413459777832031e-05
8.893013000488281e-05
8.320808410644531e-05
8.463859558105469e-05
8.225440979003906e-05
8.988380432128906e-05
9.775161743164062e-05
9.584426879882812e-05
0.00017571449279785156
7.176399230957031e-05
5.9604644775390625e-05
6.747245788574219e-05
0.00013184547424316406
0.00010371208190917969
7.343292236328125e-05
0.00010442733764648438
0.00010704994201660156
0.00010275840759277344
0.00010895729064941406
7.271766662597656e-05
9.34600830078125e-05
7.033348083496094e-05
6.961822509765625e-05
0.00014901161193847656
9.822845458984375e-05
7.200241088867188e-05
9.1552734375e-05
6.67572021484375e-05
0.00013375282287597656
8.320808410644531e-05
0.00012040138244628906
9.489059448242188e-05
9.012222290039062e-05
0.00010800361633300781
0.00013518333435058594
6.937980651855469e-05
8.726119995117188e-05
0.00011086463928222656
0.00014066696166992188
0.00014209747314453125
7.367134094238281e-05
7.152557373046875e-05
8.7738037109375e-05
7.2479248046875e-05
6.4849853515625e-05
8.940696716308594e-05
8.440017700195312e-05
7.653236389160156e-05
8.7738037109375e-05
7.176399230957031e-05
0.00014090538024902344
0.00010371208190917969
9.179115295410156e-05
0.0001385211944580078
6.890296936035156e-05
6.341934204101562e-05
7.724761962890625e-05
0.00012111663818359375
7.43865966796875e-05
6.103515625e-05
0.00015783309936523438
0.00013637542724609375
2.2172927856445312e-05
7.414817810058594e-05
6.175041198730469e-05
0.00013637542724609375
0.00017452239990234375
2.9802322387695312e-05
5.984306335449219e-05
7.486343383789062e-05
0.00011920928955078125
8.368492126464844e-05
0.0001277923583984375
8.559226989746094e-05
0.00014519691467285156
7.581710815429688e-05
8.249282836914062e-05
0.00015044212341308594
4.887580871582031e-05
0.00010585784912109375
7.605552673339844e-05
3.3855438232421875e-05
2.86102294921875e-05
3.838539123535156e-05
2.6226043701171875e-05
0.0001544952392578125
8.082389831542969e-05
9.679794311523438e-05
2.5987625122070312e-05
7.343292236328125e-05
7.462501525878906e-05
8.058547973632812e-05
0.00010538101196289062
9.226799011230469e-05
0.00010228157043457031
7.462501525878906e-05
8.273124694824219e-05
6.437301635742188e-05
8.988380432128906e-05
7.843971252441406e-05
5.435943603515625e-05
6.175041198730469e-05
7.939338684082031e-05
4.8160552978515625e-05
0.0001289844512939453
6.842613220214844e-05
8.702278137207031e-05
7.700920104980469e-05
8.392333984375e-05
7.510185241699219e-05
7.867813110351562e-05
0.0001709461212158203
2.4318695068359375e-05
6.365776062011719e-05
6.818771362304688e-05
8.893013000488281e-05
5.817413330078125e-05
5.14984130859375e-05
7.581710815429688e-05
7.343292236328125e-05
9.894371032714844e-05
6.532669067382812e-05
0.00015807151794433594
0.00010418891906738281
9.560585021972656e-05
8.0108642578125e-05
0.00010037422180175781
8.940696716308594e-05
6.031990051269531e-05
9.560585021972656e-05
6.270408630371094e-05
6.318092346191406e-05
5.14984130859375e-05
0.0001709461212158203
4.9114227294921875e-05
0.00010180473327636719
7.009506225585938e-05
0.00010824203491210938
6.413459777832031e-05
7.772445678710938e-05
8.797645568847656e-05
0.00010752677917480469
0.0001266002655029297
0.00016570091247558594
3.123283386230469e-05
0.0001087188720703125
0.00013184547424316406
0.0001227855682373047
8.7738037109375e-05
0.00012063980102539062
5.269050598144531e-05
8.392333984375e-05
7.009506225585938e-05
0.00010657310485839844
6.67572021484375e-05
7.677078247070312e-05
0.0001163482666015625
0.0002181529998779297
0.00010728836059570312
0.000118255615234375
9.512901306152344e-05
8.249282836914062e-05
6.794929504394531e-05
0.0001690387725830078
0.00010466575622558594
0.00014138221740722656
8.344650268554688e-05
6.67572021484375e-05
9.250640869140625e-05
9.846687316894531e-05
8.821487426757812e-05
0.0001087188720703125
5.3882598876953125e-05
5.1021575927734375e-05
9.417533874511719e-05
0.00010442733764648438
0.00011444091796875
2.3126602172851562e-05
7.557868957519531e-05
5.078315734863281e-05
0.00013184547424316406
0.00011205673217773438
0.00013446807861328125
1.6450881958007812e-05
4.553794860839844e-05
4.553794860839844e-05
6.103515625e-05
4.4345855712890625e-05
7.963180541992188e-05
8.58306884765625e-05
7.915496826171875e-05
