9.775161743164062e-05
0.00019478797912597656
3.075599670410156e-05
9.393692016601562e-05
8.749961853027344e-05
8.58306884765625e-05
8.559226989746094e-05
7.510185241699219e-05
7.009506225585938e-05
7.867813110351562e-05
9.179115295410156e-05
8.392333984375e-05
7.700920104980469e-05
0.00013399124145507812
9.703636169433594e-05
0.0001232624053955078
4.601478576660156e-05
6.318092346191406e-05
9.512901306152344e-05
8.487701416015625e-05
5.626678466796875e-05
5.53131103515625e-05
8.058547973632812e-05
5.745887756347656e-05
5.4836273193359375e-05
6.67572021484375e-05
6.532669067382812e-05
8.058547973632812e-05
8.368492126464844e-05
7.772445678710938e-05
6.937980651855469e-05
7.557868957519531e-05
7.414817810058594e-05
7.843971252441406e-05
9.179115295410156e-05
5.91278076171875e-05
1.9788742065429688e-05
2.002716064453125e-05
2.288818359375e-05
2.4318695068359375e-05
0.00031280517578125
2.1457672119140625e-05
8.940696716308594e-05
0.00015544891357421875
5.9604644775390625e-05
0.0001277923583984375
6.031990051269531e-05
5.650520324707031e-05
0.00011968612670898438
0.00014448165893554688
2.5510787963867188e-05
8.463859558105469e-05
6.771087646484375e-05
7.43865966796875e-05
6.198883056640625e-05
6.270408630371094e-05
0.00011157989501953125
6.198883056640625e-05
6.103515625e-05
8.749961853027344e-05
7.224082946777344e-05
5.245208740234375e-05
5.3882598876953125e-05
4.792213439941406e-05
5.745887756347656e-05
0.0001049041748046875
6.246566772460938e-05
6.628036499023438e-05
5.6743621826171875e-05
6.699562072753906e-05
5.269050598144531e-05
0.00014138221740722656
4.7206878662109375e-05
7.843971252441406e-05
5.3882598876953125e-05
1.6689300537109375e-05
7.653236389160156e-05
1.3828277587890625e-05
1.33514404296875e-05
9.5367431640625e-05
5.7697296142578125e-05
6.079673767089844e-05
4.458427429199219e-05
5.5789947509765625e-05
5.340576171875e-05
5.817413330078125e-05
6.747245788574219e-05
5.936622619628906e-05
5.269050598144531e-05
4.6253204345703125e-05
7.534027099609375e-05
4.38690185546875e-05
8.630752563476562e-05
1.430511474609375e-05
7.05718994140625e-05
5.841255187988281e-05
0.0001201629638671875
7.462501525878906e-05
4.601478576660156e-05
6.127357482910156e-05
7.200241088867188e-05
4.792213439941406e-05
0.00019359588623046875
1.430511474609375e-05
0.00012636184692382812
1.3113021850585938e-05
7.510185241699219e-05
1.3828277587890625e-05
9.083747863769531e-05
9.5367431640625e-05
5.030632019042969e-05
0.00012493133544921875
5.221366882324219e-05
4.863739013671875e-05
4.673004150390625e-05
6.4849853515625e-05
4.6253204345703125e-05
4.5299530029296875e-05
5.0067901611328125e-05
6.67572021484375e-05
8.225440979003906e-05
5.0067901611328125e-05
9.751319885253906e-05
1.621246337890625e-05
6.341934204101562e-05
6.914138793945312e-05
6.556510925292969e-05
7.200241088867188e-05
5.7220458984375e-05
6.532669067382812e-05
5.173683166503906e-05
6.961822509765625e-05
6.556510925292969e-05
4.363059997558594e-05
4.887580871582031e-05
8.630752563476562e-05
7.510185241699219e-05
6.508827209472656e-05
6.079673767089844e-05
5.984306335449219e-05
0.00012993812561035156
6.389617919921875e-05
6.67572021484375e-05
0.00020074844360351562
5.6743621826171875e-05
5.173683166503906e-05
9.298324584960938e-05
8.106231689453125e-05
1.6927719116210938e-05
5.173683166503906e-05
6.628036499023438e-05
9.1552734375e-05
1.430511474609375e-05
6.747245788574219e-05
6.008148193359375e-05
6.794929504394531e-05
5.1021575927734375e-05
0.00011420249938964844
7.915496826171875e-05
2.4080276489257812e-05
1.8358230590820312e-05
8.368492126464844e-05
8.487701416015625e-05
1.9788742065429688e-05
0.00010848045349121094
7.724761962890625e-05
6.365776062011719e-05
4.9591064453125e-05
0.00010251998901367188
5.3882598876953125e-05
5.936622619628906e-05
9.679794311523438e-05
5.698204040527344e-05
7.82012939453125e-05
6.008148193359375e-05
5.793571472167969e-05
6.604194641113281e-05
5.841255187988281e-05
5.984306335449219e-05
5.7220458984375e-05
5.936622619628906e-05
5.745887756347656e-05
7.224082946777344e-05
9.822845458984375e-05
6.580352783203125e-05
5.1021575927734375e-05
8.916854858398438e-05
2.2411346435546875e-05
7.176399230957031e-05
7.62939453125e-05
6.961822509765625e-05
7.343292236328125e-05
5.8650970458984375e-05
5.054473876953125e-05
5.030632019042969e-05
7.271766662597656e-05
6.4849853515625e-05
6.079673767089844e-05
0.00010466575622558594
5.5789947509765625e-05
5.698204040527344e-05
5.626678466796875e-05
5.2928924560546875e-05
7.05718994140625e-05
5.507469177246094e-05
5.817413330078125e-05
4.57763671875e-05
7.176399230957031e-05
9.5367431640625e-05
1.7881393432617188e-05
