0.00010538101196289062
6.008148193359375e-05
0.00017404556274414062
8.511543273925781e-05
0.00010776519775390625
9.274482727050781e-05
0.00013518333435058594
9.989738464355469e-05
0.00010561943054199219
8.440017700195312e-05
0.00011706352233886719
0.00012302398681640625
8.96453857421875e-05
0.00014972686767578125
2.3603439331054688e-05
0.00011372566223144531
9.1552734375e-05
0.00019884109497070312
1.7404556274414062e-05
7.82012939453125e-05
0.00012302398681640625
0.00026607513427734375
0.00011301040649414062
0.0001652240753173828
6.580352783203125e-05
0.0001087188720703125
9.846687316894531e-05
0.00010943412780761719
7.987022399902344e-05
0.00011086463928222656
0.00013709068298339844
7.963180541992188e-05
9.465217590332031e-05
0.00011157989501953125
7.867813110351562e-05
7.748603820800781e-05
0.0001659393310546875
9.441375732421875e-05
8.58306884765625e-05
0.00010800361633300781
7.224082946777344e-05
7.82012939453125e-05
0.00013208389282226562
9.632110595703125e-05
9.417533874511719e-05
0.00012350082397460938
0.00014710426330566406
0.00010967254638671875
0.00011587142944335938
0.00010728836059570312
0.00010275840759277344
0.00012636184692382812
9.894371032714844e-05
0.00016450881958007812
7.796287536621094e-05
0.0001323223114013672
9.560585021972656e-05
0.00020599365234375
8.749961853027344e-05
7.915496826171875e-05
0.00011944770812988281
8.726119995117188e-05
8.559226989746094e-05
7.486343383789062e-05
0.00012087821960449219
7.176399230957031e-05
0.00011229515075683594
0.00010251998901367188
0.00013685226440429688
0.00015783309936523438
9.107589721679688e-05
7.224082946777344e-05
0.00016736984252929688
2.6226043701171875e-05
0.00015854835510253906
5.435943603515625e-05
0.0001652240753173828
7.557868957519531e-05
0.00014162063598632812
8.463859558105469e-05
0.0001544952392578125
2.1219253540039062e-05
7.033348083496094e-05
7.176399230957031e-05
0.00013017654418945312
9.226799011230469e-05
9.655952453613281e-05
0.00010466575622558594
9.369850158691406e-05
0.00013184547424316406
4.5299530029296875e-05
7.62939453125e-05
7.343292236328125e-05
7.772445678710938e-05
6.246566772460938e-05
0.00014853477478027344
7.772445678710938e-05
5.841255187988281e-05
4.744529724121094e-05
5.817413330078125e-05
0.00011539459228515625
5.125999450683594e-05
4.935264587402344e-05
5.4836273193359375e-05
6.0558319091796875e-05
4.982948303222656e-05
7.05718994140625e-05
5.340576171875e-05
0.00012922286987304688
5.91278076171875e-05
5.125999450683594e-05
0.00030422210693359375
0.0002200603485107422
0.0001499652862548828
2.0742416381835938e-05
9.632110595703125e-05
0.00012373924255371094
0.00013709068298339844
0.00010228157043457031
8.440017700195312e-05
6.29425048828125e-05
0.00010395050048828125
5.0067901611328125e-05
9.202957153320312e-05
9.131431579589844e-05
8.320808410644531e-05
8.940696716308594e-05
0.00014543533325195312
0.000102996826171875
6.890296936035156e-05
7.867813110351562e-05
9.036064147949219e-05
7.915496826171875e-05
0.00011491775512695312
6.961822509765625e-05
7.414817810058594e-05
0.00013828277587890625
0.00010323524475097656
8.726119995117188e-05
0.00011992454528808594
0.00014781951904296875
8.177757263183594e-05
7.176399230957031e-05
0.0002808570861816406
0.00018024444580078125
0.00019860267639160156
0.00010967254638671875
0.0001285076141357422
5.7220458984375e-05
0.0001087188720703125
0.00014352798461914062
0.0001068115234375
0.0001513957977294922
0.00014281272888183594
6.127357482910156e-05
9.799003601074219e-05
4.792213439941406e-05
9.226799011230469e-05
9.012222290039062e-05
9.131431579589844e-05
0.0001571178436279297
0.00011515617370605469
8.225440979003906e-05
0.00014281272888183594
0.00014090538024902344
9.417533874511719e-05
9.250640869140625e-05
9.799003601074219e-05
9.870529174804688e-05
0.00014281272888183594
6.0558319091796875e-05
0.00020241737365722656
0.0001087188720703125
8.130073547363281e-05
0.0001480579376220703
7.343292236328125e-05
9.083747863769531e-05
6.079673767089844e-05
0.0001418590545654297
0.00014901161193847656
1.7642974853515625e-05
1.4543533325195312e-05
1.52587890625e-05
7.2479248046875e-05
9.298324584960938e-05
0.00011754035949707031
8.678436279296875e-05
8.702278137207031e-05
9.322166442871094e-05
0.000156402587890625
0.00010776519775390625
8.463859558105469e-05
9.202957153320312e-05
