326	id-00000	3	3	4	7	1703.0	1703.0	1703.2	1703.5	1710.0	9.266	COMPLETED
326	id-00001	7	4	4	2	1704.0	1704.0	1704.6	1704.8722	1706.0	64.865	COMPLETED
326	id-00002	4	7	9	6	1704.0	1704.0	1705.35	1705.8451	1710.0	83.398	COMPLETED
326	id-00003	3	2	8	3	1704.0	1704.0	1705.2	1705.6808	1707.0	55.598	COMPLETED
326	id-00004	9	11	4	6	1706.0	1706.0	1706.4	1706.5163	1712.0	55.598	COMPLETED
326	id-00005	9	15	1	1	1706.0	1706.0	1706.1	1707.0	1707.0	13.9	EXPIRED
326	id-00006	10	6	8	4	1708.0	1708.0	1708.4	1708.5625	1712.0	61.776	COMPLETED
326	id-00007	6	11	2	1	1709.0	1709.0	1709.1	1710.0	1710.0	9.266	EXPIRED
326	id-00008	10	3	9	3	1714.0	1714.0	1714.45	1714.6147	1717.0	69.498	COMPLETED
326	id-00009	1	2	2	4	1718.0	1718.0	1718.1	1718.2723	1722.0	1.544	COMPLETED
326	id-00010	1	2	5	1	1719.0	1719.0	1719.25	1720.0	1720.0	3.861	EXPIRED
326	id-00011	8	15	6	4	1722.0	1722.0	1722.3	1722.6172	1726.0	37.066	COMPLETED
326	id-00012	4	2	5	1	1728.0	1728.0	1728.5	1729.0	1729.0	30.888	EXPIRED
326	id-00013	7	3	5	7	1728.0	1728.0	1728.5	1728.881	1735.0	54.054	COMPLETED
326	id-00014	1	2	9	1	1729.0	1729.0	1729.45	1730.0	1730.0	6.95	EXPIRED
326	id-00015	2	2	2	2	1730.0	1730.0	1730.1	1730.4474	1732.0	3.089	COMPLETED
326	id-00016	9	6	1	1	1731.0	1731.0	1731.1	1732.0	1732.0	13.9	EXPIRED
326	id-00017	5	5	3	4	1731.0	1731.0	1731.3	1731.4437	1735.0	23.166	COMPLETED
326	id-00018	7	7	8	7	1732.0	1732.0	1732.4	1732.7239	1739.0	43.243	COMPLETED
326	id-00019	10	14	2	4	1736.0	1736.0	1736.19	1736.385	1740.0	29.344	COMPLETED
326	id-00020	9	5	5	7	1736.0	1736.0	1736.48	1736.6513	1743.0	62.193	COMPLETED
326	id-00021	6	3	7	2	1736.0	1736.0	1736.33	1736.592	1738.0	27.468	COMPLETED
326	id-00022	2	3	9	2	1737.0	1737.0	1737.43	1737.5625	1739.0	9.228	COMPLETED
326	id-00023	2	3	8	2	1738.0	1738.0	1738.76	1739.0268	1740.0	23.475	COMPLETED
326	id-00024	3	6	4	6	1738.0	1738.0	1738.38	1738.7321	1744.0	14.024	COMPLETED
326	id-00025	7	7	10	4	1739.0	1739.0	1739.48	1739.8698	1743.0	47.366	COMPLETED
326	id-00026	2	4	10	3	1739.0	1739.0	1740.43	1740.6057	1742.0	44.17	COMPLETED
326	id-00027	6	12	7	5	1739.0	1739.0	1740.0	1740.2987	1744.0	92.664	COMPLETED
326	id-00028	9	17	6	7	1739.0	1739.0	1739.86	1740.0067	1746.0	111.428	COMPLETED
326	id-00029	1	2	2	7	1740.0	1740.0	1740.44	1740.737	1747.0	6.795	COMPLETED
326	id-00030	1	2	8	3	1740.0	1740.0	1741.78	1742.0177	1743.0	27.49	COMPLETED
326	id-00031	10	19	7	3	1740.0	1740.0	1741.56	1741.922	1743.0	240.926	COMPLETED
326	id-00032	1	2	3	7	1740.0	1740.0	1740.67	1740.9389	1747.0	10.347	COMPLETED
326	id-00033	9	15	3	2	1741.0	1742.0	1742.14	1743.0	1743.0	18.14	EXPIRED
326	id-00034	3	6	8	7	1742.0	1742.0	1743.14	1743.3456	1749.0	52.818	COMPLETED
326	id-00035	2	2	2	6	1745.0	1745.0	1745.1	1745.3831	1751.0	3.089	COMPLETED
326	id-00036	7	14	4	2	1746.0	1746.0	1746.2	1746.5276	1748.0	21.622	COMPLETED
326	id-00037	9	16	5	2	1747.0	1747.0	1747.25	1747.5657	1749.0	34.749	COMPLETED
326	id-00038	5	9	4	7	1749.0	1749.0	1749.2	1749.4524	1756.0	15.444	COMPLETED
326	id-00039	5	6	5	3	1750.0	1750.0	1750.25	1750.4013	1753.0	19.305	COMPLETED
326	id-00040	6	3	8	1	1751.0	1751.0	1751.8	1752.0	1752.0	74.131	EXPIRED
326	id-00041	8	5	9	6	1751.0	1751.0	1751.9	1752.1852	1757.0	111.197	COMPLETED
326	id-00042	2	4	7	7	1752.0	1752.0	1752.7	1753.1579	1759.0	21.622	COMPLETED
326	id-00043	1	2	8	4	1752.0	1752.0	1752.8	1753.189	1756.0	12.355	COMPLETED
326	id-00044	5	5	5	7	1754.0	1754.0	1754.5	1754.8107	1761.0	38.61	COMPLETED
326	id-00045	8	10	10	1	1754.0	1754.0	1755.0	1755.0	1755.0	123.552	EXPIRED
326	id-00046	5	5	7	1	1755.0	1755.0	1755.35	1756.0	1756.0	27.027	EXPIRED
326	id-00047	2	2	6	5	1756.0	1756.0	1756.6	1756.8589	1761.0	18.533	COMPLETED
326	id-00048	7	10	7	5	1756.0	1756.0	1756.7	1757.1963	1761.0	75.676	COMPLETED
326	id-00049	5	5	4	2	1757.0	1757.0	1757.4	1757.7225	1759.0	30.888	COMPLETED
326	id-00050	9	5	8	3	1757.0	1757.0	1757.8	1757.9738	1760.0	111.197	COMPLETED
326	id-00051	6	8	5	1	1758.0	1758.0	1758.5	1759.0	1759.0	46.332	EXPIRED
326	id-00052	5	3	6	4	1758.0	1758.0	1758.6	1758.8443	1762.0	46.332	COMPLETED
326	id-00053	5	10	3	4	1759.0	1759.0	1759.45	1759.8141	1763.0	34.749	COMPLETED
326	id-00054	9	3	8	5	1759.0	1759.0	1760.2	1760.6157	1764.0	166.795	COMPLETED
326	id-00055	6	4	2	6	1759.0	1759.0	1759.3	1759.669	1765.0	27.799	COMPLETED
326	id-00056	1	2	8	3	1760.0	1760.0	1760.73	1761.018	1763.0	11.274	COMPLETED
326	id-00057	5	6	3	7	1761.0	1761.0	1761.27	1761.4398	1768.0	20.849	COMPLETED
326	id-00058	6	3	4	3	1761.0	1761.0	1761.36	1761.4671	1764.0	26.571	COMPLETED
326	id-00059	7	10	2	4	1761.0	1761.0	1761.18	1761.6157	1765.0	19.459	COMPLETED
326	id-00060	4	6	8	5	1762.0	1762.0	1762.73	1763.1891	1767.0	45.096	COMPLETED
326	id-00061	4	3	2	6	1763.0	1763.0	1763.36	1763.8471	1769.0	22.239	COMPLETED
326	id-00062	6	3	1	4	1763.0	1763.0	1763.09	1763.3489	1767.0	8.34	COMPLETED
326	id-00063	10	5	1	1	1763.0	1763.0	1763.09	1764.0	1764.0	12.203	EXPIRED
326	id-00064	3	6	7	2	1763.0	1763.0	1764.27	1765.0	1765.0	58.842	EXPIRED
326	id-00065	2	2	3	6	1764.0	1764.0	1764.38	1764.4916	1770.0	11.737	COMPLETED
326	id-00066	5	9	9	1	1765.0	1765.0	1765.9	1766.0	1766.0	69.498	EXPIRED
326	id-00067	2	2	5	4	1765.0	1765.0	1765.5	1765.6694	1769.0	15.444	COMPLETED
326	id-00068	10	19	10	2	1767.0	1767.0	1767.5	1767.6045	1769.0	77.22	COMPLETED
326	id-00069	8	10	3	2	1768.0	1768.0	1768.45	1768.7229	1770.0	55.598	COMPLETED
326	id-00070	4	2	4	3	1768.0	1768.0	1768.6	1769.0774	1771.0	37.066	COMPLETED
326	id-00071	4	3	7	5	1768.0	1768.0	1769.05	1769.4221	1773.0	64.865	COMPLETED
326	id-00072	9	11	5	4	1770.0	1770.0	1770.25	1770.4512	1774.0	34.749	COMPLETED
326	id-00073	1	2	9	7	1771.0	1771.0	1771.9	1772.2464	1778.0	13.9	COMPLETED
326	id-00074	4	3	1	7	1771.0	1771.0	1771.1	1771.4994	1778.0	6.178	COMPLETED
326	id-00075	1	2	2	4	1773.0	1773.0	1773.1	1773.4567	1777.0	1.544	COMPLETED
326	id-00076	10	7	9	2	1775.0	1775.0	1775.45	1775.7353	1777.0	69.498	COMPLETED
326	id-00077	9	7	5	1	1777.0	1777.0	1777.25	1778.0	1778.0	34.749	EXPIRED
326	id-00078	4	7	10	5	1778.0	1778.0	1779.5	1779.9952	1783.0	92.664	COMPLETED
326	id-00079	10	20	5	4	1778.0	1778.0	1778.75	1778.9705	1782.0	115.83	COMPLETED
326	id-00080	5	4	9	4	1778.0	1778.0	1778.86	1779.3473	1782.0	66.409	COMPLETED
326	id-00081	3	2	4	7	1778.0	1778.0	1778.38	1778.7029	1785.0	14.024	COMPLETED
326	id-00082	4	7	7	7	1778.0	1778.0	1779.05	1779.524	1785.0	64.865	COMPLETED
326	id-00083	10	5	10	2	1782.0	1782.0	1783.0	1783.3877	1784.0	154.44	COMPLETED
326	id-00084	9	3	10	5	1782.0	1782.0	1783.0	1783.2272	1787.0	138.996	COMPLETED
326	id-00085	8	14	7	5	1783.0	1783.0	1783.35	1783.6996	1788.0	43.243	COMPLETED
326	id-00086	2	2	3	2	1784.0	1784.0	1784.3	1784.7445	1786.0	9.266	COMPLETED
326	id-00087	5	8	10	5	1784.0	1784.0	1785.0	1785.1962	1789.0	77.22	COMPLETED
326	id-00088	8	9	5	5	1785.0	1785.0	1785.25	1785.6226	1790.0	30.888	COMPLETED
326	id-00089	4	5	9	5	1786.0	1786.0	1786.45	1786.6503	1791.0	27.799	COMPLETED
326	id-00090	6	6	6	3	1788.0	1788.0	1788.9	1789.2136	1791.0	83.398	COMPLETED
326	id-00091	1	2	2	6	1788.0	1788.0	1788.3	1788.7883	1794.0	4.633	COMPLETED
326	id-00092	3	3	2	3	1788.0	1788.0	1788.3	1788.4653	1791.0	13.9	COMPLETED
326	id-00093	6	11	2	4	1789.0	1789.0	1789.1	1789.4281	1793.0	9.266	COMPLETED
326	id-00094	6	9	6	7	1790.0	1790.0	1790.3	1790.7115	1797.0	27.799	COMPLETED
326	id-00095	5	2	8	7	1791.0	1791.0	1792.2	1792.482	1798.0	92.664	COMPLETED
326	id-00096	3	4	9	1	1791.0	1791.0	1792.35	1792.0	1792.0	62.548	EXPIRED
326	id-00097	8	9	4	7	1791.0	1791.0	1791.6	1792.0768	1798.0	74.131	COMPLETED
326	id-00098	10	11	1	2	1792.0	1792.0	1792.08	1792.4045	1794.0	12.355	COMPLETED
326	id-00099	5	3	7	1	1792.0	1792.0	1792.35	1793.0	1793.0	27.027	EXPIRED
326	id-00100	4	6	4	5	1794.0	1794.0	1794.33	1794.6351	1799.0	20.386	COMPLETED
326	id-00101	4	6	8	4	1796.0	1796.0	1796.4	1796.8737	1800.0	24.71	COMPLETED
326	id-00102	5	8	5	7	1797.0	1797.0	1797.25	1797.4623	1804.0	19.305	COMPLETED
326	id-00103	5	3	7	7	1798.0	1798.0	1798.7	1798.9079	1805.0	54.054	COMPLETED
326	id-00104	7	13	7	6	1798.0	1798.0	1798.7	1798.8711	1804.0	75.676	COMPLETED
326	id-00105	6	5	5	6	1799.0	1799.0	1799.5	1799.7697	1805.0	46.332	COMPLETED
326	id-00106	8	3	9	7	1799.0	1799.0	1799.9	1800.3759	1806.0	111.197	COMPLETED
326	id-00107	9	2	1	2	1799.0	1799.0	1799.1	1799.5506	1801.0	13.9	COMPLETED
326	id-00108	9	11	9	6	1799.0	1799.0	1799.9	1800.0299	1805.0	125.096	COMPLETED
326	id-00109	7	4	7	3	1800.0	1800.0	1800.35	1800.6556	1803.0	37.838	COMPLETED
326	id-00110	9	12	9	1	1802.0	1802.0	1802.45	1803.0	1803.0	62.548	EXPIRED
326	id-00111	4	4	5	1	1804.0	1804.0	1804.25	1805.0	1805.0	15.444	EXPIRED
326	id-00112	8	8	5	7	1805.0	1805.0	1805.25	1805.4993	1812.0	30.888	COMPLETED
326	id-00113	10	13	10	5	1807.0	1807.0	1807.5	1807.7833	1812.0	77.22	COMPLETED
326	id-00114	2	2	5	6	1809.0	1809.0	1810.25	1810.5531	1815.0	38.61	COMPLETED
326	id-00115	1	2	4	1	1809.0	1809.0	1810.0	1810.0	1810.0	15.444	EXPIRED
326	id-00116	6	8	9	6	1809.0	1809.0	1811.25	1811.4156	1815.0	208.494	COMPLETED
326	id-00117	4	8	8	2	1809.0	1809.0	1811.0	1811.0	1811.0	123.552	EXPIRED
326	id-00118	6	6	3	4	1809.0	1809.0	1809.75	1810.0485	1813.0	69.498	COMPLETED
326	id-00119	8	6	3	3	1810.0	1810.0	1810.38	1810.7556	1813.0	46.95	COMPLETED
326	id-00120	8	5	2	5	1813.0	1813.0	1813.1	1813.2882	1818.0	11.412	COMPLETED
326	id-00121	2	2	5	5	1813.0	1813.0	1814.25	1814.4256	1818.0	38.61	COMPLETED
326	id-00122	5	4	5	5	1813.0	1813.0	1814.25	1814.4318	1818.0	96.525	COMPLETED
326	id-00123	4	8	3	7	1814.0	1815.0	1815.3	1815.6877	1821.0	18.533	COMPLETED
326	id-00124	7	8	10	3	1814.0	1815.0	1816.0	1816.4714	1817.0	108.108	COMPLETED
326	id-00125	4	3	1	2	1816.0	1816.0	1816.15	1816.6397	1818.0	9.266	COMPLETED
326	id-00126	8	12	8	5	1816.0	1816.0	1817.2	1817.5471	1821.0	148.262	COMPLETED
326	id-00127	1	2	1	3	1816.0	1816.0	1816.15	1816.4911	1819.0	2.317	COMPLETED
326	id-00128	6	12	9	2	1820.0	1820.0	1820.9	1821.2086	1822.0	83.398	COMPLETED
326	id-00129	4	2	3	1	1820.0	1820.0	1820.3	1821.0	1821.0	18.533	EXPIRED
326	id-00130	10	5	3	3	1822.0	1822.0	1822.15	1822.5135	1825.0	23.166	COMPLETED
326	id-00131	7	10	4	7	1823.0	1823.0	1823.4	1823.6646	1830.0	43.243	COMPLETED
326	id-00132	9	7	1	7	1823.0	1823.0	1823.1	1823.2855	1830.0	13.9	COMPLETED
326	id-00133	3	6	7	2	1824.0	1824.0	1824.35	1824.7207	1826.0	16.216	COMPLETED
326	id-00134	10	8	1	7	1826.0	1826.0	1826.05	1826.5127	1833.0	7.722	COMPLETED
326	id-00135	2	4	4	5	1828.0	1828.0	1828.2	1828.3005	1833.0	6.178	COMPLETED
326	id-00136	9	7	9	7	1829.0	1829.0	1829.9	1830.348	1836.0	125.096	COMPLETED
326	id-00137	10	20	10	2	1829.0	1829.0	1830.0	1830.1365	1831.0	154.44	COMPLETED
326	id-00138	2	4	9	4	1833.0	1833.0	1833.9	1834.0507	1837.0	27.799	COMPLETED
326	id-00139	2	4	10	6	1833.0	1833.0	1834.0	1834.4261	1839.0	30.888	COMPLETED
326	id-00140	1	2	4	5	1834.0	1834.0	1834.2	1834.4217	1839.0	3.089	COMPLETED
326	id-00141	1	2	8	3	1835.0	1835.0	1835.4	1835.6297	1838.0	6.178	COMPLETED
326	id-00142	10	11	2	4	1836.0	1836.0	1836.1	1836.2858	1840.0	15.444	COMPLETED
326	id-00143	10	5	5	6	1838.0	1838.0	1838.75	1839.2062	1844.0	115.83	COMPLETED
326	id-00144	2	3	2	3	1838.0	1838.0	1838.3	1838.7643	1841.0	9.266	COMPLETED
326	id-00145	3	2	5	5	1838.0	1838.0	1838.75	1839.1734	1843.0	34.749	COMPLETED
326	id-00146	9	4	3	4	1839.0	1839.0	1839.15	1839.5408	1843.0	20.849	COMPLETED
326	id-00147	6	12	9	5	1840.0	1840.0	1841.35	1841.5482	1845.0	125.096	COMPLETED
326	id-00148	6	12	7	2	1840.0	1840.0	1841.05	1842.0	1842.0	97.297	EXPIRED
326	id-00149	8	13	9	6	1840.0	1840.0	1841.35	1841.7605	1846.0	166.795	COMPLETED
326	id-00150	5	5	8	1	1840.0	1840.0	1840.38	1841.0	1841.0	25.761	EXPIRED
326	id-00151	10	15	10	7	1843.0	1843.0	1844.0	1844.1851	1850.0	154.44	COMPLETED
326	id-00152	1	2	4	3	1843.0	1843.0	1843.4	1843.6884	1846.0	6.178	COMPLETED
326	id-00153	9	16	5	2	1844.0	1844.0	1844.5	1844.7609	1846.0	69.498	COMPLETED
326	id-00154	7	5	8	3	1844.0	1844.0	1844.8	1845.099	1847.0	86.486	COMPLETED
326	id-00155	6	9	1	7	1846.0	1846.0	1846.15	1846.2909	1853.0	13.9	COMPLETED
326	id-00156	2	3	8	4	1846.0	1846.0	1847.2	1847.6976	1850.0	37.066	COMPLETED
326	id-00157	1	2	9	6	1846.0	1846.0	1847.35	1847.8126	1852.0	20.849	COMPLETED
326	id-00158	9	10	4	4	1847.0	1847.0	1847.47	1847.9409	1851.0	65.328	COMPLETED
326	id-00159	8	15	7	1	1847.0	1847.0	1847.82	1848.0	1848.0	101.313	EXPIRED
326	id-00160	8	12	3	7	1848.0	1848.0	1848.18	1848.3679	1855.0	22.239	COMPLETED
326	id-00161	8	6	9	7	1849.0	1849.0	1850.06	1850.4262	1856.0	130.965	COMPLETED
326	id-00162	4	6	3	4	1849.0	1849.0	1849.35	1849.6029	1853.0	21.622	COMPLETED
326	id-00163	3	6	2	6	1850.0	1850.0	1850.33	1850.7048	1856.0	15.29	COMPLETED
326	id-00164	9	13	7	1	1850.0	1850.0	1851.17	1851.0	1851.0	162.625	EXPIRED
326	id-00165	1	2	8	4	1850.0	1850.0	1850.4	1850.5431	1854.0	6.178	COMPLETED
326	id-00166	10	16	10	5	1852.0	1852.0	1852.83	1853.1654	1857.0	128.185	COMPLETED
326	id-00167	9	8	2	6	1853.0	1853.0	1853.33	1853.6416	1859.0	45.869	COMPLETED
326	id-00168	4	4	3	7	1853.0	1853.0	1853.45	1853.8504	1860.0	27.799	COMPLETED
326	id-00169	2	2	3	6	1853.0	1853.0	1853.45	1853.8163	1859.0	13.9	COMPLETED
326	id-00170	3	4	9	6	1853.0	1853.0	1854.5	1854.6076	1859.0	69.498	COMPLETED
326	id-00171	8	5	5	2	1853.0	1853.0	1853.75	1854.0484	1855.0	92.664	COMPLETED
326	id-00172	6	3	1	5	1855.0	1855.0	1855.2	1855.332	1860.0	18.533	COMPLETED
326	id-00173	6	10	10	3	1855.0	1855.0	1857.0	1857.4732	1858.0	185.328	COMPLETED
326	id-00174	2	3	7	4	1855.0	1855.0	1856.4	1856.7147	1859.0	43.243	COMPLETED
326	id-00175	3	4	6	3	1855.0	1855.0	1856.2	1856.3727	1858.0	55.598	COMPLETED
326	id-00176	10	20	5	4	1858.0	1858.0	1858.75	1858.871	1862.0	115.83	COMPLETED
326	id-00177	6	12	3	2	1858.0	1858.0	1858.45	1858.86	1860.0	41.699	COMPLETED
326	id-00178	1	2	4	5	1858.0	1858.0	1858.6	1858.8351	1863.0	9.266	COMPLETED
326	id-00179	7	5	2	4	1860.0	1860.0	1860.1	1860.2655	1864.0	10.811	COMPLETED
326	id-00180	8	11	6	2	1861.0	1861.0	1861.9	1862.0838	1863.0	111.197	COMPLETED
326	id-00181	9	14	5	5	1861.0	1861.0	1861.75	1861.9954	1866.0	104.247	COMPLETED
326	id-00182	3	5	5	1	1861.0	1861.0	1861.75	1862.0	1862.0	34.749	EXPIRED
326	id-00183	6	9	4	1	1863.0	1863.0	1863.2	1864.0	1864.0	18.533	EXPIRED
326	id-00184	7	12	7	5	1865.0	1865.0	1865.7	1866.0725	1870.0	75.676	COMPLETED
326	id-00185	6	2	2	3	1865.0	1865.0	1865.2	1865.4847	1868.0	18.533	COMPLETED
326	id-00186	5	9	8	5	1867.0	1867.0	1867.4	1867.5324	1872.0	30.888	COMPLETED
326	id-00187	6	11	7	3	1868.0	1868.0	1868.35	1868.7635	1871.0	32.432	COMPLETED
326	id-00188	6	4	4	6	1869.0	1869.0	1869.2	1869.5239	1875.0	18.533	COMPLETED
326	id-00189	1	2	8	5	1870.0	1870.0	1870.8	1870.9572	1875.0	12.355	COMPLETED
326	id-00190	6	7	6	1	1870.0	1870.0	1870.6	1871.0	1871.0	55.598	EXPIRED
326	id-00191	7	7	4	2	1871.0	1871.0	1871.2	1871.3127	1873.0	21.622	COMPLETED
326	id-00192	10	14	8	5	1872.0	1872.0	1872.4	1872.5517	1877.0	61.776	COMPLETED
326	id-00193	6	12	7	2	1874.0	1874.0	1874.35	1874.767	1876.0	32.432	COMPLETED
326	id-00194	4	8	10	3	1875.0	1875.0	1875.5	1875.6694	1878.0	30.888	COMPLETED
326	id-00195	10	17	6	1	1878.0	1878.0	1878.6	1879.0	1879.0	92.664	EXPIRED
326	id-00196	4	5	1	7	1878.0	1878.0	1878.1	1878.2727	1885.0	6.178	COMPLETED
326	id-00197	6	2	7	3	1879.0	1879.0	1879.35	1879.5219	1882.0	32.432	COMPLETED
326	id-00198	1	2	9	3	1882.0	1882.0	1882.41	1882.8916	1885.0	2.467	COMPLETED
326	id-00199	8	15	3	4	1882.0	1882.0	1882.45	1882.7813	1886.0	55.598	COMPLETED
326	id-00200	6	4	3	7	1882.0	1882.0	1882.45	1882.8875	1889.0	41.699	COMPLETED
326	id-00201	6	6	9	3	1882.0	1882.0	1883.35	1883.5552	1885.0	125.096	COMPLETED
326	id-00202	7	10	4	1	1884.0	1884.0	1884.2	1885.0	1885.0	21.622	EXPIRED
326	id-00203	10	18	10	7	1885.0	1885.0	1885.5	1885.9505	1892.0	77.22	COMPLETED
326	id-00204	6	2	5	5	1886.0	1886.0	1886.25	1886.5921	1891.0	23.166	COMPLETED
326	id-00205	10	19	5	2	1887.0	1887.0	1887.5	1887.7875	1889.0	77.22	COMPLETED
326	id-00206	5	8	2	5	1887.0	1887.0	1887.2	1887.5293	1892.0	15.444	COMPLETED
326	id-00207	6	7	10	2	1889.0	1889.0	1889.5	1889.8901	1891.0	46.332	COMPLETED
326	id-00208	4	4	3	2	1891.0	1891.0	1891.15	1891.315	1893.0	9.266	COMPLETED
326	id-00209	5	6	4	5	1893.0	1893.0	1893.2	1893.5451	1898.0	15.444	COMPLETED
326	id-00210	4	7	7	2	1894.0	1894.0	1894.7	1895.1896	1896.0	43.243	COMPLETED
326	id-00211	5	9	9	7	1894.0	1894.0	1894.9	1895.387	1901.0	69.498	COMPLETED
326	id-00212	4	3	2	5	1895.0	1895.0	1895.1	1895.3602	1900.0	6.178	COMPLETED
326	id-00213	9	17	7	3	1896.0	1896.0	1896.35	1896.8285	1899.0	48.649	COMPLETED
326	id-00214	3	6	6	7	1898.0	1898.0	1898.3	1898.6936	1905.0	13.9	COMPLETED
326	id-00215	10	2	1	3	1900.0	1900.0	1900.1	1900.4956	1903.0	15.444	COMPLETED
326	id-00216	4	7	2	4	1900.0	1900.0	1900.2	1900.5599	1904.0	12.355	COMPLETED
326	id-00217	7	3	6	2	1901.0	1901.0	1901.6	1901.9032	1903.0	64.865	COMPLETED
326	id-00218	7	4	2	7	1901.0	1901.0	1901.2	1901.3976	1908.0	21.622	COMPLETED
326	id-00219	8	2	2	6	1901.0	1901.0	1901.08	1901.2922	1907.0	6.867	COMPLETED
326	id-00220	9	15	1	2	1903.0	1903.0	1903.05	1903.2759	1905.0	6.95	COMPLETED
326	id-00221	8	16	1	5	1904.0	1904.0	1904.05	1904.4601	1909.0	6.178	COMPLETED
326	id-00222	8	9	4	5	1905.0	1905.0	1905.2	1905.5532	1910.0	24.71	COMPLETED
326	id-00223	4	6	10	3	1908.0	1908.0	1909.5	1909.9792	1911.0	92.664	COMPLETED
326	id-00224	4	6	9	7	1908.0	1908.0	1909.35	1909.7978	1915.0	83.398	COMPLETED
326	id-00225	7	13	8	5	1908.0	1908.0	1909.2	1909.4714	1913.0	129.73	COMPLETED
326	id-00226	7	12	3	6	1910.0	1910.0	1910.15	1910.4903	1916.0	16.216	COMPLETED
326	id-00227	3	6	7	5	1911.0	1911.0	1911.7	1911.9011	1916.0	32.432	COMPLETED
326	id-00228	6	2	6	1	1911.0	1911.0	1911.6	1912.0	1912.0	55.598	EXPIRED
326	id-00229	1	2	2	5	1913.0	1913.0	1913.3	1913.622	1918.0	4.633	COMPLETED
326	id-00230	6	4	7	5	1913.0	1913.0	1914.05	1914.2873	1918.0	97.297	COMPLETED
326	id-00231	2	2	1	3	1913.0	1913.0	1913.15	1913.5985	1916.0	4.633	COMPLETED
326	id-00232	8	10	4	6	1918.0	1918.0	1918.2	1918.6218	1924.0	24.71	COMPLETED
326	id-00233	3	4	10	5	1919.0	1919.0	1919.5	1919.9204	1924.0	23.166	COMPLETED
326	id-00234	9	8	2	4	1920.0	1920.0	1920.2	1920.4754	1924.0	27.799	COMPLETED
326	id-00235	2	4	2	7	1920.0	1920.0	1920.2	1920.526	1927.0	6.178	COMPLETED
326	id-00236	4	7	10	7	1921.0	1921.0	1922.5	1922.748	1928.0	92.664	COMPLETED
326	id-00237	6	10	4	3	1921.0	1921.0	1921.6	1921.7893	1924.0	55.598	COMPLETED
326	id-00238	1	2	2	3	1921.0	1921.0	1921.3	1921.6415	1924.0	4.633	COMPLETED
326	id-00239	2	3	10	2	1923.0	1923.0	1923.5	1923.9309	1925.0	15.444	COMPLETED
326	id-00240	6	7	7	1	1924.0	1924.0	1924.35	1925.0	1925.0	32.432	EXPIRED
326	id-00241	10	4	2	3	1926.0	1926.0	1926.09	1926.3145	1929.0	11.354	COMPLETED
326	id-00242	7	11	8	5	1926.0	1926.0	1926.8	1927.095	1931.0	86.486	COMPLETED
326	id-00243	5	6	7	2	1926.0	1926.0	1926.7	1927.0207	1928.0	54.054	COMPLETED
326	id-00244	5	5	10	7	1928.0	1928.0	1929.0	1929.3399	1935.0	77.22	COMPLETED
326	id-00245	7	6	10	5	1928.0	1928.0	1929.0	1929.2174	1933.0	108.108	COMPLETED
326	id-00246	4	8	7	4	1930.0	1930.0	1930.35	1930.7128	1934.0	21.622	COMPLETED
326	id-00247	10	10	10	4	1931.0	1931.0	1932.0	1932.2812	1935.0	154.44	COMPLETED
326	id-00248	6	3	3	2	1931.0	1931.0	1931.3	1931.6758	1933.0	27.799	COMPLETED
326	id-00249	2	3	10	4	1932.0	1932.0	1932.5	1932.6861	1936.0	15.444	COMPLETED
326	id-00250	10	15	4	3	1933.0	1933.0	1933.4	1933.788	1936.0	61.776	COMPLETED
326	id-00251	10	20	6	2	1933.0	1933.0	1933.6	1933.8236	1935.0	92.664	COMPLETED
326	id-00252	7	6	4	7	1933.0	1933.0	1933.18	1933.3256	1940.0	16.065	COMPLETED
326	id-00253	4	4	7	5	1934.0	1934.0	1935.05	1935.4611	1939.0	64.865	COMPLETED
326	id-00254	8	16	8	6	1934.0	1934.0	1935.2	1935.4927	1940.0	148.262	COMPLETED
326	id-00255	3	5	9	5	1934.0	1934.0	1935.35	1935.7083	1939.0	62.548	COMPLETED
326	id-00256	6	8	9	1	1935.0	None	None	1936.0	1936.0	None	EXPIRED
326	id-00257	5	3	6	3	1937.0	1937.0	1938.2	1938.5286	1940.0	92.664	COMPLETED
326	id-00258	5	4	9	4	1938.0	1940.0	1942.25	1942.0	1942.0	173.745	EXPIRED
326	id-00259	3	4	2	7	1938.0	1940.0	1940.5	1940.6534	1945.0	23.166	COMPLETED
326	id-00260	1	2	10	6	1939.0	1940.0	1942.5	1942.6201	1945.0	38.61	COMPLETED
326	id-00261	1	2	1	5	1940.0	1940.0	1940.25	1940.4037	1945.0	3.861	COMPLETED
326	id-00262	4	5	1	6	1940.0	1940.0	1940.25	1940.4769	1946.0	15.444	COMPLETED
326	id-00263	3	6	2	5	1942.0	1942.0	1942.29	1942.5871	1947.0	13.436	COMPLETED
326	id-00264	9	17	3	3	1942.0	1942.0	1942.43	1942.5673	1945.0	59.768	COMPLETED
326	id-00265	1	2	6	1	1943.0	1943.0	1943.86	1944.0	1944.0	13.282	EXPIRED
326	id-00266	6	10	8	2	1943.0	1943.0	1944.14	1945.0	1945.0	105.637	EXPIRED
326	id-00267	9	14	4	7	1944.0	1945.0	1945.4	1945.7652	1951.0	55.598	COMPLETED
326	id-00268	6	12	5	2	1945.0	1945.0	1945.48	1945.9379	1947.0	44.479	COMPLETED
326	id-00269	9	13	5	1	1945.0	1945.0	1945.5	1946.0	1946.0	69.498	EXPIRED
326	id-00270	7	8	6	1	1945.0	1945.0	1945.57	1946.0	1946.0	56.248	EXPIRED
326	id-00271	2	4	10	1	1947.0	1947.0	1947.5	1948.0	1948.0	15.444	EXPIRED
326	id-00272	8	3	1	1	1948.0	1948.0	1948.1	1949.0	1949.0	12.355	EXPIRED
326	id-00273	4	7	7	4	1948.0	1948.0	1948.7	1948.9326	1952.0	43.243	COMPLETED
326	id-00274	7	11	7	6	1949.0	1949.0	1949.7	1950.0482	1955.0	75.676	COMPLETED
326	id-00275	10	14	10	3	1949.0	1949.0	1950.0	1950.3717	1952.0	154.44	COMPLETED
326	id-00276	5	6	10	7	1949.0	1949.0	1949.48	1949.948	1956.0	32.54	COMPLETED
326	id-00277	9	7	3	2	1950.0	1950.0	1950.15	1950.4056	1952.0	20.849	COMPLETED
326	id-00278	8	10	1	3	1952.0	1952.0	1952.05	1952.2122	1955.0	6.178	COMPLETED
326	id-00279	5	10	1	7	1953.0	1953.0	1953.05	1953.5329	1960.0	3.861	COMPLETED
326	id-00280	10	9	1	1	1954.0	1954.0	1954.05	1955.0	1955.0	7.722	EXPIRED
326	id-00281	9	10	9	5	1956.0	1956.0	1956.45	1956.8328	1961.0	62.548	COMPLETED
326	id-00282	4	6	2	2	1957.0	1957.0	1957.1	1957.4047	1959.0	6.178	COMPLETED
326	id-00283	5	7	8	6	1958.0	1958.0	1958.4	1958.7527	1964.0	30.888	COMPLETED
326	id-00284	6	9	7	4	1959.0	1959.0	1959.35	1959.7672	1963.0	32.432	COMPLETED
326	id-00285	6	2	7	3	1961.0	1961.0	1961.35	1961.8441	1964.0	32.432	COMPLETED
326	id-00286	8	10	8	6	1962.0	1962.0	1962.4	1962.6841	1968.0	49.421	COMPLETED
326	id-00287	2	2	10	6	1963.0	1963.0	1964.0	1964.4881	1969.0	30.888	COMPLETED
326	id-00288	9	16	8	1	1963.0	1963.0	1963.8	1964.0	1964.0	111.197	EXPIRED
326	id-00289	5	2	7	1	1964.0	1964.0	1964.7	1965.0	1965.0	54.054	EXPIRED
326	id-00290	9	18	1	1	1964.0	1964.0	1964.1	1965.0	1965.0	13.9	EXPIRED
326	id-00291	4	6	8	1	1965.0	1965.0	1965.4	1966.0	1966.0	24.71	EXPIRED
326	id-00292	10	15	6	1	1966.0	1966.0	1966.3	1967.0	1967.0	46.332	EXPIRED
326	id-00293	3	3	6	2	1967.0	1967.0	1967.9	1968.1832	1969.0	41.699	COMPLETED
326	id-00294	5	2	7	7	1967.0	1967.0	1968.05	1968.2951	1974.0	81.081	COMPLETED
326	id-00295	4	7	4	3	1967.0	1967.0	1967.6	1967.9025	1970.0	37.066	COMPLETED
326	id-00296	6	12	9	4	1969.0	1969.0	1969.45	1969.8739	1973.0	41.699	COMPLETED
326	id-00297	5	2	7	6	1970.0	1970.0	1970.7	1970.8329	1976.0	54.054	COMPLETED
326	id-00298	4	5	8	7	1970.0	1970.0	1970.8	1970.9973	1977.0	49.421	COMPLETED
326	id-00299	9	17	8	1	1971.0	1971.0	1971.8	1972.0	1972.0	111.197	EXPIRED
326	id-00300	10	16	8	2	1971.0	1971.0	1971.8	1972.1244	1973.0	123.552	COMPLETED
326	id-00301	9	10	5	2	1972.0	1972.0	1972.5	1972.9321	1974.0	69.498	COMPLETED
326	id-00302	5	7	9	5	1972.0	1972.0	1972.9	1973.2933	1977.0	69.498	COMPLETED
326	id-00303	1	2	5	7	1977.0	1977.0	1977.25	1977.7252	1984.0	3.861	COMPLETED
326	id-00304	9	17	7	7	1978.0	1978.0	1978.35	1978.7433	1985.0	48.649	COMPLETED
326	id-00305	10	5	2	3	1979.0	1979.0	1979.1	1979.2619	1982.0	15.444	COMPLETED
326	id-00306	8	15	3	2	1980.0	1980.0	1980.3	1980.7617	1982.0	37.066	COMPLETED
326	id-00307	6	8	8	7	1980.0	1980.0	1980.8	1980.9678	1987.0	74.131	COMPLETED
326	id-00308	7	6	9	6	1981.0	1981.0	1981.9	1982.2978	1987.0	97.297	COMPLETED
326	id-00309	3	4	8	5	1981.0	1981.0	1981.8	1982.2348	1986.0	37.066	COMPLETED
326	id-00310	10	3	4	5	1982.0	1982.0	1982.4	1982.5497	1987.0	61.776	COMPLETED
326	id-00311	10	19	5	6	1982.0	1982.0	1982.5	1982.9977	1988.0	77.22	COMPLETED
326	id-00312	9	17	10	1	1983.0	1983.0	1983.5	1984.0	1984.0	69.498	EXPIRED
326	id-00313	6	4	7	2	1984.0	1984.0	1984.35	1984.4552	1986.0	32.432	COMPLETED
326	id-00314	3	2	8	7	1985.0	1985.0	1985.4	1985.7455	1992.0	18.533	COMPLETED
326	id-00315	1	2	8	4	1987.0	1987.0	1987.4	1987.7325	1991.0	6.178	COMPLETED
326	id-00316	9	2	6	3	1989.0	1989.0	1989.3	1989.7639	1992.0	41.699	COMPLETED
326	id-00317	3	5	10	6	1993.0	1993.0	1993.95	1994.093	1999.0	44.015	COMPLETED
326	id-00318	4	8	3	4	1993.0	1993.0	1993.29	1993.4686	1997.0	15.181	COMPLETED
326	id-00319	3	4	9	6	1995.0	1995.0	1995.45	1995.8362	2001.0	20.849	COMPLETED
326	id-00320	6	2	5	2	1997.0	1997.0	1997.25	1997.436	1999.0	23.166	COMPLETED
326	id-00321	10	12	2	4	1998.0	1998.0	1998.1	1998.5375	2002.0	15.444	COMPLETED
326	id-00322	2	4	3	5	1999.0	1999.0	1999.45	1999.8574	2004.0	13.9	COMPLETED
326	id-00323	5	7	4	3	1999.0	1999.0	1999.6	1999.9563	2002.0	46.332	COMPLETED
326	id-00324	2	3	9	3	1999.0	1999.0	2000.35	2000.6217	2002.0	41.699	COMPLETED
326	id-00325	3	3	2	6	2000.0	2000.0	2000.11	2000.2948	2006.0	5.097	COMPLETED
