9.942054748535156e-05
6.0558319091796875e-05
8.273124694824219e-05
2.6941299438476562e-05
6.103515625e-05
5.888938903808594e-05
6.842613220214844e-05
7.462501525878906e-05
7.271766662597656e-05
0.00013780593872070312
7.414817810058594e-05
6.198883056640625e-05
7.772445678710938e-05
8.368492126464844e-05
0.00010323524475097656
6.29425048828125e-05
6.079673767089844e-05
9.298324584960938e-05
2.0742416381835938e-05
8.630752563476562e-05
6.318092346191406e-05
0.00011014938354492188
2.6226043701171875e-05
2.2411346435546875e-05
0.00011134147644042969
6.365776062011719e-05
7.557868957519531e-05
0.00010037422180175781
0.00012159347534179688
7.534027099609375e-05
8.296966552734375e-05
7.891654968261719e-05
7.605552673339844e-05
7.796287536621094e-05
0.00018715858459472656
8.392333984375e-05
9.250640869140625e-05
8.630752563476562e-05
8.20159912109375e-05
7.748603820800781e-05
6.031990051269531e-05
5.435943603515625e-05
7.581710815429688e-05
6.365776062011719e-05
5.340576171875e-05
9.584426879882812e-05
6.651878356933594e-05
7.724761962890625e-05
9.441375732421875e-05
8.511543273925781e-05
8.273124694824219e-05
8.130073547363281e-05
0.00015735626220703125
8.678436279296875e-05
0.00010967254638671875
2.4080276489257812e-05
8.869171142578125e-05
0.0001373291015625
7.104873657226562e-05
9.012222290039062e-05
2.5033950805664062e-05
8.058547973632812e-05
7.176399230957031e-05
7.724761962890625e-05
7.414817810058594e-05
0.00010371208190917969
0.00010180473327636719
0.0001552104949951172
7.796287536621094e-05
6.67572021484375e-05
7.414817810058594e-05
8.130073547363281e-05
8.726119995117188e-05
4.792213439941406e-05
5.817413330078125e-05
8.511543273925781e-05
1.8835067749023438e-05
9.775161743164062e-05
5.6743621826171875e-05
9.584426879882812e-05
7.772445678710938e-05
4.744529724121094e-05
5.793571472167969e-05
7.510185241699219e-05
1.430511474609375e-05
6.127357482910156e-05
6.508827209472656e-05
5.7697296142578125e-05
5.435943603515625e-05
4.982948303222656e-05
5.364418029785156e-05
4.458427429199219e-05
0.00013303756713867188
4.7206878662109375e-05
5.173683166503906e-05
4.649162292480469e-05
6.890296936035156e-05
4.76837158203125e-05
7.009506225585938e-05
1.4781951904296875e-05
1.621246337890625e-05
6.437301635742188e-05
5.3882598876953125e-05
5.9604644775390625e-05
0.0001251697540283203
5.459785461425781e-05
4.410743713378906e-05
8.821487426757812e-05
6.818771362304688e-05
0.00014829635620117188
0.0001766681671142578
6.031990051269531e-05
8.249282836914062e-05
8.20159912109375e-05
5.626678466796875e-05
0.0001316070556640625
1.5735626220703125e-05
9.608268737792969e-05
8.0108642578125e-05
1.52587890625e-05
8.988380432128906e-05
0.00014472007751464844
8.153915405273438e-05
6.079673767089844e-05
8.702278137207031e-05
6.413459777832031e-05
8.678436279296875e-05
5.9604644775390625e-05
0.00014209747314453125
6.771087646484375e-05
7.152557373046875e-05
7.390975952148438e-05
0.00011873245239257812
6.937980651855469e-05
6.961822509765625e-05
8.58306884765625e-05
9.322166442871094e-05
8.106231689453125e-05
8.416175842285156e-05
7.462501525878906e-05
6.0558319091796875e-05
7.557868957519531e-05
5.125999450683594e-05
8.392333984375e-05
6.937980651855469e-05
7.43865966796875e-05
6.556510925292969e-05
4.9591064453125e-05
0.00013446807861328125
6.699562072753906e-05
6.198883056640625e-05
6.890296936035156e-05
1.621246337890625e-05
6.985664367675781e-05
6.246566772460938e-05
6.0558319091796875e-05
7.009506225585938e-05
5.8650970458984375e-05
7.367134094238281e-05
6.628036499023438e-05
5.459785461425781e-05
4.57763671875e-05
6.031990051269531e-05
9.179115295410156e-05
6.222724914550781e-05
0.00010967254638671875
8.320808410644531e-05
6.437301635742188e-05
6.0558319091796875e-05
8.96453857421875e-05
0.00011420249938964844
7.510185241699219e-05
9.512901306152344e-05
6.222724914550781e-05
0.00011086463928222656
0.00011420249938964844
0.00010061264038085938
0.00012302398681640625
3.123283386230469e-05
8.749961853027344e-05
0.0001251697540283203
3.457069396972656e-05
4.0531158447265625e-05
0.00018978118896484375
7.2479248046875e-05
0.0001220703125
0.0001366138458251953
7.796287536621094e-05
0.000102996826171875
0.00015044212341308594
6.246566772460938e-05
8.344650268554688e-05
8.893013000488281e-05
0.00013899803161621094
7.414817810058594e-05
9.751319885253906e-05
7.295608520507812e-05
