311	id-00000	10	20	7	1	1704.0	1704.0	1705.05	1705.0	1705.0	162.162	EXPIRED
311	id-00001	3	4	4	1	1704.0	1704.0	1704.6	1705.0	1705.0	27.799	EXPIRED
311	id-00002	3	4	7	1	1704.0	1704.0	1705.05	1705.0	1705.0	48.649	EXPIRED
311	id-00003	7	9	2	1	1705.0	1705.0	1705.29	1706.0	1706.0	31.351	EXPIRED
311	id-00004	8	14	5	1	1706.0	1706.0	1706.23	1707.0	1707.0	24.08	EXPIRED
311	id-00005	5	6	5	1	1706.0	1706.0	1706.71	1707.0	1707.0	54.826	EXPIRED
311	id-00006	7	14	9	1	1707.0	1707.0	1708.29	1708.0	1708.0	139.459	EXPIRED
311	id-00007	7	10	8	1	1708.0	None	None	1709.0	1709.0	None	EXPIRED
311	id-00008	8	7	8	1	1709.0	None	None	1710.0	1710.0	None	EXPIRED
311	id-00009	6	8	2	1	1710.0	1710.0	1710.2	1711.0	1711.0	18.533	EXPIRED
311	id-00010	3	4	7	1	1710.0	1710.0	1710.7	1711.0	1711.0	32.432	EXPIRED
311	id-00011	4	6	4	1	1711.0	1711.0	1711.4	1712.0	1712.0	24.71	EXPIRED
311	id-00012	7	3	6	1	1711.0	1711.0	1711.6	1712.0	1712.0	64.865	EXPIRED
311	id-00013	6	4	1	1	1712.0	1712.0	1712.05	1713.0	1713.0	4.633	EXPIRED
311	id-00014	3	5	7	1	1713.0	1713.0	1713.7	1714.0	1714.0	32.432	EXPIRED
311	id-00015	6	3	2	1	1713.0	1713.0	1713.2	1714.0	1714.0	18.533	EXPIRED
311	id-00016	6	12	6	1	1717.0	1717.0	1717.6	1718.0	1718.0	55.598	EXPIRED
311	id-00017	7	7	8	1	1717.0	1717.0	1717.8	1718.0	1718.0	86.486	EXPIRED
311	id-00018	10	10	1	1	1718.0	1718.0	1718.05	1719.0	1719.0	7.722	EXPIRED
311	id-00019	2	2	6	1	1719.0	1719.0	1719.3	1720.0	1720.0	9.266	EXPIRED
311	id-00020	5	6	7	1	1720.0	1720.0	1720.35	1721.0	1721.0	27.027	EXPIRED
311	id-00021	6	7	6	1	1721.0	1721.0	1721.3	1722.0	1722.0	27.799	EXPIRED
311	id-00022	7	14	6	1	1724.0	1724.0	1724.3	1725.0	1725.0	32.432	EXPIRED
311	id-00023	9	13	8	1	1726.0	1726.0	1726.4	1727.0	1727.0	55.598	EXPIRED
311	id-00024	6	4	4	1	1727.0	1727.0	1727.6	1728.0	1728.0	55.598	EXPIRED
311	id-00025	3	3	4	1	1727.0	1727.0	1727.6	1728.0	1728.0	27.799	EXPIRED
311	id-00026	7	6	2	1	1727.0	1727.0	1727.3	1728.0	1728.0	32.432	EXPIRED
311	id-00027	5	6	5	1	1728.0	1728.0	1728.25	1729.0	1729.0	19.305	EXPIRED
311	id-00028	2	4	8	1	1729.0	1729.0	1729.4	1730.0	1730.0	12.355	EXPIRED
311	id-00029	8	16	2	1	1730.0	1730.0	1730.1	1731.0	1731.0	12.355	EXPIRED
311	id-00030	2	3	7	1	1732.0	1732.0	1732.35	1733.0	1733.0	10.811	EXPIRED
311	id-00031	8	2	10	1	1734.0	1734.0	1734.5	1735.0	1735.0	61.776	EXPIRED
311	id-00032	5	5	10	1	1735.0	1735.0	1735.95	1736.0	1736.0	73.359	EXPIRED
311	id-00033	9	8	10	1	1735.0	1735.0	1735.95	1736.0	1736.0	123.09	EXPIRED
311	id-00034	2	2	4	1	1736.0	1736.0	1736.19	1737.0	1737.0	4.077	EXPIRED
311	id-00035	9	12	10	1	1737.0	1737.0	1737.48	1738.0	1738.0	62.193	EXPIRED
311	id-00036	2	2	8	1	1739.0	1739.0	1739.38	1740.0	1740.0	8.155	EXPIRED
311	id-00037	1	2	7	1	1740.0	1740.0	1740.35	1741.0	1741.0	5.405	EXPIRED
311	id-00038	6	3	1	1	1741.0	1741.0	1741.15	1742.0	1742.0	13.9	EXPIRED
311	id-00039	5	4	4	1	1741.0	1741.0	1741.6	1742.0	1742.0	46.332	EXPIRED
311	id-00040	9	16	6	1	1741.0	1741.0	1741.9	1742.0	1742.0	125.096	EXPIRED
311	id-00041	9	5	8	1	1741.0	1741.0	1741.38	1742.0	1742.0	49.236	EXPIRED
311	id-00042	4	7	5	1	1744.0	1744.0	1744.25	1745.0	1745.0	15.444	EXPIRED
311	id-00043	2	3	6	1	1746.0	1746.0	1746.3	1747.0	1747.0	9.266	EXPIRED
311	id-00044	6	5	9	1	1747.0	1747.0	1748.35	1748.0	1748.0	125.096	EXPIRED
311	id-00045	1	2	6	1	1747.0	1747.0	1747.9	1748.0	1748.0	13.9	EXPIRED
311	id-00046	4	2	3	1	1747.0	1747.0	1747.45	1748.0	1748.0	27.799	EXPIRED
311	id-00047	3	6	8	1	1749.0	1749.0	1749.4	1750.0	1750.0	18.533	EXPIRED
311	id-00048	10	4	6	1	1750.0	1750.0	1750.6	1751.0	1751.0	92.664	EXPIRED
311	id-00049	10	10	8	1	1750.0	1750.0	1750.8	1751.0	1751.0	123.552	EXPIRED
311	id-00050	3	2	4	1	1751.0	1751.0	1751.2	1752.0	1752.0	9.266	EXPIRED
311	id-00051	2	4	7	1	1752.0	1752.0	1753.05	1753.0	1753.0	32.432	EXPIRED
311	id-00052	5	3	10	1	1752.0	1752.0	1753.5	1753.0	1753.0	115.83	EXPIRED
311	id-00053	8	10	6	1	1752.0	1752.0	1752.9	1753.0	1753.0	111.197	EXPIRED
311	id-00054	9	7	5	1	1753.0	1753.0	1753.77	1754.0	1754.0	107.027	EXPIRED
311	id-00055	4	4	6	1	1753.0	1753.0	1753.92	1754.0	1754.0	56.834	EXPIRED
311	id-00056	7	5	2	1	1753.0	1753.0	1753.1	1754.0	1754.0	9.868	EXPIRED
311	id-00057	9	5	8	1	1755.0	1755.0	1755.4	1756.0	1756.0	55.598	EXPIRED
311	id-00058	9	9	4	1	1757.0	1757.0	1757.4	1758.0	1758.0	55.598	EXPIRED
311	id-00059	8	6	4	1	1757.0	1757.0	1757.4	1758.0	1758.0	49.421	EXPIRED
311	id-00060	2	4	6	1	1758.0	1758.0	1758.3	1759.0	1759.0	9.266	EXPIRED
311	id-00061	9	5	2	1	1759.0	1759.0	1759.1	1760.0	1760.0	13.9	EXPIRED
311	id-00062	3	6	4	1	1760.0	1760.0	1760.2	1761.0	1761.0	9.266	EXPIRED
311	id-00063	5	8	6	1	1761.0	1761.0	1761.3	1762.0	1762.0	23.166	EXPIRED
311	id-00064	4	8	4	1	1763.0	1763.0	1763.4	1764.0	1764.0	24.71	EXPIRED
311	id-00065	5	8	4	1	1763.0	1763.0	1763.4	1764.0	1764.0	30.888	EXPIRED
311	id-00066	4	3	1	1	1765.0	1765.0	1765.05	1766.0	1766.0	3.089	EXPIRED
311	id-00067	8	9	8	1	1766.0	1766.0	1766.8	1767.0	1767.0	98.842	EXPIRED
311	id-00068	7	4	6	1	1766.0	1766.0	1766.6	1767.0	1767.0	64.865	EXPIRED
311	id-00069	3	4	2	1	1768.0	1768.0	1768.2	1769.0	1769.0	9.266	EXPIRED
311	id-00070	8	16	4	1	1768.0	1768.0	1768.4	1769.0	1769.0	49.421	EXPIRED
311	id-00071	3	5	10	1	1770.0	1770.0	1771.0	1771.0	1771.0	46.332	EXPIRED
311	id-00072	8	5	2	1	1770.0	1770.0	1770.2	1771.0	1771.0	24.71	EXPIRED
311	id-00073	5	7	3	1	1771.0	1771.0	1771.15	1772.0	1772.0	11.583	EXPIRED
311	id-00074	3	6	6	1	1772.0	1772.0	1772.3	1773.0	1773.0	13.9	EXPIRED
311	id-00075	6	11	7	1	1774.0	1774.0	1774.7	1775.0	1775.0	64.865	EXPIRED
311	id-00076	3	5	7	1	1774.0	1774.0	1774.7	1775.0	1775.0	32.432	EXPIRED
311	id-00077	1	2	3	1	1775.0	1775.0	1775.3	1776.0	1776.0	4.633	EXPIRED
311	id-00078	3	6	6	1	1775.0	1775.0	1775.6	1776.0	1776.0	27.799	EXPIRED
311	id-00079	6	2	8	1	1776.0	1776.0	1776.8	1777.0	1777.0	74.131	EXPIRED
311	id-00080	8	15	1	1	1776.0	1776.0	1776.1	1777.0	1777.0	12.355	EXPIRED
311	id-00081	7	2	7	1	1776.0	1776.0	1776.33	1777.0	1777.0	32.564	EXPIRED
311	id-00082	5	4	5	1	1779.0	1779.0	1779.25	1780.0	1780.0	19.305	EXPIRED
311	id-00083	2	2	8	1	1780.0	1780.0	1780.4	1781.0	1781.0	12.355	EXPIRED
311	id-00084	3	5	9	1	1781.0	1781.0	1781.9	1782.0	1782.0	41.699	EXPIRED
311	id-00085	4	7	5	1	1781.0	1781.0	1781.5	1782.0	1782.0	30.888	EXPIRED
311	id-00086	5	3	9	1	1782.0	1782.0	1782.45	1783.0	1783.0	34.749	EXPIRED
311	id-00087	6	11	2	1	1783.0	1783.0	1783.2	1784.0	1784.0	18.533	EXPIRED
311	id-00088	9	3	8	1	1783.0	1783.0	1783.8	1784.0	1784.0	111.197	EXPIRED
311	id-00089	7	14	1	1	1784.0	1784.0	1784.05	1785.0	1785.0	5.405	EXPIRED
311	id-00090	7	12	4	1	1785.0	1785.0	1785.2	1786.0	1786.0	21.622	EXPIRED
311	id-00091	1	2	8	1	1786.0	1786.0	1787.2	1787.0	1787.0	18.533	EXPIRED
311	id-00092	7	9	10	1	1786.0	1786.0	1787.5	1787.0	1787.0	162.162	EXPIRED
311	id-00093	3	2	3	1	1786.0	1786.0	1786.45	1787.0	1787.0	20.849	EXPIRED
311	id-00094	9	14	2	1	1789.0	1789.0	1789.2	1790.0	1790.0	27.799	EXPIRED
311	id-00095	6	11	6	1	1789.0	1789.0	1789.6	1790.0	1790.0	55.598	EXPIRED
311	id-00096	8	12	3	1	1790.0	1790.0	1790.15	1791.0	1791.0	18.533	EXPIRED
311	id-00097	6	11	3	1	1793.0	1793.0	1793.45	1794.0	1794.0	41.699	EXPIRED
311	id-00098	5	3	7	1	1793.0	1793.0	1794.05	1794.0	1794.0	81.081	EXPIRED
311	id-00099	3	5	9	1	1793.0	1793.0	1794.35	1794.0	1794.0	62.548	EXPIRED
311	id-00100	8	10	7	1	1794.0	1794.0	1794.58	1795.0	1795.0	71.66	EXPIRED
311	id-00101	7	6	3	1	1795.0	1795.0	1795.15	1796.0	1796.0	16.216	EXPIRED
311	id-00102	2	4	6	1	1796.0	1796.0	1796.3	1797.0	1797.0	9.266	EXPIRED
311	id-00103	1	2	3	1	1797.0	1797.0	1797.15	1798.0	1798.0	2.317	EXPIRED
311	id-00104	9	16	7	1	1798.0	1798.0	1798.35	1799.0	1799.0	48.649	EXPIRED
311	id-00105	4	7	10	1	1799.0	1799.0	1799.5	1800.0	1800.0	30.888	EXPIRED
311	id-00106	6	4	3	1	1801.0	1801.0	1801.3	1802.0	1802.0	27.799	EXPIRED
311	id-00107	7	6	4	1	1801.0	1801.0	1801.4	1802.0	1802.0	43.243	EXPIRED
311	id-00108	7	9	3	1	1803.0	1803.0	1803.15	1804.0	1804.0	16.216	EXPIRED
311	id-00109	9	8	6	1	1804.0	1804.0	1804.6	1805.0	1805.0	83.398	EXPIRED
311	id-00110	5	8	3	1	1804.0	1804.0	1804.3	1805.0	1805.0	23.166	EXPIRED
311	id-00111	6	11	2	1	1807.0	1807.0	1807.1	1808.0	1808.0	9.266	EXPIRED
311	id-00112	9	12	4	1	1809.0	1809.0	1809.4	1810.0	1810.0	55.598	EXPIRED
311	id-00113	7	7	3	1	1809.0	1809.0	1809.3	1810.0	1810.0	32.432	EXPIRED
311	id-00114	10	14	5	1	1811.0	1811.0	1811.25	1812.0	1812.0	38.61	EXPIRED
311	id-00115	6	6	10	1	1812.0	1812.0	1812.5	1813.0	1813.0	46.332	EXPIRED
311	id-00116	7	5	9	1	1815.0	1815.0	1815.9	1816.0	1816.0	97.297	EXPIRED
311	id-00117	4	8	10	1	1815.0	1815.0	1816.0	1816.0	1816.0	61.776	EXPIRED
311	id-00118	4	4	4	1	1816.0	1816.0	1816.19	1817.0	1817.0	9.946	EXPIRED
311	id-00119	8	9	4	1	1816.0	1816.0	1816.6	1817.0	1817.0	74.131	EXPIRED
311	id-00120	9	5	7	1	1816.0	1816.0	1817.05	1817.0	1817.0	145.946	EXPIRED
311	id-00121	1	2	3	1	1816.0	1816.0	1816.45	1817.0	1817.0	6.95	EXPIRED
311	id-00122	9	2	7	1	1817.0	1817.0	1817.67	1818.0	1818.0	93.127	EXPIRED
311	id-00123	5	10	5	1	1817.0	1817.0	1817.91	1818.0	1818.0	70.27	EXPIRED
311	id-00124	6	9	9	1	1817.0	1817.0	1818.64	1818.0	1818.0	151.969	EXPIRED
311	id-00125	2	2	9	1	1817.0	1817.0	1817.86	1818.0	1818.0	18.456	EXPIRED
311	id-00126	2	3	7	1	1818.0	1818.0	1819.4	1819.0	1819.0	43.243	EXPIRED
311	id-00127	4	3	3	1	1818.0	1818.0	1818.29	1819.0	1819.0	17.915	EXPIRED
311	id-00128	9	2	3	1	1818.0	1818.0	1818.29	1819.0	1819.0	37.575	EXPIRED
311	id-00129	5	10	10	1	1819.0	1819.0	1819.48	1820.0	1820.0	32.54	EXPIRED
311	id-00130	1	2	5	1	1819.0	1819.0	1820.67	1820.0	1820.0	25.791	EXPIRED
311	id-00131	2	2	8	1	1820.0	1820.0	1820.42	1821.0	1821.0	12.973	EXPIRED
311	id-00132	2	4	8	1	1821.0	1821.0	1821.84	1822.0	1822.0	25.946	EXPIRED
311	id-00133	2	4	9	1	1821.0	1821.0	1821.95	1822.0	1822.0	29.344	EXPIRED
311	id-00134	5	2	1	1	1822.0	1822.0	1822.05	1823.0	1823.0	3.861	EXPIRED
311	id-00135	3	5	6	1	1824.0	1824.0	1824.95	1825.0	1825.0	44.015	EXPIRED
311	id-00136	10	6	4	1	1824.0	1824.0	1824.63	1825.0	1825.0	97.297	EXPIRED
311	id-00137	6	6	10	1	1824.0	1824.0	1825.58	1825.0	1825.0	146.409	EXPIRED
311	id-00138	3	4	6	1	1826.0	1826.0	1826.3	1827.0	1827.0	13.9	EXPIRED
311	id-00139	8	3	10	1	1827.0	1827.0	1828.0	1828.0	1828.0	123.552	EXPIRED
311	id-00140	2	2	4	1	1827.0	1827.0	1827.6	1828.0	1828.0	18.533	EXPIRED
311	id-00141	8	6	5	1	1827.0	1827.0	1827.75	1828.0	1828.0	92.664	EXPIRED
311	id-00142	7	6	1	1	1827.0	1827.0	1827.1	1828.0	1828.0	10.811	EXPIRED
311	id-00143	9	13	6	1	1827.0	1827.0	1827.9	1828.0	1828.0	125.096	EXPIRED
311	id-00144	4	4	10	1	1828.0	1828.0	1828.5	1829.0	1829.0	30.888	EXPIRED
311	id-00145	6	8	7	1	1830.0	1830.0	1831.05	1831.0	1831.0	97.297	EXPIRED
311	id-00146	3	3	1	1	1830.0	1830.0	1830.15	1831.0	1831.0	6.95	EXPIRED
311	id-00147	7	5	8	1	1830.0	1830.0	1831.2	1831.0	1831.0	129.73	EXPIRED
311	id-00148	6	2	8	1	1834.0	1834.0	1834.4	1835.0	1835.0	37.066	EXPIRED
311	id-00149	5	8	9	1	1836.0	1836.0	1836.45	1837.0	1837.0	34.749	EXPIRED
311	id-00150	3	5	7	1	1837.0	1837.0	1837.35	1838.0	1838.0	16.216	EXPIRED
311	id-00151	5	6	4	1	1838.0	1838.0	1838.2	1839.0	1839.0	15.444	EXPIRED
311	id-00152	8	3	6	1	1839.0	1839.0	1839.6	1840.0	1840.0	74.131	EXPIRED
311	id-00153	7	8	3	1	1839.0	1839.0	1839.3	1840.0	1840.0	32.432	EXPIRED
311	id-00154	3	2	6	1	1840.0	1840.0	1840.9	1841.0	1841.0	41.699	EXPIRED
311	id-00155	5	8	5	1	1840.0	1840.0	1840.75	1841.0	1841.0	57.915	EXPIRED
311	id-00156	5	4	6	1	1840.0	1840.0	1840.9	1841.0	1841.0	69.498	EXPIRED
311	id-00157	2	2	5	1	1841.0	1841.0	1841.75	1842.0	1842.0	23.166	EXPIRED
311	id-00158	7	3	1	1	1841.0	1841.0	1841.15	1842.0	1842.0	16.216	EXPIRED
311	id-00159	10	19	4	1	1841.0	1841.0	1841.6	1842.0	1842.0	92.664	EXPIRED
311	id-00160	8	10	1	1	1843.0	1843.0	1843.05	1844.0	1844.0	6.178	EXPIRED
311	id-00161	4	2	5	1	1844.0	1844.0	1844.25	1845.0	1845.0	15.444	EXPIRED
311	id-00162	2	3	7	1	1845.0	1845.0	1845.35	1846.0	1846.0	10.811	EXPIRED
311	id-00163	4	7	1	1	1846.0	1846.0	1846.1	1847.0	1847.0	6.178	EXPIRED
311	id-00164	8	10	7	1	1846.0	1846.0	1846.7	1847.0	1847.0	86.486	EXPIRED
311	id-00165	2	2	1	1	1847.0	1847.0	1847.05	1848.0	1848.0	1.544	EXPIRED
311	id-00166	1	2	8	1	1850.0	1850.0	1851.6	1851.0	1851.0	24.71	EXPIRED
311	id-00167	9	5	5	1	1850.0	1850.0	1851.0	1851.0	1851.0	138.996	EXPIRED
311	id-00168	4	6	9	1	1850.0	1850.0	1851.8	1851.0	1851.0	111.197	EXPIRED
311	id-00169	1	2	4	1	1850.0	1850.0	1850.8	1851.0	1851.0	12.355	EXPIRED
311	id-00170	5	6	9	1	1853.0	1853.0	1853.45	1854.0	1854.0	34.749	EXPIRED
311	id-00171	10	13	6	1	1853.0	1853.0	1853.6	1854.0	1854.0	92.664	EXPIRED
311	id-00172	7	13	5	1	1853.0	1853.0	1853.5	1854.0	1854.0	54.054	EXPIRED
311	id-00173	3	3	2	1	1855.0	1855.0	1855.1	1856.0	1856.0	4.633	EXPIRED
311	id-00174	3	3	8	1	1857.0	1857.0	1857.4	1858.0	1858.0	18.533	EXPIRED
311	id-00175	9	17	7	1	1858.0	1858.0	1858.35	1859.0	1859.0	48.649	EXPIRED
311	id-00176	3	4	9	1	1859.0	1859.0	1859.45	1860.0	1860.0	20.849	EXPIRED
311	id-00177	3	4	4	1	1860.0	1860.0	1860.8	1861.0	1861.0	37.066	EXPIRED
311	id-00178	2	4	10	1	1860.0	1860.0	1862.0	1861.0	1861.0	61.776	EXPIRED
311	id-00179	2	2	8	1	1860.0	1860.0	1861.6	1861.0	1861.0	49.421	EXPIRED
311	id-00180	8	4	3	1	1860.0	1860.0	1860.6	1861.0	1861.0	74.131	EXPIRED
311	id-00181	10	13	5	1	1862.0	1862.0	1862.25	1863.0	1863.0	38.61	EXPIRED
311	id-00182	7	3	5	1	1863.0	1863.0	1863.5	1864.0	1864.0	54.054	EXPIRED
311	id-00183	3	5	10	1	1863.0	1863.0	1864.0	1864.0	1864.0	46.332	EXPIRED
311	id-00184	3	4	6	1	1865.0	1865.0	1865.3	1866.0	1866.0	13.9	EXPIRED
311	id-00185	3	4	10	1	1867.0	1867.0	1867.5	1868.0	1868.0	23.166	EXPIRED
311	id-00186	6	9	4	1	1868.0	1868.0	1868.4	1869.0	1869.0	37.066	EXPIRED
311	id-00187	8	4	7	1	1868.0	1868.0	1868.7	1869.0	1869.0	86.486	EXPIRED
311	id-00188	6	11	6	1	1869.0	1869.0	1869.6	1870.0	1870.0	55.598	EXPIRED
311	id-00189	1	2	6	1	1869.0	1869.0	1869.6	1870.0	1870.0	9.266	EXPIRED
311	id-00190	3	3	4	1	1870.0	1870.0	1870.8	1871.0	1871.0	37.066	EXPIRED
311	id-00191	4	4	10	1	1870.0	1870.0	1872.0	1871.0	1871.0	123.552	EXPIRED
311	id-00192	1	2	10	1	1870.0	1870.0	1872.0	1871.0	1871.0	30.888	EXPIRED
311	id-00193	10	10	9	1	1870.0	1870.0	1871.8	1871.0	1871.0	277.992	EXPIRED
311	id-00194	1	2	6	1	1873.0	1873.0	1873.9	1874.0	1874.0	13.9	EXPIRED
311	id-00195	3	6	6	1	1873.0	1873.0	1873.9	1874.0	1874.0	41.699	EXPIRED
311	id-00196	7	8	2	1	1873.0	1873.0	1873.3	1874.0	1874.0	32.432	EXPIRED
311	id-00197	9	16	8	1	1874.0	1874.0	1874.4	1875.0	1875.0	55.598	EXPIRED
311	id-00198	1	2	7	1	1880.0	1880.0	1880.35	1881.0	1881.0	5.405	EXPIRED
311	id-00199	2	4	5	1	1881.0	1881.0	1881.25	1882.0	1882.0	7.722	EXPIRED
311	id-00200	4	8	4	1	1883.0	1883.0	1883.2	1884.0	1884.0	12.355	EXPIRED
311	id-00201	10	5	10	1	1885.0	1885.0	1886.0	1886.0	1886.0	154.44	EXPIRED
311	id-00202	10	16	2	1	1885.0	1885.0	1885.2	1886.0	1886.0	30.888	EXPIRED
311	id-00203	8	7	1	1	1887.0	1887.0	1887.05	1888.0	1888.0	6.178	EXPIRED
311	id-00204	5	4	7	1	1888.0	1888.0	1888.35	1889.0	1889.0	27.027	EXPIRED
311	id-00205	2	3	4	1	1889.0	1889.0	1889.2	1890.0	1890.0	6.178	EXPIRED
311	id-00206	7	10	1	1	1890.0	1890.0	1890.05	1891.0	1891.0	5.405	EXPIRED
311	id-00207	4	3	5	1	1891.0	1891.0	1891.25	1892.0	1892.0	15.444	EXPIRED
311	id-00208	9	8	1	1	1894.0	1894.0	1894.05	1895.0	1895.0	6.95	EXPIRED
311	id-00209	6	12	1	1	1895.0	1895.0	1895.05	1896.0	1896.0	4.633	EXPIRED
311	id-00210	9	11	3	1	1896.0	1896.0	1896.15	1897.0	1897.0	20.849	EXPIRED
311	id-00211	1	2	9	1	1897.0	1897.0	1898.35	1898.0	1898.0	20.849	EXPIRED
311	id-00212	1	2	9	1	1897.0	1897.0	1898.35	1898.0	1898.0	20.849	EXPIRED
311	id-00213	1	2	5	1	1897.0	1897.0	1897.75	1898.0	1898.0	11.583	EXPIRED
311	id-00214	8	14	10	1	1898.0	1898.0	1898.56	1899.0	1899.0	69.189	EXPIRED
311	id-00215	9	13	10	1	1899.0	1899.0	1900.11	1900.0	1900.0	154.286	EXPIRED
311	id-00216	4	6	3	1	1899.0	1899.0	1899.33	1900.0	1900.0	20.386	EXPIRED
311	id-00217	5	4	9	1	1901.0	1901.0	1901.38	1902.0	1902.0	15.013	EXPIRED
311	id-00218	8	14	6	1	1901.0	1901.0	1901.6	1902.0	1902.0	74.131	EXPIRED
311	id-00219	10	8	7	1	1901.0	1901.0	1901.7	1902.0	1902.0	108.108	EXPIRED
311	id-00220	1	2	1	1	1904.0	1904.0	1904.05	1905.0	1905.0	0.772	EXPIRED
311	id-00221	2	4	6	1	1906.0	1906.0	1906.3	1907.0	1907.0	9.266	EXPIRED
311	id-00222	7	13	7	1	1907.0	1907.0	1907.7	1908.0	1908.0	75.676	EXPIRED
311	id-00223	7	14	1	1	1907.0	1907.0	1907.1	1908.0	1908.0	10.811	EXPIRED
311	id-00224	9	12	5	1	1909.0	1909.0	1909.25	1910.0	1910.0	34.749	EXPIRED
311	id-00225	7	9	7	1	1912.0	1912.0	1912.7	1913.0	1913.0	75.676	EXPIRED
311	id-00226	7	13	9	1	1912.0	1912.0	1912.9	1913.0	1913.0	97.297	EXPIRED
311	id-00227	8	15	10	1	1914.0	1914.0	1914.5	1915.0	1915.0	61.776	EXPIRED
311	id-00228	3	4	5	1	1915.0	1915.0	1915.5	1916.0	1916.0	23.166	EXPIRED
311	id-00229	6	11	7	1	1915.0	1915.0	1915.7	1916.0	1916.0	64.865	EXPIRED
311	id-00230	1	2	9	1	1916.0	1916.0	1916.45	1917.0	1917.0	6.95	EXPIRED
311	id-00231	7	14	5	1	1918.0	1918.0	1918.25	1919.0	1919.0	27.027	EXPIRED
311	id-00232	10	2	2	1	1919.0	1919.0	1919.2	1920.0	1920.0	30.888	EXPIRED
311	id-00233	2	2	3	1	1919.0	1919.0	1919.14	1920.0	1920.0	1.684	EXPIRED
311	id-00234	10	4	4	1	1919.0	1919.0	1919.4	1920.0	1920.0	61.776	EXPIRED
311	id-00235	5	6	10	1	1921.0	1921.0	1921.5	1922.0	1922.0	38.61	EXPIRED
311	id-00236	5	7	2	1	1923.0	1923.0	1923.1	1924.0	1924.0	7.722	EXPIRED
311	id-00237	1	2	9	1	1925.0	1925.0	1925.9	1926.0	1926.0	13.9	EXPIRED
311	id-00238	2	4	3	1	1925.0	1925.0	1925.3	1926.0	1926.0	9.266	EXPIRED
311	id-00239	8	12	1	1	1927.0	1927.0	1927.05	1928.0	1928.0	6.178	EXPIRED
311	id-00240	3	3	6	1	1928.0	1928.0	1928.6	1929.0	1929.0	27.799	EXPIRED
311	id-00241	8	7	10	1	1928.0	1928.0	1929.0	1929.0	1929.0	123.552	EXPIRED
311	id-00242	7	7	3	1	1931.0	1931.0	1931.3	1932.0	1932.0	32.432	EXPIRED
311	id-00243	10	6	6	1	1931.0	1931.0	1931.6	1932.0	1932.0	92.664	EXPIRED
311	id-00244	7	2	2	1	1931.0	1931.0	1931.09	1932.0	1932.0	8.033	EXPIRED
311	id-00245	8	5	10	1	1932.0	1932.0	1932.5	1933.0	1933.0	61.776	EXPIRED
311	id-00246	2	2	5	1	1934.0	1934.0	1934.25	1935.0	1935.0	7.722	EXPIRED
311	id-00247	2	2	1	1	1936.0	1936.0	1936.05	1937.0	1937.0	1.544	EXPIRED
311	id-00248	1	2	5	1	1937.0	1937.0	1937.5	1938.0	1938.0	7.722	EXPIRED
311	id-00249	9	6	9	1	1937.0	1937.0	1937.9	1938.0	1938.0	125.096	EXPIRED
311	id-00250	5	10	7	1	1939.0	1939.0	1939.7	1940.0	1940.0	54.054	EXPIRED
311	id-00251	3	4	3	1	1939.0	1939.0	1939.3	1940.0	1940.0	13.9	EXPIRED
311	id-00252	6	4	10	1	1940.0	1940.0	1940.5	1941.0	1941.0	46.332	EXPIRED
311	id-00253	10	11	2	1	1941.0	1941.0	1941.1	1942.0	1942.0	15.444	EXPIRED
311	id-00254	2	4	4	1	1942.0	1942.0	1942.4	1943.0	1943.0	12.355	EXPIRED
311	id-00255	5	9	7	1	1942.0	1942.0	1942.7	1943.0	1943.0	54.054	EXPIRED
311	id-00256	10	3	4	1	1943.0	1943.0	1943.19	1944.0	1944.0	27.552	EXPIRED
311	id-00257	9	4	2	1	1943.0	1943.0	1943.2	1944.0	1944.0	27.799	EXPIRED
311	id-00258	5	7	4	1	1943.0	1943.0	1943.4	1944.0	1944.0	30.888	EXPIRED
311	id-00259	4	4	5	1	1944.0	1944.0	1944.75	1945.0	1945.0	46.332	EXPIRED
311	id-00260	1	2	5	1	1944.0	1944.0	1944.75	1945.0	1945.0	11.583	EXPIRED
311	id-00261	4	6	7	1	1944.0	1944.0	1945.05	1945.0	1945.0	64.865	EXPIRED
311	id-00262	6	4	1	1	1946.0	1946.0	1946.05	1947.0	1947.0	4.633	EXPIRED
311	id-00263	6	12	1	1	1948.0	1948.0	1948.05	1949.0	1949.0	4.633	EXPIRED
311	id-00264	3	4	7	1	1950.0	1950.0	1950.7	1951.0	1951.0	32.432	EXPIRED
311	id-00265	9	12	1	1	1950.0	1950.0	1950.1	1951.0	1951.0	13.9	EXPIRED
311	id-00266	10	3	5	1	1950.0	1950.0	1950.22	1951.0	1951.0	27.754	EXPIRED
311	id-00267	7	3	1	1	1952.0	1952.0	1952.05	1953.0	1953.0	5.405	EXPIRED
311	id-00268	4	6	2	1	1953.0	1953.0	1953.2	1954.0	1954.0	12.355	EXPIRED
311	id-00269	10	3	1	1	1953.0	1953.0	1953.1	1954.0	1954.0	15.444	EXPIRED
311	id-00270	9	2	1	1	1953.0	1953.0	1953.04	1954.0	1954.0	4.428	EXPIRED
311	id-00271	4	8	7	1	1955.0	1955.0	1955.35	1956.0	1956.0	21.622	EXPIRED
311	id-00272	10	20	8	1	1956.0	1956.0	1956.4	1957.0	1957.0	61.776	EXPIRED
311	id-00273	1	2	6	1	1957.0	1957.0	1957.3	1958.0	1958.0	4.633	EXPIRED
311	id-00274	6	3	3	1	1959.0	1959.0	1959.3	1960.0	1960.0	27.799	EXPIRED
311	id-00275	6	2	5	1	1959.0	1959.0	1959.5	1960.0	1960.0	46.332	EXPIRED
311	id-00276	4	6	1	1	1961.0	1961.0	1961.05	1962.0	1962.0	3.089	EXPIRED
311	id-00277	9	3	7	1	1964.0	1964.0	1964.35	1965.0	1965.0	48.649	EXPIRED
311	id-00278	6	6	5	1	1966.0	1966.0	1966.24	1967.0	1967.0	19.977	EXPIRED
311	id-00279	8	10	2	1	1966.0	1966.0	1966.2	1967.0	1967.0	24.71	EXPIRED
311	id-00280	10	9	5	1	1966.0	1966.0	1966.5	1967.0	1967.0	77.22	EXPIRED
311	id-00281	3	6	1	1	1968.0	1968.0	1968.1	1969.0	1969.0	4.633	EXPIRED
311	id-00282	5	3	10	1	1968.0	1968.0	1969.0	1969.0	1969.0	77.22	EXPIRED
311	id-00283	5	9	7	1	1969.0	1969.0	1969.35	1970.0	1970.0	27.027	EXPIRED
311	id-00284	5	5	2	1	1970.0	1970.0	1970.1	1971.0	1971.0	7.722	EXPIRED
311	id-00285	7	9	5	1	1972.0	1972.0	1972.25	1973.0	1973.0	27.027	EXPIRED
311	id-00286	3	6	7	1	1973.0	1973.0	1973.35	1974.0	1974.0	16.216	EXPIRED
311	id-00287	6	2	9	1	1974.0	1974.0	1974.9	1975.0	1975.0	83.398	EXPIRED
311	id-00288	10	10	2	1	1974.0	1974.0	1974.2	1975.0	1975.0	30.888	EXPIRED
311	id-00289	2	3	5	1	1976.0	1976.0	1976.75	1977.0	1977.0	23.166	EXPIRED
311	id-00290	9	7	3	1	1976.0	1976.0	1976.45	1977.0	1977.0	62.548	EXPIRED
311	id-00291	3	5	4	1	1976.0	1976.0	1976.6	1977.0	1977.0	27.799	EXPIRED
311	id-00292	1	2	2	1	1978.0	1978.0	1978.2	1979.0	1979.0	3.089	EXPIRED
311	id-00293	1	2	8	1	1978.0	1978.0	1978.8	1979.0	1979.0	12.355	EXPIRED
311	id-00294	10	3	1	1	1980.0	1980.0	1980.1	1981.0	1981.0	15.444	EXPIRED
311	id-00295	2	4	7	1	1980.0	1980.0	1980.7	1981.0	1981.0	21.622	EXPIRED
311	id-00296	4	2	8	1	1981.0	1981.0	1981.4	1982.0	1982.0	24.71	EXPIRED
311	id-00297	5	2	4	1	1984.0	1984.0	1984.2	1985.0	1985.0	15.444	EXPIRED
311	id-00298	7	2	6	1	1986.0	1986.0	1986.6	1987.0	1987.0	64.865	EXPIRED
311	id-00299	4	3	5	1	1986.0	1986.0	1986.5	1987.0	1987.0	30.888	EXPIRED
311	id-00300	3	4	9	1	1987.0	1987.0	1987.9	1988.0	1988.0	41.699	EXPIRED
311	id-00301	1	2	4	1	1987.0	1987.0	1987.4	1988.0	1988.0	6.178	EXPIRED
311	id-00302	2	3	2	1	1988.0	1988.0	1988.1	1989.0	1989.0	3.089	EXPIRED
311	id-00303	9	15	8	1	1991.0	1991.0	1991.38	1992.0	1992.0	49.236	EXPIRED
311	id-00304	5	6	5	1	1992.0	1992.0	1992.24	1993.0	1993.0	16.27	EXPIRED
311	id-00305	7	7	3	1	1993.0	1993.0	1993.29	1994.0	1994.0	31.351	EXPIRED
311	id-00306	10	6	7	1	1993.0	1993.0	1993.67	1994.0	1994.0	97.158	EXPIRED
311	id-00307	7	4	10	1	1995.0	1995.0	1995.5	1996.0	1996.0	54.054	EXPIRED
311	id-00308	8	3	5	1	1997.0	1997.0	1997.25	1998.0	1998.0	30.888	EXPIRED
311	id-00309	1	2	2	1	1998.0	1998.0	1998.2	1999.0	1999.0	3.089	EXPIRED
311	id-00310	8	10	9	1	1998.0	1998.0	1998.9	1999.0	1999.0	111.197	EXPIRED
