8.392333984375e-05
6.175041198730469e-05
5.984306335449219e-05
9.393692016601562e-05
5.7220458984375e-05
1.3589859008789062e-05
0.00011348724365234375
6.628036499023438e-05
8.0108642578125e-05
0.00012063980102539062
1.7404556274414062e-05
6.389617919921875e-05
5.602836608886719e-05
0.00010848045349121094
0.00010251998901367188
2.2411346435546875e-05
9.441375732421875e-05
9.489059448242188e-05
7.295608520507812e-05
8.58306884765625e-05
0.00010800361633300781
0.00013709068298339844
8.654594421386719e-05
0.00018310546875
0.0003666877746582031
7.605552673339844e-05
0.00021839141845703125
4.649162292480469e-05
7.534027099609375e-05
0.00016069412231445312
9.322166442871094e-05
0.00016832351684570312
9.822845458984375e-05
0.00010442733764648438
0.00010824203491210938
0.00019288063049316406
6.937980651855469e-05
6.890296936035156e-05
0.0001723766326904297
9.72747802734375e-05
0.0001678466796875
7.414817810058594e-05
7.176399230957031e-05
6.866455078125e-05
6.246566772460938e-05
0.0001773834228515625
7.724761962890625e-05
9.775161743164062e-05
8.511543273925781e-05
0.00043487548828125
0.00011181831359863281
0.00010371208190917969
7.295608520507812e-05
9.393692016601562e-05
7.700920104980469e-05
0.0001418590545654297
6.365776062011719e-05
6.580352783203125e-05
0.0001246929168701172
7.295608520507812e-05
4.9591064453125e-05
4.935264587402344e-05
7.152557373046875e-05
7.915496826171875e-05
7.510185241699219e-05
0.00012087821960449219
5.5789947509765625e-05
6.365776062011719e-05
6.67572021484375e-05
6.914138793945312e-05
5.173683166503906e-05
4.8160552978515625e-05
4.8160552978515625e-05
6.365776062011719e-05
6.0558319091796875e-05
5.5789947509765625e-05
4.935264587402344e-05
6.580352783203125e-05
9.942054748535156e-05
7.653236389160156e-05
7.82012939453125e-05
5.459785461425781e-05
0.00011086463928222656
1.430511474609375e-05
5.888938903808594e-05
8.606910705566406e-05
5.14984130859375e-05
5.0067901611328125e-05
5.698204040527344e-05
4.863739013671875e-05
6.151199340820312e-05
6.914138793945312e-05
6.461143493652344e-05
4.553794860839844e-05
4.5299530029296875e-05
7.200241088867188e-05
5.125999450683594e-05
4.76837158203125e-05
5.459785461425781e-05
5.0067901611328125e-05
6.67572021484375e-05
6.413459777832031e-05
8.153915405273438e-05
2.1696090698242188e-05
6.29425048828125e-05
6.508827209472656e-05
6.508827209472656e-05
6.413459777832031e-05
5.3882598876953125e-05
4.506111145019531e-05
7.2479248046875e-05
7.319450378417969e-05
5.698204040527344e-05
5.435943603515625e-05
7.963180541992188e-05
5.817413330078125e-05
7.081031799316406e-05
8.463859558105469e-05
5.936622619628906e-05
7.343292236328125e-05
9.059906005859375e-05
0.00013446807861328125
0.00011134147644042969
0.00010442733764648438
8.106231689453125e-05
7.796287536621094e-05
5.0067901611328125e-05
8.0108642578125e-05
8.654594421386719e-05
6.4849853515625e-05
6.604194641113281e-05
7.486343383789062e-05
6.079673767089844e-05
0.00013756752014160156
0.0001499652862548828
5.0067901611328125e-05
4.982948303222656e-05
8.058547973632812e-05
5.626678466796875e-05
5.984306335449219e-05
0.00010132789611816406
0.00012612342834472656
9.226799011230469e-05
8.20159912109375e-05
8.511543273925781e-05
8.58306884765625e-05
9.489059448242188e-05
8.106231689453125e-05
9.632110595703125e-05
9.012222290039062e-05
0.00010561943054199219
0.00024890899658203125
0.0002162456512451172
0.00010013580322265625
0.00010037422180175781
8.106231689453125e-05
6.079673767089844e-05
0.00013136863708496094
0.00010204315185546875
8.702278137207031e-05
9.560585021972656e-05
0.00015163421630859375
0.00011372566223144531
6.008148193359375e-05
8.630752563476562e-05
7.390975952148438e-05
0.00011920928955078125
0.00013685226440429688
5.7220458984375e-05
0.0001533031463623047
8.535385131835938e-05
7.724761962890625e-05
8.296966552734375e-05
5.888938903808594e-05
5.91278076171875e-05
9.822845458984375e-05
0.00012564659118652344
5.626678466796875e-05
4.982948303222656e-05
6.532669067382812e-05
0.00018072128295898438
0.00020432472229003906
7.05718994140625e-05
5.125999450683594e-05
7.033348083496094e-05
5.698204040527344e-05
8.749961853027344e-05
7.486343383789062e-05
7.534027099609375e-05
5.984306335449219e-05
9.036064147949219e-05
1.5974044799804688e-05
