9.298324584960938e-05
0.00018978118896484375
0.00011396408081054688
0.00011110305786132812
5.91278076171875e-05
0.00010991096496582031
8.392333984375e-05
6.866455078125e-05
0.0001246929168701172
0.00013494491577148438
7.772445678710938e-05
7.987022399902344e-05
9.179115295410156e-05
7.534027099609375e-05
0.00012612342834472656
0.0001361370086669922
0.00010585784912109375
0.0002582073211669922
0.0001704692840576172
8.559226989746094e-05
8.273124694824219e-05
7.581710815429688e-05
9.5367431640625e-05
7.081031799316406e-05
8.058547973632812e-05
6.842613220214844e-05
7.772445678710938e-05
0.0001685619354248047
8.7738037109375e-05
6.604194641113281e-05
9.894371032714844e-05
0.00013589859008789062
0.0001125335693359375
9.655952453613281e-05
7.534027099609375e-05
0.00015306472778320312
5.745887756347656e-05
0.00017023086547851562
3.218650817871094e-05
0.00016927719116210938
0.0001068115234375
0.00011086463928222656
2.6941299438476562e-05
7.009506225585938e-05
9.489059448242188e-05
8.487701416015625e-05
8.368492126464844e-05
0.00011205673217773438
0.0003943443298339844
1.811981201171875e-05
0.00014853477478027344
0.00010323524475097656
0.00011229515075683594
8.296966552734375e-05
7.748603820800781e-05
0.00016236305236816406
4.506111145019531e-05
6.4849853515625e-05
0.00015163421630859375
0.00011348724365234375
5.936622619628906e-05
2.09808349609375e-05
4.792213439941406e-05
6.604194641113281e-05
0.00012159347534179688
0.0001811981201171875
2.8848648071289062e-05
2.6702880859375e-05
0.000118255615234375
2.6464462280273438e-05
7.724761962890625e-05
6.651878356933594e-05
5.7220458984375e-05
0.00016450881958007812
5.0067901611328125e-05
0.00016355514526367188
6.461143493652344e-05
9.012222290039062e-05
1.4781951904296875e-05
7.62939453125e-05
6.818771362304688e-05
6.413459777832031e-05
5.125999450683594e-05
9.369850158691406e-05
5.7220458984375e-05
6.794929504394531e-05
7.2479248046875e-05
5.412101745605469e-05
5.698204040527344e-05
6.771087646484375e-05
8.034706115722656e-05
4.887580871582031e-05
0.0001239776611328125
6.723403930664062e-05
5.793571472167969e-05
0.00010156631469726562
6.532669067382812e-05
5.316734313964844e-05
7.200241088867188e-05
7.176399230957031e-05
0.00012373924255371094
0.00010514259338378906
1.5497207641601562e-05
0.00013327598571777344
0.00010347366333007812
1.52587890625e-05
5.7220458984375e-05
7.295608520507812e-05
1.4066696166992188e-05
4.839897155761719e-05
7.05718994140625e-05
4.982948303222656e-05
4.9591064453125e-05
4.57763671875e-05
6.198883056640625e-05
5.078315734863281e-05
6.0558319091796875e-05
5.841255187988281e-05
5.8650970458984375e-05
9.226799011230469e-05
5.841255187988281e-05
0.0002205371856689453
1.8596649169921875e-05
6.651878356933594e-05
5.7697296142578125e-05
5.412101745605469e-05
7.295608520507812e-05
6.127357482910156e-05
7.104873657226562e-05
7.271766662597656e-05
9.584426879882812e-05
7.414817810058594e-05
6.0558319091796875e-05
7.128715515136719e-05
7.891654968261719e-05
8.559226989746094e-05
7.081031799316406e-05
6.198883056640625e-05
7.200241088867188e-05
9.083747863769531e-05
9.250640869140625e-05
7.534027099609375e-05
0.00011348724365234375
2.9802322387695312e-05
6.532669067382812e-05
8.7738037109375e-05
9.441375732421875e-05
0.00010347366333007812
7.295608520507812e-05
6.198883056640625e-05
9.012222290039062e-05
7.05718994140625e-05
6.341934204101562e-05
8.749961853027344e-05
5.316734313964844e-05
8.153915405273438e-05
0.0001628398895263672
6.246566772460938e-05
6.175041198730469e-05
7.176399230957031e-05
9.226799011230469e-05
8.153915405273438e-05
6.818771362304688e-05
6.747245788574219e-05
5.14984130859375e-05
8.606910705566406e-05
1.3828277587890625e-05
4.7206878662109375e-05
6.0558319091796875e-05
9.34600830078125e-05
6.4849853515625e-05
6.580352783203125e-05
5.817413330078125e-05
5.9604644775390625e-05
6.723403930664062e-05
6.008148193359375e-05
5.793571472167969e-05
6.0558319091796875e-05
6.818771362304688e-05
5.745887756347656e-05
7.653236389160156e-05
7.700920104980469e-05
6.961822509765625e-05
5.817413330078125e-05
0.00011801719665527344
6.318092346191406e-05
7.677078247070312e-05
6.890296936035156e-05
7.462501525878906e-05
6.246566772460938e-05
5.125999450683594e-05
5.364418029785156e-05
7.271766662597656e-05
6.556510925292969e-05
7.033348083496094e-05
5.269050598144531e-05
5.173683166503906e-05
5.650520324707031e-05
4.673004150390625e-05
5.2928924560546875e-05
8.511543273925781e-05
5.841255187988281e-05
5.0067901611328125e-05
4.792213439941406e-05
8.559226989746094e-05
5.0067901611328125e-05
