9.393692016601562e-05
0.00013780593872070312
0.0001666545867919922
0.00010919570922851562
9.512901306152344e-05
9.512901306152344e-05
8.678436279296875e-05
0.00011897087097167969
8.153915405273438e-05
0.0001201629638671875
8.821487426757812e-05
8.869171142578125e-05
8.58306884765625e-05
0.00011944770812988281
0.0001480579376220703
8.487701416015625e-05
0.00010561943054199219
0.00013589859008789062
0.0001723766326904297
8.034706115722656e-05
6.937980651855469e-05
0.000110626220703125
8.249282836914062e-05
9.083747863769531e-05
8.463859558105469e-05
8.988380432128906e-05
9.72747802734375e-05
0.00010132789611816406
9.322166442871094e-05
8.177757263183594e-05
0.00014901161193847656
8.320808410644531e-05
9.298324584960938e-05
0.00012111663818359375
9.083747863769531e-05
0.00015473365783691406
3.838539123535156e-05
0.0002448558807373047
3.170967102050781e-05
0.00012445449829101562
2.574920654296875e-05
4.76837158203125e-05
9.179115295410156e-05
5.054473876953125e-05
7.009506225585938e-05
6.079673767089844e-05
6.103515625e-05
6.628036499023438e-05
0.000164031982421875
1.7642974853515625e-05
8.249282836914062e-05
6.151199340820312e-05
8.368492126464844e-05
6.0558319091796875e-05
5.8650970458984375e-05
0.00010228157043457031
5.817413330078125e-05
5.507469177246094e-05
0.0001392364501953125
8.0108642578125e-05
8.296966552734375e-05
5.7697296142578125e-05
6.937980651855469e-05
0.00014662742614746094
0.0002040863037109375
3.266334533691406e-05
2.9087066650390625e-05
2.7179718017578125e-05
3.1948089599609375e-05
2.9087066650390625e-05
8.153915405273438e-05
5.888938903808594e-05
0.00012350082397460938
7.033348083496094e-05
0.00021648406982421875
5.1975250244140625e-05
2.86102294921875e-05
7.700920104980469e-05
3.409385681152344e-05
8.153915405273438e-05
8.654594421386719e-05
6.103515625e-05
9.083747863769531e-05
9.751319885253906e-05
8.034706115722656e-05
0.00011134147644042969
9.799003601074219e-05
5.6743621826171875e-05
6.604194641113281e-05
8.58306884765625e-05
0.00010538101196289062
2.7894973754882812e-05
0.00011515617370605469
2.2649765014648438e-05
8.344650268554688e-05
7.581710815429688e-05
0.00010657310485839844
0.00011396408081054688
6.794929504394531e-05
7.128715515136719e-05
7.677078247070312e-05
1.3828277587890625e-05
6.127357482910156e-05
0.00012993812561035156
1.3589859008789062e-05
0.0001728534698486328
0.00010728836059570312
2.47955322265625e-05
5.030632019042969e-05
0.00012230873107910156
2.0742416381835938e-05
9.179115295410156e-05
8.487701416015625e-05
0.00010442733764648438
9.298324584960938e-05
9.250640869140625e-05
0.0001404285430908203
8.678436279296875e-05
7.843971252441406e-05
6.580352783203125e-05
7.390975952148438e-05
0.00015163421630859375
5.364418029785156e-05
0.00022125244140625
6.318092346191406e-05
5.8650970458984375e-05
7.104873657226562e-05
7.271766662597656e-05
9.870529174804688e-05
7.915496826171875e-05
7.295608520507812e-05
0.00013709068298339844
7.128715515136719e-05
7.152557373046875e-05
7.128715515136719e-05
7.915496826171875e-05
0.00010275840759277344
2.09808349609375e-05
7.295608520507812e-05
0.00012254714965820312
7.367134094238281e-05
0.00017833709716796875
1.5020370483398438e-05
5.8650970458984375e-05
6.985664367675781e-05
0.0001659393310546875
0.00013065338134765625
9.846687316894531e-05
0.0001742839813232422
0.00016808509826660156
1.9550323486328125e-05
6.079673767089844e-05
5.9604644775390625e-05
0.00011348724365234375
2.6464462280273438e-05
0.0001316070556640625
0.0001049041748046875
0.0001442432403564453
9.870529174804688e-05
8.320808410644531e-05
0.00010704994201660156
7.033348083496094e-05
6.389617919921875e-05
7.510185241699219e-05
5.841255187988281e-05
7.534027099609375e-05
7.772445678710938e-05
7.343292236328125e-05
5.5789947509765625e-05
9.965896606445312e-05
5.269050598144531e-05
6.341934204101562e-05
7.891654968261719e-05
7.104873657226562e-05
7.748603820800781e-05
7.295608520507812e-05
8.416175842285156e-05
8.7738037109375e-05
9.179115295410156e-05
0.00012564659118652344
8.58306884765625e-05
8.630752563476562e-05
9.465217590332031e-05
0.00011181831359863281
0.00016498565673828125
7.581710815429688e-05
8.177757263183594e-05
0.00014257431030273438
2.5987625122070312e-05
8.082389831542969e-05
0.000110626220703125
0.00014281272888183594
9.465217590332031e-05
7.700920104980469e-05
0.00011444091796875
7.295608520507812e-05
0.0001304149627685547
0.00012946128845214844
8.726119995117188e-05
5.9604644775390625e-05
0.00010156631469726562
7.462501525878906e-05
8.296966552734375e-05
9.083747863769531e-05
0.00013518333435058594
7.843971252441406e-05
6.604194641113281e-05
7.581710815429688e-05
0.00010728836059570312
8.749961853027344e-05
