0.0001366138458251953
6.794929504394531e-05
9.369850158691406e-05
5.53131103515625e-05
2.5987625122070312e-05
3.0279159545898438e-05
0.000102996826171875
0.0001399517059326172
7.295608520507812e-05
0.00013971328735351562
0.0001087188720703125
0.00010371208190917969
9.775161743164062e-05
8.034706115722656e-05
8.96453857421875e-05
9.465217590332031e-05
0.00010895729064941406
0.0001285076141357422
0.00010395050048828125
0.00010251998901367188
0.00011777877807617188
9.417533874511719e-05
0.00010704994201660156
9.083747863769531e-05
6.151199340820312e-05
9.298324584960938e-05
8.988380432128906e-05
5.888938903808594e-05
0.00031065940856933594
7.414817810058594e-05
7.271766662597656e-05
8.7738037109375e-05
9.965896606445312e-05
0.00010943412780761719
0.00010895729064941406
0.00013113021850585938
0.0001239776611328125
6.628036499023438e-05
0.0001442432403564453
6.556510925292969e-05
0.0001246929168701172
7.176399230957031e-05
6.4849853515625e-05
8.20159912109375e-05
7.367134094238281e-05
8.177757263183594e-05
0.0001399517059326172
8.940696716308594e-05
7.653236389160156e-05
6.365776062011719e-05
0.00014448165893554688
0.00010609626770019531
0.00021529197692871094
7.796287536621094e-05
7.152557373046875e-05
0.00012636184692382812
8.845329284667969e-05
0.0001289844512939453
9.1552734375e-05
0.00015592575073242188
7.867813110351562e-05
8.368492126464844e-05
4.9114227294921875e-05
9.059906005859375e-05
8.368492126464844e-05
8.678436279296875e-05
4.57763671875e-05
4.649162292480469e-05
4.6253204345703125e-05
4.458427429199219e-05
7.82012939453125e-05
5.817413330078125e-05
6.794929504394531e-05
6.341934204101562e-05
7.224082946777344e-05
6.723403930664062e-05
4.9114227294921875e-05
6.985664367675781e-05
0.00010967254638671875
0.00010204315185546875
8.440017700195312e-05
7.009506225585938e-05
0.00016641616821289062
0.00019693374633789062
0.00015807151794433594
0.0005834102630615234
7.367134094238281e-05
0.0002040863037109375
7.128715515136719e-05
7.987022399902344e-05
6.604194641113281e-05
6.127357482910156e-05
4.982948303222656e-05
5.817413330078125e-05
6.437301635742188e-05
7.486343383789062e-05
8.7738037109375e-05
8.082389831542969e-05
8.249282836914062e-05
8.249282836914062e-05
0.00010967254638671875
6.961822509765625e-05
0.00012755393981933594
0.00010418891906738281
5.507469177246094e-05
5.0067901611328125e-05
4.887580871582031e-05
4.76837158203125e-05
9.012222290039062e-05
5.078315734863281e-05
6.222724914550781e-05
7.605552673339844e-05
5.340576171875e-05
6.246566772460938e-05
6.0558319091796875e-05
8.130073547363281e-05
0.00014019012451171875
5.555152893066406e-05
7.05718994140625e-05
4.9114227294921875e-05
5.53131103515625e-05
7.891654968261719e-05
5.936622619628906e-05
5.221366882324219e-05
5.7220458984375e-05
6.222724914550781e-05
5.412101745605469e-05
6.508827209472656e-05
5.6743621826171875e-05
4.744529724121094e-05
7.200241088867188e-05
5.316734313964844e-05
7.224082946777344e-05
9.274482727050781e-05
7.104873657226562e-05
6.008148193359375e-05
7.319450378417969e-05
6.628036499023438e-05
9.369850158691406e-05
9.822845458984375e-05
9.584426879882812e-05
8.988380432128906e-05
7.414817810058594e-05
0.00024962425231933594
8.225440979003906e-05
0.00010776519775390625
7.557868957519531e-05
5.5789947509765625e-05
0.0001423358917236328
0.00012135505676269531
5.984306335449219e-05
6.914138793945312e-05
6.580352783203125e-05
0.00010919570922851562
9.083747863769531e-05
5.91278076171875e-05
5.030632019042969e-05
6.67572021484375e-05
0.00012731552124023438
8.177757263183594e-05
6.270408630371094e-05
5.221366882324219e-05
0.00011348724365234375
6.461143493652344e-05
0.0001285076141357422
6.842613220214844e-05
6.67572021484375e-05
6.031990051269531e-05
8.654594421386719e-05
6.794929504394531e-05
7.104873657226562e-05
0.00013589859008789062
8.749961853027344e-05
9.274482727050781e-05
6.175041198730469e-05
6.937980651855469e-05
5.91278076171875e-05
8.249282836914062e-05
8.559226989746094e-05
7.271766662597656e-05
7.176399230957031e-05
5.221366882324219e-05
5.745887756347656e-05
7.724761962890625e-05
6.4849853515625e-05
5.698204040527344e-05
6.365776062011719e-05
4.863739013671875e-05
6.103515625e-05
6.508827209472656e-05
5.1021575927734375e-05
6.127357482910156e-05
