303	id-00000	4	8	4	6	1700.0	1700.0	1700.4	1700.8807	1706.0	24.71	COMPLETED
303	id-00001	5	8	3	7	1700.0	1700.0	1700.3	1700.6674	1707.0	23.166	COMPLETED
303	id-00002	6	10	6	2	1702.0	1702.0	1702.3	1702.4834	1704.0	27.799	COMPLETED
303	id-00003	4	7	8	5	1703.0	1703.0	1704.2	1704.6507	1708.0	74.131	COMPLETED
303	id-00004	7	2	10	8	1703.0	1703.0	1704.5	1704.6374	1711.0	162.162	COMPLETED
303	id-00005	3	2	9	10	1703.0	1703.0	1704.35	1704.7341	1713.0	62.548	COMPLETED
303	id-00006	5	3	1	4	1705.0	1705.0	1705.05	1705.4509	1709.0	3.861	COMPLETED
303	id-00007	10	13	5	1	1706.0	1706.0	1706.25	1707.0	1707.0	38.61	EXPIRED
303	id-00008	5	5	9	6	1709.0	1709.0	1709.45	1709.8331	1715.0	34.749	COMPLETED
303	id-00009	10	11	3	10	1711.0	1711.0	1711.3	1711.5478	1721.0	46.332	COMPLETED
303	id-00010	6	9	2	1	1711.0	1711.0	1711.2	1712.0	1712.0	18.533	EXPIRED
303	id-00011	9	18	10	8	1712.0	1712.0	1712.5	1712.9463	1720.0	69.498	COMPLETED
303	id-00012	7	9	6	2	1714.0	1714.0	1714.3	1714.6931	1716.0	32.432	COMPLETED
303	id-00013	4	2	1	10	1715.0	1715.0	1715.1	1715.4357	1725.0	6.178	COMPLETED
303	id-00014	8	6	4	5	1715.0	1715.0	1715.4	1715.8596	1720.0	49.421	COMPLETED
303	id-00015	4	3	9	5	1717.0	1717.0	1717.45	1717.8066	1722.0	27.799	COMPLETED
303	id-00016	5	10	8	2	1719.0	1719.0	1719.4	1719.6443	1721.0	30.888	COMPLETED
303	id-00017	2	2	1	6	1720.0	1720.0	1720.1	1720.5561	1726.0	3.089	COMPLETED
303	id-00018	9	9	3	2	1720.0	1720.0	1720.3	1720.663	1722.0	41.699	COMPLETED
303	id-00019	6	12	4	7	1722.0	1722.0	1722.6	1722.7086	1729.0	55.598	COMPLETED
303	id-00020	1	2	1	3	1722.0	1722.0	1722.15	1722.465	1725.0	2.317	COMPLETED
303	id-00021	1	2	2	4	1722.0	1722.0	1722.3	1722.49	1726.0	4.633	COMPLETED
303	id-00022	6	9	9	9	1724.0	1724.0	1724.45	1724.9467	1733.0	41.699	COMPLETED
303	id-00023	8	8	10	3	1725.0	1725.0	1725.5	1725.8769	1728.0	61.776	COMPLETED
303	id-00024	8	3	3	6	1726.0	1726.0	1726.14	1726.3345	1732.0	15.977	COMPLETED
303	id-00025	8	13	5	5	1726.0	1726.0	1726.5	1726.8942	1731.0	61.776	COMPLETED
303	id-00026	5	6	10	9	1726.0	1726.0	1727.0	1727.3957	1735.0	77.22	COMPLETED
303	id-00027	5	5	2	6	1728.0	1728.0	1728.2	1728.4079	1734.0	15.444	COMPLETED
303	id-00028	3	2	10	2	1728.0	1728.0	1729.0	1729.1059	1730.0	46.332	COMPLETED
303	id-00029	8	13	7	4	1729.0	1729.0	1729.35	1729.8016	1733.0	43.243	COMPLETED
303	id-00030	8	16	6	1	1732.0	1732.0	1732.6	1733.0	1733.0	74.131	EXPIRED
303	id-00031	7	4	9	5	1732.0	1732.0	1732.43	1732.6432	1737.0	42.432	COMPLETED
303	id-00032	7	9	9	8	1732.0	1732.0	1732.9	1733.039	1740.0	97.297	COMPLETED
303	id-00033	5	7	1	8	1733.0	1733.0	1733.05	1733.4302	1741.0	3.861	COMPLETED
303	id-00034	7	4	4	6	1735.0	1735.0	1735.38	1735.4805	1741.0	41.081	COMPLETED
303	id-00035	8	6	6	10	1735.0	1735.0	1735.57	1735.6713	1745.0	65.051	COMPLETED
303	id-00036	7	5	8	3	1736.0	1736.0	1736.38	1736.7696	1739.0	37.498	COMPLETED
303	id-00037	5	7	9	7	1739.0	1739.0	1739.43	1739.8702	1746.0	29.151	COMPLETED
303	id-00038	7	8	5	1	1740.0	1740.0	1740.5	1741.0	1741.0	54.054	EXPIRED
303	id-00039	9	13	10	5	1740.0	1740.0	1741.0	1741.4332	1745.0	138.996	COMPLETED
303	id-00040	10	4	9	6	1740.0	1740.0	1740.43	1740.7692	1746.0	62.355	COMPLETED
303	id-00041	7	11	5	3	1741.0	1741.0	1741.25	1741.7345	1744.0	27.027	COMPLETED
303	id-00042	10	7	2	3	1743.0	1743.0	1743.2	1743.3514	1746.0	30.888	COMPLETED
303	id-00043	4	5	9	8	1743.0	1743.0	1743.9	1744.02	1751.0	55.598	COMPLETED
303	id-00044	5	8	5	10	1747.0	1747.0	1747.25	1747.7114	1757.0	19.305	COMPLETED
303	id-00045	3	5	5	1	1748.0	1748.0	1748.5	1749.0	1749.0	23.166	EXPIRED
303	id-00046	7	14	10	2	1748.0	1748.0	1749.0	1749.1431	1750.0	108.108	COMPLETED
303	id-00047	4	4	4	1	1750.0	1750.0	1750.2	1751.0	1751.0	12.355	EXPIRED
303	id-00048	2	2	1	6	1753.0	1753.0	1753.05	1753.4533	1759.0	1.544	COMPLETED
303	id-00049	6	11	2	8	1754.0	1754.0	1754.2	1754.4414	1762.0	18.533	COMPLETED
303	id-00050	4	7	10	6	1754.0	1754.0	1755.0	1755.4135	1760.0	61.776	COMPLETED
303	id-00051	4	5	7	1	1755.0	1755.0	1755.7	1756.0	1756.0	43.243	EXPIRED
303	id-00052	6	10	9	9	1755.0	1755.0	1755.9	1756.2151	1764.0	83.398	COMPLETED
303	id-00053	8	15	2	5	1757.0	1757.0	1757.2	1757.6406	1762.0	24.71	COMPLETED
303	id-00054	8	9	7	4	1757.0	1757.0	1757.7	1758.1394	1761.0	86.486	COMPLETED
303	id-00055	6	8	10	7	1759.0	1759.0	1760.0	1760.4002	1766.0	92.664	COMPLETED
303	id-00056	7	8	2	9	1759.0	1759.0	1759.2	1759.5442	1768.0	21.622	COMPLETED
303	id-00057	8	15	3	3	1760.0	1760.0	1760.3	1760.6256	1763.0	37.066	COMPLETED
303	id-00058	5	7	6	1	1760.0	1760.0	1760.6	1761.0	1761.0	46.332	EXPIRED
303	id-00059	6	2	5	2	1763.0	1763.0	1763.25	1763.7013	1765.0	23.166	COMPLETED
303	id-00060	4	7	10	10	1764.0	1764.0	1764.5	1764.8529	1774.0	30.888	COMPLETED
303	id-00061	8	4	5	2	1765.0	1765.0	1765.25	1765.7186	1767.0	30.888	COMPLETED
303	id-00062	4	5	9	10	1767.0	1767.0	1767.45	1767.7518	1777.0	27.799	COMPLETED
303	id-00063	7	7	5	1	1768.0	1768.0	1768.5	1769.0	1769.0	54.054	EXPIRED
303	id-00064	5	2	9	9	1768.0	1768.0	1768.9	1769.0242	1777.0	69.498	COMPLETED
303	id-00065	10	4	2	1	1769.0	1769.0	1769.1	1770.0	1770.0	15.444	EXPIRED
303	id-00066	7	13	10	6	1770.0	1770.0	1770.5	1770.8242	1776.0	54.054	COMPLETED
303	id-00067	2	2	5	5	1773.0	1773.0	1773.25	1773.4349	1778.0	7.722	COMPLETED
303	id-00068	10	5	5	4	1774.0	1774.0	1774.5	1774.9678	1778.0	77.22	COMPLETED
303	id-00069	9	4	6	2	1774.0	1774.0	1774.6	1774.9109	1776.0	83.398	COMPLETED
303	id-00070	2	4	2	9	1775.0	1775.0	1775.1	1775.4704	1784.0	3.089	COMPLETED
303	id-00071	9	9	1	5	1777.0	1777.0	1777.05	1777.4379	1782.0	6.95	COMPLETED
303	id-00072	5	2	7	3	1778.0	1778.0	1778.35	1778.7046	1781.0	27.027	COMPLETED
303	id-00073	9	5	2	9	1779.0	1779.0	1779.1	1779.355	1788.0	13.9	COMPLETED
303	id-00074	4	4	2	1	1780.0	1780.0	1780.3	1781.0	1781.0	18.533	EXPIRED
303	id-00075	8	16	6	3	1780.0	1780.0	1780.9	1781.091	1783.0	111.197	COMPLETED
303	id-00076	7	10	1	8	1780.0	1780.0	1780.15	1780.2845	1788.0	16.216	COMPLETED
303	id-00077	6	10	10	2	1782.0	1782.0	1782.5	1782.9482	1784.0	46.332	COMPLETED
303	id-00078	10	7	5	2	1783.0	1783.0	1783.75	1783.8935	1785.0	115.83	COMPLETED
303	id-00079	2	2	9	5	1783.0	1783.0	1784.35	1784.8166	1788.0	41.699	COMPLETED
303	id-00080	3	4	3	9	1783.0	1783.0	1783.45	1783.6378	1792.0	20.849	COMPLETED
303	id-00081	3	4	1	7	1785.0	1785.0	1785.05	1785.5246	1792.0	2.317	COMPLETED
303	id-00082	4	3	7	2	1787.0	1787.0	1787.7	1788.1596	1789.0	43.243	COMPLETED
303	id-00083	7	5	3	6	1787.0	1787.0	1787.3	1787.7874	1793.0	32.432	COMPLETED
303	id-00084	7	9	6	6	1788.0	1788.0	1788.6	1789.0952	1794.0	64.865	COMPLETED
303	id-00085	5	10	4	8	1788.0	1788.0	1788.4	1788.8877	1796.0	30.888	COMPLETED
303	id-00086	3	5	8	9	1792.0	1792.0	1793.2	1793.6195	1801.0	55.598	COMPLETED
303	id-00087	1	2	6	7	1792.0	1792.0	1792.9	1793.3066	1799.0	13.9	COMPLETED
303	id-00088	1	2	7	4	1792.0	1792.0	1793.05	1793.3697	1796.0	16.216	COMPLETED
303	id-00089	10	13	8	9	1794.0	1794.0	1794.4	1794.656	1803.0	61.776	COMPLETED
303	id-00090	10	7	9	3	1795.0	1795.0	1795.9	1796.2566	1798.0	138.996	COMPLETED
303	id-00091	2	2	5	2	1795.0	1795.0	1795.5	1795.7256	1797.0	15.444	COMPLETED
303	id-00092	5	2	4	8	1796.0	1796.0	1796.4	1796.7554	1804.0	30.888	COMPLETED
303	id-00093	1	2	4	8	1796.0	1796.0	1796.4	1796.756	1804.0	6.178	COMPLETED
303	id-00094	5	7	3	6	1798.0	1798.0	1798.15	1798.2579	1804.0	11.583	COMPLETED
303	id-00095	4	5	6	8	1799.0	1799.0	1799.3	1799.4153	1807.0	18.533	COMPLETED
303	id-00096	7	7	10	8	1802.0	1802.0	1803.0	1803.2805	1810.0	108.108	COMPLETED
303	id-00097	10	5	4	7	1802.0	1802.0	1802.4	1802.7905	1809.0	61.776	COMPLETED
303	id-00098	5	9	7	5	1803.0	1803.0	1803.7	1803.955	1808.0	54.054	COMPLETED
303	id-00099	10	20	1	9	1803.0	1803.0	1803.1	1803.4884	1812.0	15.444	COMPLETED
303	id-00100	5	7	2	8	1805.0	1805.0	1805.1	1805.3775	1813.0	7.722	COMPLETED
303	id-00101	3	5	4	8	1806.0	1806.0	1806.2	1806.5414	1814.0	9.266	COMPLETED
303	id-00102	10	18	6	6	1807.0	1807.0	1807.3	1807.5253	1813.0	46.332	COMPLETED
303	id-00103	7	9	1	9	1808.0	1808.0	1808.1	1808.3548	1817.0	10.811	COMPLETED
303	id-00104	10	7	5	3	1808.0	1808.0	1808.5	1808.9422	1811.0	77.22	COMPLETED
303	id-00105	10	5	8	2	1813.0	1813.0	1813.8	1814.0027	1815.0	123.552	COMPLETED
303	id-00106	8	13	7	3	1813.0	1813.0	1813.7	1814.0109	1816.0	86.486	COMPLETED
303	id-00107	9	18	10	1	1814.0	1814.0	1814.5	1815.0	1815.0	69.498	EXPIRED
303	id-00108	4	8	4	3	1822.0	1822.0	1822.2	1822.333	1825.0	12.355	COMPLETED
303	id-00109	1	2	6	6	1824.0	1824.0	1824.9	1825.2988	1830.0	13.9	COMPLETED
303	id-00110	3	6	1	10	1824.0	1824.0	1824.15	1824.2734	1834.0	6.95	COMPLETED
303	id-00111	4	4	2	9	1824.0	1824.0	1824.3	1824.6153	1833.0	18.533	COMPLETED
303	id-00112	6	5	10	8	1827.0	1827.0	1828.5	1828.9311	1835.0	138.996	COMPLETED
303	id-00113	4	7	4	8	1827.0	1827.0	1827.6	1828.075	1835.0	37.066	COMPLETED
303	id-00114	1	2	4	9	1827.0	1827.0	1827.6	1827.8618	1836.0	9.266	COMPLETED
303	id-00115	8	9	2	8	1828.0	1828.0	1828.29	1828.5057	1836.0	35.83	COMPLETED
303	id-00116	1	2	1	8	1828.0	1828.0	1828.14	1828.6179	1836.0	2.162	COMPLETED
303	id-00117	1	2	1	3	1829.0	1829.0	1829.14	1829.5041	1832.0	2.162	COMPLETED
303	id-00118	10	13	9	4	1829.0	1829.0	1830.29	1830.5168	1833.0	199.228	COMPLETED
303	id-00119	9	9	10	2	1829.0	1829.0	1829.5	1829.7177	1831.0	69.498	COMPLETED
303	id-00120	1	2	7	7	1830.0	1830.0	1831.4	1831.8711	1837.0	21.622	COMPLETED
303	id-00121	8	13	3	7	1830.0	1830.0	1830.6	1830.9086	1837.0	74.131	COMPLETED
303	id-00122	7	13	5	2	1831.0	1831.0	1831.56	1831.8278	1833.0	60.54	COMPLETED
303	id-00123	4	7	8	5	1832.0	1832.0	1833.78	1834.2217	1837.0	109.961	COMPLETED
303	id-00124	5	4	10	6	1832.0	1832.0	1834.22	1834.3859	1838.0	171.428	COMPLETED
303	id-00125	9	17	5	7	1833.0	1835.0	1835.5	1835.9302	1840.0	69.498	COMPLETED
303	id-00126	5	8	10	9	1833.0	1835.0	1836.0	1836.1468	1842.0	77.22	COMPLETED
303	id-00127	10	15	8	8	1833.0	1835.0	1835.8	1835.9277	1841.0	123.552	COMPLETED
303	id-00128	7	5	7	9	1835.0	1835.0	1835.7	1835.9225	1844.0	75.676	COMPLETED
303	id-00129	4	7	1	5	1836.0	1836.0	1836.05	1836.5386	1841.0	3.089	COMPLETED
303	id-00130	7	10	9	7	1837.0	1837.0	1837.9	1838.3031	1844.0	97.297	COMPLETED
303	id-00131	7	8	8	2	1837.0	1837.0	1837.8	1838.2349	1839.0	86.486	COMPLETED
303	id-00132	3	6	2	6	1838.0	1838.0	1838.1	1838.3183	1844.0	4.633	COMPLETED
303	id-00133	6	11	9	2	1839.0	1839.0	1839.45	1839.8184	1841.0	41.699	COMPLETED
303	id-00134	8	13	10	10	1841.0	1841.0	1841.5	1841.8125	1851.0	61.776	COMPLETED
303	id-00135	8	11	2	1	1842.0	1842.0	1842.1	1843.0	1843.0	12.355	EXPIRED
303	id-00136	8	8	4	10	1845.0	1845.0	1845.2	1845.5777	1855.0	24.71	COMPLETED
303	id-00137	3	2	6	4	1845.0	1845.0	1846.2	1846.4983	1849.0	55.598	COMPLETED
303	id-00138	6	12	8	9	1845.0	1845.0	1846.6	1846.8049	1854.0	148.262	COMPLETED
303	id-00139	3	5	8	9	1845.0	1845.0	1846.6	1846.7597	1854.0	74.131	COMPLETED
303	id-00140	8	15	5	1	1845.0	1845.0	1846.0	1846.0	1846.0	123.552	EXPIRED
303	id-00141	2	3	6	9	1846.0	1846.0	1846.75	1846.8871	1855.0	23.166	COMPLETED
303	id-00142	7	2	1	9	1848.0	1848.0	1848.12	1848.5204	1857.0	12.973	COMPLETED
303	id-00143	1	2	3	6	1849.0	1849.0	1849.38	1849.6372	1855.0	5.869	COMPLETED
303	id-00144	8	14	9	4	1850.0	1850.0	1850.9	1851.3989	1854.0	111.197	COMPLETED
303	id-00145	3	6	3	9	1850.0	1850.0	1850.3	1850.5601	1859.0	13.9	COMPLETED
303	id-00146	2	3	1	8	1851.0	1851.0	1851.05	1851.2454	1859.0	1.544	COMPLETED
303	id-00147	7	5	10	9	1852.0	1852.0	1853.5	1853.8547	1861.0	162.162	COMPLETED
303	id-00148	7	3	2	2	1852.0	1852.0	1852.3	1852.742	1854.0	32.432	COMPLETED
303	id-00149	3	6	3	10	1852.0	1852.0	1852.45	1852.7508	1862.0	20.849	COMPLETED
303	id-00150	6	3	4	1	1853.0	1853.0	1853.31	1854.0	1854.0	28.726	EXPIRED
303	id-00151	2	4	9	1	1855.0	1855.0	1855.45	1856.0	1856.0	13.9	EXPIRED
303	id-00152	7	13	7	1	1856.0	1856.0	1856.35	1857.0	1857.0	37.838	EXPIRED
303	id-00153	5	7	7	5	1858.0	1858.0	1858.35	1858.6012	1863.0	27.027	COMPLETED
303	id-00154	2	4	5	1	1861.0	1861.0	1862.0	1862.0	1862.0	30.888	EXPIRED
303	id-00155	1	2	7	9	1861.0	1861.0	1862.4	1862.5413	1870.0	21.622	COMPLETED
303	id-00156	8	11	5	10	1861.0	1861.0	1862.0	1862.4184	1871.0	123.552	COMPLETED
303	id-00157	9	5	2	3	1861.0	1861.0	1861.4	1861.5328	1864.0	55.598	COMPLETED
303	id-00158	2	4	6	2	1862.0	1862.0	1862.32	1862.7955	1864.0	9.884	COMPLETED
303	id-00159	9	4	2	10	1863.0	1863.0	1863.11	1863.4762	1873.0	15.29	COMPLETED
303	id-00160	7	7	7	8	1865.0	1865.0	1865.35	1865.7758	1873.0	37.838	COMPLETED
303	id-00161	8	13	4	10	1866.0	1866.0	1866.4	1866.8509	1876.0	49.421	COMPLETED
303	id-00162	3	5	2	4	1866.0	1866.0	1866.2	1866.6664	1870.0	9.266	COMPLETED
303	id-00163	7	8	8	8	1868.0	1868.0	1868.4	1868.5961	1876.0	43.243	COMPLETED
303	id-00164	10	17	4	10	1871.0	1871.0	1871.4	1871.8166	1881.0	61.776	COMPLETED
303	id-00165	2	4	3	7	1871.0	1871.0	1871.3	1871.663	1878.0	9.266	COMPLETED
303	id-00166	6	10	1	5	1872.0	1872.0	1872.05	1872.5149	1877.0	4.633	COMPLETED
303	id-00167	2	4	10	8	1874.0	1874.0	1875.0	1875.499	1882.0	30.888	COMPLETED
303	id-00168	6	12	6	6	1874.0	1874.0	1874.6	1875.0287	1880.0	55.598	COMPLETED
303	id-00169	10	12	2	3	1875.0	1875.0	1875.1	1875.497	1878.0	15.444	COMPLETED
303	id-00170	7	4	9	4	1876.0	1876.0	1876.45	1876.6457	1880.0	48.649	COMPLETED
303	id-00171	8	6	9	9	1878.0	1878.0	1879.8	1880.2894	1887.0	222.394	COMPLETED
303	id-00172	1	2	8	1	1878.0	1878.0	1879.6	1879.0	1879.0	24.71	EXPIRED
303	id-00173	5	4	1	8	1878.0	1878.0	1878.2	1878.3014	1886.0	15.444	COMPLETED
303	id-00174	4	4	4	7	1878.0	1878.0	1878.8	1879.1415	1885.0	49.421	COMPLETED
303	id-00175	4	3	10	10	1880.0	1880.0	1881.5	1881.8045	1890.0	92.664	COMPLETED
303	id-00176	7	10	4	2	1880.0	1880.0	1880.6	1881.0679	1882.0	64.865	COMPLETED
303	id-00177	5	6	6	4	1880.0	1880.0	1880.9	1881.2732	1884.0	69.498	COMPLETED
303	id-00178	3	2	6	5	1881.0	1881.0	1881.75	1882.1048	1886.0	34.749	COMPLETED
303	id-00179	10	9	8	3	1881.0	1881.0	1881.36	1881.5474	1884.0	48.81	COMPLETED
303	id-00180	8	13	8	8	1881.0	1881.0	1882.0	1882.4369	1889.0	123.552	COMPLETED
303	id-00181	5	10	9	1	1885.0	1885.0	1885.9	1886.0	1886.0	69.498	EXPIRED
303	id-00182	6	11	4	2	1885.0	1885.0	1885.4	1885.7622	1887.0	37.066	COMPLETED
303	id-00183	4	3	9	1	1886.0	1886.0	1886.45	1887.0	1887.0	27.799	EXPIRED
303	id-00184	9	7	1	9	1887.0	1887.0	1887.1	1887.364	1896.0	13.9	COMPLETED
303	id-00185	4	2	7	10	1887.0	1887.0	1887.7	1888.1381	1897.0	43.243	COMPLETED
303	id-00186	4	8	3	10	1888.0	1888.0	1888.15	1888.6304	1898.0	9.266	COMPLETED
303	id-00187	1	2	6	5	1890.0	1890.0	1890.6	1890.805	1895.0	9.266	COMPLETED
303	id-00188	4	7	1	6	1890.0	1890.0	1890.1	1890.4811	1896.0	6.178	COMPLETED
303	id-00189	8	2	1	9	1893.0	1893.0	1893.05	1893.1871	1902.0	6.178	COMPLETED
303	id-00190	2	2	8	7	1895.0	1895.0	1896.2	1896.6815	1902.0	37.066	COMPLETED
303	id-00191	7	4	8	1	1895.0	1895.0	1896.2	1896.0	1896.0	129.73	EXPIRED
303	id-00192	7	5	2	7	1895.0	1895.0	1895.3	1895.593	1902.0	32.432	COMPLETED
303	id-00193	8	9	10	2	1896.0	1896.0	1896.91	1897.3492	1898.0	112.432	COMPLETED
303	id-00194	2	3	9	9	1898.0	1898.0	1899.64	1900.0309	1907.0	50.656	COMPLETED
303	id-00195	7	2	4	4	1898.0	1898.0	1898.73	1899.0614	1902.0	78.919	COMPLETED
303	id-00196	10	19	4	1	1899.0	None	None	1900.0	1900.0	None	EXPIRED
303	id-00197	3	2	10	3	1900.0	1900.0	1901.0	1901.2755	1903.0	46.332	COMPLETED
303	id-00198	1	2	7	7	1900.0	1900.0	1900.7	1900.8082	1907.0	10.811	COMPLETED
303	id-00199	3	6	5	9	1901.0	1901.0	1901.25	1901.5434	1910.0	11.583	COMPLETED
303	id-00200	4	6	6	1	1903.0	1903.0	1903.6	1904.0	1904.0	37.066	EXPIRED
303	id-00201	6	6	10	2	1903.0	1903.0	1904.0	1904.3728	1905.0	92.664	COMPLETED
303	id-00202	2	2	5	1	1904.0	1904.0	1904.25	1905.0	1905.0	7.722	EXPIRED
303	id-00203	8	10	4	7	1905.0	1905.0	1905.2	1905.5563	1912.0	24.71	COMPLETED
303	id-00204	10	7	2	6	1906.0	1906.0	1906.2	1906.3434	1912.0	30.888	COMPLETED
303	id-00205	5	2	9	10	1906.0	1906.0	1906.9	1907.2924	1916.0	69.498	COMPLETED
303	id-00206	3	4	3	10	1909.0	1909.0	1909.15	1909.4201	1919.0	6.95	COMPLETED
303	id-00207	2	3	7	9	1910.0	1910.0	1910.35	1910.6488	1919.0	10.811	COMPLETED
303	id-00208	2	3	3	10	1913.0	1913.0	1913.15	1913.5439	1923.0	4.633	COMPLETED
303	id-00209	3	5	2	6	1914.0	1914.0	1914.1	1914.3444	1920.0	4.633	COMPLETED
303	id-00210	10	12	4	9	1917.0	1917.0	1917.2	1917.4443	1926.0	30.888	COMPLETED
303	id-00211	1	2	1	6	1918.0	1918.0	1918.1	1918.3222	1924.0	1.544	COMPLETED
303	id-00212	10	11	7	6	1918.0	1918.0	1918.7	1919.1771	1924.0	108.108	COMPLETED
303	id-00213	6	10	4	2	1919.0	1919.0	1919.2	1919.5654	1921.0	18.533	COMPLETED
303	id-00214	4	5	7	5	1920.0	1920.0	1920.7	1920.8879	1925.0	43.243	COMPLETED
303	id-00215	8	9	2	5	1920.0	1920.0	1920.2	1920.6872	1925.0	24.71	COMPLETED
303	id-00216	4	4	7	10	1922.0	1922.0	1922.35	1922.4946	1932.0	21.622	COMPLETED
303	id-00217	9	13	7	1	1923.0	1923.0	1923.7	1924.0	1924.0	97.297	EXPIRED
303	id-00218	6	12	4	9	1923.0	1923.0	1923.4	1923.6272	1932.0	37.066	COMPLETED
303	id-00219	1	2	9	5	1925.0	1925.0	1925.45	1925.9357	1930.0	6.95	COMPLETED
303	id-00220	2	3	3	2	1926.0	1926.0	1926.15	1926.5999	1928.0	4.633	COMPLETED
303	id-00221	4	6	6	9	1927.0	1927.0	1928.5	1928.8163	1936.0	92.664	COMPLETED
303	id-00222	5	5	6	2	1927.0	1927.0	1928.5	1929.0	1929.0	115.83	EXPIRED
303	id-00223	4	6	9	6	1927.0	1927.0	1929.25	1929.5052	1933.0	138.996	COMPLETED
303	id-00224	4	2	7	8	1927.0	1927.0	1928.75	1929.0893	1935.0	108.108	COMPLETED
303	id-00225	1	2	5	4	1927.0	1927.0	1928.25	1928.4848	1931.0	19.305	COMPLETED
303	id-00226	10	16	2	10	1928.0	1928.0	1928.17	1928.6616	1938.0	26.255	COMPLETED
303	id-00227	1	2	10	6	1928.0	1928.0	1933.0	1933.2126	1934.0	77.22	COMPLETED
303	id-00228	9	6	9	6	1928.0	1928.0	1928.78	1929.1977	1934.0	86.355	COMPLETED
303	id-00229	1	2	4	7	1929.0	1930.0	1930.63	1930.8987	1936.0	9.73	COMPLETED
303	id-00230	6	12	4	5	1929.0	1930.0	1930.63	1930.934	1934.0	58.378	COMPLETED
303	id-00231	6	10	5	5	1930.0	1930.0	1930.79	1931.017	1935.0	73.205	COMPLETED
303	id-00232	3	4	10	5	1934.0	1934.0	1934.53	1934.9187	1939.0	24.556	COMPLETED
303	id-00233	8	11	2	2	1935.0	1935.0	1935.1	1935.2984	1937.0	12.355	COMPLETED
303	id-00234	5	9	1	4	1937.0	1937.0	1937.05	1937.2659	1941.0	3.861	COMPLETED
303	id-00235	4	6	3	3	1938.0	1938.0	1938.3	1938.5828	1941.0	18.533	COMPLETED
303	id-00236	4	6	3	1	1938.0	1938.0	1938.3	1939.0	1939.0	18.533	EXPIRED
303	id-00237	6	4	3	8	1941.0	1941.0	1941.15	1941.3344	1949.0	13.9	COMPLETED
303	id-00238	4	8	2	10	1943.0	1943.0	1943.2	1943.4907	1953.0	12.355	COMPLETED
303	id-00239	8	4	6	7	1943.0	1943.0	1943.6	1943.7408	1950.0	74.131	COMPLETED
303	id-00240	3	3	8	9	1944.0	1944.0	1944.8	1945.1431	1953.0	37.066	COMPLETED
303	id-00241	7	13	5	3	1944.0	1944.0	1944.5	1944.7035	1947.0	54.054	COMPLETED
303	id-00242	5	5	2	3	1945.0	1945.0	1945.1	1945.3245	1948.0	7.722	COMPLETED
303	id-00243	5	3	4	2	1946.0	1946.0	1946.2	1946.4895	1948.0	15.444	COMPLETED
303	id-00244	5	7	6	8	1948.0	1948.0	1948.3	1948.5934	1956.0	23.166	COMPLETED
303	id-00245	4	2	6	9	1949.0	1949.0	1949.9	1950.2595	1958.0	55.598	COMPLETED
303	id-00246	2	2	1	2	1949.0	1949.0	1949.15	1949.642	1951.0	4.633	COMPLETED
303	id-00247	10	15	10	3	1949.0	1949.0	1950.5	1950.7593	1952.0	231.66	COMPLETED
303	id-00248	8	12	4	4	1950.0	1950.0	1950.4	1950.5017	1954.0	49.421	COMPLETED
303	id-00249	10	17	3	6	1951.0	1951.0	1951.3	1951.5412	1957.0	46.332	COMPLETED
303	id-00250	4	5	8	7	1953.0	1953.0	1954.6	1955.0192	1960.0	98.842	COMPLETED
303	id-00251	6	8	5	9	1953.0	1953.0	1954.0	1954.3192	1962.0	92.664	COMPLETED
303	id-00252	4	2	5	2	1956.0	1956.0	1956.25	1956.4147	1958.0	15.444	COMPLETED
303	id-00253	5	10	1	1	1958.0	1958.0	1958.05	1959.0	1959.0	3.861	EXPIRED
303	id-00254	1	2	5	7	1960.0	1960.0	1960.5	1960.8063	1967.0	7.722	COMPLETED
303	id-00255	5	9	2	1	1960.0	1960.0	1960.2	1961.0	1961.0	15.444	EXPIRED
303	id-00256	6	2	6	7	1962.0	1962.0	1962.6	1963.0464	1969.0	55.598	COMPLETED
303	id-00257	4	2	9	5	1962.0	1962.0	1962.9	1963.3242	1967.0	55.598	COMPLETED
303	id-00258	5	10	7	3	1963.0	1963.0	1963.7	1964.1356	1966.0	54.054	COMPLETED
303	id-00259	4	6	3	9	1963.0	1963.0	1963.3	1963.7165	1972.0	18.533	COMPLETED
303	id-00260	1	2	9	1	1965.0	1965.0	1965.9	1966.0	1966.0	13.9	EXPIRED
303	id-00261	10	15	8	1	1965.0	1965.0	1965.8	1966.0	1966.0	123.552	EXPIRED
303	id-00262	3	3	5	3	1966.0	1966.0	1966.25	1966.726	1969.0	11.583	COMPLETED
303	id-00263	4	6	3	3	1967.0	1967.0	1967.15	1967.3828	1970.0	9.266	COMPLETED
303	id-00264	5	10	2	2	1969.0	1969.0	1969.2	1969.5348	1971.0	15.444	COMPLETED
303	id-00265	2	3	9	9	1969.0	1969.0	1969.9	1970.364	1978.0	27.799	COMPLETED
303	id-00266	3	6	5	4	1970.0	1970.0	1970.25	1970.636	1974.0	11.583	COMPLETED
303	id-00267	1	2	5	3	1973.0	1973.0	1973.75	1974.0802	1976.0	11.583	COMPLETED
303	id-00268	5	6	4	9	1973.0	1973.0	1973.6	1973.9739	1982.0	46.332	COMPLETED
303	id-00269	1	2	2	5	1973.0	1973.0	1973.3	1973.6723	1978.0	4.633	COMPLETED
303	id-00270	7	11	10	4	1974.0	1974.0	1974.5	1974.8852	1978.0	54.054	COMPLETED
303	id-00271	5	8	2	7	1975.0	1975.0	1975.2	1975.603	1982.0	15.444	COMPLETED
303	id-00272	7	14	5	2	1975.0	1975.0	1975.5	1975.848	1977.0	54.054	COMPLETED
303	id-00273	4	3	2	7	1976.0	1976.0	1976.2	1976.6182	1983.0	12.355	COMPLETED
303	id-00274	2	2	10	6	1976.0	1976.0	1977.0	1977.3888	1982.0	30.888	COMPLETED
303	id-00275	6	7	6	3	1977.0	1977.0	1977.3	1977.743	1980.0	27.799	COMPLETED
303	id-00276	4	3	2	3	1979.0	1979.0	1979.1	1979.3933	1982.0	6.178	COMPLETED
303	id-00277	8	13	10	4	1979.0	1979.0	1980.0	1980.3732	1983.0	123.552	COMPLETED
303	id-00278	10	10	1	3	1979.0	1979.0	1979.1	1979.2374	1982.0	15.444	COMPLETED
303	id-00279	7	5	4	8	1980.0	1980.0	1980.2	1980.6369	1988.0	21.622	COMPLETED
303	id-00280	8	15	10	1	1981.0	1981.0	1982.0	1982.0	1982.0	123.552	EXPIRED
303	id-00281	8	10	3	10	1981.0	1981.0	1981.3	1981.4549	1991.0	37.066	COMPLETED
303	id-00282	3	4	9	9	1984.0	1984.0	1985.35	1985.5772	1993.0	62.548	COMPLETED
303	id-00283	8	9	8	2	1984.0	1984.0	1985.2	1986.0	1986.0	148.262	EXPIRED
303	id-00284	5	8	3	3	1984.0	1984.0	1984.45	1984.741	1987.0	34.749	COMPLETED
303	id-00285	3	5	6	5	1988.0	1988.0	1988.3	1988.7483	1993.0	13.9	COMPLETED
303	id-00286	7	14	4	6	1990.0	1990.0	1990.38	1990.6377	1996.0	41.081	COMPLETED
303	id-00287	8	11	5	9	1990.0	1990.0	1990.48	1990.6877	1999.0	54.78	COMPLETED
303	id-00288	10	10	8	2	1990.0	1990.0	1990.4	1990.6533	1992.0	61.776	COMPLETED
303	id-00289	5	10	6	10	1991.0	1991.0	1991.57	1991.7497	2001.0	44.015	COMPLETED
303	id-00290	10	18	2	6	1991.0	1991.0	1991.19	1991.6218	1997.0	27.552	COMPLETED
303	id-00291	5	3	8	4	1992.0	1992.0	1992.38	1992.6428	1996.0	25.761	COMPLETED
303	id-00292	1	2	10	6	1993.0	1993.0	1993.48	1993.5863	1999.0	2.888	COMPLETED
303	id-00293	5	7	2	1	1997.0	1997.0	1997.2	1998.0	1998.0	15.444	EXPIRED
303	id-00294	9	7	6	4	1997.0	1997.0	1997.6	1997.7789	2001.0	83.398	COMPLETED
303	id-00295	5	4	8	2	1998.0	1998.0	1999.2	2000.0	2000.0	92.664	EXPIRED
303	id-00296	4	7	6	10	1998.0	1998.0	1998.9	1999.2434	2008.0	55.598	COMPLETED
303	id-00297	10	14	5	5	1998.0	1998.0	1998.75	1999.1488	2003.0	115.83	COMPLETED
303	id-00298	3	3	4	1	1999.0	1999.0	1999.53	2000.0	2000.0	24.556	EXPIRED
303	id-00299	3	6	4	1	1999.0	1999.0	1999.53	2000.0	2000.0	24.556	EXPIRED
303	id-00300	7	9	9	2	2000.0	2000.0	2000.9	2001.3335	2002.0	97.297	COMPLETED
303	id-00301	9	12	9	3	2000.0	2000.0	2000.9	2001.174	2003.0	125.096	COMPLETED
303	id-00302	8	10	7	9	2001.0	2001.0	2001.35	2010.0	2010.0	None	SUBMITTED
