0.0001347064971923828
5.841255187988281e-05
8.678436279296875e-05
4.673004150390625e-05
4.7206878662109375e-05
6.0558319091796875e-05
7.104873657226562e-05
7.224082946777344e-05
5.7697296142578125e-05
7.343292236328125e-05
0.00010895729064941406
6.413459777832031e-05
6.031990051269531e-05
6.270408630371094e-05
5.91278076171875e-05
7.939338684082031e-05
9.584426879882812e-05
0.0001201629638671875
3.600120544433594e-05
3.814697265625e-05
0.00011754035949707031
1.9311904907226562e-05
0.00010442733764648438
0.00013208389282226562
0.00013327598571777344
0.00015091896057128906
0.00010991096496582031
0.00012946128845214844
8.726119995117188e-05
0.0001895427703857422
2.956390380859375e-05
9.72747802734375e-05
9.679794311523438e-05
0.0001971721649169922
9.250640869140625e-05
0.00010251998901367188
7.295608520507812e-05
0.00017976760864257812
0.00011420249938964844
9.489059448242188e-05
8.869171142578125e-05
8.797645568847656e-05
9.560585021972656e-05
8.559226989746094e-05
7.700920104980469e-05
9.918212890625e-05
0.00010704994201660156
9.584426879882812e-05
8.821487426757812e-05
0.00014472007751464844
8.940696716308594e-05
8.296966552734375e-05
0.00010275840759277344
0.00012969970703125
0.0001392364501953125
2.288818359375e-05
9.512901306152344e-05
7.2479248046875e-05
8.559226989746094e-05
9.846687316894531e-05
9.72747802734375e-05
0.00010704994201660156
6.914138793945312e-05
9.965896606445312e-05
2.1696090698242188e-05
0.0001087188720703125
0.00011372566223144531
0.00010991096496582031
7.796287536621094e-05
0.000102996826171875
7.390975952148438e-05
5.9604644775390625e-05
7.295608520507812e-05
9.512901306152344e-05
8.344650268554688e-05
7.653236389160156e-05
8.988380432128906e-05
9.775161743164062e-05
8.988380432128906e-05
8.344650268554688e-05
7.796287536621094e-05
8.296966552734375e-05
0.00023937225341796875
0.0002415180206298828
9.584426879882812e-05
2.9087066650390625e-05
0.00014352798461914062
0.00013017654418945312
3.218650817871094e-05
1.9073486328125e-05
2.09808349609375e-05
0.00012493133544921875
6.008148193359375e-05
0.00014209747314453125
1.9788742065429688e-05
2.9802322387695312e-05
0.0001575946807861328
2.5033950805664062e-05
6.794929504394531e-05
6.699562072753906e-05
6.270408630371094e-05
5.173683166503906e-05
6.961822509765625e-05
7.82012939453125e-05
7.200241088867188e-05
4.935264587402344e-05
4.9114227294921875e-05
8.559226989746094e-05
7.62939453125e-05
7.05718994140625e-05
0.0002143383026123047
1.5974044799804688e-05
0.00011563301086425781
2.6702880859375e-05
6.413459777832031e-05
7.581710815429688e-05
7.486343383789062e-05
6.270408630371094e-05
0.00014472007751464844
0.0001010894775390625
9.918212890625e-05
8.845329284667969e-05
9.107589721679688e-05
0.00010752677917480469
0.0001316070556640625
0.00010538101196289062
2.9087066650390625e-05
0.00013399124145507812
8.20159912109375e-05
8.034706115722656e-05
7.772445678710938e-05
9.274482727050781e-05
0.00010275840759277344
7.963180541992188e-05
7.486343383789062e-05
8.368492126464844e-05
7.82012939453125e-05
6.914138793945312e-05
8.296966552734375e-05
7.200241088867188e-05
7.104873657226562e-05
0.00011920928955078125
2.6941299438476562e-05
0.00019550323486328125
0.0001392364501953125
8.225440979003906e-05
8.273124694824219e-05
0.00010895729064941406
9.131431579589844e-05
0.00010418891906738281
0.00010848045349121094
8.177757263183594e-05
9.703636169433594e-05
7.462501525878906e-05
0.00019812583923339844
8.034706115722656e-05
7.796287536621094e-05
9.441375732421875e-05
0.00010657310485839844
0.00014710426330566406
0.00012564659118652344
9.298324584960938e-05
6.628036499023438e-05
9.72747802734375e-05
0.00016832351684570312
8.630752563476562e-05
7.891654968261719e-05
7.748603820800781e-05
9.083747863769531e-05
0.00018024444580078125
0.0001709461212158203
6.246566772460938e-05
6.794929504394531e-05
0.0001480579376220703
1.9550323486328125e-05
7.62939453125e-05
0.00010609626770019531
9.703636169433594e-05
7.605552673339844e-05
7.605552673339844e-05
0.00011587142944335938
9.131431579589844e-05
8.702278137207031e-05
0.00011157989501953125
1.8835067749023438e-05
0.00011181831359863281
7.843971252441406e-05
8.797645568847656e-05
7.176399230957031e-05
8.392333984375e-05
9.989738464355469e-05
0.00014972686767578125
0.00012135505676269531
9.202957153320312e-05
0.00010371208190917969
8.440017700195312e-05
8.416175842285156e-05
9.846687316894531e-05
5.7220458984375e-05
7.009506225585938e-05
6.723403930664062e-05
8.368492126464844e-05
8.177757263183594e-05
6.341934204101562e-05
8.821487426757812e-05
