7.581710815429688e-05
5.4836273193359375e-05
5.936622619628906e-05
0.00012445449829101562
7.128715515136719e-05
7.009506225585938e-05
8.106231689453125e-05
6.437301635742188e-05
0.00010895729064941406
6.341934204101562e-05
5.316734313964844e-05
7.176399230957031e-05
0.00012350082397460938
6.270408630371094e-05
8.296966552734375e-05
6.532669067382812e-05
6.794929504394531e-05
8.082389831542969e-05
8.058547973632812e-05
8.20159912109375e-05
0.00011658668518066406
0.00016498565673828125
9.107589721679688e-05
2.2649765014648438e-05
5.507469177246094e-05
6.151199340820312e-05
7.510185241699219e-05
9.5367431640625e-05
7.677078247070312e-05
9.107589721679688e-05
0.0001068115234375
7.176399230957031e-05
9.369850158691406e-05
5.817413330078125e-05
5.125999450683594e-05
9.751319885253906e-05
9.441375732421875e-05
8.821487426757812e-05
7.867813110351562e-05
5.6743621826171875e-05
6.890296936035156e-05
5.984306335449219e-05
9.036064147949219e-05
7.152557373046875e-05
5.626678466796875e-05
8.630752563476562e-05
0.00018644332885742188
5.602836608886719e-05
5.698204040527344e-05
5.459785461425781e-05
8.249282836914062e-05
5.9604644775390625e-05
8.511543273925781e-05
6.437301635742188e-05
5.698204040527344e-05
6.866455078125e-05
7.224082946777344e-05
4.696846008300781e-05
4.2438507080078125e-05
4.506111145019531e-05
5.745887756347656e-05
7.987022399902344e-05
9.632110595703125e-05
5.7697296142578125e-05
6.365776062011719e-05
6.103515625e-05
6.890296936035156e-05
4.839897155761719e-05
4.696846008300781e-05
4.57763671875e-05
5.936622619628906e-05
4.9114227294921875e-05
5.555152893066406e-05
5.8650970458984375e-05
5.1975250244140625e-05
9.083747863769531e-05
6.842613220214844e-05
7.748603820800781e-05
5.7220458984375e-05
0.00010395050048828125
6.270408630371094e-05
6.890296936035156e-05
5.91278076171875e-05
4.601478576660156e-05
6.031990051269531e-05
5.125999450683594e-05
5.841255187988281e-05
4.673004150390625e-05
4.792213439941406e-05
5.2928924560546875e-05
5.078315734863281e-05
6.961822509765625e-05
4.839897155761719e-05
4.458427429199219e-05
6.127357482910156e-05
4.863739013671875e-05
4.982948303222656e-05
4.673004150390625e-05
7.200241088867188e-05
6.556510925292969e-05
6.413459777832031e-05
5.888938903808594e-05
5.626678466796875e-05
4.482269287109375e-05
4.410743713378906e-05
5.6743621826171875e-05
8.678436279296875e-05
4.8160552978515625e-05
4.982948303222656e-05
7.271766662597656e-05
4.649162292480469e-05
6.532669067382812e-05
8.463859558105469e-05
5.7697296142578125e-05
7.62939453125e-05
0.00010275840759277344
0.0001373291015625
7.367134094238281e-05
0.00010848045349121094
6.437301635742188e-05
0.0001049041748046875
4.839897155761719e-05
6.103515625e-05
8.440017700195312e-05
6.794929504394531e-05
7.319450378417969e-05
6.508827209472656e-05
1.8596649169921875e-05
0.00012302398681640625
0.00012421607971191406
5.221366882324219e-05
5.435943603515625e-05
8.7738037109375e-05
5.7697296142578125e-05
7.367134094238281e-05
8.7738037109375e-05
5.91278076171875e-05
1.8358230590820312e-05
6.771087646484375e-05
5.817413330078125e-05
7.534027099609375e-05
8.0108642578125e-05
6.341934204101562e-05
7.128715515136719e-05
6.914138793945312e-05
5.53131103515625e-05
8.606910705566406e-05
9.441375732421875e-05
6.0558319091796875e-05
7.748603820800781e-05
5.435943603515625e-05
5.698204040527344e-05
0.00010585784912109375
6.151199340820312e-05
7.033348083496094e-05
0.00011730194091796875
8.082389831542969e-05
8.082389831542969e-05
5.888938903808594e-05
7.43865966796875e-05
7.700920104980469e-05
0.0001270771026611328
9.655952453613281e-05
7.009506225585938e-05
9.083747863769531e-05
8.487701416015625e-05
8.7738037109375e-05
9.274482727050781e-05
0.00010943412780761719
7.128715515136719e-05
0.00010037422180175781
9.751319885253906e-05
9.322166442871094e-05
0.00016117095947265625
0.00013303756713867188
0.0001571178436279297
0.000202178955078125
7.581710815429688e-05
6.318092346191406e-05
8.296966552734375e-05
6.29425048828125e-05
0.0001704692840576172
5.53131103515625e-05
7.62939453125e-05
6.628036499023438e-05
8.654594421386719e-05
