0.00014925003051757812
0.00012040138244628906
8.0108642578125e-05
0.0004906654357910156
0.00012087821960449219
9.465217590332031e-05
8.487701416015625e-05
8.678436279296875e-05
7.605552673339844e-05
0.00014710426330566406
8.630752563476562e-05
6.771087646484375e-05
5.7697296142578125e-05
7.605552673339844e-05
8.487701416015625e-05
0.00010538101196289062
5.698204040527344e-05
0.00010752677917480469
8.487701416015625e-05
5.125999450683594e-05
0.00016951560974121094
0.0001316070556640625
5.53131103515625e-05
5.626678466796875e-05
0.00011920928955078125
8.511543273925781e-05
4.792213439941406e-05
7.176399230957031e-05
9.202957153320312e-05
8.7738037109375e-05
7.462501525878906e-05
7.104873657226562e-05
8.749961853027344e-05
7.343292236328125e-05
0.0001327991485595703
0.00015211105346679688
0.00014472007751464844
0.00011801719665527344
0.0001862049102783203
0.0001423358917236328
0.00012063980102539062
9.131431579589844e-05
0.00026297569274902344
8.225440979003906e-05
6.794929504394531e-05
9.1552734375e-05
0.00011396408081054688
7.891654968261719e-05
8.416175842285156e-05
0.000102996826171875
0.00014019012451171875
9.298324584960938e-05
7.271766662597656e-05
6.771087646484375e-05
6.651878356933594e-05
6.127357482910156e-05
8.344650268554688e-05
8.058547973632812e-05
7.462501525878906e-05
6.937980651855469e-05
0.00010204315185546875
7.128715515136719e-05
0.0001270771026611328
8.916854858398438e-05
8.273124694824219e-05
0.00012159347534179688
8.440017700195312e-05
6.771087646484375e-05
7.677078247070312e-05
0.00012183189392089844
7.963180541992188e-05
7.534027099609375e-05
0.00015211105346679688
0.00010037422180175781
7.128715515136719e-05
6.198883056640625e-05
0.00013256072998046875
0.0001735687255859375
8.0108642578125e-05
9.393692016601562e-05
0.00016260147094726562
2.5033950805664062e-05
0.0001049041748046875
0.0002071857452392578
0.0001850128173828125
7.82012939453125e-05
7.128715515136719e-05
0.00011563301086425781
0.00011754035949707031
8.225440979003906e-05
8.535385131835938e-05
0.00010561943054199219
8.0108642578125e-05
5.793571472167969e-05
6.246566772460938e-05
8.130073547363281e-05
8.392333984375e-05
6.175041198730469e-05
0.0001304149627685547
7.390975952148438e-05
7.367134094238281e-05
9.1552734375e-05
6.794929504394531e-05
9.751319885253906e-05
6.29425048828125e-05
6.461143493652344e-05
7.486343383789062e-05
7.367134094238281e-05
5.745887756347656e-05
6.818771362304688e-05
5.53131103515625e-05
4.935264587402344e-05
6.866455078125e-05
5.245208740234375e-05
8.702278137207031e-05
0.00010013580322265625
0.00010180473327636719
7.414817810058594e-05
6.222724914550781e-05
9.822845458984375e-05
5.221366882324219e-05
0.00011181831359863281
6.127357482910156e-05
5.841255187988281e-05
0.0001373291015625
9.012222290039062e-05
5.030632019042969e-05
7.2479248046875e-05
9.417533874511719e-05
6.604194641113281e-05
6.079673767089844e-05
7.104873657226562e-05
9.107589721679688e-05
9.489059448242188e-05
6.341934204101562e-05
6.461143493652344e-05
7.486343383789062e-05
5.698204040527344e-05
0.00016379356384277344
2.6464462280273438e-05
7.033348083496094e-05
0.00010395050048828125
0.00010633468627929688
0.00010967254638671875
5.4836273193359375e-05
0.000171661376953125
0.000102996826171875
6.937980651855469e-05
5.841255187988281e-05
0.00010085105895996094
7.462501525878906e-05
7.987022399902344e-05
0.00011563301086425781
7.271766662597656e-05
1.811981201171875e-05
7.152557373046875e-05
7.224082946777344e-05
9.608268737792969e-05
9.679794311523438e-05
0.0001347064971923828
6.318092346191406e-05
6.437301635742188e-05
5.9604644775390625e-05
0.00012111663818359375
6.198883056640625e-05
6.866455078125e-05
0.00014829635620117188
9.107589721679688e-05
5.53131103515625e-05
0.00010037422180175781
0.00011777877807617188
5.412101745605469e-05
5.4836273193359375e-05
8.654594421386719e-05
0.00010132789611816406
0.000164031982421875
7.581710815429688e-05
5.91278076171875e-05
5.888938903808594e-05
5.8650970458984375e-05
6.794929504394531e-05
5.0067901611328125e-05
5.2928924560546875e-05
5.793571472167969e-05
7.176399230957031e-05
9.846687316894531e-05
5.984306335449219e-05
5.4836273193359375e-05
5.5789947509765625e-05
7.700920104980469e-05
5.793571472167969e-05
0.0001475811004638672
8.893013000488281e-05
5.054473876953125e-05
5.173683166503906e-05
4.458427429199219e-05
4.696846008300781e-05
4.935264587402344e-05
6.961822509765625e-05
