1001110	0
1001111	0
1001112	0
1001113	0
1001114	0
1001115	0
1001116	0
1001117	0
1001118	0
1001119	0
1001120	0
1001121	0
1001122	1
1001123	1
1001124	1
1001125	1
1001126	1
1001127	1
1001128	1
1001129	1
1001130	1
1001131	1
1001132	1
1001133	1
1001134	1
1001135	1
1001136	1
1001137	1
1001138	1
1001139	1
1001140	1
1001141	1
1001142	1
1001143	1
1001144	1
1001145	1
1001146	1
1001147	1
1001148	1
1001149	1
1001150	1
1001151	1
1001152	1
1001153	1
1001154	1
1001155	1
1001156	1
1001157	1
1001158	1
1001159	1
1001160	1
1001161	1
1001162	1
1001163	1
1001164	1
1001165	1
1001166	1
1001167	1
1001168	1
1001169	1
1001170	1
1001171	1
1001172	1
1001173	1
1001174	1
1001175	1
1001176	1
1001177	1
1001178	1
1001179	1
1001180	1
1001181	1
1001182	1
1001183	1
1001184	1
1001185	1
1001186	1
1001187	1
1001188	1
1001189	1
1001190	1
1001191	1
1001192	1
1001193	1
1001194	1
1001195	1
1001196	1
1001197	1
1001198	1
1001199	1
1001200	0
1001201	0
1001202	0
1001203	0
1001204	0
1001205	0
1001206	0
1001207	0
1001208	0
1001209	0
1001210	0
1001211	0
1001212	0
1001213	0
1001214	0
1001215	0
1001216	0
1001217	0
1001218	0
1001219	0
1001220	0
1001221	0
1001222	0
1001223	0
1001224	0
1001225	0
1001226	0
1001227	0
1001228	0
1001229	0
1001230	0
1001231	0
1001232	0
1001233	0
1001234	0
1001235	0
1001236	0
1001237	0
1001238	0
1001239	0
1001240	0
1001241	0
1001242	0
1001243	0
1001244	0
1001245	0
1001246	0
1001247	0
1001248	0
1001249	0
1001250	0
1001251	0
1001252	0
1001253	0
1001254	0
1001255	0
1001256	0
1001257	0
1001258	0
1001259	0
1001260	0
1001261	0
1001262	0
1001263	0
1001264	0
1001265	0
1001266	0
1001267	0
1001268	0
1001269	0
1001270	0
1001271	0
1001272	0
1001273	0
1001274	0
1001275	0
1001276	0
1001277	0
1001278	0
1001279	0
1001280	0
1001281	0
1001282	0
1001283	0
1001284	1
1001285	1
1001286	1
1001287	1
1001288	1
1001289	1
1001290	1
1001291	1
1001292	1
1001293	1
1001294	1
1001295	1
1001296	1
1001297	1
1001298	1
1001299	1
1001300	0
1001301	0
1001302	0
1001303	0
1001304	0
1001305	0
1001306	0
1001307	0
1001308	0
1001309	0
1001310	0
1001311	1
1001312	1
1001313	1
1001314	1
1001315	1
1001316	1
1001317	1
1001318	1
1001319	1
1001320	1
1001321	1
1001322	1
1001323	1
1001324	1
1001325	1
1001326	1
1001327	1
1001328	0
1001329	0
1001330	0
1001331	1
1001332	1
1001333	1
1001334	1
1001335	1
1001336	1
1001337	1
1001338	1
1001339	1
1001340	1
1001341	1
1001342	1
1001343	1
1001344	1
1001345	0
1001346	0
1001347	0
1001348	0
1001349	0
1001350	0
1001351	0
1001352	0
1001353	0
1001354	0
1001355	0
1001356	0
1001357	0
1001358	0
1001359	0
1001360	0
1001361	0
1001362	0
1001363	0
1001364	0
1001365	0
1001366	0
1001367	0
1001368	0
1001369	0
1001370	0
1001371	0
1001372	0
1001373	0
1001374	0
1001375	0
1001376	0
1001377	0
1001378	0
1001379	0
1001380	0
1001381	0
1001382	0
1001383	0
1001384	0
1001385	0
1001386	0
1001387	0
1001388	0
1001389	0
1001390	0
1001391	0
1001392	0
1001393	0
1001394	0
1001395	0
1001396	0
1001397	0
1001398	0
1001399	0
1001400	0
1001401	0
1001402	0
1001403	0
1001404	0
1001405	0
1001406	0
1001407	0
1001408	0
1001409	0
1001410	0
1001411	0
1001412	0
1001413	0
1001414	0
1001415	0
1001416	0
1001417	0
1001418	0
1001419	0
1001420	0
1001421	0
1001422	0
1001423	0
1001424	0
1001425	0
1001426	0
1001427	0
1001428	0
1001429	0
1001430	0
1001431	0
1001432	0
1001433	0
1001434	0
1001435	0
1001436	0
1001437	0
1001438	0
1001439	0
1001440	0
1001441	0
1001442	0
1001443	0
1001444	0
1001445	0
1001446	0
1001447	0
1001448	0
1001449	0
1001450	0
1001451	0
1001452	0
1001453	0
1001454	0
1001455	0
1001456	0
1001457	0
1001458	0
1001459	0
1001460	0
1001461	0
1001462	0
1001463	0
1001464	0
1001465	0
1001466	0
1001467	0
1001468	0
1001469	0
1001470	0
1001471	0
1001472	1
1001473	1
1001474	1
1001475	0
1001476	0
1001477	0
1001478	0
1001479	0
1001480	0
1001481	0
1001482	0
1001483	0
1001484	0
1001485	0
1001486	0
1001487	0
1001488	0
1001489	0
1001490	0
1001491	0
1001492	0
1001493	0
1001494	0
1001495	0
1001496	0
1001497	0
1001498	0
1001499	0
1001500	0
1001501	0
1001502	0
1001503	0
1001504	0
1001505	0
1001506	0
1001507	0
1001508	0
1001509	0
1001510	0
1001511	0
1001512	0
1001513	0
1001514	0
1001515	0
1001516	0
1001517	0
1001518	0
1001519	0
1001520	0
1001521	0
1001522	0
1001523	0
1001524	0
1001525	0
1001526	0
1001527	0
1001528	0
1001529	0
1001530	0
1001531	0
1001532	0
1001533	0
1001534	0
1001535	0
1001536	0
1001537	0
1001538	0
1001539	0
1001540	0
1001541	0
1001542	0
1001543	0
1001544	0
1001545	0
1001546	0
1001547	0
1001548	0
1001549	0
1001550	0
1001551	0
1001552	0
1001553	0
1001554	0
1001555	0
1001556	0
1001557	0
1001558	0
1001559	0
1001560	0
1001561	0
1001562	0
1001563	0
1001564	0
1001565	0
1001566	0
1001567	0
1001568	0
1001569	0
1001570	0
1001571	0
1001572	0
1001573	0
1001574	0
1001575	0
1001576	0
1001577	0
1001578	0
1001579	0
1001580	0
1001581	0
1001582	0
1001583	0
1001584	0
1001585	0
1001586	0
1001587	0
1001588	0
1001589	0
1001590	0
1001591	0
1001592	0
1001593	0
1001594	0
1001595	0
1001596	0
1001597	0
1001598	0
1001599	0
1001600	0
1001601	0
1001602	0
1001603	0
1001604	0
1001605	0
1001606	0
1001607	0
1001608	0
1001609	0
1001610	0
1001611	0
1001612	0
1001613	0
1001614	0
1001615	0
1001616	0
1001617	0
1001618	0
1001619	0
1001620	0
1001621	0
1001622	0
1001623	0
1001624	0
1001625	0
1001626	0
1001627	0
1001628	0
1001629	0
1001630	0
1001631	0
1001632	0
1001633	0
1001634	0
1001635	0
1001636	0
1001637	0
1001638	0
1001639	0
1001640	0
1001641	0
1001642	0
1001643	0
1001644	0
1001645	0
1001646	0
1001647	0
1001648	0
1001649	0
1001650	0
1001651	0
1001652	0
1001653	0
1001654	0
1001655	0
1001656	0
1001657	0
1001658	0
1001659	0
1001660	0
1001661	0
1001662	0
1001663	0
1001664	0
1001665	0
1001666	0
1001667	0
1001668	0
1001669	0
1001670	0
1001671	0
1001672	0
1001673	0
1001674	0
1001675	0
1001676	0
1001677	0
1001678	0
1001679	0
1001680	0
1001681	0
1001682	0
1001683	0
1001684	0
1001685	0
1001686	0
1001687	0
1001688	0
1001689	0
1001690	0
1001691	0
1001692	0
1001693	0
1001694	0
1001695	0
1001696	0
1001697	0
1001698	0
1001699	0
1001700	0
1001701	0
1001702	0
1001703	0
1001704	0
1001705	0
1001706	0
1001707	0
1001708	0
1001709	0
1001710	0
1001711	0
1001712	0
1001713	0
1001714	0
1001715	0
1001716	0
1001717	0
1001718	0
1001719	0
1001720	0
1001721	0
1001722	0
1001723	0
1001724	0
1001725	0
1001726	0
1001727	0
1001728	0
1001729	0
1001730	0
1001731	0
1001732	0
1001733	0
1001734	0
1001735	0
1001736	0
1001737	0
1001738	0
1001739	0
1001740	0
1001741	1
1001742	1
1001743	1
1001744	1
1001745	1
1001746	1
1001747	1
1001748	1
1001749	1
1001750	1
1001751	1
1001752	1
1001753	1
1001754	1
1001755	1
1001756	0
1001757	0
1001758	2
1001759	1
1001760	1
1001761	1
1001762	1
1001763	1
1001764	1
1001765	1
1001766	1
1001767	1
1001768	1
1001769	1
1001770	1
1001771	1
1001772	1
1001773	1
1001774	1
1001775	1
1001776	1
1001777	1
1001778	0
1001779	1
1001780	1
1001781	1
1001782	1
1001783	1
1001784	1
1001785	0
1001786	0
1001787	0
1001788	0
1001789	1
1001790	1
1001791	1
1001792	1
1001793	1
1001794	1
1001795	1
1001796	1
1001797	1
1001798	1
1001799	1
1001800	1
1001801	1
1001802	1
1001803	1
1001804	1
1001805	1
1001806	2
1001807	2
1001808	2
1001809	2
1001810	2
1001811	2
1001812	2
1001813	1
1001814	1
1001815	1
1001816	1
1001817	1
1001818	1
1001819	1
1001820	1
1001821	1
1001822	1
1001823	0
1001824	0
1001825	0
1001826	0
1001827	0
1001828	0
1001829	0
1001830	0
1001831	0
1001832	0
1001833	0
1001834	0
1001835	0
1001836	0
1001837	0
1001838	0
1001839	0
1001840	0
1001841	0
1001842	0
1001843	0
1001844	0
1001845	0
1001846	0
1001847	0
1001848	0
1001849	0
1001850	0
1001851	0
1001852	0
1001853	0
1001854	0
1001855	0
1001856	0
1001857	0
1001858	0
1001859	0
1001860	0
1001861	0
1001862	0
1001863	0
1001864	0
1001865	0
1001866	0
1001867	0
1001868	0
1001869	0
1001870	0
1001871	0
1001872	0
1001873	0
1001874	0
1001875	0
1001876	0
1001877	0
1001878	0
1001879	0
1001880	0
1001881	0
1001882	0
1001883	0
1001884	0
1001885	0
1001886	0
1001887	0
1001888	0
1001889	0
1001890	0
1001891	0
1001892	0
1001893	0
1001894	0
1001895	0
1001896	0
1001897	0
1001898	1
1001899	1
1001900	1
1001901	1
1001902	1
1001903	1
1001904	1
1001905	0
1001906	0
1001907	0
1001908	0
1001909	0
1001910	0
1001911	0
1001912	0
1001913	0
1001914	0
1001915	0
1001916	0
1001917	0
1001918	0
1001919	0
1001920	0
1001921	0
1001922	0
1001923	0
1001924	0
1001925	0
1001926	0
1001927	0
1001928	0
1001929	0
1001930	0
1001931	0
1001932	0
1001933	0
1001934	0
1001935	0
1001936	0
1001937	0
1001938	0
1001939	0
1001940	0
1001941	0
1001942	0
1001943	0
1001944	0
1001945	0
1001946	0
1001947	0
1001948	0
1001949	0
1001950	0
1001951	0
1001952	0
1001953	0
1001954	0
1001955	0
1001956	0
1001957	0
1001958	0
1001959	0
1001960	0
1001961	0
1001962	0
1001963	0
1001964	0
1001965	0
1001966	1
1001967	1
1001968	1
1001969	1
1001970	1
1001971	1
1001972	1
1001973	1
1001974	1
1001975	1
1001976	1
1001977	1
1001978	1
1001979	1
1001980	0
1001981	0
1001982	0
1001983	0
1001984	0
1001985	0
1001986	0
1001987	0
1001988	0
1001989	0
1001990	0
1001991	1
1001992	1
1001993	1
1001994	1
1001995	1
1001996	1
1001997	1
1001998	1
1001999	1
1002000	1
1002001	1
1002002	1
1002003	1
1002004	1
1002005	1
1002006	1
1002007	1
1002008	1
1002009	0
1002010	0
1002011	0
1002012	0
1002013	0
1002014	0
1002015	0
1002016	0
1002017	0
1002018	0
1002019	1
1002020	1
1002021	1
1002022	1
1002023	1
1002024	1
1002025	1
1002026	1
1002027	1
1002028	1
1002029	1
1002030	1
1002031	1
1002032	1
1002033	1
1002034	0
1002035	0
1002036	0
1002037	0
1002038	0
1002039	0
1002040	0
1002041	0
1002042	0
1002043	0
1002044	0
1002045	0
1002046	0
1002047	0
1002048	0
1002049	0
1002050	0
1002051	0
1002052	0
1002053	0
1002054	0
1002055	0
1002056	0
1002057	0
1002058	0
1002059	0
1002060	0
1002061	0
1002062	0
1002063	0
1002064	0
1002065	0
1002066	0
1002067	0
1002068	0
1002069	0
1002070	0
1002071	0
1002072	0
1002073	0
1002074	0
1002075	0
1002076	0
1002077	0
1002078	0
1002079	0
1002080	0
1002081	0
1002082	0
1002083	0
1002084	0
1002085	0
1002086	0
1002087	0
1002088	0
1002089	0
1002090	0
1002091	0
1002092	0
1002093	0
1002094	0
1002095	0
1002096	0
1002097	0
1002098	0
1002099	0
1002100	0
1002101	0
1002102	0
1002103	0
1002104	0
1002105	0
1002106	0
1002107	0
1002108	0
1002109	0
1002110	0
1002111	0
1002112	0
1002113	0
1002114	0
1002115	0
1002116	0
1002117	0
1002118	0
1002119	0
1002120	0
1002121	0
1002122	0
1002123	0
1002124	0
1002125	0
1002126	0
1002127	0
1002128	0
1002129	0
1002130	0
1002131	0
1002132	0
1002133	0
1002134	0
1002135	0
1002136	0
1002137	0
1002138	0
1002139	0
1002140	0
1002141	0
1002142	0
1002143	0
1002144	0
1002145	0
1002146	0
1002147	0
1002148	0
1002149	0
1002150	0
1002151	0
1002152	0
1002153	0
1002154	0
1002155	0
1002156	0
1002157	0
1002158	0
1002159	0
1002160	0
1002161	0
1002162	0
1002163	0
1002164	0
1002165	0
1002166	0
1002167	0
1002168	0
1002169	0
1002170	0
1002171	0
1002172	0
1002173	0
1002174	0
1002175	0
1002176	0
1002177	0
1002178	0
1002179	0
1002180	0
1002181	0
1002182	0
1002183	0
1002184	0
1002185	0
1002186	0
1002187	0
1002188	0
1002189	0
1002190	0
1002191	0
1002192	0
1002193	0
1002194	0
1002195	0
1002196	0
1002197	0
1002198	0
1002199	0
1002200	0
1002201	0
1002202	0
1002203	0
1002204	0
1002205	0
1002206	0
1002207	0
1002208	0
1002209	0
1002210	0
1002211	1
1002212	1
1002213	1
1002214	0
1002215	0
1002216	0
1002217	0
1002218	1
1002219	0
1002220	0
1002221	0
1002222	0
1002223	1
1002224	1
1002225	1
1002226	1
1002227	1
1002228	1
1002229	1
1002230	1
1002231	1
1002232	1
1002233	1
1002234	1
1002235	1
1002236	1
1002237	0
1002238	1
1002239	1
1002240	1
1002241	1
1002242	1
1002243	1
1002244	1
1002245	1
1002246	1
1002247	2
1002248	2
1002249	2
1002250	2
1002251	3
1002252	3
1002253	2
1002254	1
1002255	1
1002256	1
1002257	1
1002258	0
1002259	1
1002260	1
1002261	1
1002262	1
1002263	1
1002264	0
1002265	0
1002266	0
1002267	0
1002268	0
1002269	1
1002270	1
1002271	1
1002272	1
1002273	1
1002274	1
1002275	1
1002276	1
1002277	1
1002278	1
1002279	1
1002280	1
1002281	1
1002282	1
1002283	1
1002284	1
1002285	1
1002286	0
1002287	0
1002288	0
1002289	0
1002290	1
1002291	1
1002292	1
1002293	1
1002294	1
1002295	1
1002296	1
1002297	1
1002298	1
1002299	1
1002300	1
1002301	1
1002302	1
1002303	1
1002304	1
1002305	1
1002306	1
1002307	1
1002308	1
1002309	1
1002310	1
1002311	1
1002312	1
1002313	0
1002314	0
1002315	0
1002316	0
1002317	0
1002318	0
1002319	0
1002320	0
1002321	0
1002322	0
1002323	0
1002324	0
1002325	0
1002326	1
1002327	1
1002328	1
1002329	1
1002330	1
1002331	1
1002332	1
1002333	1
1002334	1
1002335	1
1002336	1
1002337	1
1002338	1
1002339	1
1002340	1
1002341	1
1002342	1
1002343	0
1002344	0
1002345	0
1002346	0
1002347	0
1002348	0
1002349	0
1002350	0
1002351	0
1002352	1
1002353	1
1002354	1
1002355	1
1002356	1
1002357	2
1002358	2
1002359	2
1002360	2
1002361	2
1002362	1
1002363	1
1002364	2
1002365	2
1002366	2
1002367	2
1002368	2
1002369	2
1002370	2
1002371	2
1002372	2
1002373	1
1002374	2
1002375	2
1002376	2
1002377	2
1002378	1
1002379	1
1002380	1
1002381	1
1002382	1
1002383	1
1002384	1
1002385	1
1002386	1
1002387	0
1002388	0
1002389	0
1002390	0
1002391	0
1002392	0
1002393	0
1002394	1
1002395	1
1002396	1
1002397	1
1002398	1
1002399	1
1002400	1
1002401	1
1002402	1
1002403	1
1002404	1
1002405	1
1002406	1
1002407	1
1002408	1
1002409	1
1002410	1
1002411	1
1002412	1
1002413	1
1002414	1
1002415	1
1002416	1
1002417	1
1002418	1
1002419	1
1002420	1
1002421	1
1002422	1
1002423	1
1002424	1
1002425	1
1002426	1
1002427	1
1002428	1
1002429	1
1002430	1
1002431	1
1002432	1
1002433	1
1002434	1
1002435	1
1002436	1
1002437	1
1002438	1
1002439	1
1002440	1
1002441	1
1002442	1
1002443	1
1002444	1
1002445	1
1002446	1
1002447	1
1002448	1
1002449	1
1002450	1
1002451	1
1002452	1
1002453	1
1002454	1
1002455	1
1002456	1
1002457	1
1002458	1
1002459	1
1002460	1
1002461	1
1002462	1
1002463	1
1002464	1
1002465	1
1002466	1
1002467	1
1002468	0
1002469	0
1002470	0
1002471	0
1002472	0
1002473	0
1002474	0
1002475	0
1002476	0
1002477	0
1002478	0
1002479	0
1002480	0
1002481	0
1002482	0
1002483	0
1002484	0
1002485	0
1002486	0
1002487	0
1002488	0
1002489	0
1002490	0
1002491	0
1002492	0
1002493	0
1002494	0
1002495	0
1002496	0
1002497	0
1002498	0
1002499	0
1002500	0
1002501	0
1002502	0
1002503	0
1002504	1
1002505	1
1002506	1
1002507	1
1002508	1
1002509	1
1002510	1
1002511	1
1002512	1
1002513	1
1002514	1
1002515	0
1002516	0
1002517	0
1002518	0
1002519	0
1002520	0
1002521	0
1002522	0
1002523	1
1002524	1
1002525	1
1002526	1
1002527	1
1002528	1
1002529	1
1002530	1
1002531	1
1002532	1
1002533	1
1002534	1
1002535	1
1002536	0
1002537	0
1002538	0
1002539	0
1002540	0
1002541	0
1002542	0
1002543	0
1002544	0
1002545	0
1002546	0
1002547	1
1002548	1
1002549	1
1002550	1
1002551	1
1002552	1
1002553	1
1002554	1
1002555	1
1002556	1
1002557	1
1002558	1
1002559	1
1002560	1
1002561	1
1002562	1
1002563	1
1002564	1
1002565	0
1002566	0
1002567	0
1002568	0
1002569	0
1002570	0
1002571	0
1002572	0
1002573	0
1002574	0
1002575	0
1002576	0
1002577	0
1002578	0
1002579	1
1002580	1
1002581	1
1002582	1
1002583	1
1002584	1
1002585	1
1002586	1
1002587	1
1002588	1
1002589	1
1002590	1
1002591	1
1002592	1
1002593	1
1002594	1
1002595	1
1002596	1
1002597	0
1002598	0
1002599	0
1002600	0
1002601	0
1002602	0
1002603	0
1002604	0
1002605	0
1002606	0
1002607	0
1002608	0
1002609	1
1002610	1
1002611	1
1002612	1
1002613	1
1002614	1
1002615	1
1002616	0
1002617	0
1002618	0
1002619	0
1002620	0
1002621	0
1002622	0
1002623	0
1002624	0
1002625	0
1002626	0
1002627	0
1002628	0
1002629	0
1002630	0
1002631	0
1002632	0
1002633	0
1002634	0
1002635	0
1002636	0
1002637	0
1002638	0
1002639	0
1002640	0
1002641	0
1002642	0
1002643	0
1002644	0
1002645	0
1002646	0
1002647	0
1002648	0
1002649	0
1002650	0
1002651	0
1002652	0
1002653	0
1002654	0
1002655	0
1002656	0
1002657	0
1002658	0
1002659	0
1002660	0
1002661	0
1002662	0
1002663	0
1002664	0
1002665	0
1002666	0
1002667	0
1002668	0
1002669	0
1002670	0
1002671	0
1002672	0
1002673	0
1002674	0
1002675	0
1002676	0
1002677	0
1002678	0
1002679	0
1002680	0
1002681	0
1002682	0
1002683	1
1002684	1
1002685	1
1002686	1
1002687	1
1002688	1
1002689	1
1002690	1
1002691	1
1002692	1
1002693	1
1002694	0
1002695	1
1002696	1
1002697	1
1002698	1
1002699	1
1002700	1
1002701	1
1002702	1
1002703	1
1002704	1
1002705	1
1002706	2
1002707	2
1002708	2
1002709	2
1002710	2
