1001110	1
1001111	1
1001112	1
1001113	1
1001114	1
1001115	1
1001116	1
1001117	1
1001118	1
1001119	1
1001120	2
1001121	3
1001122	4
1001123	4
1001124	4
1001125	4
1001126	4
1001127	3
1001128	3
1001129	2
1001130	2
1001131	2
1001132	2
1001133	2
1001134	2
1001135	2
1001136	2
1001137	2
1001138	2
1001139	2
1001140	3
1001141	3
1001142	3
1001143	3
1001144	3
1001145	3
1001146	3
1001147	3
1001148	3
1001149	3
1001150	3
1001151	3
1001152	3
1001153	3
1001154	3
1001155	2
1001156	2
1001157	2
1001158	2
1001159	2
1001160	2
1001161	2
1001162	1
1001163	2
1001164	2
1001165	2
1001166	2
1001167	2
1001168	1
1001169	1
1001170	1
1001171	1
1001172	2
1001173	2
1001174	2
1001175	2
1001176	2
1001177	1
1001178	2
1001179	2
1001180	2
1001181	2
1001182	2
1001183	1
1001184	1
1001185	1
1001186	1
1001187	1
1001188	2
1001189	2
1001190	2
1001191	2
1001192	1
1001193	1
1001194	1
1001195	1
1001196	1
1001197	1
1001198	1
1001199	1
1001200	2
1001201	2
1001202	2
1001203	2
1001204	3
1001205	3
1001206	2
1001207	2
1001208	3
1001209	3
1001210	3
1001211	3
1001212	3
1001213	3
1001214	3
1001215	3
1001216	3
1001217	3
1001218	3
1001219	3
1001220	3
1001221	3
1001222	3
1001223	3
1001224	3
1001225	3
1001226	3
1001227	3
1001228	3
1001229	3
1001230	2
1001231	2
1001232	2
1001233	2
1001234	2
1001235	2
1001236	2
1001237	2
1001238	2
1001239	2
1001240	2
1001241	2
1001242	2
1001243	2
1001244	2
1001245	2
1001246	2
1001247	2
1001248	3
1001249	3
1001250	3
1001251	3
1001252	2
1001253	2
1001254	2
1001255	2
1001256	2
1001257	2
1001258	2
1001259	2
1001260	0
1001261	0
1001262	0
1001263	0
1001264	0
1001265	0
1001266	0
1001267	0
1001268	0
1001269	1
1001270	2
1001271	2
1001272	2
1001273	2
1001274	1
1001275	0
1001276	0
1001277	0
1001278	0
1001279	0
1001280	0
1001281	0
1001282	0
1001283	1
1001284	1
1001285	1
1001286	1
1001287	1
1001288	1
1001289	1
1001290	1
1001291	1
1001292	1
1001293	2
1001294	2
1001295	3
1001296	3
1001297	3
1001298	3
1001299	2
1001300	2
1001301	2
1001302	2
1001303	2
1001304	2
1001305	2
1001306	2
1001307	2
1001308	2
1001309	3
1001310	3
1001311	3
1001312	2
1001313	2
1001314	2
1001315	2
1001316	2
1001317	2
1001318	2
1001319	2
1001320	2
1001321	2
1001322	2
1001323	2
1001324	2
1001325	2
1001326	2
1001327	2
1001328	2
1001329	2
1001330	2
1001331	2
1001332	2
1001333	3
1001334	1
1001335	1
1001336	1
1001337	1
1001338	1
1001339	2
1001340	2
1001341	2
1001342	2
1001343	2
1001344	2
1001345	2
1001346	2
1001347	2
1001348	2
1001349	2
1001350	2
1001351	2
1001352	2
1001353	2
1001354	2
1001355	2
1001356	2
1001357	2
1001358	2
1001359	2
1001360	2
1001361	2
1001362	2
1001363	2
1001364	2
1001365	2
1001366	3
1001367	3
1001368	3
1001369	2
1001370	2
1001371	2
1001372	2
1001373	2
1001374	2
1001375	2
1001376	2
1001377	2
1001378	2
1001379	2
1001380	2
1001381	2
1001382	2
1001383	2
1001384	2
1001385	2
1001386	2
1001387	2
1001388	2
1001389	2
1001390	2
1001391	3
1001392	3
1001393	3
1001394	3
1001395	3
1001396	3
1001397	2
1001398	2
1001399	2
1001400	2
1001401	2
1001402	2
1001403	2
1001404	2
1001405	2
1001406	2
1001407	3
1001408	3
1001409	3
1001410	3
1001411	3
1001412	2
1001413	2
1001414	2
1001415	2
1001416	2
1001417	2
1001418	2
1001419	2
1001420	2
1001421	2
1001422	2
1001423	2
1001424	2
1001425	2
1001426	2
1001427	2
1001428	2
1001429	2
1001430	2
1001431	3
1001432	3
1001433	2
1001434	2
1001435	2
1001436	2
1001437	2
1001438	2
1001439	2
1001440	2
1001441	2
1001442	3
1001443	3
1001444	3
1001445	3
1001446	4
1001447	4
1001448	4
1001449	4
1001450	3
1001451	2
1001452	2
1001453	2
1001454	2
1001455	1
1001456	1
1001457	1
1001458	1
1001459	1
1001460	1
1001461	2
1001462	2
1001463	3
1001464	3
1001465	3
1001466	3
1001467	3
1001468	3
1001469	2
1001470	2
1001471	2
1001472	2
1001473	2
1001474	2
1001475	2
1001476	1
1001477	1
1001478	1
1001479	1
1001480	1
1001481	1
1001482	1
1001483	1
1001484	1
1001485	1
1001486	1
1001487	2
1001488	2
1001489	2
1001490	1
1001491	2
1001492	2
1001493	2
1001494	2
1001495	2
1001496	2
1001497	2
1001498	2
1001499	2
1001500	2
1001501	2
1001502	3
1001503	3
1001504	3
1001505	4
1001506	4
1001507	4
1001508	4
1001509	4
1001510	4
1001511	4
1001512	4
1001513	4
1001514	4
1001515	4
1001516	4
1001517	4
1001518	4
1001519	4
1001520	4
1001521	4
1001522	4
1001523	4
1001524	4
1001525	3
1001526	2
1001527	2
1001528	1
1001529	1
1001530	1
1001531	1
1001532	1
1001533	1
1001534	1
1001535	2
1001536	2
1001537	2
1001538	2
1001539	2
1001540	1
1001541	1
1001542	2
1001543	2
1001544	3
1001545	3
1001546	3
1001547	3
1001548	3
1001549	3
1001550	3
1001551	3
1001552	3
1001553	3
1001554	3
1001555	3
1001556	3
1001557	3
1001558	3
1001559	3
1001560	3
1001561	3
1001562	3
1001563	3
1001564	3
1001565	3
1001566	3
1001567	3
1001568	3
1001569	4
1001570	4
1001571	4
1001572	4
1001573	3
1001574	3
1001575	3
1001576	3
1001577	3
1001578	3
1001579	3
1001580	3
1001581	3
1001582	3
1001583	4
1001584	4
1001585	4
1001586	4
1001587	4
1001588	4
1001589	4
1001590	4
1001591	4
1001592	4
1001593	4
1001594	4
1001595	4
1001596	4
1001597	4
1001598	4
1001599	4
1001600	4
1001601	4
1001602	4
1001603	4
1001604	4
1001605	6
1001606	6
1001607	6
1001608	6
1001609	7
1001610	7
1001611	7
1001612	7
1001613	7
1001614	7
1001615	7
1001616	7
1001617	6
1001618	6
1001619	6
1001620	6
1001621	6
1001622	6
1001623	6
1001624	6
1001625	5
1001626	6
1001627	6
1001628	6
1001629	6
1001630	6
1001631	5
1001632	5
1001633	5
1001634	5
1001635	4
1001636	4
1001637	4
1001638	4
1001639	4
1001640	3
1001641	3
1001642	2
1001643	2
1001644	3
1001645	3
1001646	2
1001647	2
1001648	3
1001649	3
1001650	4
1001651	4
1001652	3
1001653	3
1001654	2
1001655	2
1001656	3
1001657	2
1001658	2
1001659	3
1001660	3
1001661	3
1001662	2
1001663	1
1001664	1
1001665	0
1001666	0
1001667	1
1001668	2
1001669	2
1001670	2
1001671	2
1001672	2
1001673	2
1001674	2
1001675	2
1001676	2
1001677	2
1001678	2
1001679	2
1001680	2
1001681	1
1001682	1
1001683	1
1001684	1
1001685	1
1001686	1
1001687	1
1001688	1
1001689	1
1001690	1
1001691	3
1001692	3
1001693	3
1001694	2
1001695	2
1001696	2
1001697	2
1001698	2
1001699	2
1001700	2
1001701	3
1001702	3
1001703	3
1001704	3
1001705	3
1001706	3
1001707	2
1001708	2
1001709	2
1001710	2
1001711	3
1001712	3
1001713	3
1001714	3
1001715	3
1001716	3
1001717	2
1001718	2
1001719	2
1001720	2
1001721	2
1001722	2
1001723	3
1001724	3
1001725	3
1001726	3
1001727	3
1001728	3
1001729	3
1001730	3
1001731	3
1001732	3
1001733	3
1001734	3
1001735	3
1001736	3
1001737	3
1001738	3
1001739	3
1001740	3
1001741	2
1001742	2
1001743	2
1001744	2
1001745	2
1001746	2
1001747	2
1001748	2
1001749	3
1001750	4
1001751	4
1001752	4
1001753	4
1001754	4
1001755	5
1001756	4
1001757	3
1001758	3
1001759	3
1001760	3
1001761	3
1001762	3
1001763	3
1001764	3
1001765	5
1001766	5
1001767	5
1001768	5
1001769	6
1001770	6
1001771	6
1001772	5
1001773	5
1001774	4
1001775	4
1001776	4
1001777	4
1001778	4
1001779	4
1001780	4
1001781	4
1001782	5
1001783	5
1001784	5
1001785	5
1001786	5
1001787	5
1001788	5
1001789	5
1001790	4
1001791	5
1001792	5
1001793	5
1001794	5
1001795	5
1001796	6
1001797	6
1001798	6
1001799	6
1001800	6
1001801	6
1001802	6
1001803	6
1001804	6
1001805	6
1001806	6
1001807	6
1001808	6
1001809	6
1001810	5
1001811	5
1001812	5
1001813	5
1001814	5
1001815	5
1001816	5
1001817	5
1001818	5
1001819	5
1001820	5
1001821	5
1001822	5
1001823	4
1001824	4
1001825	4
1001826	4
1001827	4
1001828	4
1001829	4
1001830	4
1001831	4
1001832	5
1001833	5
1001834	5
1001835	5
1001836	5
1001837	5
1001838	5
1001839	5
1001840	5
1001841	5
1001842	5
1001843	4
1001844	4
1001845	4
1001846	4
1001847	4
1001848	4
1001849	4
1001850	4
1001851	4
1001852	4
1001853	5
1001854	5
1001855	5
1001856	5
1001857	5
1001858	5
1001859	5
1001860	5
1001861	5
1001862	5
1001863	5
1001864	5
1001865	5
1001866	5
1001867	5
1001868	5
1001869	5
1001870	5
1001871	5
1001872	5
1001873	5
1001874	5
1001875	5
1001876	5
1001877	5
1001878	5
1001879	5
1001880	5
1001881	6
1001882	6
1001883	6
1001884	6
1001885	6
1001886	6
1001887	6
1001888	6
1001889	6
1001890	6
1001891	6
1001892	6
1001893	6
1001894	6
1001895	6
1001896	7
1001897	7
1001898	7
1001899	7
1001900	7
1001901	7
1001902	7
1001903	7
1001904	7
1001905	6
1001906	6
1001907	7
1001908	7
1001909	7
1001910	6
1001911	6
1001912	6
1001913	6
1001914	6
1001915	5
1001916	6
1001917	6
1001918	5
1001919	6
1001920	6
1001921	5
1001922	5
1001923	4
1001924	4
1001925	4
1001926	3
1001927	3
1001928	3
1001929	3
1001930	3
1001931	3
1001932	3
1001933	3
1001934	3
1001935	3
1001936	3
1001937	3
1001938	3
1001939	3
1001940	3
1001941	3
1001942	3
1001943	3
1001944	3
1001945	3
1001946	3
1001947	3
1001948	3
1001949	3
1001950	3
1001951	3
1001952	3
1001953	3
1001954	3
1001955	3
1001956	3
1001957	3
1001958	3
1001959	3
1001960	3
1001961	3
1001962	3
1001963	3
1001964	3
1001965	3
1001966	3
1001967	4
1001968	4
1001969	3
1001970	3
1001971	3
1001972	3
1001973	4
1001974	4
1001975	4
1001976	4
1001977	3
1001978	3
1001979	3
1001980	3
1001981	3
1001982	3
1001983	3
1001984	3
1001985	3
1001986	3
1001987	3
1001988	2
1001989	1
1001990	1
1001991	1
1001992	1
1001993	1
1001994	1
1001995	1
1001996	2
1001997	1
1001998	1
1001999	1
1002000	0
1002001	1
1002002	1
1002003	2
1002004	2
1002005	2
1002006	2
1002007	3
1002008	3
1002009	3
1002010	5
1002011	5
1002012	5
1002013	5
1002014	4
1002015	4
1002016	5
1002017	4
1002018	4
1002019	5
1002020	5
1002021	5
1002022	5
1002023	5
1002024	5
1002025	5
1002026	4
1002027	4
1002028	4
1002029	4
1002030	4
1002031	4
1002032	4
1002033	4
1002034	4
1002035	4
1002036	4
1002037	4
1002038	3
1002039	3
1002040	3
1002041	3
1002042	3
1002043	3
1002044	3
1002045	3
1002046	3
1002047	3
1002048	3
1002049	3
1002050	3
1002051	3
1002052	3
1002053	3
1002054	3
1002055	3
1002056	3
1002057	3
1002058	3
1002059	3
1002060	3
1002061	3
1002062	3
1002063	3
1002064	3
1002065	3
1002066	3
1002067	3
1002068	3
1002069	2
1002070	2
1002071	2
1002072	2
1002073	2
1002074	3
1002075	3
1002076	3
1002077	3
1002078	3
1002079	3
1002080	3
1002081	3
1002082	2
1002083	2
1002084	3
1002085	3
1002086	3
1002087	3
1002088	3
1002089	3
1002090	2
1002091	2
1002092	2
1002093	2
1002094	2
1002095	2
1002096	2
1002097	2
1002098	2
1002099	2
1002100	3
1002101	3
1002102	3
1002103	3
1002104	2
1002105	2
1002106	4
1002107	4
1002108	4
1002109	4
1002110	4
1002111	4
1002112	3
1002113	3
1002114	3
1002115	3
1002116	3
1002117	3
1002118	4
1002119	4
1002120	3
1002121	2
1002122	2
1002123	3
1002124	4
1002125	4
1002126	4
1002127	3
1002128	3
1002129	2
1002130	2
1002131	2
1002132	2
1002133	2
1002134	2
1002135	3
1002136	3
1002137	3
1002138	3
1002139	4
1002140	4
1002141	4
1002142	3
1002143	3
1002144	2
1002145	4
1002146	4
1002147	4
1002148	4
1002149	4
1002150	4
1002151	4
1002152	3
1002153	3
1002154	3
1002155	3
1002156	3
1002157	3
1002158	2
1002159	2
1002160	3
1002161	3
1002162	3
1002163	3
1002164	3
1002165	4
1002166	3
1002167	3
1002168	3
1002169	3
1002170	4
1002171	4
1002172	4
1002173	4
1002174	4
1002175	4
1002176	4
1002177	5
1002178	5
1002179	4
1002180	5
1002181	5
1002182	5
1002183	3
1002184	3
1002185	3
1002186	3
1002187	3
1002188	4
1002189	3
1002190	3
1002191	3
1002192	3
1002193	3
1002194	4
1002195	4
1002196	4
1002197	3
1002198	3
1002199	3
1002200	3
1002201	3
1002202	3
1002203	3
1002204	3
1002205	3
1002206	3
1002207	3
1002208	3
1002209	3
1002210	3
1002211	3
1002212	2
1002213	3
1002214	2
1002215	2
1002216	2
1002217	2
1002218	2
1002219	2
1002220	2
1002221	2
1002222	2
1002223	2
1002224	2
1002225	2
1002226	2
1002227	2
1002228	2
1002229	2
1002230	2
1002231	3
1002232	2
1002233	2
1002234	2
1002235	2
1002236	2
1002237	2
1002238	2
1002239	2
1002240	2
1002241	2
1002242	3
1002243	3
1002244	3
1002245	3
1002246	3
1002247	3
1002248	5
1002249	5
1002250	5
1002251	5
1002252	5
1002253	4
1002254	4
1002255	4
1002256	4
1002257	4
1002258	4
1002259	4
1002260	3
1002261	3
1002262	3
1002263	3
1002264	3
1002265	3
1002266	3
1002267	3
1002268	3
1002269	3
1002270	3
1002271	3
1002272	4
1002273	4
1002274	4
1002275	4
1002276	4
1002277	4
1002278	4
1002279	4
1002280	4
1002281	4
1002282	4
1002283	4
1002284	4
1002285	4
1002286	4
1002287	4
1002288	4
1002289	4
1002290	4
1002291	4
1002292	4
1002293	4
1002294	4
1002295	4
1002296	4
1002297	4
1002298	4
1002299	4
1002300	4
1002301	4
1002302	4
1002303	4
1002304	4
1002305	4
1002306	4
1002307	4
1002308	4
1002309	4
1002310	4
1002311	4
1002312	4
1002313	4
1002314	4
1002315	4
1002316	4
1002317	3
1002318	3
1002319	3
1002320	3
1002321	3
1002322	3
1002323	3
1002324	3
1002325	3
1002326	3
1002327	4
1002328	4
1002329	4
1002330	4
1002331	3
1002332	3
1002333	3
1002334	3
1002335	3
1002336	2
1002337	2
1002338	2
1002339	2
1002340	1
1002341	1
1002342	1
1002343	1
1002344	1
1002345	1
1002346	1
1002347	1
1002348	1
1002349	1
1002350	1
1002351	1
1002352	1
1002353	1
1002354	1
1002355	1
1002356	1
1002357	1
1002358	1
1002359	1
1002360	1
1002361	1
1002362	1
1002363	1
1002364	1
1002365	1
1002366	1
1002367	1
1002368	1
1002369	2
1002370	2
1002371	2
1002372	2
1002373	1
1002374	1
1002375	1
1002376	1
1002377	1
1002378	1
1002379	1
1002380	2
1002381	2
1002382	2
1002383	2
1002384	2
1002385	2
1002386	1
1002387	2
1002388	2
1002389	2
1002390	2
1002391	2
1002392	3
1002393	2
1002394	3
1002395	2
1002396	2
1002397	2
1002398	2
1002399	2
1002400	2
1002401	2
1002402	2
1002403	3
1002404	4
1002405	4
1002406	4
1002407	4
1002408	3
1002409	2
1002410	2
1002411	1
1002412	1
1002413	1
1002414	0
1002415	0
1002416	0
1002417	0
1002418	0
1002419	0
1002420	0
1002421	0
1002422	0
1002423	0
1002424	2
1002425	2
1002426	2
1002427	3
1002428	3
1002429	3
1002430	2
1002431	1
1002432	1
1002433	1
1002434	1
1002435	1
1002436	2
1002437	2
1002438	2
1002439	2
1002440	3
1002441	3
1002442	3
1002443	3
1002444	3
1002445	3
1002446	3
1002447	3
1002448	3
1002449	3
1002450	3
1002451	3
1002452	3
1002453	3
1002454	3
1002455	3
1002456	3
1002457	3
1002458	3
1002459	3
1002460	3
1002461	3
1002462	3
1002463	3
1002464	3
1002465	3
1002466	3
1002467	3
1002468	3
1002469	3
1002470	3
1002471	3
1002472	3
1002473	3
1002474	2
1002475	2
1002476	2
1002477	2
1002478	2
1002479	2
1002480	2
1002481	2
1002482	2
1002483	2
1002484	3
1002485	3
1002486	3
1002487	3
1002488	4
1002489	4
1002490	4
1002491	4
1002492	4
1002493	4
1002494	4
1002495	4
1002496	4
1002497	5
1002498	5
1002499	5
1002500	5
1002501	5
1002502	5
1002503	5
1002504	5
1002505	5
1002506	4
1002507	4
1002508	4
1002509	4
1002510	4
1002511	3
1002512	3
1002513	3
1002514	3
1002515	3
1002516	3
1002517	4
1002518	4
1002519	4
1002520	4
1002521	4
1002522	3
1002523	3
1002524	3
1002525	3
1002526	3
1002527	3
1002528	3
1002529	3
1002530	3
1002531	3
1002532	3
1002533	3
1002534	3
1002535	3
1002536	3
1002537	3
1002538	3
1002539	3
1002540	3
1002541	3
1002542	3
1002543	3
1002544	3
1002545	3
1002546	3
1002547	3
1002548	3
1002549	3
1002550	3
1002551	3
1002552	3
1002553	3
1002554	3
1002555	3
1002556	3
1002557	3
1002558	3
1002559	3
1002560	3
1002561	3
1002562	3
1002563	3
1002564	3
1002565	3
1002566	3
1002567	3
1002568	3
1002569	3
1002570	4
1002571	4
1002572	3
1002573	3
1002574	3
1002575	3
1002576	3
1002577	3
1002578	3
1002579	3
1002580	3
1002581	3
1002582	2
1002583	2
1002584	2
1002585	2
1002586	2
1002587	2
1002588	2
1002589	2
1002590	2
1002591	2
1002592	3
1002593	3
1002594	3
1002595	4
1002596	3
1002597	2
1002598	2
1002599	2
1002600	2
1002601	2
1002602	1
1002603	1
1002604	1
1002605	1
1002606	1
1002607	1
1002608	1
1002609	1
1002610	1
1002611	1
1002612	1
1002613	1
1002614	2
1002615	2
1002616	2
1002617	2
1002618	2
1002619	2
1002620	1
1002621	1
1002622	1
1002623	1
1002624	1
1002625	1
1002626	1
1002627	1
1002628	1
1002629	1
1002630	1
1002631	1
1002632	2
1002633	2
1002634	2
1002635	1
1002636	1
1002637	1
1002638	1
1002639	1
1002640	1
1002641	1
1002642	1
1002643	1
1002644	1
1002645	1
1002646	1
1002647	1
1002648	1
1002649	1
1002650	1
1002651	1
1002652	1
1002653	1
1002654	1
1002655	1
1002656	1
1002657	1
1002658	1
1002659	1
1002660	1
1002661	1
1002662	1
1002663	1
1002664	1
1002665	1
1002666	1
1002667	1
1002668	2
1002669	2
1002670	2
1002671	2
1002672	2
1002673	2
1002674	2
1002675	2
1002676	2
1002677	2
1002678	2
1002679	2
1002680	2
1002681	3
1002682	2
1002683	2
1002684	2
1002685	2
1002686	1
1002687	1
1002688	1
1002689	1
1002690	1
1002691	1
1002692	2
1002693	2
1002694	1
1002695	2
1002696	1
1002697	1
1002698	0
1002699	0
1002700	0
1002701	0
1002702	0
1002703	1
1002704	1
1002705	1
1002706	1
1002707	1
1002708	1
1002709	0
1002710	0
