1001110	2
1001111	2
1001112	2
1001113	2
1001114	2
1001115	2
1001116	2
1001117	2
1001118	2
1001119	2
1001120	1
1001121	1
1001122	0
1001123	0
1001124	0
1001125	0
1001126	0
1001127	0
1001128	0
1001129	0
1001130	0
1001131	0
1001132	0
1001133	0
1001134	0
1001135	0
1001136	0
1001137	0
1001138	0
1001139	0
1001140	0
1001141	0
1001142	0
1001143	0
1001144	0
1001145	0
1001146	0
1001147	0
1001148	0
1001149	0
1001150	0
1001151	0
1001152	0
1001153	0
1001154	0
1001155	0
1001156	0
1001157	0
1001158	0
1001159	0
1001160	0
1001161	0
1001162	0
1001163	0
1001164	0
1001165	0
1001166	0
1001167	0
1001168	0
1001169	0
1001170	0
1001171	0
1001172	0
1001173	0
1001174	0
1001175	0
1001176	0
1001177	1
1001178	1
1001179	1
1001180	1
1001181	1
1001182	1
1001183	2
1001184	2
1001185	2
1001186	2
1001187	2
1001188	2
1001189	1
1001190	1
1001191	1
1001192	2
1001193	1
1001194	1
1001195	1
1001196	1
1001197	1
1001198	1
1001199	1
1001200	0
1001201	0
1001202	0
1001203	0
1001204	0
1001205	0
1001206	0
1001207	0
1001208	0
1001209	0
1001210	0
1001211	0
1001212	0
1001213	0
1001214	0
1001215	0
1001216	0
1001217	0
1001218	0
1001219	0
1001220	0
1001221	0
1001222	0
1001223	0
1001224	0
1001225	0
1001226	0
1001227	0
1001228	0
1001229	0
1001230	0
1001231	0
1001232	0
1001233	0
1001234	0
1001235	0
1001236	0
1001237	0
1001238	0
1001239	0
1001240	0
1001241	0
1001242	0
1001243	0
1001244	0
1001245	0
1001246	0
1001247	0
1001248	0
1001249	0
1001250	0
1001251	0
1001252	1
1001253	0
1001254	0
1001255	0
1001256	0
1001257	0
1001258	0
1001259	0
1001260	0
1001261	0
1001262	0
1001263	0
1001264	0
1001265	0
1001266	0
1001267	0
1001268	1
1001269	1
1001270	1
1001271	1
1001272	1
1001273	1
1001274	2
1001275	3
1001276	3
1001277	3
1001278	3
1001279	3
1001280	3
1001281	4
1001282	4
1001283	3
1001284	3
1001285	3
1001286	2
1001287	2
1001288	1
1001289	1
1001290	1
1001291	1
1001292	1
1001293	0
1001294	0
1001295	0
1001296	0
1001297	0
1001298	0
1001299	0
1001300	0
1001301	0
1001302	0
1001303	0
1001304	0
1001305	0
1001306	0
1001307	0
1001308	0
1001309	1
1001310	0
1001311	0
1001312	0
1001313	0
1001314	0
1001315	0
1001316	0
1001317	0
1001318	0
1001319	0
1001320	0
1001321	0
1001322	0
1001323	0
1001324	0
1001325	0
1001326	0
1001327	0
1001328	0
1001329	0
1001330	0
1001331	0
1001332	0
1001333	0
1001334	0
1001335	0
1001336	0
1001337	0
1001338	0
1001339	0
1001340	0
1001341	0
1001342	0
1001343	0
1001344	0
1001345	0
1001346	0
1001347	0
1001348	0
1001349	0
1001350	0
1001351	0
1001352	0
1001353	0
1001354	0
1001355	0
1001356	0
1001357	0
1001358	0
1001359	0
1001360	0
1001361	0
1001362	0
1001363	0
1001364	0
1001365	0
1001366	0
1001367	0
1001368	0
1001369	1
1001370	0
1001371	0
1001372	0
1001373	0
1001374	0
1001375	0
1001376	0
1001377	0
1001378	1
1001379	1
1001380	1
1001381	1
1001382	1
1001383	1
1001384	1
1001385	1
1001386	1
1001387	1
1001388	1
1001389	1
1001390	1
1001391	0
1001392	0
1001393	0
1001394	0
1001395	0
1001396	0
1001397	0
1001398	0
1001399	0
1001400	0
1001401	0
1001402	0
1001403	0
1001404	0
1001405	0
1001406	0
1001407	0
1001408	0
1001409	0
1001410	0
1001411	0
1001412	1
1001413	1
1001414	2
1001415	2
1001416	2
1001417	2
1001418	2
1001419	2
1001420	2
1001421	2
1001422	2
1001423	2
1001424	1
1001425	1
1001426	1
1001427	1
1001428	1
1001429	1
1001430	1
1001431	1
1001432	1
1001433	1
1001434	1
1001435	1
1001436	1
1001437	2
1001438	2
1001439	2
1001440	2
1001441	2
1001442	1
1001443	1
1001444	1
1001445	1
1001446	1
1001447	1
1001448	1
1001449	1
1001450	1
1001451	0
1001452	0
1001453	0
1001454	0
1001455	0
1001456	0
1001457	0
1001458	0
1001459	0
1001460	0
1001461	0
1001462	0
1001463	0
1001464	0
1001465	0
1001466	1
1001467	1
1001468	1
1001469	2
1001470	2
1001471	2
1001472	2
1001473	2
1001474	2
1001475	2
1001476	2
1001477	2
1001478	2
1001479	2
1001480	1
1001481	1
1001482	1
1001483	1
1001484	0
1001485	0
1001486	0
1001487	0
1001488	0
1001489	0
1001490	0
1001491	1
1001492	1
1001493	1
1001494	1
1001495	1
1001496	1
1001497	1
1001498	1
1001499	1
1001500	1
1001501	1
1001502	1
1001503	1
1001504	1
1001505	0
1001506	0
1001507	0
1001508	0
1001509	0
1001510	0
1001511	0
1001512	0
1001513	0
1001514	0
1001515	0
1001516	0
1001517	0
1001518	0
1001519	0
1001520	0
1001521	0
1001522	0
1001523	0
1001524	0
1001525	0
1001526	0
1001527	0
1001528	0
1001529	0
1001530	0
1001531	0
1001532	0
1001533	0
1001534	0
1001535	0
1001536	0
1001537	0
1001538	0
1001539	0
1001540	1
1001541	1
1001542	1
1001543	1
1001544	1
1001545	1
1001546	1
1001547	1
1001548	1
1001549	1
1001550	1
1001551	0
1001552	0
1001553	0
1001554	0
1001555	0
1001556	0
1001557	0
1001558	0
1001559	0
1001560	0
1001561	0
1001562	0
1001563	0
1001564	0
1001565	0
1001566	0
1001567	0
1001568	0
1001569	0
1001570	0
1001571	0
1001572	0
1001573	1
1001574	0
1001575	0
1001576	0
1001577	0
1001578	0
1001579	0
1001580	0
1001581	0
1001582	0
1001583	0
1001584	0
1001585	0
1001586	0
1001587	0
1001588	0
1001589	0
1001590	0
1001591	1
1001592	1
1001593	1
1001594	1
1001595	1
1001596	1
1001597	1
1001598	1
1001599	1
1001600	1
1001601	1
1001602	1
1001603	1
1001604	1
1001605	0
1001606	1
1001607	1
1001608	1
1001609	1
1001610	1
1001611	1
1001612	1
1001613	1
1001614	1
1001615	1
1001616	1
1001617	1
1001618	2
1001619	2
1001620	2
1001621	2
1001622	2
1001623	2
1001624	2
1001625	2
1001626	1
1001627	1
1001628	1
1001629	1
1001630	1
1001631	1
1001632	1
1001633	1
1001634	1
1001635	1
1001636	1
1001637	1
1001638	1
1001639	1
1001640	1
1001641	1
1001642	1
1001643	1
1001644	1
1001645	1
1001646	1
1001647	1
1001648	1
1001649	1
1001650	1
1001651	1
1001652	2
1001653	1
1001654	3
1001655	3
1001656	3
1001657	3
1001658	3
1001659	2
1001660	2
1001661	2
1001662	2
1001663	2
1001664	1
1001665	1
1001666	2
1001667	2
1001668	2
1001669	2
1001670	2
1001671	2
1001672	2
1001673	2
1001674	1
1001675	1
1001676	1
1001677	1
1001678	1
1001679	1
1001680	1
1001681	1
1001682	1
1001683	1
1001684	1
1001685	1
1001686	1
1001687	1
1001688	1
1001689	1
1001690	1
1001691	1
1001692	1
1001693	1
1001694	2
1001695	1
1001696	1
1001697	1
1001698	2
1001699	2
1001700	2
1001701	2
1001702	2
1001703	2
1001704	2
1001705	2
1001706	2
1001707	2
1001708	2
1001709	2
1001710	2
1001711	1
1001712	1
1001713	1
1001714	1
1001715	1
1001716	1
1001717	1
1001718	1
1001719	1
1001720	1
1001721	1
1001722	1
1001723	0
1001724	0
1001725	0
1001726	0
1001727	0
1001728	0
1001729	0
1001730	0
1001731	0
1001732	0
1001733	0
1001734	0
1001735	0
1001736	1
1001737	2
1001738	2
1001739	2
1001740	2
1001741	3
1001742	3
1001743	3
1001744	3
1001745	3
1001746	3
1001747	3
1001748	3
1001749	2
1001750	1
1001751	2
1001752	2
1001753	2
1001754	2
1001755	2
1001756	2
1001757	2
1001758	2
1001759	2
1001760	2
1001761	2
1001762	2
1001763	2
1001764	2
1001765	1
1001766	1
1001767	1
1001768	1
1001769	1
1001770	1
1001771	1
1001772	1
1001773	1
1001774	1
1001775	1
1001776	1
1001777	1
1001778	1
1001779	1
1001780	1
1001781	0
1001782	0
1001783	0
1001784	0
1001785	0
1001786	0
1001787	0
1001788	0
1001789	0
1001790	0
1001791	0
1001792	0
1001793	0
1001794	0
1001795	0
1001796	0
1001797	0
1001798	0
1001799	0
1001800	0
1001801	0
1001802	0
1001803	0
1001804	0
1001805	0
1001806	0
1001807	0
1001808	0
1001809	0
1001810	0
1001811	0
1001812	0
1001813	0
1001814	0
1001815	0
1001816	0
1001817	0
1001818	0
1001819	0
1001820	0
1001821	0
1001822	0
1001823	0
1001824	0
1001825	0
1001826	0
1001827	0
1001828	0
1001829	0
1001830	0
1001831	0
1001832	0
1001833	0
1001834	0
1001835	0
1001836	0
1001837	0
1001838	0
1001839	0
1001840	0
1001841	0
1001842	0
1001843	0
1001844	0
1001845	0
1001846	0
1001847	0
1001848	0
1001849	0
1001850	0
1001851	0
1001852	0
1001853	0
1001854	0
1001855	0
1001856	0
1001857	0
1001858	0
1001859	0
1001860	0
1001861	0
1001862	0
1001863	0
1001864	0
1001865	0
1001866	0
1001867	0
1001868	0
1001869	0
1001870	0
1001871	0
1001872	0
1001873	0
1001874	0
1001875	0
1001876	0
1001877	0
1001878	0
1001879	0
1001880	0
1001881	0
1001882	0
1001883	0
1001884	0
1001885	0
1001886	0
1001887	0
1001888	0
1001889	0
1001890	0
1001891	0
1001892	0
1001893	0
1001894	0
1001895	0
1001896	0
1001897	0
1001898	0
1001899	0
1001900	0
1001901	0
1001902	0
1001903	0
1001904	0
1001905	0
1001906	1
1001907	0
1001908	0
1001909	0
1001910	1
1001911	2
1001912	1
1001913	1
1001914	1
1001915	2
1001916	2
1001917	2
1001918	2
1001919	1
1001920	1
1001921	2
1001922	2
1001923	2
1001924	2
1001925	2
1001926	2
1001927	2
1001928	2
1001929	1
1001930	1
1001931	2
1001932	2
1001933	2
1001934	1
1001935	1
1001936	1
1001937	1
1001938	1
1001939	1
1001940	1
1001941	1
1001942	1
1001943	1
1001944	1
1001945	1
1001946	1
1001947	1
1001948	1
1001949	1
1001950	1
1001951	1
1001952	1
1001953	1
1001954	1
1001955	1
1001956	1
1001957	1
1001958	1
1001959	1
1001960	1
1001961	1
1001962	1
1001963	1
1001964	1
1001965	1
1001966	1
1001967	1
1001968	1
1001969	1
1001970	1
1001971	1
1001972	1
1001973	1
1001974	1
1001975	1
1001976	1
1001977	1
1001978	1
1001979	1
1001980	1
1001981	1
1001982	1
1001983	1
1001984	1
1001985	1
1001986	1
1001987	1
1001988	1
1001989	1
1001990	1
1001991	0
1001992	0
1001993	0
1001994	0
1001995	1
1001996	0
1001997	0
1001998	0
1001999	0
1002000	1
1002001	0
1002002	0
1002003	0
1002004	0
1002005	1
1002006	1
1002007	1
1002008	1
1002009	1
1002010	0
1002011	0
1002012	0
1002013	0
1002014	0
1002015	0
1002016	0
1002017	0
1002018	0
1002019	0
1002020	0
1002021	0
1002022	0
1002023	0
1002024	0
1002025	0
1002026	0
1002027	0
1002028	0
1002029	0
1002030	0
1002031	0
1002032	0
1002033	0
1002034	0
1002035	0
1002036	0
1002037	0
1002038	0
1002039	0
1002040	0
1002041	0
1002042	0
1002043	0
1002044	0
1002045	0
1002046	0
1002047	0
1002048	0
1002049	0
1002050	0
1002051	0
1002052	0
1002053	0
1002054	0
1002055	0
1002056	0
1002057	0
1002058	0
1002059	0
1002060	0
1002061	0
1002062	0
1002063	0
1002064	0
1002065	0
1002066	0
1002067	0
1002068	0
1002069	0
1002070	0
1002071	0
1002072	1
1002073	1
1002074	1
1002075	1
1002076	1
1002077	1
1002078	1
1002079	1
1002080	1
1002081	1
1002082	1
1002083	1
1002084	0
1002085	0
1002086	0
1002087	0
1002088	0
1002089	0
1002090	0
1002091	1
1002092	1
1002093	1
1002094	1
1002095	1
1002096	1
1002097	1
1002098	1
1002099	1
1002100	1
1002101	1
1002102	1
1002103	1
1002104	1
1002105	1
1002106	0
1002107	0
1002108	0
1002109	0
1002110	0
1002111	0
1002112	0
1002113	0
1002114	0
1002115	0
1002116	0
1002117	1
1002118	0
1002119	0
1002120	0
1002121	1
1002122	1
1002123	1
1002124	1
1002125	1
1002126	1
1002127	1
1002128	1
1002129	1
1002130	1
1002131	1
1002132	1
1002133	1
1002134	1
1002135	0
1002136	1
1002137	1
1002138	0
1002139	0
1002140	0
1002141	1
1002142	1
1002143	1
1002144	2
1002145	1
1002146	1
1002147	1
1002148	1
1002149	2
1002150	2
1002151	1
1002152	1
1002153	1
1002154	1
1002155	2
1002156	2
1002157	2
1002158	1
1002159	1
1002160	1
1002161	1
1002162	1
1002163	1
1002164	2
1002165	1
1002166	1
1002167	1
1002168	1
1002169	1
1002170	0
1002171	0
1002172	0
1002173	0
1002174	0
1002175	0
1002176	0
1002177	0
1002178	0
1002179	0
1002180	0
1002181	0
1002182	0
1002183	0
1002184	0
1002185	0
1002186	0
1002187	0
1002188	0
1002189	0
1002190	0
1002191	0
1002192	0
1002193	0
1002194	0
1002195	0
1002196	0
1002197	0
1002198	0
1002199	0
1002200	0
1002201	0
1002202	0
1002203	0
1002204	0
1002205	0
1002206	0
1002207	0
1002208	0
1002209	0
1002210	0
1002211	0
1002212	0
1002213	0
1002214	0
1002215	0
1002216	0
1002217	0
1002218	0
1002219	0
1002220	0
1002221	0
1002222	0
1002223	0
1002224	0
1002225	0
1002226	0
1002227	0
1002228	0
1002229	0
1002230	0
1002231	0
1002232	1
1002233	1
1002234	0
1002235	0
1002236	0
1002237	0
1002238	0
1002239	0
1002240	1
1002241	1
1002242	1
1002243	1
1002244	1
1002245	1
1002246	1
1002247	1
1002248	1
1002249	1
1002250	1
1002251	1
1002252	1
1002253	1
1002254	1
1002255	1
1002256	1
1002257	0
1002258	0
1002259	0
1002260	0
1002261	0
1002262	0
1002263	0
1002264	0
1002265	0
1002266	0
1002267	0
1002268	0
1002269	0
1002270	0
1002271	0
1002272	0
1002273	0
1002274	0
1002275	0
1002276	0
1002277	0
1002278	0
1002279	0
1002280	0
1002281	0
1002282	0
1002283	0
1002284	0
1002285	0
1002286	0
1002287	0
1002288	0
1002289	0
1002290	0
1002291	0
1002292	0
1002293	0
1002294	0
1002295	0
1002296	0
1002297	0
1002298	0
1002299	0
1002300	0
1002301	0
1002302	0
1002303	0
1002304	0
1002305	0
1002306	0
1002307	0
1002308	0
1002309	0
1002310	0
1002311	0
1002312	0
1002313	0
1002314	0
1002315	0
1002316	0
1002317	0
1002318	0
1002319	0
1002320	0
1002321	0
1002322	0
1002323	0
1002324	0
1002325	0
1002326	0
1002327	0
1002328	0
1002329	0
1002330	0
1002331	1
1002332	1
1002333	1
1002334	1
1002335	1
1002336	1
1002337	1
1002338	1
1002339	1
1002340	1
1002341	1
1002342	1
1002343	0
1002344	0
1002345	0
1002346	0
1002347	0
1002348	0
1002349	0
1002350	0
1002351	0
1002352	0
1002353	0
1002354	0
1002355	0
1002356	0
1002357	0
1002358	0
1002359	0
1002360	0
1002361	0
1002362	0
1002363	0
1002364	0
1002365	0
1002366	0
1002367	0
1002368	0
1002369	0
1002370	0
1002371	0
1002372	0
1002373	1
1002374	0
1002375	0
1002376	0
1002377	1
1002378	1
1002379	1
1002380	0
1002381	0
1002382	0
1002383	0
1002384	0
1002385	0
1002386	0
1002387	0
1002388	0
1002389	0
1002390	0
1002391	0
1002392	0
1002393	0
1002394	0
1002395	1
1002396	1
1002397	0
1002398	0
1002399	0
1002400	1
1002401	1
1002402	1
1002403	0
1002404	0
1002405	0
1002406	0
1002407	0
1002408	0
1002409	1
1002410	1
1002411	1
1002412	1
1002413	1
1002414	1
1002415	1
1002416	1
1002417	1
1002418	1
1002419	1
1002420	1
1002421	1
1002422	0
1002423	0
1002424	0
1002425	0
1002426	0
1002427	0
1002428	0
1002429	0
1002430	1
1002431	1
1002432	1
1002433	1
1002434	1
1002435	1
1002436	1
1002437	1
1002438	1
1002439	1
1002440	1
1002441	1
1002442	1
1002443	1
1002444	1
1002445	0
1002446	0
1002447	0
1002448	0
1002449	0
1002450	0
1002451	0
1002452	0
1002453	0
1002454	0
1002455	0
1002456	0
1002457	0
1002458	0
1002459	0
1002460	0
1002461	0
1002462	0
1002463	0
1002464	0
1002465	0
1002466	0
1002467	0
1002468	0
1002469	0
1002470	0
1002471	0
1002472	0
1002473	0
1002474	0
1002475	0
1002476	0
1002477	0
1002478	0
1002479	0
1002480	0
1002481	0
1002482	0
1002483	0
1002484	0
1002485	0
1002486	0
1002487	0
1002488	0
1002489	0
1002490	0
1002491	0
1002492	0
1002493	0
1002494	0
1002495	0
1002496	0
1002497	0
1002498	0
1002499	0
1002500	0
1002501	0
1002502	0
1002503	0
1002504	0
1002505	0
1002506	0
1002507	0
1002508	0
1002509	0
1002510	0
1002511	0
1002512	0
1002513	0
1002514	0
1002515	0
1002516	0
1002517	0
1002518	0
1002519	0
1002520	0
1002521	0
1002522	1
1002523	1
1002524	1
1002525	1
1002526	1
1002527	1
1002528	1
1002529	1
1002530	1
1002531	1
1002532	1
1002533	1
1002534	0
1002535	0
1002536	0
1002537	0
1002538	0
1002539	0
1002540	0
1002541	0
1002542	0
1002543	0
1002544	0
1002545	0
1002546	0
1002547	0
1002548	0
1002549	0
1002550	0
1002551	0
1002552	0
1002553	0
1002554	0
1002555	0
1002556	0
1002557	0
1002558	0
1002559	0
1002560	0
1002561	0
1002562	0
1002563	0
1002564	0
1002565	0
1002566	0
1002567	0
1002568	0
1002569	1
1002570	0
1002571	0
1002572	0
1002573	0
1002574	0
1002575	0
1002576	0
1002577	0
1002578	0
1002579	0
1002580	0
1002581	0
1002582	0
1002583	0
1002584	0
1002585	0
1002586	0
1002587	0
1002588	0
1002589	0
1002590	0
1002591	0
1002592	0
1002593	0
1002594	0
1002595	0
1002596	0
1002597	1
1002598	1
1002599	1
1002600	1
1002601	1
1002602	1
1002603	1
1002604	1
1002605	1
1002606	1
1002607	1
1002608	1
1002609	0
1002610	0
1002611	0
1002612	0
1002613	0
1002614	0
1002615	0
1002616	0
1002617	0
1002618	0
1002619	0
1002620	1
1002621	1
1002622	1
1002623	1
1002624	1
1002625	1
1002626	1
1002627	1
1002628	1
1002629	1
1002630	1
1002631	1
1002632	1
1002633	1
1002634	1
1002635	2
1002636	0
1002637	0
1002638	0
1002639	0
1002640	0
1002641	0
1002642	0
1002643	0
1002644	0
1002645	0
1002646	0
1002647	0
1002648	0
1002649	0
1002650	0
1002651	0
1002652	0
1002653	0
1002654	1
1002655	1
1002656	1
1002657	1
1002658	1
1002659	1
1002660	1
1002661	1
1002662	1
1002663	1
1002664	1
1002665	1
1002666	1
1002667	1
1002668	0
1002669	0
1002670	0
1002671	1
1002672	1
1002673	1
1002674	1
1002675	1
1002676	1
1002677	1
1002678	1
1002679	1
1002680	1
1002681	0
1002682	0
1002683	0
1002684	0
1002685	0
1002686	0
1002687	0
1002688	0
1002689	0
1002690	0
1002691	1
1002692	1
1002693	1
1002694	1
1002695	1
1002696	2
1002697	1
1002698	1
1002699	1
1002700	2
1002701	2
1002702	2
1002703	1
1002704	1
1002705	1
1002706	1
1002707	1
1002708	1
1002709	1
1002710	1
