1001110	0
1001111	0
1001112	0
1001113	0
1001114	0
1001115	0
1001116	0
1001117	0
1001118	0
1001119	0
1001120	0
1001121	0
1001122	0
1001123	0
1001124	0
1001125	0
1001126	0
1001127	0
1001128	0
1001129	0
1001130	1
1001131	1
1001132	0
1001133	0
1001134	0
1001135	0
1001136	0
1001137	0
1001138	0
1001139	0
1001140	0
1001141	0
1001142	0
1001143	0
1001144	0
1001145	0
1001146	0
1001147	0
1001148	0
1001149	0
1001150	0
1001151	0
1001152	0
1001153	0
1001154	0
1001155	0
1001156	0
1001157	0
1001158	0
1001159	0
1001160	0
1001161	0
1001162	0
1001163	0
1001164	0
1001165	0
1001166	0
1001167	0
1001168	0
1001169	0
1001170	0
1001171	1
1001172	0
1001173	0
1001174	0
1001175	0
1001176	0
1001177	0
1001178	0
1001179	0
1001180	0
1001181	0
1001182	0
1001183	0
1001184	0
1001185	0
1001186	0
1001187	0
1001188	0
1001189	0
1001190	0
1001191	0
1001192	0
1001193	0
1001194	0
1001195	0
1001196	0
1001197	0
1001198	0
1001199	0
1001200	0
1001201	0
1001202	0
1001203	0
1001204	0
1001205	0
1001206	0
1001207	0
1001208	0
1001209	0
1001210	0
1001211	0
1001212	0
1001213	0
1001214	0
1001215	0
1001216	0
1001217	0
1001218	0
1001219	0
1001220	0
1001221	0
1001222	0
1001223	0
1001224	0
1001225	0
1001226	0
1001227	0
1001228	0
1001229	0
1001230	0
1001231	0
1001232	0
1001233	0
1001234	0
1001235	0
1001236	0
1001237	0
1001238	0
1001239	0
1001240	0
1001241	0
1001242	0
1001243	0
1001244	0
1001245	0
1001246	0
1001247	0
1001248	0
1001249	0
1001250	0
1001251	0
1001252	0
1001253	0
1001254	0
1001255	0
1001256	0
1001257	0
1001258	0
1001259	0
1001260	0
1001261	0
1001262	0
1001263	0
1001264	0
1001265	0
1001266	0
1001267	0
1001268	0
1001269	0
1001270	0
1001271	0
1001272	0
1001273	0
1001274	0
1001275	0
1001276	0
1001277	0
1001278	0
1001279	0
1001280	0
1001281	0
1001282	0
1001283	0
1001284	0
1001285	0
1001286	0
1001287	0
1001288	0
1001289	0
1001290	0
1001291	0
1001292	0
1001293	0
1001294	0
1001295	0
1001296	0
1001297	0
1001298	0
1001299	0
1001300	0
1001301	0
1001302	0
1001303	0
1001304	0
1001305	0
1001306	0
1001307	0
1001308	0
1001309	0
1001310	0
1001311	0
1001312	0
1001313	0
1001314	0
1001315	0
1001316	0
1001317	0
1001318	0
1001319	0
1001320	0
1001321	0
1001322	0
1001323	0
1001324	0
1001325	0
1001326	0
1001327	0
1001328	0
1001329	0
1001330	0
1001331	0
1001332	0
1001333	0
1001334	0
1001335	0
1001336	0
1001337	0
1001338	0
1001339	0
1001340	0
1001341	0
1001342	0
1001343	0
1001344	0
1001345	0
1001346	0
1001347	0
1001348	0
1001349	0
1001350	0
1001351	0
1001352	0
1001353	0
1001354	0
1001355	0
1001356	0
1001357	0
1001358	0
1001359	0
1001360	0
1001361	0
1001362	0
1001363	0
1001364	0
1001365	0
1001366	0
1001367	0
1001368	0
1001369	0
1001370	0
1001371	0
1001372	0
1001373	0
1001374	0
1001375	0
1001376	0
1001377	0
1001378	0
1001379	0
1001380	0
1001381	0
1001382	0
1001383	0
1001384	0
1001385	0
1001386	0
1001387	0
1001388	0
1001389	0
1001390	0
1001391	0
1001392	0
1001393	0
1001394	0
1001395	0
1001396	0
1001397	0
1001398	0
1001399	0
1001400	0
1001401	0
1001402	0
1001403	0
1001404	0
1001405	0
1001406	0
1001407	0
1001408	0
1001409	0
1001410	0
1001411	0
1001412	0
1001413	0
1001414	0
1001415	0
1001416	0
1001417	0
1001418	0
1001419	0
1001420	0
1001421	0
1001422	0
1001423	0
1001424	0
1001425	0
1001426	0
1001427	0
1001428	0
1001429	0
1001430	0
1001431	0
1001432	0
1001433	0
1001434	1
1001435	1
1001436	1
1001437	1
1001438	1
1001439	1
1001440	1
1001441	0
1001442	0
1001443	0
1001444	0
1001445	0
1001446	1
1001447	1
1001448	1
1001449	1
1001450	1
1001451	1
1001452	1
1001453	1
1001454	1
1001455	1
1001456	1
1001457	1
1001458	1
1001459	1
1001460	1
1001461	1
1001462	1
1001463	1
1001464	1
1001465	1
1001466	1
1001467	1
1001468	1
1001469	1
1001470	0
1001471	0
1001472	0
1001473	0
1001474	0
1001475	0
1001476	0
1001477	0
1001478	0
1001479	0
1001480	0
1001481	0
1001482	0
1001483	0
1001484	0
1001485	0
1001486	0
1001487	0
1001488	0
1001489	0
1001490	0
1001491	0
1001492	0
1001493	0
1001494	0
1001495	0
1001496	0
1001497	0
1001498	0
1001499	0
1001500	0
1001501	0
1001502	0
1001503	0
1001504	0
1001505	0
1001506	1
1001507	1
1001508	1
1001509	0
1001510	0
1001511	0
1001512	0
1001513	0
1001514	0
1001515	0
1001516	0
1001517	0
1001518	0
1001519	0
1001520	0
1001521	0
1001522	0
1001523	0
1001524	0
1001525	0
1001526	0
1001527	0
1001528	0
1001529	0
1001530	0
1001531	0
1001532	0
1001533	0
1001534	0
1001535	0
1001536	0
1001537	0
1001538	0
1001539	0
1001540	0
1001541	0
1001542	0
1001543	0
1001544	0
1001545	0
1001546	0
1001547	1
1001548	0
1001549	0
1001550	0
1001551	0
1001552	0
1001553	0
1001554	0
1001555	0
1001556	0
1001557	0
1001558	0
1001559	0
1001560	0
1001561	0
1001562	0
1001563	0
1001564	0
1001565	0
1001566	0
1001567	0
1001568	0
1001569	0
1001570	0
1001571	0
1001572	0
1001573	0
1001574	0
1001575	0
1001576	0
1001577	0
1001578	0
1001579	0
1001580	0
1001581	0
1001582	0
1001583	0
1001584	0
1001585	0
1001586	0
1001587	0
1001588	0
1001589	0
1001590	0
1001591	0
1001592	0
1001593	0
1001594	0
1001595	0
1001596	0
1001597	0
1001598	0
1001599	0
1001600	0
1001601	0
1001602	0
1001603	0
1001604	0
1001605	0
1001606	0
1001607	0
1001608	0
1001609	0
1001610	0
1001611	0
1001612	0
1001613	0
1001614	0
1001615	0
1001616	0
1001617	0
1001618	0
1001619	0
1001620	0
1001621	0
1001622	0
1001623	0
1001624	0
1001625	0
1001626	0
1001627	0
1001628	0
1001629	0
1001630	0
1001631	0
1001632	0
1001633	0
1001634	0
1001635	0
1001636	0
1001637	0
1001638	0
1001639	0
1001640	0
1001641	0
1001642	0
1001643	0
1001644	0
1001645	0
1001646	0
1001647	0
1001648	0
1001649	0
1001650	0
1001651	0
1001652	0
1001653	0
1001654	0
1001655	0
1001656	0
1001657	0
1001658	0
1001659	0
1001660	0
1001661	0
1001662	0
1001663	0
1001664	0
1001665	0
1001666	0
1001667	0
1001668	0
1001669	0
1001670	0
1001671	0
1001672	0
1001673	0
1001674	0
1001675	0
1001676	0
1001677	0
1001678	0
1001679	0
1001680	0
1001681	0
1001682	0
1001683	0
1001684	0
1001685	0
1001686	0
1001687	0
1001688	0
1001689	0
1001690	0
1001691	0
1001692	0
1001693	0
1001694	0
1001695	0
1001696	0
1001697	0
1001698	0
1001699	0
1001700	0
1001701	0
1001702	0
1001703	0
1001704	0
1001705	0
1001706	0
1001707	0
1001708	0
1001709	0
1001710	0
1001711	0
1001712	0
1001713	0
1001714	0
1001715	0
1001716	0
1001717	0
1001718	0
1001719	0
1001720	0
1001721	0
1001722	0
1001723	0
1001724	0
1001725	0
1001726	0
1001727	0
1001728	0
1001729	0
1001730	0
1001731	0
1001732	0
1001733	0
1001734	0
1001735	0
1001736	0
1001737	0
1001738	0
1001739	0
1001740	0
1001741	0
1001742	0
1001743	0
1001744	0
1001745	0
1001746	0
1001747	0
1001748	1
1001749	1
1001750	1
1001751	1
1001752	1
1001753	1
1001754	1
1001755	1
1001756	1
1001757	1
1001758	1
1001759	1
1001760	1
1001761	1
1001762	1
1001763	1
1001764	1
1001765	1
1001766	1
1001767	1
1001768	1
1001769	1
1001770	1
1001771	1
1001772	1
1001773	1
1001774	1
1001775	0
1001776	0
1001777	0
1001778	0
1001779	0
1001780	1
1001781	1
1001782	1
1001783	1
1001784	1
1001785	1
1001786	1
1001787	1
1001788	1
1001789	1
1001790	1
1001791	1
1001792	1
1001793	1
1001794	1
1001795	1
1001796	1
1001797	1
1001798	1
1001799	1
1001800	1
1001801	1
1001802	1
1001803	1
1001804	1
1001805	1
1001806	1
1001807	1
1001808	1
1001809	1
1001810	1
1001811	1
1001812	0
1001813	0
1001814	0
1001815	0
1001816	0
1001817	0
1001818	0
1001819	0
1001820	0
1001821	0
1001822	0
1001823	0
1001824	0
1001825	0
1001826	0
1001827	1
1001828	0
1001829	0
1001830	0
1001831	0
1001832	0
1001833	0
1001834	0
1001835	0
1001836	0
1001837	0
1001838	0
1001839	0
1001840	0
1001841	0
1001842	0
1001843	0
1001844	0
1001845	0
1001846	0
1001847	0
1001848	0
1001849	0
1001850	0
1001851	0
1001852	0
1001853	0
1001854	0
1001855	0
1001856	0
1001857	0
1001858	0
1001859	0
1001860	0
1001861	0
1001862	0
1001863	0
1001864	0
1001865	0
1001866	0
1001867	0
1001868	0
1001869	0
1001870	0
1001871	0
1001872	0
1001873	0
1001874	0
1001875	0
1001876	0
1001877	0
1001878	0
1001879	0
1001880	0
1001881	0
1001882	0
1001883	0
1001884	0
1001885	0
1001886	0
1001887	0
1001888	0
1001889	0
1001890	0
1001891	0
1001892	0
1001893	0
1001894	0
1001895	0
1001896	0
1001897	0
1001898	0
1001899	0
1001900	0
1001901	0
1001902	0
1001903	0
1001904	0
1001905	0
1001906	0
1001907	0
1001908	0
1001909	0
1001910	0
1001911	0
1001912	0
1001913	0
1001914	0
1001915	0
1001916	0
1001917	0
1001918	0
1001919	0
1001920	0
1001921	0
1001922	0
1001923	0
1001924	0
1001925	0
1001926	1
1001927	1
1001928	1
1001929	1
1001930	1
1001931	0
1001932	0
1001933	0
1001934	0
1001935	0
1001936	0
1001937	0
1001938	1
1001939	1
1001940	1
1001941	2
1001942	2
1001943	2
1001944	2
1001945	2
1001946	2
1001947	2
1001948	2
1001949	2
1001950	2
1001951	2
1001952	2
1001953	2
1001954	2
1001955	2
1001956	2
1001957	2
1001958	2
1001959	2
1001960	2
1001961	2
1001962	2
1001963	2
1001964	2
1001965	2
1001966	2
1001967	2
1001968	2
1001969	2
1001970	2
1001971	2
1001972	2
1001973	2
1001974	2
1001975	2
1001976	2
1001977	2
1001978	2
1001979	2
1001980	2
1001981	2
1001982	2
1001983	2
1001984	2
1001985	2
1001986	2
1001987	2
1001988	2
1001989	2
1001990	2
1001991	2
1001992	2
1001993	2
1001994	2
1001995	2
1001996	2
1001997	2
1001998	2
1001999	2
1002000	2
1002001	2
1002002	2
1002003	1
1002004	1
1002005	1
1002006	2
1002007	2
1002008	2
1002009	2
1002010	2
1002011	2
1002012	2
1002013	2
1002014	2
1002015	2
1002016	2
1002017	2
1002018	2
1002019	2
1002020	2
1002021	2
1002022	2
1002023	2
1002024	2
1002025	2
1002026	2
1002027	2
1002028	2
1002029	2
1002030	2
1002031	2
1002032	2
1002033	2
1002034	2
1002035	2
1002036	2
1002037	2
1002038	2
1002039	2
1002040	2
1002041	2
1002042	2
1002043	2
1002044	2
1002045	2
1002046	2
1002047	2
1002048	2
1002049	2
1002050	2
1002051	2
1002052	2
1002053	2
1002054	2
1002055	2
1002056	2
1002057	2
1002058	2
1002059	2
1002060	2
1002061	2
1002062	2
1002063	2
1002064	2
1002065	2
1002066	2
1002067	2
1002068	2
1002069	2
1002070	1
1002071	1
1002072	1
1002073	1
1002074	1
1002075	1
1002076	2
1002077	2
1002078	2
1002079	2
1002080	2
1002081	2
1002082	2
1002083	2
1002084	2
1002085	2
1002086	2
1002087	2
1002088	2
1002089	2
1002090	2
1002091	3
1002092	3
1002093	3
1002094	3
1002095	3
1002096	3
1002097	3
1002098	3
1002099	3
1002100	3
1002101	3
1002102	2
1002103	2
1002104	2
1002105	1
1002106	1
1002107	1
1002108	1
1002109	1
1002110	1
1002111	1
1002112	1
1002113	1
1002114	1
1002115	1
1002116	1
1002117	1
1002118	2
1002119	2
1002120	1
1002121	1
1002122	0
1002123	0
1002124	0
1002125	1
1002126	1
1002127	1
1002128	1
1002129	1
1002130	1
1002131	1
1002132	1
1002133	1
1002134	1
1002135	0
1002136	0
1002137	0
1002138	0
1002139	0
1002140	0
1002141	0
1002142	0
1002143	0
1002144	0
1002145	1
1002146	1
1002147	1
1002148	0
1002149	0
1002150	0
1002151	0
1002152	0
1002153	0
1002154	0
1002155	0
1002156	0
1002157	0
1002158	0
1002159	0
1002160	0
1002161	0
1002162	0
1002163	0
1002164	0
1002165	0
1002166	0
1002167	0
1002168	0
1002169	0
1002170	0
1002171	0
1002172	0
1002173	0
1002174	0
1002175	0
1002176	0
1002177	0
1002178	0
1002179	0
1002180	0
1002181	0
1002182	0
1002183	0
1002184	0
1002185	0
1002186	0
1002187	0
1002188	0
1002189	1
1002190	1
1002191	0
1002192	0
1002193	0
1002194	0
1002195	0
1002196	0
1002197	0
1002198	0
1002199	0
1002200	0
1002201	0
1002202	0
1002203	0
1002204	0
1002205	0
1002206	0
1002207	0
1002208	0
1002209	0
1002210	0
1002211	0
1002212	0
1002213	0
1002214	0
1002215	0
1002216	0
1002217	0
1002218	0
1002219	0
1002220	0
1002221	0
1002222	0
1002223	0
1002224	0
1002225	0
1002226	0
1002227	0
1002228	0
1002229	0
1002230	0
1002231	0
1002232	0
1002233	0
1002234	0
1002235	0
1002236	0
1002237	0
1002238	0
1002239	0
1002240	0
1002241	0
1002242	0
1002243	0
1002244	0
1002245	0
1002246	0
1002247	0
1002248	0
1002249	0
1002250	0
1002251	0
1002252	0
1002253	0
1002254	0
1002255	0
1002256	0
1002257	0
1002258	0
1002259	0
1002260	0
1002261	0
1002262	0
1002263	0
1002264	0
1002265	0
1002266	0
1002267	0
1002268	0
1002269	0
1002270	0
1002271	0
1002272	0
1002273	0
1002274	0
1002275	0
1002276	0
1002277	0
1002278	0
1002279	0
1002280	0
1002281	0
1002282	0
1002283	0
1002284	0
1002285	0
1002286	0
1002287	0
1002288	0
1002289	0
1002290	0
1002291	0
1002292	0
1002293	0
1002294	0
1002295	0
1002296	0
1002297	0
1002298	0
1002299	0
1002300	0
1002301	0
1002302	0
1002303	0
1002304	0
1002305	0
1002306	0
1002307	0
1002308	0
1002309	0
1002310	0
1002311	0
1002312	0
1002313	0
1002314	0
1002315	0
1002316	0
1002317	0
1002318	0
1002319	0
1002320	0
1002321	0
1002322	0
1002323	0
1002324	0
1002325	0
1002326	0
1002327	0
1002328	0
1002329	0
1002330	0
1002331	0
1002332	0
1002333	0
1002334	0
1002335	0
1002336	0
1002337	0
1002338	0
1002339	0
1002340	0
1002341	0
1002342	0
1002343	0
1002344	0
1002345	0
1002346	0
1002347	0
1002348	0
1002349	0
1002350	0
1002351	0
1002352	0
1002353	0
1002354	0
1002355	0
1002356	0
1002357	0
1002358	0
1002359	0
1002360	0
1002361	0
1002362	0
1002363	0
1002364	0
1002365	0
1002366	0
1002367	0
1002368	0
1002369	0
1002370	0
1002371	0
1002372	0
1002373	0
1002374	0
1002375	0
1002376	0
1002377	0
1002378	0
1002379	0
1002380	0
1002381	0
1002382	0
1002383	0
1002384	0
1002385	0
1002386	0
1002387	0
1002388	0
1002389	0
1002390	0
1002391	0
1002392	0
1002393	0
1002394	0
1002395	0
1002396	0
1002397	0
1002398	0
1002399	0
1002400	0
1002401	0
1002402	0
1002403	0
1002404	0
1002405	0
1002406	0
1002407	0
1002408	0
1002409	0
1002410	0
1002411	0
1002412	0
1002413	0
1002414	0
1002415	0
1002416	0
1002417	0
1002418	0
1002419	0
1002420	0
1002421	0
1002422	0
1002423	0
1002424	0
1002425	0
1002426	0
1002427	0
1002428	0
1002429	0
1002430	0
1002431	0
1002432	0
1002433	0
1002434	0
1002435	0
1002436	0
1002437	0
1002438	0
1002439	0
1002440	0
1002441	0
1002442	0
1002443	0
1002444	0
1002445	0
1002446	0
1002447	0
1002448	0
1002449	0
1002450	0
1002451	0
1002452	0
1002453	0
1002454	0
1002455	0
1002456	0
1002457	0
1002458	0
1002459	0
1002460	0
1002461	0
1002462	0
1002463	0
1002464	0
1002465	0
1002466	0
1002467	0
1002468	0
1002469	0
1002470	0
1002471	0
1002472	0
1002473	0
1002474	0
1002475	0
1002476	0
1002477	0
1002478	0
1002479	0
1002480	0
1002481	1
1002482	1
1002483	1
1002484	1
1002485	1
1002486	1
1002487	1
1002488	1
1002489	1
1002490	1
1002491	1
1002492	1
1002493	1
1002494	1
1002495	1
1002496	1
1002497	1
1002498	0
1002499	0
1002500	0
1002501	0
1002502	0
1002503	0
1002504	0
1002505	0
1002506	0
1002507	0
1002508	0
1002509	0
1002510	0
1002511	0
1002512	0
1002513	0
1002514	0
1002515	0
1002516	0
1002517	0
1002518	0
1002519	0
1002520	0
1002521	0
1002522	0
1002523	0
1002524	0
1002525	0
1002526	0
1002527	0
1002528	0
1002529	0
1002530	0
1002531	0
1002532	0
1002533	0
1002534	1
1002535	1
1002536	0
1002537	0
1002538	0
1002539	0
1002540	0
1002541	0
1002542	0
1002543	0
1002544	0
1002545	0
1002546	0
1002547	0
1002548	0
1002549	0
1002550	0
1002551	0
1002552	0
1002553	0
1002554	0
1002555	0
1002556	0
1002557	0
1002558	0
1002559	0
1002560	0
1002561	0
1002562	0
1002563	0
1002564	0
1002565	0
1002566	0
1002567	0
1002568	0
1002569	0
1002570	0
1002571	0
1002572	0
1002573	1
1002574	1
1002575	0
1002576	0
1002577	0
1002578	0
1002579	0
1002580	0
1002581	0
1002582	0
1002583	0
1002584	0
1002585	0
1002586	0
1002587	0
1002588	0
1002589	0
1002590	0
1002591	0
1002592	0
1002593	0
1002594	0
1002595	0
1002596	0
1002597	0
1002598	0
1002599	0
1002600	0
1002601	0
1002602	0
1002603	0
1002604	0
1002605	0
1002606	0
1002607	0
1002608	0
1002609	0
1002610	0
1002611	0
1002612	0
1002613	0
1002614	0
1002615	0
1002616	0
1002617	0
1002618	0
1002619	0
1002620	0
1002621	0
1002622	0
1002623	0
1002624	0
1002625	0
1002626	0
1002627	0
1002628	0
1002629	0
1002630	0
1002631	0
1002632	0
1002633	0
1002634	0
1002635	0
1002636	0
1002637	0
1002638	0
1002639	0
1002640	0
1002641	0
1002642	0
1002643	0
1002644	0
1002645	0
1002646	0
1002647	0
1002648	0
1002649	0
1002650	0
1002651	0
1002652	0
1002653	0
1002654	0
1002655	0
1002656	0
1002657	0
1002658	0
1002659	0
1002660	0
1002661	0
1002662	0
1002663	0
1002664	0
1002665	0
1002666	0
1002667	0
1002668	0
1002669	0
1002670	0
1002671	0
1002672	0
1002673	0
1002674	0
1002675	0
1002676	0
1002677	0
1002678	0
1002679	0
1002680	0
1002681	0
1002682	0
1002683	0
1002684	0
1002685	0
1002686	0
1002687	0
1002688	0
1002689	0
1002690	0
1002691	0
1002692	0
1002693	0
1002694	0
1002695	0
1002696	0
1002697	0
1002698	0
1002699	0
1002700	0
1002701	0
1002702	0
1002703	0
1002704	0
1002705	0
1002706	0
1002707	0
1002708	0
1002709	0
1002710	0
