1001110	1
1001111	1
1001112	1
1001113	1
1001114	1
1001115	1
1001116	1
1001117	1
1001118	1
1001119	1
1001120	2
1001121	2
1001122	2
1001123	2
1001124	2
1001125	2
1001126	2
1001127	2
1001128	2
1001129	2
1001130	2
1001131	2
1001132	2
1001133	2
1001134	2
1001135	2
1001136	2
1001137	1
1001138	1
1001139	3
1001140	3
1001141	4
1001142	4
1001143	4
1001144	3
1001145	3
1001146	3
1001147	3
1001148	3
1001149	3
1001150	3
1001151	4
1001152	3
1001153	3
1001154	3
1001155	2
1001156	2
1001157	2
1001158	3
1001159	4
1001160	4
1001161	4
1001162	4
1001163	4
1001164	4
1001165	4
1001166	3
1001167	3
1001168	3
1001169	4
1001170	3
1001171	3
1001172	3
1001173	3
1001174	3
1001175	3
1001176	3
1001177	3
1001178	3
1001179	3
1001180	3
1001181	3
1001182	3
1001183	3
1001184	3
1001185	3
1001186	3
1001187	3
1001188	2
1001189	2
1001190	2
1001191	2
1001192	2
1001193	1
1001194	1
1001195	0
1001196	0
1001197	0
1001198	0
1001199	1
1001200	1
1001201	1
1001202	1
1001203	1
1001204	0
1001205	0
1001206	1
1001207	1
1001208	1
1001209	1
1001210	2
1001211	2
1001212	2
1001213	2
1001214	2
1001215	2
1001216	2
1001217	2
1001218	2
1001219	2
1001220	2
1001221	2
1001222	2
1001223	2
1001224	2
1001225	3
1001226	3
1001227	3
1001228	3
1001229	3
1001230	3
1001231	3
1001232	2
1001233	2
1001234	2
1001235	2
1001236	2
1001237	2
1001238	2
1001239	2
1001240	2
1001241	2
1001242	1
1001243	1
1001244	1
1001245	1
1001246	1
1001247	1
1001248	1
1001249	1
1001250	0
1001251	0
1001252	0
1001253	1
1001254	1
1001255	1
1001256	1
1001257	1
1001258	1
1001259	0
1001260	0
1001261	0
1001262	0
1001263	1
1001264	1
1001265	2
1001266	2
1001267	2
1001268	1
1001269	1
1001270	1
1001271	1
1001272	1
1001273	1
1001274	1
1001275	1
1001276	2
1001277	2
1001278	2
1001279	2
1001280	2
1001281	3
1001282	3
1001283	2
1001284	1
1001285	1
1001286	1
1001287	1
1001288	1
1001289	1
1001290	1
1001291	1
1001292	1
1001293	1
1001294	1
1001295	1
1001296	1
1001297	1
1001298	1
1001299	0
1001300	0
1001301	0
1001302	0
1001303	0
1001304	0
1001305	0
1001306	0
1001307	1
1001308	1
1001309	1
1001310	1
1001311	1
1001312	1
1001313	1
1001314	0
1001315	1
1001316	1
1001317	1
1001318	1
1001319	1
1001320	2
1001321	3
1001322	3
1001323	3
1001324	3
1001325	2
1001326	2
1001327	3
1001328	2
1001329	2
1001330	2
1001331	2
1001332	1
1001333	1
1001334	1
1001335	1
1001336	1
1001337	1
1001338	1
1001339	1
1001340	1
1001341	1
1001342	1
1001343	1
1001344	1
1001345	1
1001346	1
1001347	1
1001348	1
1001349	1
1001350	2
1001351	2
1001352	2
1001353	2
1001354	2
1001355	2
1001356	2
1001357	2
1001358	2
1001359	2
1001360	2
1001361	3
1001362	3
1001363	3
1001364	3
1001365	3
1001366	3
1001367	3
1001368	3
1001369	1
1001370	1
1001371	1
1001372	2
1001373	2
1001374	2
1001375	2
1001376	1
1001377	1
1001378	1
1001379	1
1001380	1
1001381	1
1001382	1
1001383	1
1001384	0
1001385	0
1001386	1
1001387	1
1001388	1
1001389	1
1001390	1
1001391	1
1001392	1
1001393	1
1001394	1
1001395	1
1001396	0
1001397	0
1001398	0
1001399	0
1001400	0
1001401	0
1001402	1
1001403	1
1001404	1
1001405	1
1001406	1
1001407	1
1001408	1
1001409	1
1001410	0
1001411	0
1001412	0
1001413	0
1001414	0
1001415	0
1001416	0
1001417	0
1001418	0
1001419	0
1001420	0
1001421	0
1001422	0
1001423	0
1001424	0
1001425	0
1001426	0
1001427	0
1001428	1
1001429	1
1001430	1
1001431	1
1001432	1
1001433	0
1001434	0
1001435	0
1001436	0
1001437	0
1001438	0
1001439	1
1001440	1
1001441	1
1001442	1
1001443	1
1001444	1
1001445	1
1001446	1
1001447	1
1001448	1
1001449	1
1001450	1
1001451	1
1001452	1
1001453	2
1001454	3
1001455	4
1001456	4
1001457	4
1001458	4
1001459	3
1001460	2
1001461	2
1001462	1
1001463	1
1001464	1
1001465	1
1001466	1
1001467	1
1001468	0
1001469	0
1001470	0
1001471	0
1001472	0
1001473	0
1001474	0
1001475	0
1001476	0
1001477	0
1001478	0
1001479	1
1001480	2
1001481	2
1001482	3
1001483	3
1001484	3
1001485	3
1001486	3
1001487	3
1001488	3
1001489	3
1001490	3
1001491	3
1001492	3
1001493	3
1001494	3
1001495	3
1001496	3
1001497	3
1001498	2
1001499	1
1001500	1
1001501	1
1001502	1
1001503	1
1001504	1
1001505	1
1001506	1
1001507	1
1001508	1
1001509	2
1001510	2
1001511	2
1001512	2
1001513	2
1001514	2
1001515	2
1001516	2
1001517	2
1001518	2
1001519	2
1001520	2
1001521	2
1001522	2
1001523	1
1001524	1
1001525	1
1001526	1
1001527	1
1001528	1
1001529	1
1001530	1
1001531	1
1001532	1
1001533	1
1001534	1
1001535	1
1001536	1
1001537	2
1001538	2
1001539	2
1001540	2
1001541	2
1001542	2
1001543	2
1001544	2
1001545	2
1001546	2
1001547	2
1001548	2
1001549	2
1001550	2
1001551	3
1001552	3
1001553	3
1001554	2
1001555	2
1001556	2
1001557	2
1001558	2
1001559	2
1001560	1
1001561	1
1001562	1
1001563	1
1001564	1
1001565	3
1001566	3
1001567	3
1001568	3
1001569	3
1001570	3
1001571	3
1001572	3
1001573	4
1001574	3
1001575	3
1001576	3
1001577	3
1001578	3
1001579	3
1001580	3
1001581	3
1001582	3
1001583	3
1001584	2
1001585	2
1001586	2
1001587	2
1001588	2
1001589	4
1001590	4
1001591	4
1001592	5
1001593	5
1001594	5
1001595	3
1001596	3
1001597	3
1001598	3
1001599	3
1001600	3
1001601	2
1001602	2
1001603	2
1001604	2
1001605	2
1001606	1
1001607	1
1001608	1
1001609	1
1001610	2
1001611	2
1001612	1
1001613	1
1001614	1
1001615	1
1001616	1
1001617	1
1001618	0
1001619	1
1001620	1
1001621	1
1001622	2
1001623	2
1001624	2
1001625	2
1001626	1
1001627	1
1001628	1
1001629	1
1001630	1
1001631	1
1001632	1
1001633	1
1001634	1
1001635	1
1001636	2
1001637	1
1001638	1
1001639	1
1001640	1
1001641	1
1001642	1
1001643	1
1001644	0
1001645	0
1001646	0
1001647	0
1001648	0
1001649	0
1001650	0
1001651	0
1001652	0
1001653	0
1001654	0
1001655	0
1001656	0
1001657	0
1001658	0
1001659	0
1001660	0
1001661	0
1001662	0
1001663	0
1001664	0
1001665	0
1001666	0
1001667	0
1001668	0
1001669	0
1001670	0
1001671	0
1001672	0
1001673	0
1001674	0
1001675	0
1001676	0
1001677	0
1001678	0
1001679	1
1001680	1
1001681	1
1001682	1
1001683	1
1001684	1
1001685	1
1001686	2
1001687	2
1001688	2
1001689	2
1001690	2
1001691	2
1001692	2
1001693	2
1001694	2
1001695	2
1001696	2
1001697	2
1001698	2
1001699	2
1001700	2
1001701	2
1001702	2
1001703	2
1001704	1
1001705	2
1001706	2
1001707	2
1001708	2
1001709	1
1001710	1
1001711	1
1001712	0
1001713	0
1001714	0
1001715	0
1001716	0
1001717	0
1001718	0
1001719	0
1001720	1
1001721	1
1001722	1
1001723	1
1001724	1
1001725	1
1001726	1
1001727	2
1001728	2
1001729	2
1001730	2
1001731	2
1001732	2
1001733	2
1001734	2
1001735	2
1001736	2
1001737	2
1001738	2
1001739	2
1001740	2
1001741	2
1001742	2
1001743	2
1001744	2
1001745	2
1001746	1
1001747	1
1001748	1
1001749	1
1001750	1
1001751	1
1001752	1
1001753	1
1001754	1
1001755	1
1001756	1
1001757	1
1001758	2
1001759	2
1001760	3
1001761	3
1001762	3
1001763	2
1001764	1
1001765	1
1001766	1
1001767	1
1001768	1
1001769	3
1001770	3
1001771	3
1001772	3
1001773	3
1001774	3
1001775	3
1001776	3
1001777	3
1001778	2
1001779	2
1001780	2
1001781	2
1001782	2
1001783	2
1001784	2
1001785	2
1001786	2
1001787	2
1001788	2
1001789	1
1001790	1
1001791	1
1001792	1
1001793	1
1001794	1
1001795	1
1001796	2
1001797	2
1001798	2
1001799	2
1001800	2
1001801	2
1001802	2
1001803	2
1001804	2
1001805	1
1001806	1
1001807	1
1001808	1
1001809	1
1001810	1
1001811	1
1001812	1
1001813	1
1001814	1
1001815	1
1001816	1
1001817	0
1001818	0
1001819	0
1001820	0
1001821	0
1001822	0
1001823	1
1001824	1
1001825	1
1001826	1
1001827	1
1001828	1
1001829	1
1001830	1
1001831	1
1001832	1
1001833	2
1001834	3
1001835	3
1001836	2
1001837	2
1001838	2
1001839	1
1001840	1
1001841	0
1001842	0
1001843	0
1001844	0
1001845	0
1001846	0
1001847	1
1001848	2
1001849	2
1001850	2
1001851	2
1001852	2
1001853	2
1001854	2
1001855	2
1001856	2
1001857	2
1001858	2
1001859	2
1001860	1
1001861	1
1001862	1
1001863	1
1001864	1
1001865	1
1001866	1
1001867	1
1001868	1
1001869	1
1001870	1
1001871	1
1001872	1
1001873	1
1001874	2
1001875	2
1001876	2
1001877	2
1001878	2
1001879	2
1001880	2
1001881	2
1001882	2
1001883	2
1001884	2
1001885	2
1001886	2
1001887	2
1001888	1
1001889	1
1001890	1
1001891	1
1001892	1
1001893	1
1001894	1
1001895	1
1001896	1
1001897	1
1001898	1
1001899	1
1001900	1
1001901	1
1001902	2
1001903	2
1001904	2
1001905	2
1001906	2
1001907	2
1001908	2
1001909	2
1001910	1
1001911	1
1001912	1
1001913	1
1001914	1
1001915	1
1001916	0
1001917	0
1001918	0
1001919	1
1001920	1
1001921	1
1001922	1
1001923	1
1001924	1
1001925	1
1001926	1
1001927	1
1001928	1
1001929	1
1001930	1
1001931	1
1001932	1
1001933	1
1001934	1
1001935	1
1001936	1
1001937	1
1001938	1
1001939	1
1001940	1
1001941	1
1001942	0
1001943	0
1001944	0
1001945	0
1001946	0
1001947	0
1001948	0
1001949	0
1001950	0
1001951	0
1001952	0
1001953	0
1001954	0
1001955	0
1001956	0
1001957	0
1001958	0
1001959	0
1001960	0
1001961	1
1001962	1
1001963	1
1001964	1
1001965	1
1001966	1
1001967	1
1001968	1
1001969	2
1001970	2
1001971	3
1001972	3
1001973	3
1001974	3
1001975	1
1001976	1
1001977	1
1001978	1
1001979	1
1001980	1
1001981	1
1001982	1
1001983	1
1001984	1
1001985	1
1001986	1
1001987	2
1001988	2
1001989	2
1001990	2
1001991	2
1001992	2
1001993	2
1001994	1
1001995	1
1001996	1
1001997	1
1001998	1
1001999	1
1002000	1
1002001	1
1002002	1
1002003	1
1002004	1
1002005	1
1002006	1
1002007	1
1002008	1
1002009	3
1002010	3
1002011	3
1002012	3
1002013	2
1002014	2
1002015	2
1002016	2
1002017	2
1002018	2
1002019	2
1002020	2
1002021	1
1002022	1
1002023	1
1002024	1
1002025	1
1002026	1
1002027	1
1002028	2
1002029	2
1002030	2
1002031	2
1002032	2
1002033	2
1002034	2
1002035	2
1002036	2
1002037	2
1002038	2
1002039	1
1002040	1
1002041	1
1002042	1
1002043	1
1002044	1
1002045	1
1002046	1
1002047	1
1002048	1
1002049	2
1002050	2
1002051	3
1002052	3
1002053	3
1002054	4
1002055	3
1002056	3
1002057	3
1002058	2
1002059	2
1002060	2
1002061	3
1002062	3
1002063	3
1002064	3
1002065	3
1002066	3
1002067	2
1002068	2
1002069	2
1002070	2
1002071	2
1002072	3
1002073	3
1002074	4
1002075	4
1002076	4
1002077	2
1002078	2
1002079	2
1002080	2
1002081	1
1002082	1
1002083	1
1002084	1
1002085	1
1002086	1
1002087	1
1002088	1
1002089	1
1002090	2
1002091	2
1002092	2
1002093	2
1002094	2
1002095	2
1002096	2
1002097	1
1002098	1
1002099	1
1002100	1
1002101	1
1002102	1
1002103	1
1002104	1
1002105	1
1002106	1
1002107	1
1002108	1
1002109	1
1002110	1
1002111	1
1002112	1
1002113	1
1002114	1
1002115	1
1002116	1
1002117	1
1002118	1
1002119	1
1002120	1
1002121	2
1002122	2
1002123	2
1002124	2
1002125	2
1002126	3
1002127	3
1002128	4
1002129	3
1002130	2
1002131	2
1002132	2
1002133	2
1002134	2
1002135	1
1002136	1
1002137	2
1002138	2
1002139	2
1002140	2
1002141	2
1002142	2
1002143	2
1002144	2
1002145	3
1002146	3
1002147	2
1002148	2
1002149	2
1002150	1
1002151	2
1002152	2
1002153	2
1002154	1
1002155	1
1002156	1
1002157	1
1002158	0
1002159	0
1002160	0
1002161	0
1002162	0
1002163	0
1002164	0
1002165	0
1002166	0
1002167	0
1002168	0
1002169	1
1002170	2
1002171	2
1002172	2
1002173	1
1002174	1
1002175	2
1002176	1
1002177	1
1002178	1
1002179	1
1002180	1
1002181	1
1002182	1
1002183	1
1002184	0
1002185	0
1002186	0
1002187	0
1002188	0
1002189	0
1002190	0
1002191	0
1002192	0
1002193	0
1002194	0
1002195	1
1002196	1
1002197	1
1002198	1
1002199	1
1002200	1
1002201	1
1002202	1
1002203	1
1002204	1
1002205	1
1002206	1
1002207	1
1002208	1
1002209	1
1002210	1
1002211	2
1002212	2
1002213	2
1002214	2
1002215	2
1002216	2
1002217	1
1002218	1
1002219	1
1002220	1
1002221	1
1002222	1
1002223	1
1002224	2
1002225	2
1002226	3
1002227	3
1002228	4
1002229	4
1002230	4
1002231	4
1002232	4
1002233	2
1002234	2
1002235	3
1002236	3
1002237	3
1002238	3
1002239	2
1002240	2
1002241	3
1002242	2
1002243	2
1002244	2
1002245	2
1002246	2
1002247	2
1002248	2
1002249	3
1002250	3
1002251	3
1002252	2
1002253	2
1002254	2
1002255	2
1002256	2
1002257	2
1002258	2
1002259	2
1002260	2
1002261	3
1002262	3
1002263	3
1002264	3
1002265	3
1002266	3
1002267	3
1002268	2
1002269	3
1002270	3
1002271	3
1002272	3
1002273	3
1002274	2
1002275	2
1002276	2
1002277	2
1002278	3
1002279	3
1002280	4
1002281	4
1002282	4
1002283	2
1002284	1
1002285	1
1002286	1
1002287	1
1002288	1
1002289	1
1002290	1
1002291	1
1002292	2
1002293	2
1002294	2
1002295	1
1002296	0
1002297	0
1002298	0
1002299	0
1002300	1
1002301	2
1002302	2
1002303	2
1002304	2
1002305	1
1002306	1
1002307	1
1002308	1
1002309	2
1002310	1
1002311	1
1002312	0
1002313	0
1002314	0
1002315	0
1002316	1
1002317	1
1002318	1
1002319	1
1002320	1
1002321	1
1002322	2
1002323	2
1002324	2
1002325	2
1002326	2
1002327	3
1002328	3
1002329	3
1002330	3
1002331	3
1002332	4
1002333	3
1002334	3
1002335	2
1002336	1
1002337	1
1002338	1
1002339	1
1002340	1
1002341	1
1002342	1
1002343	1
1002344	1
1002345	1
1002346	1
1002347	1
1002348	1
1002349	1
1002350	1
1002351	1
1002352	2
1002353	2
1002354	2
1002355	2
1002356	2
1002357	2
1002358	2
1002359	3
1002360	3
1002361	4
1002362	4
1002363	3
1002364	3
1002365	3
1002366	3
1002367	3
1002368	3
1002369	3
1002370	3
1002371	2
1002372	2
1002373	1
1002374	1
1002375	1
1002376	1
1002377	1
1002378	1
1002379	1
1002380	1
1002381	1
1002382	1
1002383	2
1002384	2
1002385	2
1002386	2
1002387	1
1002388	1
1002389	1
1002390	1
1002391	1
1002392	1
1002393	1
1002394	2
1002395	2
1002396	2
1002397	2
1002398	1
1002399	1
1002400	1
1002401	1
1002402	0
1002403	0
1002404	0
1002405	0
1002406	0
1002407	0
1002408	0
1002409	0
1002410	0
1002411	0
1002412	0
1002413	0
1002414	0
1002415	0
1002416	0
1002417	0
1002418	0
1002419	0
1002420	1
1002421	1
1002422	1
1002423	1
1002424	1
1002425	1
1002426	1
1002427	1
1002428	1
1002429	2
1002430	2
1002431	2
1002432	2
1002433	2
1002434	2
1002435	1
1002436	1
1002437	1
1002438	1
1002439	1
1002440	1
1002441	1
1002442	1
1002443	1
1002444	1
1002445	1
1002446	1
1002447	0
1002448	0
1002449	0
1002450	0
1002451	1
1002452	1
1002453	1
1002454	1
1002455	1
1002456	1
1002457	1
1002458	2
1002459	2
1002460	2
1002461	2
1002462	1
1002463	1
1002464	1
1002465	1
1002466	3
1002467	3
1002468	3
1002469	3
1002470	3
1002471	2
1002472	1
1002473	1
1002474	1
1002475	1
1002476	1
1002477	1
1002478	1
1002479	1
1002480	1
1002481	1
1002482	1
1002483	1
1002484	1
1002485	1
1002486	1
1002487	0
1002488	0
1002489	0
1002490	0
1002491	0
1002492	0
1002493	0
1002494	0
1002495	0
1002496	0
1002497	0
1002498	0
1002499	0
1002500	0
1002501	0
1002502	1
1002503	1
1002504	1
1002505	1
1002506	0
1002507	0
1002508	0
1002509	0
1002510	0
1002511	1
1002512	1
1002513	1
1002514	1
1002515	1
1002516	1
1002517	1
1002518	1
1002519	1
1002520	2
1002521	2
1002522	2
1002523	2
1002524	2
1002525	2
1002526	2
1002527	2
1002528	2
1002529	2
1002530	2
1002531	2
1002532	2
1002533	1
1002534	1
1002535	1
1002536	1
1002537	1
1002538	0
1002539	0
1002540	0
1002541	0
1002542	0
1002543	0
1002544	0
1002545	0
1002546	0
1002547	0
1002548	0
1002549	0
1002550	0
1002551	0
1002552	0
1002553	0
1002554	0
1002555	0
1002556	0
1002557	0
1002558	0
1002559	0
1002560	0
1002561	0
1002562	0
1002563	0
1002564	0
1002565	0
1002566	0
1002567	0
1002568	0
1002569	0
1002570	0
1002571	0
1002572	0
1002573	0
1002574	0
1002575	0
1002576	0
1002577	0
1002578	0
1002579	0
1002580	0
1002581	0
1002582	0
1002583	0
1002584	0
1002585	0
1002586	0
1002587	0
1002588	0
1002589	0
1002590	0
1002591	0
1002592	0
1002593	0
1002594	0
1002595	0
1002596	0
1002597	0
1002598	0
1002599	0
1002600	1
1002601	1
1002602	1
1002603	1
1002604	1
1002605	0
1002606	0
1002607	0
1002608	0
1002609	0
1002610	0
1002611	0
1002612	0
1002613	0
1002614	0
1002615	0
1002616	0
1002617	0
1002618	0
1002619	0
1002620	0
1002621	0
1002622	0
1002623	0
1002624	0
1002625	0
1002626	0
1002627	0
1002628	0
1002629	0
1002630	0
1002631	1
1002632	1
1002633	1
1002634	1
1002635	1
1002636	1
1002637	1
1002638	1
1002639	1
1002640	1
1002641	0
1002642	0
1002643	0
1002644	0
1002645	0
1002646	0
1002647	1
1002648	1
1002649	1
1002650	1
1002651	1
1002652	1
1002653	1
1002654	1
1002655	1
1002656	1
1002657	1
1002658	1
1002659	1
1002660	1
1002661	1
1002662	1
1002663	1
1002664	1
1002665	1
1002666	1
1002667	1
1002668	1
1002669	1
1002670	0
1002671	0
1002672	0
1002673	0
1002674	0
1002675	0
1002676	0
1002677	0
1002678	0
1002679	0
1002680	0
1002681	0
1002682	0
1002683	0
1002684	0
1002685	1
1002686	1
1002687	1
1002688	1
1002689	1
1002690	1
1002691	2
1002692	2
1002693	1
1002694	1
1002695	1
1002696	1
1002697	1
1002698	1
1002699	1
1002700	1
1002701	1
1002702	1
1002703	1
1002704	1
1002705	1
1002706	1
1002707	1
1002708	1
1002709	0
1002710	0
