0	5
1	4
2	4
3	5
4	5
5	5
6	4
7	5
8	5
9	5
10	4
11	5
12	5
13	5
14	5
15	5
16	4
17	4
18	4
19	4
20	4
21	4
22	5
23	5
24	4
25	4
26	4
27	4
28	4
29	3
30	3
31	4
32	4
33	4
34	3
35	3
36	4
37	4
38	4
39	4
40	3
41	3
42	2
43	2
44	2
45	2
46	3
47	3
48	3
49	3
50	3
51	3
52	3
53	3
54	3
55	2
56	3
57	3
58	3
59	4
60	4
61	4
62	5
63	5
64	4
65	4
66	5
67	5
68	5
69	5
70	5
71	5
72	4
73	4
74	4
75	4
76	5
77	5
78	5
79	5
80	5
81	6
82	6
83	5
84	5
85	5
86	6
87	5
88	4
89	3
90	4
91	3
92	3
93	3
94	3
95	3
96	2
97	2
98	2
99	2
100	1
101	0
102	0
103	0
104	0
105	0
106	0
107	0
108	0
109	0
110	0
111	1
112	1
113	1
114	1
115	1
116	2
117	2
118	2
119	3
120	2
121	2
122	2
123	2
124	2
125	2
126	2
127	2
128	2
129	2
130	2
131	2
132	2
133	2
134	2
135	2
136	2
137	3
138	3
139	3
140	3
141	3
142	3
143	2
144	2
145	2
146	2
147	2
148	2
149	2
150	2
151	3
152	3
153	3
154	3
155	3
156	3
157	3
158	3
159	3
160	3
161	3
162	3
163	3
164	3
165	3
166	3
167	3
168	3
169	3
170	3
171	3
172	3
173	3
174	3
175	2
176	2
177	2
178	2
179	1
180	1
181	1
182	1
183	2
184	2
185	3
186	2
187	2
188	2
189	2
190	1
191	1
192	1
193	1
194	1
195	1
196	1
197	1
198	1
199	1
200	0
201	1
202	1
203	2
204	2
205	2
206	2
207	2
208	2
209	2
210	2
211	2
212	2
213	2
214	2
215	3
216	3
217	3
218	3
219	3
220	3
221	3
222	3
223	3
224	3
225	3
226	3
227	3
228	3
229	3
230	3
231	3
232	3
233	3
234	2
235	2
236	2
237	2
238	2
239	2
240	2
241	2
242	1
243	2
244	2
245	2
246	2
247	2
248	1
249	1
250	0
251	0
252	0
253	0
254	0
255	1
256	1
257	1
258	1
259	1
260	2
261	3
262	3
263	3
264	3
265	3
266	3
267	3
268	3
269	3
270	3
271	3
272	3
273	3
274	3
275	3
276	4
277	4
278	3
279	3
280	3
281	3
282	3
283	3
284	3
285	3
286	2
287	2
288	2
289	2
290	2
291	3
292	4
293	4
294	4
295	4
296	4
297	4
298	4
299	4
300	4
301	5
302	5
303	5
304	5
305	5
306	5
307	5
308	5
309	4
310	3
311	4
312	4
313	4
314	4
315	4
316	4
317	4
318	4
319	3
320	3
321	4
322	4
323	5
324	5
325	5
326	4
327	4
328	4
329	4
330	6
331	6
332	6
333	7
334	7
335	7
336	6
337	6
338	6
339	6
340	6
341	6
342	6
343	6
344	6
345	6
346	6
347	6
348	7
349	7
350	6
351	6
352	6
353	5
354	5
355	5
356	5
357	5
358	5
359	6
360	6
361	7
362	7
363	7
364	7
365	7
366	8
367	8
368	8
369	9
370	9
371	8
372	8
373	8
374	8
375	8
376	8
377	7
378	7
379	7
380	8
381	9
382	8
383	8
384	8
385	8
386	8
387	7
388	7
389	8
390	8
391	8
392	8
393	8
394	8
395	7
396	8
397	8
398	8
399	8
400	8
401	8
402	7
403	7
404	8
405	8
406	7
407	5
408	6
409	6
410	7
411	8
412	8
413	8
414	6
415	6
416	6
417	6
418	5
419	5
420	5
421	5
422	7
423	7
424	6
425	6
426	6
427	5
428	5
429	5
430	4
431	4
432	4
433	4
434	3
435	3
436	3
437	3
438	3
439	3
440	3
441	3
442	3
443	3
444	3
445	3
446	4
447	4
448	4
449	4
450	4
451	5
452	5
453	4
454	4
455	4
456	4
457	4
458	4
459	4
460	4
461	4
462	2
463	2
464	2
465	2
466	2
467	2
468	3
469	3
470	4
471	4
472	4
473	4
474	4
475	4
476	3
477	3
478	4
479	4
480	4
481	4
482	4
483	4
484	3
485	3
486	3
487	3
488	3
489	4
490	3
491	3
492	3
493	3
494	3
495	3
496	4
497	4
498	4
499	4
500	4
501	4
502	4
503	3
504	3
505	2
506	2
507	2
508	2
509	2
510	3
511	3
512	4
513	4
514	4
515	4
516	5
517	5
518	5
519	6
520	6
521	6
522	6
523	5
524	5
525	5
526	5
527	5
528	5
529	5
530	5
531	5
532	5
533	5
534	5
535	5
536	5
537	5
538	4
539	4
540	4
541	4
542	5
543	5
544	5
545	5
546	6
547	7
548	7
549	7
550	7
551	8
552	8
553	8
554	8
555	5
556	5
557	5
558	5
559	5
560	5
561	5
562	5
563	6
564	6
565	6
566	6
567	6
568	6
569	5
570	6
571	6
572	6
573	6
574	6
575	6
576	5
577	5
578	4
579	4
580	4
581	4
582	4
583	4
584	4
585	4
586	4
587	2
588	2
589	2
590	2
591	2
592	3
593	3
594	3
595	3
596	3
597	3
598	3
599	2
600	2
601	2
602	2
603	3
604	3
605	3
606	3
607	3
608	3
609	3
610	3
611	3
612	2
613	1
614	1
615	1
616	1
617	1
618	1
619	0
620	0
621	1
622	1
623	0
624	0
625	0
626	0
627	0
628	0
629	0
630	0
631	1
632	1
633	1
634	1
635	1
636	1
637	1
638	1
639	1
640	2
641	2
642	2
643	2
644	2
645	2
646	2
647	3
648	4
649	3
650	2
651	2
652	1
653	2
654	1
655	1
656	1
657	1
658	1
659	1
660	1
661	2
662	2
663	2
664	2
665	2
666	2
667	2
668	2
669	2
670	2
671	2
672	1
673	1
674	1
675	1
676	1
677	1
678	1
679	1
680	1
681	1
682	2
683	1
684	1
685	0
686	0
687	0
688	0
689	0
690	0
691	0
692	0
693	0
694	0
695	0
696	1
697	2
698	1
699	1
700	1
701	1
702	1
703	1
704	1
705	1
706	1
707	1
708	1
709	1
710	1
711	1
712	1
713	1
714	1
715	1
716	1
717	1
718	1
719	2
720	2
721	4
722	4
723	5
724	5
725	5
726	5
727	5
728	5
729	5
730	5
731	5
732	5
733	4
734	4
735	4
736	3
737	3
738	3
739	3
740	3
741	3
742	3
743	4
744	3
745	2
746	2
747	2
748	3
749	3
750	2
751	2
752	2
753	3
754	3
755	3
756	5
757	5
758	4
759	4
760	4
761	3
762	3
763	3
764	3
765	2
766	2
767	2
768	2
769	2
770	2
771	4
772	4
773	3
774	3
775	2
776	1
777	1
778	1
779	1
780	1
781	1
782	1
783	1
784	2
785	3
786	3
787	3
788	3
789	3
790	3
791	3
792	3
793	3
794	3
795	3
796	4
797	4
798	4
799	4
800	4
801	5
802	5
803	5
804	5
805	5
806	5
807	5
808	5
809	5
810	4
811	4
812	4
813	4
814	2
815	2
816	3
817	3
818	3
819	3
820	3
821	3
822	3
823	3
824	4
825	4
826	4
827	4
828	4
829	4
830	4
831	3
832	3
833	3
834	3
835	3
836	3
837	4
838	4
839	4
840	5
841	5
842	5
843	5
844	5
845	5
846	5
847	5
848	5
849	5
850	4
851	3
852	3
853	3
854	3
855	3
856	3
857	3
858	2
859	2
860	2
861	2
862	2
863	2
864	2
865	2
866	2
867	2
868	3
869	3
870	3
871	4
872	4
873	4
874	4
875	4
876	5
877	5
878	5
879	5
880	5
881	5
882	5
883	5
884	5
885	4
886	4
887	4
888	4
889	4
890	4
891	4
892	4
893	4
894	4
895	3
896	3
897	3
898	3
899	3
900	3
901	3
902	3
903	3
904	3
905	3
906	3
907	3
908	3
909	3
910	4
911	4
912	4
913	4
914	3
915	3
916	2
917	2
918	2
919	3
920	3
921	4
922	4
923	4
924	3
925	3
926	2
927	2
928	3
929	3
930	3
931	3
932	3
933	3
934	4
935	5
936	5
937	5
938	5
939	5
940	5
941	4
942	4
943	4
944	4
945	4
946	4
947	4
948	4
949	4
950	4
951	4
952	4
953	4
954	4
955	4
956	4
957	3
958	3
959	3
960	4
961	4
962	4
963	4
964	4
965	4
966	3
967	3
968	3
969	3
970	3
971	3
972	3
973	2
974	2
975	2
976	2
977	1
978	1
979	1
980	2
981	2
982	2
983	2
984	2
985	2
986	1
987	1
988	1
989	1
990	1
991	1
992	1
993	2
994	4
995	4
996	4
997	4
998	4
999	4
1000	4
1001	4
1002	4
1003	4
1004	4
1005	4
1006	4
1007	3
1008	3
1009	3
1010	3
1011	3
1012	3
1013	3
1014	3
1015	3
1016	3
1017	3
1018	3
1019	3
1020	3
1021	2
1022	2
1023	2
1024	2
1025	1
1026	1
1027	1
1028	1
1029	1
1030	1
1031	1
1032	1
1033	1
1034	1
1035	2
1036	2
1037	3
1038	3
1039	3
1040	3
1041	4
1042	4
1043	4
1044	4
1045	4
1046	4
1047	4
1048	4
1049	4
1050	4
1051	3
1052	3
1053	3
1054	3
1055	2
1056	2
1057	2
1058	2
1059	2
1060	2
1061	2
1062	2
1063	2
1064	2
1065	2
1066	2
1067	2
1068	2
1069	2
1070	2
1071	1
1072	1
1073	2
1074	4
1075	5
1076	5
1077	5
1078	5
1079	5
1080	5
1081	5
1082	6
1083	6
1084	6
1085	6
1086	6
1087	6
1088	6
1089	6
1090	6
1091	6
1092	6
1093	6
1094	6
1095	6
1096	5
1097	5
1098	5
1099	5
1100	6
1101	5
1102	4
1103	4
1104	4
1105	4
1106	4
1107	4
1108	4
1109	4
1110	3
1111	3
1112	3
1113	3
1114	2
1115	2
1116	3
1117	4
1118	3
1119	3
1120	2
1121	2
1122	2
1123	3
1124	3
1125	3
1126	3
1127	3
1128	3
1129	3
1130	3
1131	3
1132	3
1133	4
1134	4
1135	3
1136	3
1137	4
1138	4
1139	4
1140	3
1141	3
1142	3
1143	3
1144	3
1145	4
1146	4
1147	4
1148	4
1149	3
1150	3
1151	3
1152	2
1153	2
1154	2
1155	2
1156	2
1157	2
1158	2
1159	2
1160	2
1161	2
1162	2
1163	2
1164	4
1165	4
1166	4
1167	4
1168	3
1169	3
1170	2
1171	2
1172	2
1173	2
1174	3
1175	3
1176	3
1177	3
1178	2
1179	2
1180	2
1181	2
1182	2
1183	2
1184	1
1185	1
1186	1
1187	1
1188	1
1189	1
1190	1
1191	2
1192	2
1193	2
1194	3
1195	3
1196	4
1197	4
1198	4
1199	4
1200	3
1201	4
1202	4
1203	4
1204	4
1205	4
1206	5
1207	5
1208	4
1209	4
1210	4
1211	4
1212	4
1213	4
1214	4
1215	3
1216	3
1217	3
1218	3
1219	3
1220	3
1221	3
1222	3
1223	4
1224	4
1225	4
1226	4
1227	4
1228	3
1229	3
1230	3
1231	3
1232	4
1233	4
1234	4
1235	4
1236	5
1237	5
1238	5
1239	5
1240	5
1241	5
1242	5
1243	5
1244	5
1245	5
1246	5
1247	5
1248	5
1249	4
1250	4
1251	6
1252	5
1253	4
1254	4
1255	4
1256	3
1257	3
1258	4
1259	4
1260	4
1261	4
1262	4
1263	4
1264	4
1265	4
1266	3
1267	3
1268	5
1269	6
1270	6
1271	7
1272	8
1273	8
1274	8
1275	8
1276	8
1277	8
1278	7
1279	7
1280	7
1281	8
1282	8
1283	8
1284	8
1285	8
1286	7
1287	8
1288	8
1289	8
1290	8
1291	8
1292	8
1293	8
1294	8
1295	7
1296	7
1297	7
1298	7
1299	7
1300	7
1301	6
1302	6
1303	6
1304	6
1305	6
1306	6
1307	6
1308	6
1309	6
1310	5
1311	4
1312	4
1313	4
1314	4
1315	4
1316	4
1317	3
1318	4
1319	4
1320	3
1321	3
1322	3
1323	3
1324	4
1325	5
1326	5
1327	4
1328	2
1329	3
1330	3
1331	3
1332	3
1333	3
1334	3
1335	4
1336	4
1337	4
1338	4
1339	4
1340	5
1341	5
1342	5
1343	5
1344	5
1345	5
1346	5
1347	4
1348	5
1349	4
1350	4
1351	4
1352	4
1353	4
1354	4
1355	4
1356	5
1357	5
1358	4
1359	4
1360	4
1361	4
1362	3
1363	3
1364	3
1365	3
1366	3
1367	3
1368	3
1369	3
1370	3
1371	3
1372	3
1373	3
1374	2
1375	2
1376	2
1377	2
1378	2
1379	2
1380	2
1381	2
1382	2
1383	2
1384	2
1385	2
1386	4
1387	4
1388	3
1389	2
1390	2
1391	2
1392	2
1393	3
1394	3
1395	3
1396	3
1397	3
1398	2
1399	2
1400	3
1401	3
1402	3
1403	3
1404	3
1405	3
1406	3
1407	3
1408	2
1409	2
1410	2
1411	2
1412	2
1413	2
1414	3
1415	3
1416	3
1417	2
1418	2
1419	2
1420	2
1421	3
1422	3
1423	4
1424	4
1425	5
1426	5
1427	5
1428	5
1429	5
1430	5
1431	5
1432	5
1433	5
1434	5
1435	5
1436	5
1437	5
1438	5
1439	4
1440	3
1441	2
1442	2
1443	2
1444	3
1445	3
1446	6
1447	6
1448	6
1449	6
1450	7
1451	7
1452	7
1453	7
1454	7
1455	7
1456	7
1457	7
1458	8
1459	6
1460	6
1461	6
1462	6
1463	7
1464	7
1465	7
1466	6
1467	6
1468	7
1469	7
1470	7
1471	7
1472	8
1473	8
1474	8
1475	7
1476	7
1477	6
1478	6
1479	6
1480	6
1481	6
1482	7
1483	7
1484	8
1485	8
1486	8
1487	8
1488	9
1489	9
1490	8
1491	9
1492	8
1493	7
1494	6
1495	6
1496	6
1497	6
1498	6
1499	6
1500	6
1501	6
1502	6
1503	5
1504	4
1505	4
1506	5
1507	5
1508	6
1509	6
1510	6
1511	6
1512	6
1513	6
1514	6
1515	7
1516	7
1517	7
1518	7
1519	7
1520	7
1521	8
1522	8
1523	8
1524	8
1525	7
1526	7
1527	6
1528	5
1529	5
1530	5
1531	5
1532	4
1533	4
1534	5
1535	5
1536	5
1537	5
1538	5
1539	5
1540	7
1541	7
1542	6
1543	6
1544	6
1545	5
1546	5
1547	5
1548	5
1549	5
1550	6
1551	6
1552	5
1553	5
1554	6
1555	6
1556	6
1557	5
1558	4
1559	4
1560	3
1561	3
1562	3
1563	3
1564	3
1565	3
1566	2
1567	3
1568	3
1569	3
1570	3
1571	3
1572	3
1573	2
1574	2
1575	2
1576	2
1577	2
1578	2
1579	2
1580	2
1581	1
1582	1
1583	1
1584	1
1585	0
1586	0
1587	0
1588	0
1589	1
1590	1
1591	1
1592	1
1593	2
1594	2
1595	2
1596	2
1597	2
1598	3
1599	3
1600	4
1601	4
1602	4
1603	4
1604	3
1605	2
1606	2
1607	2
1608	2
1609	2
1610	2
1611	2
1612	2
1613	2
1614	2
1615	2
1616	2
1617	2
1618	2
1619	3
1620	3
1621	3
1622	3
1623	2
1624	2
1625	2
1626	2
1627	2
1628	2
1629	2
1630	2
1631	2
1632	2
1633	2
1634	2
1635	2
1636	2
1637	2
1638	2
1639	2
1640	2
1641	3
1642	3
1643	3
1644	3
1645	3
1646	3
1647	3
1648	3
1649	3
1650	3
1651	3
1652	4
1653	4
1654	5
1655	5
1656	5
1657	5
1658	5
1659	5
1660	5
1661	5
1662	5
1663	5
1664	5
1665	5
1666	5
1667	4
1668	4
1669	4
1670	4
1671	4
1672	5
1673	4
1674	4
1675	4
1676	4
1677	4
1678	4
1679	4
1680	4
1681	4
1682	4
1683	4
1684	4
1685	4
1686	4
1687	4
1688	5
1689	5
1690	5
1691	4
1692	4
1693	4
1694	4
1695	4
1696	4
1697	4
1698	4
1699	4
1700	4
1701	4
1702	4
1703	4
1704	4
1705	4
1706	4
1707	4
1708	3
1709	3
1710	3
1711	2
1712	2
1713	2
1714	2
1715	2
1716	3
1717	3
1718	3
1719	3
1720	3
1721	3
1722	4
1723	4
1724	4
1725	4
1726	4
1727	4
1728	4
1729	4
1730	4
1731	4
1732	3
1733	3
1734	3
1735	3
1736	3
1737	3
1738	3
1739	5
1740	5
1741	5
1742	5
1743	4
1744	2
1745	2
1746	4
1747	4
1748	4
1749	4
1750	4
1751	4
1752	4
1753	4
1754	3
1755	3
1756	3
1757	2
1758	2
1759	2
1760	2
1761	3
1762	3
1763	3
1764	3
1765	3
1766	4
1767	4
1768	4
1769	4
1770	4
1771	3
1772	3
1773	3
1774	3
1775	5
1776	4
1777	5
1778	5
1779	5
1780	6
1781	6
1782	5
1783	4
1784	4
1785	4
1786	5
1787	5
1788	5
1789	5
1790	5
1791	5
1792	6
1793	6
1794	6
1795	7
1796	8
1797	7
1798	7
1799	7
1800	7
1801	7
1802	7
1803	7
1804	7
1805	7
1806	11
1807	12
1808	12
1809	12
1810	11
1811	11
1812	10
1813	10
1814	9
1815	9
1816	9
1817	9
1818	9
1819	9
1820	9
1821	10
1822	8
1823	8
1824	8
1825	6
1826	4
1827	4
1828	4
1829	4
1830	4
1831	5
1832	5
1833	5
1834	4
1835	4
1836	5
1837	5
1838	5
1839	5
1840	5
1841	5
1842	5
1843	5
1844	5
1845	5
1846	5
1847	5
1848	5
1849	5
1850	5
1851	5
1852	6
1853	5
1854	5
1855	5
1856	5
1857	5
1858	5
1859	4
1860	4
1861	4
1862	4
1863	4
1864	3
1865	3
1866	4
1867	4
1868	5
1869	5
1870	5
1871	5
1872	5
1873	5
1874	5
1875	5
1876	5
1877	5
1878	6
1879	7
1880	7
1881	7
1882	7
1883	6
1884	6
1885	6
1886	6
1887	7
1888	8
1889	7
1890	6
1891	6
1892	6
1893	5
1894	4
1895	4
1896	6
1897	6
1898	5
1899	5
1900	6
1901	6
1902	6
1903	6
1904	6
1905	6
1906	6
1907	5
1908	5
1909	5
1910	5
1911	5
1912	5
1913	3
1914	3
1915	3
1916	3
1917	3
1918	3
1919	3
1920	4
1921	4
1922	3
1923	3
1924	3
1925	4
1926	4
1927	4
1928	4
1929	4
1930	4
1931	4
1932	4
1933	2
1934	2
1935	2
1936	2
1937	2
1938	2
1939	3
1940	3
1941	3
1942	4
1943	4
1944	4
1945	4
1946	3
1947	3
1948	3
1949	3
1950	2
1951	2
1952	2
1953	2
1954	2
1955	3
1956	3
1957	3
1958	3
1959	3
1960	3
1961	3
1962	3
1963	4
1964	4
1965	4
1966	4
1967	3
1968	3
1969	2
1970	2
1971	2
1972	2
1973	2
1974	1
1975	1
1976	2
1977	3
1978	3
1979	4
1980	4
1981	4
1982	4
1983	4
1984	4
1985	4
1986	4
1987	4
1988	4
1989	4
1990	4
1991	3
1992	3
1993	3
1994	4
1995	4
1996	4
1997	5
1998	5
1999	5
2000	5
2001	5
2002	6
2003	6
2004	6
2005	7
2006	7
2007	7
2008	7
2009	7
2010	8
2011	7
2012	7
2013	7
2014	7
2015	7
2016	8
2017	8
2018	8
2019	7
2020	7
2021	7
2022	6
2023	6
2024	6
2025	5
2026	5
2027	5
2028	5
2029	3
2030	3
2031	4
2032	4
2033	4
2034	4
2035	4
2036	4
2037	4
2038	4
2039	5
2040	6
2041	6
2042	6
2043	5
2044	5
2045	5
2046	5
2047	5
2048	5
2049	6
2050	6
2051	6
2052	6
2053	6
2054	6
2055	7
2056	6
2057	6
2058	6
2059	6
2060	6
2061	6
2062	6
2063	6
2064	6
2065	6
2066	6
2067	6
2068	5
2069	6
2070	6
2071	6
2072	7
2073	7
2074	6
2075	6
2076	5
2077	5
2078	5
2079	5
2080	5
2081	5
2082	5
2083	5
2084	5
2085	5
2086	5
2087	5
2088	5
2089	5
2090	5
2091	6
2092	6
2093	6
2094	6
2095	6
2096	6
2097	5
2098	5
2099	6
2100	7
2101	7
2102	7
2103	8
2104	8
2105	8
2106	10
2107	11
2108	9
2109	8
2110	8
2111	8
2112	9
2113	9
2114	10
2115	10
2116	10
2117	10
2118	9
2119	8
2120	8
2121	7
2122	7
2123	7
2124	6
2125	7
2126	7
2127	6
2128	5
2129	3
2130	3
2131	3
2132	3
2133	4
2134	4
2135	6
2136	7
2137	7
2138	6
2139	6
2140	6
2141	6
2142	7
2143	7
2144	7
2145	7
2146	7
2147	7
2148	6
2149	7
2150	7
2151	7
2152	7
2153	7
2154	7
2155	7
2156	7
2157	7
2158	6
2159	8
2160	9
2161	9
2162	9
2163	9
2164	10
2165	10
2166	8
2167	8
2168	7
2169	6
2170	6
2171	6
2172	6
2173	6
2174	6
2175	6
2176	6
2177	6
2178	6
2179	5
2180	5
2181	5
2182	5
2183	5
2184	4
2185	4
2186	5
2187	5
2188	5
2189	5
2190	5
2191	5
2192	5
2193	5
2194	6
2195	6
2196	8
2197	8
2198	7
2199	6
2200	7
2201	7
2202	6
2203	6
2204	7
2205	7
2206	7
2207	6
2208	6
2209	6
2210	6
2211	7
2212	7
2213	7
2214	7
2215	6
2216	6
2217	6
2218	6
2219	6
2220	3
2221	3
2222	3
2223	3
2224	3
2225	4
2226	5
2227	5
2228	5
2229	5
2230	5
2231	5
2232	5
2233	4
2234	4
2235	4
2236	4
2237	4
2238	4
2239	4
2240	4
2241	4
2242	4
2243	3
2244	3
2245	2
2246	2
2247	2
2248	2
2249	2
2250	1
2251	1
2252	1
2253	1
2254	1
2255	1
2256	1
2257	1
2258	2
2259	2
2260	2
2261	2
2262	1
2263	1
2264	1
2265	1
2266	1
2267	1
2268	1
2269	1
2270	1
2271	1
2272	1
2273	1
2274	1
2275	1
2276	1
2277	0
2278	1
2279	2
2280	2
2281	2
2282	2
2283	2
2284	2
2285	2
2286	2
2287	2
2288	2
2289	2
2290	2
2291	2
2292	2
2293	2
2294	2
2295	1
2296	1
2297	1
2298	0
2299	0
2300	0
2301	1
2302	1
2303	1
2304	1
2305	1
2306	1
2307	1
2308	1
2309	1
2310	1
2311	1
2312	1
2313	1
2314	1
2315	1
2316	1
2317	1
2318	1
2319	1
2320	1
2321	1
2322	1
2323	1
2324	1
2325	1
2326	1
2327	1
2328	1
2329	1
2330	1
2331	1
2332	1
2333	1
2334	1
2335	2
2336	2
2337	2
2338	2
2339	2
2340	2
2341	3
2342	3
2343	3
2344	3
2345	3
2346	3
2347	3
2348	3
2349	3
2350	3
2351	3
2352	3
2353	3
2354	3
2355	3
2356	4
2357	4
2358	3
2359	3
2360	3
2361	3
2362	3
2363	2
2364	2
2365	1
2366	1
2367	1
2368	1
2369	1
2370	1
2371	2
2372	2
2373	2
2374	2
2375	2
2376	3
2377	4
2378	4
2379	4
2380	4
2381	4
2382	4
2383	4
2384	4
2385	4
2386	3
2387	3
2388	3
2389	3
2390	3
2391	3
2392	3
2393	3
2394	3
2395	3
2396	3
2397	3
2398	3
2399	3
2400	3
2401	3
2402	3
2403	3
2404	1
2405	1
2406	4
2407	4
2408	4
2409	4
2410	4
2411	4
2412	4
2413	4
2414	4
2415	3
2416	3
2417	3
2418	2
2419	2
2420	2
2421	2
2422	2
2423	3
2424	3
2425	3
2426	3
2427	3
2428	3
2429	3
2430	3
2431	2
2432	2
2433	2
2434	2
2435	2
2436	3
2437	3
2438	3
2439	3
2440	3
2441	3
2442	3
2443	3
2444	3
2445	3
2446	3
2447	3
2448	3
2449	3
2450	3
2451	4
2452	4
2453	4
2454	4
2455	4
2456	4
2457	4
2458	4
2459	4
2460	4
2461	4
2462	4
2463	4
2464	4
2465	4
2466	3
2467	3
2468	3
2469	3
2470	3
2471	3
2472	3
2473	3
2474	3
2475	2
2476	3
2477	3
2478	3
2479	3
2480	3
2481	3
2482	3
2483	3
2484	3
2485	3
2486	2
2487	2
2488	1
2489	2
2490	2
2491	2
2492	3
2493	3
2494	3
2495	3
2496	3
2497	3
2498	3
2499	3
2500	3
2501	3
2502	3
2503	2
2504	1
2505	1
2506	2
2507	1
2508	1
2509	1
2510	1
2511	1
2512	2
2513	1
2514	1
2515	2
2516	2
2517	2
2518	2
2519	2
2520	3
2521	3
2522	3
2523	3
2524	3
2525	3
2526	3
2527	3
2528	3
2529	3
2530	3
2531	3
2532	3
2533	3
2534	3
2535	3
2536	3
2537	3
2538	3
2539	3
2540	3
2541	4
2542	4
2543	4
2544	4
2545	4
2546	4
2547	4
2548	4
2549	4
2550	3
2551	3
2552	3
2553	3
2554	2
2555	2
2556	3
2557	3
2558	3
2559	3
2560	3
2561	3
2562	3
2563	4
2564	4
2565	4
2566	4
2567	2
2568	2
2569	1
2570	1
2571	1
2572	1
2573	2
2574	2
2575	2
2576	2
2577	2
2578	2
2579	3
2580	3
2581	3
2582	3
2583	3
2584	3
2585	2
2586	2
2587	2
2588	2
2589	3
2590	3
2591	3
2592	2
2593	2
2594	2
2595	2
2596	2
2597	2
2598	2
2599	2
2600	2
2601	2
2602	2
2603	2
2604	1
2605	1
2606	1
2607	1
2608	1
2609	2
2610	1
2611	2
2612	2
2613	2
2614	2
2615	2
2616	2
2617	2
2618	2
2619	2
2620	2
2621	3
2622	2
2623	2
2624	2
2625	2
2626	2
2627	2
2628	2
2629	2
2630	2
2631	2
2632	2
2633	2
2634	2
2635	2
2636	1
2637	1
2638	1
2639	1
2640	1
2641	0
2642	0
2643	0
2644	0
2645	0
2646	0
2647	1
2648	1
2649	1
2650	1
2651	1
2652	1
2653	1
2654	1
2655	1
2656	1
2657	1
2658	1
2659	1
2660	1
2661	1
2662	1
2663	1
2664	1
2665	1
2666	0
2667	0
2668	0
2669	1
2670	1
2671	1
2672	2
2673	2
2674	2
2675	3
2676	3
2677	3
2678	3
2679	3
2680	3
2681	3
2682	3
2683	3
2684	3
2685	3
2686	2
2687	2
2688	2
2689	2
2690	2
2691	2
2692	2
2693	2
2694	2
2695	2
2696	2
2697	1
2698	1
2699	2
2700	2
2701	2
2702	2
2703	2
2704	2
2705	2
2706	2
2707	2
2708	2
2709	2
2710	2
2711	2
2712	2
2713	2
2714	2
2715	1
2716	1
2717	1
2718	1
2719	1
2720	1
2721	1
2722	1
2723	1
2724	1
2725	1
2726	1
2727	1
2728	1
2729	1
2730	0
2731	0
2732	0
2733	0
2734	1
2735	1
2736	1
2737	1
2738	1
2739	1
2740	1
2741	1
2742	1
2743	1
2744	1
2745	1
2746	1
2747	1
2748	1
2749	1
2750	1
2751	2
2752	2
2753	2
2754	2
2755	2
2756	3
2757	3
2758	3
2759	3
2760	3
2761	3
2762	3
2763	3
2764	2
2765	2
2766	2
2767	2
2768	3
2769	3
2770	3
2771	3
2772	3
2773	3
2774	4
2775	4
2776	5
2777	4
2778	4
2779	4
2780	4
2781	4
2782	4
2783	3
2784	3
2785	3
2786	3
2787	3
2788	3
2789	3
2790	3
2791	3
2792	3
2793	3
2794	3
2795	3
2796	3
2797	3
2798	3
2799	3
2800	3
2801	2
2802	2
2803	2
2804	2
2805	2
2806	2
2807	2
2808	2
2809	2
2810	2
2811	2
2812	2
2813	2
2814	2
2815	1
2816	1
2817	2
2818	2
2819	2
2820	2
2821	2
2822	2
2823	3
2824	3
2825	3
2826	3
2827	3
2828	4
2829	4
2830	4
2831	4
2832	4
2833	4
2834	4
2835	4
2836	4
2837	4
2838	4
2839	4
2840	4
2841	4
2842	4
2843	4
2844	4
2845	4
2846	4
2847	4
2848	4
2849	4
2850	4
2851	4
2852	5
2853	5
2854	5
2855	5
2856	5
2857	5
2858	5
2859	5
2860	5
2861	6
2862	6
2863	6
2864	6
2865	6
2866	7
2867	7
2868	6
2869	6
2870	6
2871	6
2872	5
2873	5
2874	5
2875	5
2876	3
2877	4
2878	4
2879	4
2880	4
2881	4
2882	4
2883	4
2884	4
2885	4
2886	4
2887	4
2888	4
2889	4
2890	4
2891	4
2892	4
2893	4
2894	4
2895	4
2896	4
2897	4
2898	4
2899	4
2900	4
2901	4
2902	4
2903	4
2904	4
2905	4
2906	4
2907	4
2908	4
2909	4
2910	5
2911	5
2912	5
2913	6
2914	4
2915	3
2916	4
2917	4
2918	3
2919	3
2920	5
2921	6
2922	5
2923	6
2924	6
2925	7
2926	7
2927	6
2928	5
2929	4
2930	3
2931	3
2932	3
2933	3
2934	3
2935	3
2936	3
2937	2
2938	1
2939	1
2940	1
2941	1
2942	1
2943	2
2944	2
2945	2
2946	2
2947	3
2948	3
2949	3
2950	3
2951	3
2952	3
2953	3
2954	2
2955	2
2956	2
2957	2
2958	2
2959	2
2960	2
2961	2
2962	2
2963	2
2964	2
2965	2
2966	2
2967	2
2968	3
2969	3
2970	2
2971	2
2972	2
2973	1
2974	1
2975	1
2976	1
2977	1
2978	1
2979	1
2980	1
2981	1
2982	1
2983	1
2984	1
2985	1
2986	1
2987	1
2988	1
2989	2
2990	2
2991	2
2992	2
2993	2
2994	2
2995	2
2996	2
2997	2
2998	2
2999	2
3000	1
3001	1
3002	1
3003	1
3004	1
3005	2
3006	2
3007	3
3008	3
3009	3
3010	3
3011	3
3012	3
3013	3
3014	3
3015	3
3016	3
3017	2
3018	2
3019	2
3020	2
3021	2
3022	2
3023	2
3024	1
3025	1
3026	1
3027	1
3028	2
3029	2
3030	2
3031	2
3032	2
3033	2
3034	2
3035	2
3036	4
3037	4
3038	4
3039	4
3040	4
3041	4
3042	4
3043	4
3044	4
3045	4
3046	4
3047	4
3048	4
3049	4
3050	4
3051	3
3052	2
3053	2
3054	2
3055	2
3056	2
3057	3
3058	3
3059	2
3060	2
3061	2
3062	2
3063	3
3064	3
3065	4
3066	4
3067	3
3068	3
3069	3
3070	3
3071	3
3072	3
3073	3
3074	3
3075	3
3076	4
3077	4
3078	4
3079	4
3080	4
3081	4
3082	4
3083	5
3084	5
3085	5
3086	4
3087	4
3088	4
3089	4
3090	4
3091	4
3092	4
3093	4
3094	5
3095	5
3096	5
3097	5
3098	5
3099	4
3100	4
3101	3
3102	3
3103	3
3104	3
3105	2
3106	2
3107	2
3108	2
3109	2
3110	2
3111	2
3112	2
3113	2
3114	2
3115	2
3116	2
3117	2
3118	2
3119	2
3120	2
3121	3
3122	3
3123	3
3124	3
3125	3
3126	3
3127	3
3128	3
3129	3
3130	3
3131	2
3132	2
3133	2
3134	2
3135	2
3136	1
3137	1
3138	1
3139	1
3140	2
3141	3
3142	3
3143	3
3144	3
3145	3
3146	3
3147	2
3148	2
3149	2
3150	1
3151	1
3152	1
3153	1
3154	2
3155	2
3156	4
3157	4
3158	4
3159	3
3160	3
3161	3
3162	3
3163	3
3164	3
3165	3
3166	4
3167	4
3168	4
3169	4
3170	4
3171	5
3172	5
3173	4
3174	4
3175	3
3176	3
3177	3
3178	3
3179	3
3180	5
3181	6
3182	6
3183	6
3184	5
3185	5
3186	5
3187	5
3188	4
3189	4
3190	4
3191	4
3192	4
3193	4
3194	4
3195	4
3196	4
3197	4
3198	4
3199	4
3200	5
3201	5
3202	5
3203	5
3204	6
3205	7
3206	7
3207	7
3208	5
3209	5
3210	5
3211	5
3212	5
3213	6
3214	6
3215	6
3216	6
3217	6
3218	6
3219	6
3220	4
3221	4
3222	4
3223	4
3224	3
3225	3
3226	3
3227	3
3228	3
3229	3
3230	3
3231	3
3232	3
3233	4
3234	4
3235	3
3236	3
3237	3
3238	3
3239	3
3240	5
3241	6
3242	6
3243	7
3244	7
3245	8
3246	9
3247	9
3248	8
3249	8
3250	7
3251	7
3252	7
3253	7
3254	7
3255	7
3256	6
3257	6
3258	6
3259	6
3260	6
3261	6
3262	6
3263	6
3264	6
3265	6
3266	6
3267	6
3268	6
3269	6
3270	4
3271	4
3272	3
3273	4
3274	4
3275	4
3276	3
3277	3
3278	4
3279	5
3280	5
3281	5
3282	5
3283	5
3284	6
3285	6
3286	6
3287	6
3288	6
3289	6
3290	5
3291	5
3292	6
3293	6
3294	6
3295	6
3296	7
3297	7
3298	6
3299	7
3300	7
3301	7
3302	7
3303	6
3304	6
3305	7
3306	6
3307	7
3308	7
3309	6
3310	6
3311	6
3312	6
3313	6
3314	5
3315	5
3316	5
3317	4
3318	3
3319	3
3320	2
3321	1
3322	1
3323	1
3324	1
3325	1
3326	1
3327	1
3328	0
3329	0
3330	0
3331	0
3332	0
3333	0
3334	0
3335	0
3336	0
3337	0
3338	0
3339	0
3340	2
3341	2
3342	3
3343	3
3344	3
3345	3
3346	3
3347	4
3348	4
3349	4
3350	4
3351	5
3352	5
3353	6
3354	6
3355	6
3356	6
3357	6
3358	5
3359	5
3360	5
3361	4
3362	4
3363	5
3364	6
3365	6
3366	7
3367	8
3368	8
3369	8
3370	7
3371	6
3372	6
3373	6
3374	6
3375	5
3376	5
3377	5
3378	4
3379	4
3380	5
3381	7
3382	7
3383	7
3384	7
3385	7
3386	7
3387	7
3388	7
3389	7
3390	7
3391	7
3392	7
3393	7
3394	7
3395	7
3396	7
3397	7
3398	7
3399	7
3400	7
3401	7
3402	6
3403	5
3404	6
3405	5
3406	5
3407	5
3408	5
3409	4
3410	4
3411	4
3412	4
3413	3
3414	3
3415	3
3416	3
3417	3
3418	3
3419	3
3420	3
3421	3
3422	4
3423	4
3424	4
3425	4
3426	3
3427	2
3428	2
3429	3
3430	3
3431	4
3432	4
3433	4
3434	5
3435	5
3436	6
3437	5
3438	4
3439	4
3440	4
3441	4
3442	4
3443	4
3444	4
3445	4
3446	4
3447	4
3448	3
3449	3
3450	3
3451	2
3452	2
3453	2
3454	3
3455	4
3456	4
3457	5
3458	5
3459	4
3460	4
3461	5
3462	5
3463	5
3464	5
3465	5
3466	5
3467	6
3468	6
3469	6
3470	6
3471	6
3472	6
3473	6
3474	6
3475	6
3476	6
3477	6
3478	7
3479	7
3480	7
3481	7
3482	7
3483	6
3484	6
3485	4
3486	5
3487	5
3488	5
3489	5
3490	5
3491	5
3492	5
3493	5
3494	5
3495	5
3496	5
3497	5
3498	4
3499	4
3500	5
3501	6
3502	6
3503	7
3504	7
3505	7
3506	6
3507	6
3508	6
3509	6
3510	6
3511	5
3512	5
3513	4
3514	4
3515	5
3516	5
3517	4
3518	5
3519	5
3520	5
3521	5
3522	4
3523	4
3524	4
3525	5
3526	5
3527	5
3528	5
3529	6
3530	5
3531	4
3532	4
3533	4
3534	4
3535	4
3536	4
3537	3
3538	3
3539	3
3540	3
3541	3
3542	3
3543	3
3544	4
3545	3
3546	3
3547	3
3548	4
3549	4
3550	5
3551	4
3552	4
3553	4
3554	4
3555	5
3556	5
3557	5
3558	5
3559	5
3560	5
3561	5
3562	6
3563	6
3564	5
3565	5
3566	4
3567	5
3568	5
3569	4
3570	4
3571	3
3572	3
3573	3
3574	3
3575	3
3576	3
3577	3
3578	2
3579	2
3580	2
3581	2
3582	2
3583	2
3584	2
3585	2
3586	2
3587	2
3588	2
3589	2
3590	2
3591	2
3592	2
3593	2
3594	2
3595	2
3596	2
3597	1
3598	1
3599	1
3600	1
3601	1
3602	1
3603	1
3604	1
3605	1
3606	1
3607	2
3608	2
3609	2
3610	3
3611	2
3612	2
3613	2
3614	2
3615	2
3616	2
3617	2
3618	2
3619	2
3620	2
3621	2
3622	2
3623	2
3624	2
3625	2
3626	1
3627	0
3628	0
3629	0
3630	0
3631	1
3632	1
3633	1
3634	1
3635	1
3636	2
3637	2
3638	2
3639	2
3640	2
3641	2
3642	2
3643	2
3644	2
3645	2
3646	2
3647	1
3648	1
3649	1
3650	1
3651	1
3652	1
3653	1
3654	1
3655	1
3656	1
3657	1
3658	1
3659	1
3660	0
3661	1
3662	1
3663	1
3664	1
3665	1
3666	3
3667	3
3668	3
3669	3
3670	3
3671	4
3672	5
3673	5
3674	6
3675	6
3676	6
3677	4
3678	4
3679	4
3680	3
3681	4
3682	4
3683	4
3684	4
3685	5
3686	5
3687	5
3688	5
3689	5
3690	4
3691	4
3692	4
3693	4
3694	4
3695	4
3696	4
3697	3
3698	3
3699	4
3700	3
3701	3
3702	3
3703	3
3704	3
3705	3
3706	2
3707	2
3708	2
3709	3
3710	3
3711	2
3712	2
3713	2
3714	2
3715	3
3716	3
3717	3
3718	3
3719	3
3720	3
3721	3
3722	3
3723	3
3724	2
3725	2
3726	1
3727	2
3728	2
3729	2
3730	2
3731	2
3732	2
3733	2
3734	3
3735	3
3736	3
3737	3
3738	2
3739	2
3740	2
3741	2
3742	3
3743	3
3744	3
3745	3
3746	3
3747	3
3748	3
3749	3
3750	3
3751	3
3752	3
3753	3
3754	4
3755	5
3756	4
3757	4
3758	4
3759	4
3760	5
3761	5
3762	5
3763	5
3764	7
3765	7
3766	7
3767	7
3768	6
3769	6
3770	6
3771	6
3772	6
3773	6
3774	6
3775	6
3776	6
3777	6
3778	6
3779	5
3780	5
3781	4
3782	4
3783	4
3784	4
3785	4
3786	4
3787	4
3788	4
3789	4
3790	5
3791	5
3792	5
3793	5
3794	7
3795	6
3796	6
3797	6
3798	6
3799	6
3800	6
3801	6
3802	6
3803	6
3804	7
3805	7
3806	7
3807	7
3808	7
3809	7
3810	8
3811	7
3812	7
3813	4
3814	4
3815	4
3816	4
3817	4
3818	4
3819	4
3820	2
3821	2
3822	2
3823	2
3824	2
3825	2
3826	2
3827	2
3828	1
3829	1
3830	1
3831	2
3832	2
3833	2
3834	2
3835	2
3836	2
3837	2
3838	2
3839	2
3840	1
3841	0
3842	0
3843	0
3844	0
3845	0
3846	0
3847	0
3848	0
3849	0
3850	0
3851	0
3852	0
3853	1
3854	1
3855	1
3856	1
3857	1
3858	1
3859	1
3860	1
3861	2
3862	2
3863	2
3864	2
3865	2
3866	2
3867	2
3868	2
3869	2
3870	2
3871	2
3872	3
3873	3
3874	3
3875	3
3876	2
3877	2
3878	2
3879	2
3880	2
3881	2
3882	3
3883	3
3884	3
3885	2
3886	2
3887	1
3888	1
3889	1
3890	2
3891	2
3892	2
3893	2
3894	2
3895	2
3896	2
3897	2
3898	3
3899	2
3900	2
3901	2
3902	2
3903	2
3904	2
3905	3
3906	3
3907	3
3908	3
3909	3
3910	3
3911	3
3912	3
3913	3
3914	2
3915	2
3916	2
3917	2
3918	2
3919	2
3920	2
3921	2
3922	2
3923	2
3924	2
3925	2
3926	1
3927	2
3928	2
3929	2
3930	2
3931	2
3932	2
3933	2
3934	2
3935	2
3936	3
3937	3
3938	3
3939	2
3940	2
3941	3
3942	3
3943	3
3944	3
3945	3
3946	3
3947	3
3948	3
3949	3
3950	3
3951	4
3952	4
3953	3
3954	3
3955	3
3956	3
3957	3
3958	3
3959	3
3960	3
3961	2
3962	2
3963	2
3964	2
3965	2
3966	2
3967	2
3968	2
3969	2
3970	2
3971	2
3972	2
3973	2
3974	2
3975	2
3976	2
3977	2
3978	2
3979	2
3980	2
3981	2
3982	2
3983	1
3984	1
3985	1
3986	1
3987	1
3988	1
3989	1
3990	1
3991	1
3992	1
3993	1
3994	1
3995	1
3996	1
3997	1
3998	0
3999	0
4000	0
4001	1
