0	4
1	5
2	5
3	4
4	4
5	4
6	4
7	2
8	1
9	1
10	1
11	1
12	1
13	1
14	1
15	1
16	1
17	2
18	2
19	2
20	3
21	4
22	3
23	3
24	3
25	3
26	3
27	3
28	4
29	4
30	4
31	3
32	4
33	4
34	4
35	4
36	3
37	3
38	2
39	2
40	2
41	2
42	3
43	3
44	3
45	3
46	3
47	3
48	3
49	3
50	3
51	5
52	5
53	5
54	4
55	4
56	4
57	4
58	4
59	3
60	3
61	3
62	3
63	3
64	3
65	3
66	3
67	3
68	3
69	3
70	2
71	2
72	3
73	3
74	3
75	3
76	1
77	1
78	1
79	1
80	1
81	1
82	2
83	2
84	2
85	3
86	2
87	3
88	3
89	4
90	3
91	3
92	3
93	3
94	3
95	3
96	3
97	3
98	1
99	2
100	2
101	2
102	2
103	2
104	2
105	2
106	2
107	2
108	3
109	2
110	2
111	2
112	2
113	2
114	2
115	2
116	2
117	2
118	1
119	1
120	2
121	2
122	2
123	2
124	2
125	2
126	2
127	2
128	2
129	1
130	2
131	2
132	3
133	3
134	3
135	3
136	3
137	3
138	2
139	2
140	2
141	2
142	2
143	2
144	2
145	2
146	2
147	1
148	1
149	1
150	1
151	1
152	1
153	0
154	0
155	0
156	0
157	0
158	0
159	0
160	0
161	1
162	1
163	1
164	1
165	1
166	1
167	1
168	0
169	0
170	0
171	1
172	1
173	1
174	1
175	1
176	1
177	2
178	4
179	4
180	4
181	4
182	4
183	5
184	5
185	5
186	5
187	5
188	4
189	4
190	4
191	4
192	5
193	5
194	5
195	5
196	5
197	6
198	6
199	6
200	5
201	5
202	5
203	5
204	4
205	4
206	4
207	4
208	4
209	4
210	3
211	3
212	3
213	3
214	3
215	2
216	2
217	2
218	2
219	2
220	3
221	3
222	3
223	3
224	3
225	3
226	3
227	3
228	3
229	3
230	3
231	3
232	3
233	3
234	3
235	3
236	2
237	2
238	2
239	2
240	2
241	2
242	3
243	2
244	2
245	2
246	2
247	2
248	2
249	3
250	4
251	4
252	5
253	5
254	5
255	5
256	5
257	5
258	5
259	5
260	4
261	3
262	3
263	3
264	2
265	2
266	2
267	1
268	1
269	1
270	1
271	1
272	1
273	1
274	1
275	3
276	3
277	3
278	4
279	4
280	4
281	4
282	4
283	4
284	4
285	4
286	5
287	5
288	5
289	5
290	4
291	6
292	3
293	3
294	3
295	3
296	2
297	2
298	2
299	2
300	2
301	3
302	3
303	3
304	3
305	3
306	3
307	3
308	3
309	4
310	5
311	5
312	5
313	6
314	6
315	5
316	5
317	5
318	5
319	6
320	6
321	6
322	6
323	5
324	5
325	4
326	4
327	3
328	2
329	2
330	2
331	3
332	3
333	3
334	3
335	3
336	3
337	3
338	3
339	2
340	2
341	2
342	2
343	2
344	2
345	2
346	4
347	5
348	4
349	5
350	6
351	6
352	6
353	5
354	5
355	5
356	4
357	4
358	3
359	4
360	5
361	4
362	4
363	4
364	4
365	4
366	4
367	4
368	4
369	2
370	3
371	3
372	4
373	4
374	4
375	4
376	4
377	5
378	3
379	3
380	2
381	2
382	3
383	3
384	4
385	4
386	4
387	4
388	4
389	4
390	3
391	3
392	2
393	2
394	2
395	2
396	2
397	2
398	2
399	2
400	2
401	2
402	2
403	2
404	2
405	2
406	2
407	4
408	3
409	3
410	3
411	3
412	3
413	2
414	2
415	1
416	1
417	2
418	3
419	3
420	3
421	3
422	2
423	2
424	2
425	3
426	4
427	3
428	3
429	3
430	3
431	3
432	3
433	1
434	1
435	1
436	1
437	1
438	1
439	1
440	1
441	1
442	2
443	2
444	2
445	2
446	2
447	2
448	2
449	2
450	1
451	0
452	0
453	1
454	1
455	1
456	1
457	1
458	1
459	1
460	1
461	1
462	3
463	3
464	3
465	3
466	3
467	3
468	1
469	0
470	0
471	0
472	0
473	0
474	0
475	0
476	0
477	0
478	0
479	0
480	0
481	0
482	0
483	0
484	0
485	0
486	0
487	0
488	0
489	0
490	0
491	0
492	1
493	1
494	1
495	1
496	1
497	1
498	0
499	0
500	0
501	0
502	0
503	0
504	0
505	0
506	0
507	0
508	0
509	0
510	0
511	0
512	0
513	0
514	0
515	0
516	0
517	0
518	0
519	0
520	0
521	0
522	0
523	0
524	0
525	0
526	0
527	0
528	0
529	0
530	0
531	0
532	0
533	0
534	0
535	0
536	0
537	0
538	2
539	2
540	2
541	2
542	2
543	3
544	3
545	3
546	3
547	3
548	3
549	3
550	2
551	2
552	2
553	2
554	2
555	4
556	4
557	4
558	4
559	3
560	3
561	3
562	2
563	2
564	2
565	2
566	2
567	2
568	2
569	2
570	2
571	1
572	1
573	1
574	2
575	2
576	2
577	2
578	2
579	0
580	0
581	0
582	1
583	1
584	1
585	1
586	1
587	2
588	2
589	2
590	2
591	2
592	2
593	2
594	2
595	2
596	2
597	2
598	1
599	0
600	0
601	1
602	1
603	1
604	1
605	1
606	1
607	1
608	0
609	0
610	0
611	0
612	0
613	0
614	0
615	0
616	0
617	0
618	0
619	0
620	0
621	0
622	1
623	1
624	1
625	1
626	1
627	1
628	1
629	1
630	1
631	1
632	1
633	1
634	2
635	2
636	2
637	2
638	2
639	2
640	1
641	1
642	1
643	2
644	2
645	2
646	2
647	2
648	0
649	0
650	0
651	0
652	1
653	1
654	2
655	3
656	2
657	2
658	3
659	3
660	3
661	3
662	3
663	3
664	3
665	3
666	3
667	3
668	2
669	2
670	2
671	2
672	3
673	3
674	2
675	2
676	2
677	1
678	2
679	2
680	3
681	3
682	3
683	4
684	3
685	3
686	3
687	3
688	3
689	4
690	5
691	5
692	6
693	6
694	4
695	4
696	4
697	3
698	3
699	2
700	2
701	2
702	2
703	1
704	1
705	2
706	2
707	2
708	2
709	2
710	2
711	3
712	3
713	3
714	4
715	4
716	4
717	4
718	4
719	4
720	3
721	3
722	3
723	2
724	2
725	2
726	2
727	1
728	1
729	0
730	0
731	0
732	0
733	0
734	0
735	1
736	1
737	1
738	1
739	1
740	1
741	3
742	3
743	1
744	1
745	1
746	1
747	1
748	0
749	0
750	0
751	0
752	0
753	0
754	0
755	0
756	0
757	0
758	0
759	0
760	0
761	0
762	0
763	0
764	0
765	2
766	2
767	2
768	2
769	2
770	2
771	1
772	1
773	1
774	1
775	1
776	2
777	2
778	3
779	3
780	1
781	1
782	1
783	1
784	1
785	1
786	1
787	1
788	0
789	0
790	0
791	0
792	0
793	0
794	0
795	0
796	0
797	0
798	0
799	0
800	0
801	0
802	0
803	0
804	0
805	1
806	1
807	1
808	1
809	1
810	2
811	1
812	1
813	1
814	3
815	3
816	3
817	3
818	3
819	2
820	1
821	1
822	1
823	1
824	2
825	2
826	2
827	2
828	2
829	3
830	3
831	3
832	3
833	2
834	3
835	3
836	3
837	2
838	2
839	3
840	1
841	1
842	1
843	1
844	1
845	1
846	1
847	1
848	1
849	1
850	1
851	1
852	1
853	1
854	1
855	1
856	2
857	2
858	2
859	1
860	1
861	1
862	1
863	1
864	0
865	0
866	0
867	0
868	0
869	0
870	0
871	1
872	1
873	1
874	1
875	1
876	1
877	1
878	1
879	1
880	1
881	1
882	1
883	1
884	1
885	2
886	2
887	2
888	2
889	2
890	2
891	2
892	2
893	2
894	1
895	1
896	1
897	1
898	1
899	1
900	1
901	1
902	1
903	2
904	2
905	2
906	2
907	2
908	2
909	2
910	0
911	0
912	0
913	0
914	0
915	0
916	0
917	0
918	0
919	0
920	0
921	0
922	0
923	0
924	0
925	0
926	1
927	1
928	1
929	1
930	1
931	1
932	1
933	1
934	1
935	1
936	2
937	2
938	2
939	2
940	2
941	2
942	2
943	2
944	2
945	2
946	1
947	1
948	1
949	1
950	1
951	1
952	1
953	1
954	1
955	3
956	3
957	3
958	3
959	3
960	4
961	3
962	3
963	3
964	3
965	3
966	3
967	3
968	3
969	3
970	3
971	3
972	3
973	5
974	4
975	4
976	4
977	4
978	3
979	3
980	2
981	2
982	2
983	2
984	2
985	2
986	3
987	3
988	3
989	3
990	3
991	3
992	3
993	2
994	0
995	1
996	2
997	2
998	2
999	2
1000	2
1001	2
1002	3
1003	3
1004	3
1005	3
1006	3
1007	3
1008	3
1009	3
1010	4
1011	4
1012	4
1013	4
1014	5
1015	5
1016	5
1017	5
1018	5
1019	7
1020	7
1021	7
1022	6
1023	5
1024	5
1025	6
1026	6
1027	6
1028	6
1029	6
1030	6
1031	6
1032	6
1033	7
1034	7
1035	9
1036	9
1037	8
1038	8
1039	7
1040	7
1041	6
1042	5
1043	4
1044	3
1045	4
1046	5
1047	4
1048	4
1049	4
1050	4
1051	5
1052	5
1053	5
1054	5
1055	3
1056	3
1057	3
1058	3
1059	3
1060	3
1061	3
1062	3
1063	3
1064	3
1065	2
1066	3
1067	4
1068	4
1069	4
1070	4
1071	4
1072	4
1073	3
1074	1
1075	0
1076	0
1077	0
1078	0
1079	0
1080	1
1081	1
1082	1
1083	1
1084	1
1085	1
1086	1
1087	1
1088	1
1089	1
1090	1
1091	1
1092	1
1093	1
1094	1
1095	1
1096	1
1097	1
1098	1
1099	1
1100	1
1101	1
1102	1
1103	1
1104	1
1105	1
1106	2
1107	3
1108	2
1109	2
1110	2
1111	2
1112	2
1113	2
1114	2
1115	2
1116	2
1117	2
1118	3
1119	3
1120	3
1121	2
1122	2
1123	2
1124	2
1125	2
1126	2
1127	2
1128	2
1129	2
1130	2
1131	2
1132	2
1133	2
1134	3
1135	2
1136	1
1137	1
1138	1
1139	1
1140	1
1141	1
1142	1
1143	1
1144	1
1145	1
1146	2
1147	2
1148	1
1149	2
1150	2
1151	2
1152	2
1153	1
1154	1
1155	2
1156	2
1157	3
1158	3
1159	3
1160	3
1161	3
1162	3
1163	3
1164	3
1165	3
1166	4
1167	4
1168	5
1169	5
1170	4
1171	4
1172	6
1173	6
1174	6
1175	6
1176	6
1177	5
1178	5
1179	4
1180	4
1181	4
1182	4
1183	4
1184	4
1185	4
1186	3
1187	3
1188	3
1189	3
1190	5
1191	5
1192	5
1193	4
1194	3
1195	3
1196	3
1197	3
1198	4
1199	4
1200	4
1201	3
1202	3
1203	3
1204	4
1205	4
1206	3
1207	3
1208	4
1209	4
1210	4
1211	4
1212	4
1213	4
1214	4
1215	5
1216	5
1217	5
1218	5
1219	3
1220	3
1221	3
1222	2
1223	2
1224	3
1225	2
1226	2
1227	2
1228	2
1229	3
1230	3
1231	3
1232	4
1233	4
1234	5
1235	4
1236	4
1237	4
1238	4
1239	4
1240	4
1241	4
1242	5
1243	5
1244	5
1245	5
1246	5
1247	6
1248	6
1249	5
1250	5
1251	5
1252	6
1253	6
1254	6
1255	6
1256	6
1257	6
1258	6
1259	6
1260	7
1261	7
1262	6
1263	9
1264	9
1265	9
1266	10
1267	10
1268	8
1269	7
1270	7
1271	6
1272	5
1273	4
1274	3
1275	4
1276	4
1277	4
1278	4
1279	4
1280	4
1281	4
1282	4
1283	3
1284	3
1285	3
1286	3
1287	2
1288	1
1289	1
1290	1
1291	1
1292	1
1293	1
1294	1
1295	0
1296	0
1297	0
1298	0
1299	0
1300	0
1301	1
1302	1
1303	1
1304	1
1305	1
1306	1
1307	1
1308	1
1309	1
1310	2
1311	3
1312	3
1313	3
1314	3
1315	3
1316	3
1317	3
1318	2
1319	2
1320	3
1321	3
1322	3
1323	3
1324	3
1325	3
1326	3
1327	4
1328	4
1329	4
1330	4
1331	2
1332	2
1333	2
1334	2
1335	2
1336	3
1337	3
1338	3
1339	3
1340	3
1341	3
1342	3
1343	3
1344	3
1345	3
1346	3
1347	3
1348	3
1349	4
1350	4
1351	4
1352	4
1353	4
1354	4
1355	3
1356	2
1357	2
1358	3
1359	3
1360	3
1361	3
1362	4
1363	4
1364	4
1365	4
1366	4
1367	3
1368	2
1369	3
1370	3
1371	3
1372	3
1373	3
1374	3
1375	3
1376	3
1377	3
1378	3
1379	3
1380	2
1381	2
1382	2
1383	2
1384	1
1385	1
1386	2
1387	2
1388	1
1389	2
1390	3
1391	3
1392	3
1393	3
1394	3
1395	3
1396	4
1397	5
1398	5
1399	5
1400	5
1401	6
1402	4
1403	4
1404	4
1405	4
1406	4
1407	4
1408	5
1409	5
1410	5
1411	5
1412	5
1413	5
1414	5
1415	5
1416	5
1417	5
1418	5
1419	4
1420	4
1421	4
1422	4
1423	3
1424	3
1425	2
1426	2
1427	4
1428	4
1429	4
1430	4
1431	5
1432	5
1433	5
1434	5
1435	5
1436	5
1437	5
1438	5
1439	5
1440	5
1441	5
1442	5
1443	6
1444	6
1445	6
1446	4
1447	4
1448	4
1449	4
1450	3
1451	3
1452	3
1453	5
1454	5
1455	5
1456	5
1457	5
1458	5
1459	6
1460	6
1461	6
1462	6
1463	5
1464	4
1465	4
1466	4
1467	4
1468	4
1469	4
1470	4
1471	4
1472	4
1473	4
1474	3
1475	4
1476	5
1477	6
1478	6
1479	6
1480	6
1481	6
1482	4
1483	4
1484	3
1485	3
1486	3
1487	4
1488	3
1489	3
1490	3
1491	3
1492	3
1493	3
1494	3
1495	3
1496	2
1497	2
1498	2
1499	2
1500	2
1501	2
1502	2
1503	3
1504	3
1505	3
1506	3
1507	4
1508	4
1509	4
1510	4
1511	4
1512	4
1513	4
1514	4
1515	3
1516	3
1517	3
1518	3
1519	3
1520	2
1521	3
1522	4
1523	4
1524	4
1525	3
1526	3
1527	5
1528	4
1529	3
1530	2
1531	2
1532	2
1533	2
1534	2
1535	2
1536	2
1537	2
1538	1
1539	1
1540	2
1541	2
1542	2
1543	2
1544	2
1545	2
1546	2
1547	2
1548	2
1549	2
1550	2
1551	2
1552	3
1553	3
1554	3
1555	3
1556	3
1557	4
1558	4
1559	6
1560	6
1561	6
1562	6
1563	7
1564	6
1565	6
1566	7
1567	7
1568	7
1569	6
1570	7
1571	5
1572	6
1573	6
1574	6
1575	6
1576	6
1577	6
1578	5
1579	5
1580	4
1581	4
1582	4
1583	4
1584	5
1585	5
1586	4
1587	4
1588	4
1589	2
1590	3
1591	3
1592	4
1593	5
1594	5
1595	5
1596	4
1597	3
1598	3
1599	3
1600	2
1601	1
1602	1
1603	1
1604	1
1605	2
1606	2
1607	2
1608	2
1609	2
1610	2
1611	2
1612	2
1613	2
1614	2
1615	1
1616	1
1617	1
1618	0
1619	0
1620	0
1621	0
1622	0
1623	0
1624	0
1625	1
1626	1
1627	0
1628	0
1629	0
1630	0
1631	0
1632	0
1633	0
1634	0
1635	0
1636	0
1637	0
1638	0
1639	0
1640	0
1641	0
1642	0
1643	0
1644	0
1645	0
1646	0
1647	0
1648	0
1649	0
1650	0
1651	0
1652	0
1653	0
1654	0
1655	0
1656	0
1657	0
1658	0
1659	0
1660	0
1661	0
1662	0
1663	0
1664	0
1665	0
1666	0
1667	0
1668	0
1669	0
1670	0
1671	0
1672	0
1673	0
1674	1
1675	1
1676	1
1677	1
1678	1
1679	1
1680	1
1681	1
1682	1
1683	1
1684	1
1685	1
1686	1
1687	1
1688	1
1689	1
1690	1
1691	1
1692	1
1693	1
1694	1
1695	1
1696	1
1697	1
1698	1
1699	1
1700	1
1701	1
1702	1
1703	1
1704	1
1705	1
1706	1
1707	1
1708	1
1709	1
1710	1
1711	0
1712	0
1713	0
1714	0
1715	0
1716	0
1717	0
1718	0
1719	0
1720	0
1721	0
1722	0
1723	0
1724	1
1725	1
1726	1
1727	1
1728	1
1729	1
1730	1
1731	1
1732	1
1733	2
1734	2
1735	2
1736	2
1737	2
1738	2
1739	2
1740	2
1741	2
1742	2
1743	3
1744	4
1745	4
1746	4
1747	4
1748	4
1749	4
1750	3
1751	3
1752	3
1753	3
1754	4
1755	4
1756	5
1757	5
1758	5
1759	5
1760	4
1761	5
1762	4
1763	3
1764	3
1765	3
1766	3
1767	2
1768	2
1769	2
1770	3
1771	4
1772	4
1773	4
1774	4
1775	5
1776	6
1777	5
1778	6
1779	5
1780	4
1781	4
1782	4
1783	5
1784	5
1785	5
1786	5
1787	5
1788	5
1789	6
1790	6
1791	6
1792	5
1793	4
1794	4
1795	2
1796	3
1797	3
1798	3
1799	2
1800	2
1801	1
1802	1
1803	1
1804	1
1805	0
1806	1
1807	1
1808	2
1809	3
1810	4
1811	4
1812	5
1813	4
1814	4
1815	4
1816	4
1817	4
1818	4
1819	5
1820	5
1821	5
1822	5
1823	5
1824	5
1825	6
1826	5
1827	5
1828	5
1829	5
1830	3
1831	3
1832	4
1833	4
1834	4
1835	4
1836	5
1837	7
1838	7
1839	6
1840	6
1841	6
1842	7
1843	7
1844	5
1845	5
1846	5
1847	4
1848	5
1849	5
1850	4
1851	4
1852	4
1853	4
1854	4
1855	4
1856	4
1857	4
1858	4
1859	6
1860	6
1861	4
1862	4
1863	5
1864	5
1865	5
1866	5
1867	5
1868	4
1869	4
1870	6
1871	6
1872	6
1873	7
1874	7
1875	7
1876	6
1877	4
1878	4
1879	3
1880	2
1881	2
1882	3
1883	3
1884	3
1885	3
1886	3
1887	3
1888	2
1889	2
1890	2
1891	2
1892	2
1893	2
1894	3
1895	3
1896	3
1897	2
1898	2
1899	2
1900	2
1901	2
1902	3
1903	3
1904	3
1905	3
1906	3
1907	4
1908	4
1909	3
1910	2
1911	2
1912	2
1913	3
1914	3
1915	3
1916	3
1917	3
1918	3
1919	3
1920	3
1921	4
1922	4
1923	4
1924	4
1925	4
1926	4
1927	4
1928	4
1929	4
1930	4
1931	4
1932	4
1933	6
1934	7
1935	7
1936	8
1937	8
1938	8
1939	6
1940	6
1941	6
1942	5
1943	4
1944	3
1945	3
1946	3
1947	4
1948	3
1949	3
1950	3
1951	3
1952	3
1953	4
1954	3
1955	3
1956	3
1957	3
1958	3
1959	2
1960	2
1961	2
1962	2
1963	2
1964	2
1965	2
1966	2
1967	3
1968	3
1969	4
1970	4
1971	5
1972	5
1973	5
1974	5
1975	5
1976	5
1977	4
1978	4
1979	4
1980	5
1981	5
1982	5
1983	6
1984	6
1985	6
1986	7
1987	6
1988	5
1989	5
1990	5
1991	5
1992	5
1993	5
1994	5
1995	5
1996	5
1997	3
1998	3
1999	4
2000	4
2001	6
2002	7
2003	7
2004	7
2005	6
2006	4
2007	3
2008	4
2009	4
2010	3
2011	3
2012	3
2013	4
2014	4
2015	4
2016	4
2017	4
2018	4
2019	4
2020	5
2021	5
2022	5
2023	5
2024	5
2025	7
2026	5
2027	5
2028	5
2029	5
2030	5
2031	5
2032	5
2033	5
2034	5
2035	5
2036	5
2037	4
2038	4
2039	5
2040	4
2041	3
2042	3
2043	3
2044	3
2045	3
2046	3
2047	2
2048	2
2049	2
2050	2
2051	2
2052	3
2053	3
2054	3
2055	3
2056	3
2057	4
2058	3
2059	3
2060	3
2061	3
2062	3
2063	4
2064	4
2065	3
2066	3
2067	3
2068	3
2069	4
2070	4
2071	3
2072	3
2073	3
2074	3
2075	2
2076	2
2077	3
2078	3
2079	4
2080	4
2081	4
2082	4
2083	3
2084	4
2085	4
2086	4
2087	4
2088	3
2089	3
2090	2
2091	1
2092	1
2093	1
2094	1
2095	1
2096	1
2097	1
2098	1
2099	1
2100	1
2101	1
2102	1
2103	2
2104	2
2105	2
2106	2
2107	1
2108	1
2109	2
2110	2
2111	2
2112	2
2113	3
2114	3
2115	3
2116	3
2117	3
2118	4
2119	4
2120	4
2121	5
2122	5
2123	5
2124	5
2125	5
2126	4
2127	4
2128	5
2129	5
2130	5
2131	5
2132	5
2133	5
2134	5
2135	5
2136	6
2137	6
2138	4
2139	4
2140	4
2141	4
2142	4
2143	4
2144	4
2145	4
2146	4
2147	4
2148	3
2149	3
2150	4
2151	5
2152	5
2153	5
2154	5
2155	5
2156	5
2157	4
2158	5
2159	3
2160	2
2161	2
2162	2
2163	2
2164	2
2165	2
2166	3
2167	3
2168	2
2169	3
2170	3
2171	3
2172	3
2173	3
2174	4
2175	3
2176	3
2177	4
2178	4
2179	4
2180	4
2181	4
2182	4
2183	3
2184	3
2185	4
2186	4
2187	4
2188	4
2189	4
2190	3
2191	3
2192	3
2193	4
2194	5
2195	5
2196	5
2197	4
2198	6
2199	7
2200	7
2201	7
2202	8
2203	8
2204	6
2205	6
2206	6
2207	6
2208	5
2209	4
2210	4
2211	4
2212	4
2213	5
2214	5
2215	4
2216	3
2217	3
2218	3
2219	2
2220	5
2221	5
2222	5
2223	5
2224	5
2225	5
2226	5
2227	4
2228	4
2229	5
2230	5
2231	5
2232	5
2233	6
2234	6
2235	5
2236	4
2237	3
2238	3
2239	1
2240	1
2241	1
2242	1
2243	1
2244	1
2245	2
2246	2
2247	2
2248	2
2249	2
2250	4
2251	4
2252	4
2253	7
2254	6
2255	6
2256	6
2257	6
2258	5
2259	3
2260	3
2261	3
2262	3
2263	3
2264	4
2265	4
2266	4
2267	3
2268	2
2269	2
2270	2
2271	1
2272	2
2273	2
2274	2
2275	2
2276	3
2277	1
2278	1
2279	1
2280	1
2281	1
2282	1
2283	0
2284	0
2285	0
2286	0
2287	1
2288	1
2289	1
2290	1
2291	2
2292	1
2293	0
2294	0
2295	0
2296	0
2297	0
2298	0
2299	1
2300	1
2301	1
2302	1
2303	1
2304	1
2305	1
2306	1
2307	0
2308	0
2309	0
2310	1
2311	1
2312	1
2313	1
2314	1
2315	1
2316	1
2317	0
2318	0
2319	0
2320	0
2321	0
2322	0
2323	0
2324	0
2325	0
2326	0
2327	0
2328	0
2329	0
2330	0
2331	0
2332	0
2333	0
2334	0
2335	0
2336	0
2337	0
2338	0
2339	0
2340	0
2341	0
2342	0
2343	0
2344	0
2345	0
2346	0
2347	0
2348	0
2349	0
2350	0
2351	1
2352	1
2353	1
2354	1
2355	1
2356	0
2357	1
2358	1
2359	1
2360	1
2361	1
2362	1
2363	1
2364	1
2365	1
2366	1
2367	1
2368	1
2369	1
2370	1
2371	1
2372	1
2373	1
2374	1
2375	1
2376	1
2377	1
2378	1
2379	1
2380	1
2381	1
2382	1
2383	1
2384	1
2385	1
2386	1
2387	1
2388	1
2389	1
2390	1
2391	1
2392	1
2393	1
2394	1
2395	1
2396	1
2397	1
2398	1
2399	1
2400	1
2401	1
2402	1
2403	0
2404	1
2405	1
2406	1
2407	1
2408	1
2409	1
2410	1
2411	1
2412	1
2413	1
2414	1
2415	2
2416	3
2417	3
2418	2
2419	2
2420	2
2421	2
2422	2
2423	1
2424	1
2425	1
2426	1
2427	1
2428	1
2429	1
2430	1
2431	1
2432	1
2433	1
2434	1
2435	1
2436	1
2437	1
2438	1
2439	1
2440	1
2441	1
2442	1
2443	1
2444	2
2445	2
2446	2
2447	2
2448	2
2449	2
2450	2
2451	1
2452	2
2453	2
2454	2
2455	2
2456	2
2457	3
2458	3
2459	3
2460	3
2461	2
2462	2
2463	2
2464	2
2465	2
2466	5
2467	5
2468	5
2469	5
2470	5
2471	5
2472	3
2473	3
2474	3
2475	3
2476	2
2477	1
2478	1
2479	1
2480	1
2481	1
2482	1
2483	1
2484	1
2485	1
2486	1
2487	1
2488	2
2489	2
2490	2
2491	2
2492	2
2493	2
2494	2
2495	3
2496	4
2497	4
2498	4
2499	4
2500	4
2501	4
2502	4
2503	4
2504	4
2505	4
2506	4
2507	5
2508	4
2509	4
2510	4
2511	4
2512	3
2513	3
2514	3
2515	2
2516	2
2517	3
2518	3
2519	3
2520	2
2521	3
2522	3
2523	3
2524	3
2525	3
2526	3
2527	3
2528	3
2529	3
2530	3
2531	2
2532	3
2533	2
2534	2
2535	2
2536	2
2537	2
2538	2
2539	2
2540	1
2541	1
2542	1
2543	1
2544	1
2545	1
2546	2
2547	3
2548	3
2549	3
2550	4
2551	4
2552	4
2553	4
2554	5
2555	4
2556	4
2557	4
2558	4
2559	4
2560	4
2561	4
2562	4
2563	5
2564	5
2565	4
2566	4
2567	5
2568	4
2569	5
2570	5
2571	4
2572	4
2573	3
2574	4
2575	3
2576	2
2577	2
2578	2
2579	1
2580	1
2581	1
2582	1
2583	1
2584	1
2585	1
2586	1
2587	0
2588	0
2589	0
2590	1
2591	1
2592	1
2593	1
2594	1
2595	1
2596	2
2597	2
2598	2
2599	2
2600	2
2601	4
2602	4
2603	4
2604	4
2605	2
2606	1
2607	1
2608	1
2609	1
2610	1
2611	0
2612	1
2613	1
2614	1
2615	1
2616	1
2617	1
2618	0
2619	0
2620	0
2621	0
2622	1
2623	1
2624	1
2625	1
2626	1
2627	1
2628	1
2629	1
2630	2
2631	2
2632	2
2633	2
2634	2
2635	2
2636	3
2637	3
2638	2
2639	2
2640	2
2641	2
2642	2
2643	2
2644	1
2645	2
2646	2
2647	2
2648	2
2649	2
2650	2
2651	2
2652	2
2653	1
2654	1
2655	1
2656	1
2657	1
2658	1
2659	1
2660	1
2661	3
2662	3
2663	3
2664	3
2665	3
2666	3
2667	3
2668	3
2669	3
2670	3
2671	3
2672	2
2673	2
2674	2
2675	1
2676	0
2677	0
2678	0
2679	0
2680	0
2681	0
2682	0
2683	1
2684	1
2685	1
2686	1
2687	1
2688	1
2689	1
2690	1
2691	1
2692	1
2693	1
2694	1
2695	1
2696	1
2697	2
2698	1
2699	1
2700	1
2701	1
2702	1
2703	1
2704	1
2705	1
2706	2
2707	2
2708	2
2709	2
2710	2
2711	3
2712	2
2713	1
2714	1
2715	2
2716	2
2717	2
2718	2
2719	2
2720	2
2721	2
2722	1
2723	1
2724	3
2725	3
2726	3
2727	4
2728	4
2729	4
2730	5
2731	5
2732	5
2733	4
2734	4
2735	4
2736	5
2737	5
2738	5
2739	5
2740	5
2741	5
2742	5
2743	5
2744	6
2745	6
2746	5
2747	4
2748	4
2749	4
2750	4
2751	5
2752	5
2753	5
2754	5
2755	5
2756	4
2757	3
2758	3
2759	3
2760	2
2761	2
2762	2
2763	2
2764	2
2765	2
2766	2
2767	2
2768	2
2769	2
2770	2
2771	3
2772	3
2773	3
2774	2
2775	2
2776	2
2777	2
2778	2
2779	2
2780	2
2781	1
2782	2
2783	2
2784	2
2785	2
2786	2
2787	2
2788	2
2789	1
2790	1
2791	1
2792	1
2793	1
2794	1
2795	1
2796	1
2797	1
2798	1
2799	1
2800	1
2801	3
2802	4
2803	4
2804	4
2805	3
2806	3
2807	3
2808	3
2809	3
2810	3
2811	3
2812	3
2813	3
2814	3
2815	3
2816	3
2817	2
2818	2
2819	2
2820	2
2821	2
2822	2
2823	2
2824	2
2825	2
2826	2
2827	3
2828	2
2829	2
2830	2
2831	2
2832	2
2833	2
2834	2
2835	2
2836	1
2837	1
2838	2
2839	2
2840	2
2841	2
2842	2
2843	2
2844	2
2845	2
2846	2
2847	3
2848	3
2849	3
2850	3
2851	3
2852	3
2853	3
2854	3
2855	3
2856	3
2857	3
2858	3
2859	3
2860	4
2861	3
2862	3
2863	3
2864	3
2865	3
2866	3
2867	3
2868	4
2869	3
2870	3
2871	3
2872	3
2873	3
2874	3
2875	4
2876	4
2877	3
2878	3
2879	3
2880	3
2881	2
2882	2
2883	2
2884	2
2885	2
2886	1
2887	1
2888	1
2889	1
2890	1
2891	1
2892	1
2893	1
2894	1
2895	1
2896	0
2897	0
2898	0
2899	0
2900	0
2901	1
2902	1
2903	2
2904	2
2905	2
2906	2
2907	2
2908	2
2909	2
2910	1
2911	1
2912	1
2913	1
2914	3
2915	3
2916	4
2917	4
2918	4
2919	4
2920	3
2921	3
2922	4
2923	4
2924	4
2925	4
2926	4
2927	3
2928	3
2929	3
2930	3
2931	3
2932	3
2933	3
2934	3
2935	3
2936	3
2937	3
2938	4
2939	4
2940	4
2941	4
2942	4
2943	4
2944	4
2945	3
2946	3
2947	1
2948	2
2949	2
2950	2
2951	2
2952	2
2953	2
2954	3
2955	3
2956	3
2957	2
2958	3
2959	3
2960	4
2961	4
2962	4
2963	4
2964	4
2965	4
2966	4
2967	4
2968	4
2969	3
2970	4
2971	4
2972	4
2973	4
2974	3
2975	3
2976	4
2977	4
2978	4
2979	5
2980	5
2981	5
2982	5
2983	6
2984	7
2985	7
2986	7
2987	7
2988	7
2989	6
2990	4
2991	4
2992	4
2993	3
2994	3
2995	3
2996	4
2997	4
2998	4
2999	4
3000	5
3001	4
3002	4
3003	4
3004	4
3005	5
3006	5
3007	5
3008	5
3009	6
3010	6
3011	6
3012	6
3013	6
3014	4
3015	5
3016	5
3017	6
3018	6
3019	6
3020	7
3021	7
3022	7
3023	7
3024	7
3025	7
3026	5
3027	4
3028	4
3029	4
3030	4
3031	4
3032	4
3033	4
3034	4
3035	4
3036	4
3037	4
3038	4
3039	4
3040	3
3041	3
3042	3
3043	2
3044	3
3045	2
3046	2
3047	2
3048	2
3049	2
3050	2
3051	3
3052	3
3053	4
3054	4
3055	5
3056	5
3057	5
3058	5
3059	5
3060	5
3061	6
3062	6
3063	6
3064	6
3065	5
3066	5
3067	5
3068	5
3069	4
3070	4
3071	4
3072	4
3073	4
3074	4
3075	3
3076	2
3077	2
3078	2
3079	2
3080	2
3081	2
3082	2
3083	2
3084	2
3085	3
3086	3
3087	4
3088	4
3089	3
3090	3
3091	3
3092	3
3093	3
3094	3
3095	2
3096	2
3097	2
3098	2
3099	3
3100	2
3101	2
3102	3
3103	3
3104	3
3105	3
3106	2
3107	1
3108	1
3109	1
3110	1
3111	1
3112	1
3113	1
3114	1
3115	1
3116	1
3117	1
3118	2
3119	2
3120	2
3121	1
3122	1
3123	1
3124	1
3125	1
3126	2
3127	3
3128	4
3129	5
3130	5
3131	6
3132	6
3133	5
3134	5
3135	4
3136	4
3137	4
3138	4
3139	4
3140	3
3141	2
3142	2
3143	2
3144	2
3145	2
3146	2
3147	2
3148	2
3149	2
3150	2
3151	2
3152	2
3153	2
3154	1
3155	1
3156	1
3157	1
3158	1
3159	1
3160	1
3161	1
3162	1
3163	1
3164	1
3165	1
3166	0
3167	0
3168	0
3169	0
3170	0
3171	2
3172	2
3173	2
3174	2
3175	3
3176	3
3177	3
3178	4
3179	4
3180	3
3181	2
3182	2
3183	2
3184	2
3185	2
3186	2
3187	2
3188	3
3189	3
3190	3
3191	3
3192	4
3193	2
3194	2
3195	2
3196	2
3197	1
3198	2
3199	3
3200	3
3201	3
3202	4
3203	3
3204	3
3205	1
3206	3
3207	3
3208	3
3209	3
3210	3
3211	3
3212	3
3213	1
3214	1
3215	1
3216	1
3217	1
3218	1
3219	1
3220	1
3221	1
3222	1
3223	1
3224	1
3225	1
3226	0
3227	0
3228	0
3229	0
3230	0
3231	0
3232	0
3233	0
3234	0
3235	0
3236	0
3237	0
3238	0
3239	0
3240	0
3241	0
3242	1
3243	1
3244	1
3245	1
3246	1
3247	1
3248	2
3249	2
3250	1
3251	2
3252	2
3253	2
3254	2
3255	2
3256	2
3257	2
3258	2
3259	2
3260	2
3261	2
3262	2
3263	2
3264	2
3265	2
3266	1
3267	1
3268	1
3269	1
3270	1
3271	1
3272	0
3273	0
3274	0
3275	0
3276	0
3277	0
3278	0
3279	0
3280	0
3281	1
3282	1
3283	1
3284	1
3285	1
3286	1
3287	1
3288	1
3289	1
3290	1
3291	1
3292	1
3293	1
3294	2
3295	2
3296	1
3297	1
3298	2
3299	2
3300	2
3301	3
3302	3
3303	3
3304	2
3305	2
3306	3
3307	3
3308	3
3309	3
3310	3
3311	3
3312	3
3313	3
3314	4
3315	4
3316	4
3317	4
3318	5
3319	5
3320	6
3321	7
3322	7
3323	8
3324	9
3325	9
3326	9
3327	8
3328	7
3329	7
3330	7
3331	6
3332	6
3333	6
3334	7
3335	8
3336	9
3337	8
3338	7
3339	7
3340	6
3341	6
3342	6
3343	6
3344	6
3345	6
3346	5
3347	5
3348	5
3349	5
3350	5
3351	5
3352	5
3353	4
3354	6
3355	6
3356	6
3357	7
3358	9
3359	9
3360	8
3361	8
3362	9
3363	7
3364	6
3365	6
3366	6
3367	6
3368	5
3369	5
3370	5
3371	6
3372	6
3373	5
3374	4
3375	5
3376	5
3377	5
3378	5
3379	5
3380	5
3381	4
3382	5
3383	5
3384	5
3385	5
3386	4
3387	4
3388	4
3389	4
3390	4
3391	4
3392	4
3393	4
3394	3
3395	3
3396	3
3397	3
3398	2
3399	2
3400	2
3401	2
3402	3
3403	2
3404	2
3405	3
3406	4
3407	4
3408	4
3409	4
3410	4
3411	4
3412	4
3413	4
3414	4
3415	4
3416	4
3417	6
3418	6
3419	6
3420	6
3421	7
3422	6
3423	6
3424	6
3425	5
3426	8
3427	9
3428	9
3429	9
3430	8
3431	7
3432	8
3433	7
3434	8
3435	8
3436	7
3437	8
3438	8
3439	7
3440	7
3441	7
3442	6
3443	6
3444	4
3445	4
3446	4
3447	4
3448	5
3449	5
3450	5
3451	5
3452	6
3453	6
3454	5
3455	4
3456	5
3457	4
3458	5
3459	6
3460	6
3461	7
3462	6
3463	5
3464	5
3465	4
3466	4
3467	3
3468	3
3469	4
3470	4
3471	4
3472	5
3473	5
3474	4
3475	4
3476	4
3477	5
3478	4
3479	4
3480	4
3481	4
3482	4
3483	5
3484	5
3485	5
3486	5
3487	3
3488	4
3489	4
3490	4
3491	4
3492	3
3493	4
3494	4
3495	4
3496	6
3497	6
3498	6
3499	6
3500	6
3501	5
3502	5
3503	3
3504	3
3505	2
3506	2
3507	2
3508	2
3509	2
3510	2
3511	3
3512	3
3513	3
3514	3
3515	3
3516	5
3517	5
3518	5
3519	6
3520	6
3521	6
3522	7
3523	7
3524	7
3525	6
3526	5
3527	5
3528	5
3529	4
3530	4
3531	3
3532	3
3533	3
3534	3
3535	3
3536	2
3537	3
3538	3
3539	4
3540	4
3541	4
3542	4
3543	4
3544	3
3545	4
3546	4
3547	4
3548	3
3549	3
3550	5
3551	5
3552	5
3553	5
3554	5
3555	4
3556	5
3557	5
3558	4
3559	4
3560	4
3561	4
3562	2
3563	2
3564	3
3565	3
3566	2
3567	2
3568	2
3569	2
3570	3
3571	3
3572	4
3573	4
3574	4
3575	4
3576	4
3577	2
3578	3
3579	3
3580	3
3581	3
3582	2
3583	2
3584	2
3585	2
3586	2
3587	2
3588	2
3589	2
3590	2
3591	2
3592	2
3593	3
3594	3
3595	3
3596	3
3597	3
3598	3
3599	3
3600	3
3601	3
3602	2
3603	2
3604	2
3605	2
3606	2
3607	1
3608	1
3609	1
3610	1
3611	2
3612	2
3613	3
3614	3
3615	3
3616	4
3617	5
3618	6
3619	6
3620	5
3621	5
3622	5
3623	5
3624	5
3625	5
3626	4
3627	4
3628	3
3629	4
3630	4
3631	5
3632	5
3633	5
3634	4
3635	3
3636	2
3637	2
3638	2
3639	2
3640	2
3641	2
3642	3
3643	3
3644	4
3645	4
3646	4
3647	3
3648	3
3649	3
3650	2
3651	2
3652	2
3653	2
3654	2
3655	2
3656	2
3657	2
3658	3
3659	3
3660	3
3661	4
3662	3
3663	3
3664	4
3665	4
3666	4
3667	3
3668	3
3669	3
3670	3
3671	2
3672	2
3673	2
3674	1
3675	1
3676	1
3677	2
3678	1
3679	2
3680	2
3681	2
3682	2
3683	2
3684	2
3685	0
3686	0
3687	0
3688	0
3689	0
3690	1
3691	1
3692	1
3693	1
3694	1
3695	1
3696	1
3697	2
3698	2
3699	3
3700	4
3701	4
3702	4
3703	4
3704	4
3705	4
3706	5
3707	5
3708	5
3709	5
3710	5
3711	5
3712	5
3713	5
3714	5
3715	3
3716	3
3717	3
3718	3
3719	3
3720	3
3721	3
3722	3
3723	3
3724	4
3725	4
3726	4
3727	4
3728	4
3729	4
3730	4
3731	4
3732	4
3733	4
3734	4
3735	4
3736	4
3737	4
3738	4
3739	4
3740	5
3741	5
3742	4
3743	4
3744	4
3745	4
3746	3
3747	3
3748	3
3749	3
3750	3
3751	3
3752	3
3753	3
3754	2
3755	2
3756	2
3757	2
3758	2
3759	2
3760	2
3761	2
3762	2
3763	2
3764	2
3765	2
3766	2
3767	2
3768	2
3769	2
3770	2
3771	1
3772	2
3773	2
3774	2
3775	2
3776	2
3777	2
3778	2
3779	2
3780	2
3781	2
3782	1
3783	1
3784	1
3785	1
3786	1
3787	1
3788	0
3789	0
3790	0
3791	0
3792	0
3793	0
3794	0
3795	1
3796	1
3797	1
3798	1
3799	1
3800	1
3801	1
3802	1
3803	1
3804	0
3805	0
3806	0
3807	0
3808	0
3809	0
3810	0
3811	0
3812	0
3813	2
3814	2
3815	2
3816	2
3817	2
3818	1
3819	1
3820	2
3821	2
3822	2
3823	2
3824	2
3825	2
3826	2
3827	2
3828	2
3829	2
3830	2
3831	1
3832	1
3833	1
3834	1
3835	1
3836	1
3837	1
3838	1
3839	2
3840	3
3841	3
3842	2
3843	2
3844	2
3845	2
3846	3
3847	3
3848	3
3849	3
3850	3
3851	2
3852	2
3853	2
3854	2
3855	2
3856	2
3857	2
3858	2
3859	2
3860	2
3861	2
3862	3
3863	3
3864	1
3865	1
3866	1
3867	1
3868	1
3869	0
3870	0
3871	0
3872	0
3873	1
3874	1
3875	1
3876	1
3877	2
3878	2
3879	2
3880	2
3881	2
3882	1
3883	1
3884	1
3885	1
3886	1
3887	2
3888	2
3889	2
3890	2
3891	3
3892	3
3893	3
3894	3
3895	3
3896	2
3897	1
3898	1
3899	1
3900	1
3901	1
3902	1
3903	1
3904	1
3905	1
3906	1
3907	1
3908	1
3909	1
3910	1
3911	1
3912	0
3913	0
3914	1
3915	1
3916	1
3917	1
3918	1
3919	2
3920	1
3921	1
3922	1
3923	1
3924	1
3925	1
3926	1
3927	1
3928	1
3929	1
3930	1
3931	1
3932	1
3933	1
3934	1
3935	0
3936	0
3937	0
3938	0
3939	1
3940	1
3941	1
3942	1
3943	1
3944	1
3945	1
3946	1
3947	1
3948	1
3949	1
3950	1
3951	1
3952	1
3953	1
3954	1
3955	1
3956	1
3957	1
3958	1
3959	1
3960	1
3961	2
3962	2
3963	2
3964	2
3965	2
3966	2
3967	2
3968	2
3969	2
3970	2
3971	1
3972	2
3973	2
3974	2
3975	1
3976	1
3977	1
3978	1
3979	1
3980	1
3981	1
3982	1
3983	2
3984	2
3985	2
3986	2
3987	2
3988	2
3989	2
3990	1
3991	1
3992	2
3993	2
3994	2
3995	2
3996	2
3997	2
3998	2
3999	1
4000	0
4001	0
