0	2
1	2
2	2
3	2
4	3
5	3
6	3
7	3
8	3
9	3
10	3
11	2
12	2
13	2
14	2
15	2
16	2
17	2
18	2
19	1
20	0
21	1
22	1
23	2
24	2
25	2
26	3
27	3
28	3
29	2
30	2
31	2
32	2
33	2
34	2
35	2
36	2
37	2
38	2
39	1
40	1
41	1
42	2
43	2
44	2
45	3
46	3
47	3
48	4
49	4
50	4
51	4
52	4
53	3
54	3
55	3
56	4
57	4
58	4
59	3
60	3
61	3
62	3
63	3
64	3
65	3
66	3
67	3
68	3
69	3
70	2
71	2
72	2
73	2
74	2
75	2
76	2
77	2
78	2
79	2
80	1
81	1
82	1
83	1
84	0
85	0
86	0
87	0
88	0
89	1
90	1
91	1
92	2
93	2
94	1
95	1
96	1
97	1
98	0
99	0
100	0
101	0
102	0
103	0
104	0
105	0
106	1
107	1
108	1
109	1
110	1
111	1
112	1
113	1
114	1
115	0
116	0
117	0
118	0
119	0
120	1
121	1
122	1
123	1
124	1
125	1
126	1
127	1
128	1
129	1
130	1
131	1
132	1
133	1
134	1
135	1
136	1
137	1
138	0
139	1
140	1
141	0
142	0
143	0
144	0
145	0
146	0
147	0
148	0
149	0
150	0
151	0
152	0
153	0
154	0
155	0
156	0
157	0
158	0
159	0
160	0
161	0
162	0
163	0
164	0
165	0
166	0
167	0
168	0
169	0
170	0
171	1
172	1
173	2
174	2
175	2
176	2
177	2
178	2
179	2
180	2
181	2
182	2
183	2
184	2
185	0
186	0
187	0
188	0
189	0
190	0
191	0
192	0
193	0
194	0
195	0
196	0
197	0
198	0
199	0
200	0
201	0
202	0
203	0
204	1
205	1
206	1
207	1
208	1
209	0
210	0
211	0
212	0
213	0
214	0
215	0
216	0
217	0
218	1
219	1
220	0
221	0
222	1
223	1
224	3
225	3
226	2
227	2
228	2
229	1
230	1
231	1
232	1
233	1
234	1
235	1
236	1
237	1
238	2
239	2
240	2
241	2
242	2
243	2
244	2
245	2
246	2
247	2
248	2
249	2
250	2
251	1
252	1
253	1
254	1
255	1
256	1
257	1
258	1
259	2
260	2
261	2
262	1
263	1
264	1
265	1
266	1
267	1
268	1
269	1
270	1
271	1
272	1
273	1
274	2
275	2
276	2
277	2
278	2
279	2
280	2
281	2
282	2
283	2
284	2
285	2
286	3
287	3
288	3
289	3
290	3
291	3
292	2
293	2
294	2
295	2
296	2
297	2
298	2
299	2
300	2
301	1
302	2
303	1
304	1
305	1
306	1
307	1
308	1
309	1
310	1
311	1
312	2
313	2
314	3
315	3
316	3
317	3
318	3
319	4
320	3
321	2
322	2
323	2
324	2
325	1
326	1
327	1
328	1
329	0
330	0
331	0
332	0
333	0
334	1
335	1
336	1
337	1
338	1
339	2
340	2
341	3
342	3
343	2
344	1
345	1
346	1
347	0
348	0
349	0
350	0
351	0
352	0
353	1
354	0
355	0
356	0
357	0
358	1
359	1
360	1
361	1
362	1
363	1
364	1
365	1
366	1
367	1
368	1
369	1
370	1
371	1
372	1
373	1
374	1
375	1
376	2
377	2
378	2
379	1
380	2
381	2
382	2
383	2
384	2
385	2
386	1
387	0
388	0
389	1
390	1
391	1
392	1
393	1
394	1
395	1
396	1
397	0
398	0
399	0
400	0
401	0
402	0
403	0
404	0
405	0
406	0
407	0
408	0
409	0
410	0
411	0
412	0
413	0
414	0
415	1
416	1
417	1
418	2
419	2
420	1
421	1
422	1
423	1
424	1
425	1
426	1
427	1
428	1
429	1
430	2
431	2
432	1
433	1
434	1
435	1
436	1
437	1
438	2
439	2
440	2
441	2
442	2
443	2
444	2
445	2
446	2
447	2
448	2
449	2
450	2
451	2
452	2
453	2
454	2
455	0
456	0
457	0
458	0
459	0
460	0
461	0
462	0
463	0
464	0
465	0
466	0
467	0
468	1
469	1
470	1
471	1
472	1
473	0
474	0
475	0
476	0
477	0
478	0
479	0
480	0
481	0
482	0
483	0
484	0
485	0
486	1
487	1
488	1
489	2
490	1
491	2
492	2
493	2
494	2
495	2
496	2
497	2
498	2
499	1
500	1
501	1
502	1
503	1
504	1
505	1
506	1
507	1
508	1
509	1
510	1
511	1
512	1
513	1
514	1
515	2
516	2
517	2
518	2
519	2
520	2
521	1
522	1
523	1
524	1
525	1
526	1
527	0
528	0
529	0
530	0
531	1
532	2
533	2
534	2
535	2
536	3
537	2
538	2
539	2
540	2
541	2
542	2
543	2
544	2
545	2
546	2
547	1
548	1
549	1
550	1
551	1
552	1
553	0
554	0
555	0
556	0
557	0
558	1
559	1
560	2
561	2
562	2
563	2
564	2
565	2
566	2
567	2
568	2
569	1
570	2
571	3
572	3
573	2
574	2
575	2
576	2
577	2
578	2
579	2
580	2
581	1
582	1
583	1
584	1
585	1
586	1
587	1
588	0
589	0
590	0
591	0
592	0
593	0
594	1
595	0
596	0
597	0
598	0
599	0
600	0
601	0
602	0
603	0
604	0
605	0
606	0
607	0
608	0
609	0
610	0
611	0
612	0
613	0
614	0
615	0
616	0
617	0
618	0
619	0
620	0
621	0
622	0
623	0
624	0
625	0
626	0
627	0
628	0
629	0
630	0
631	0
632	0
633	0
634	0
635	0
636	0
637	0
638	0
639	0
640	0
641	0
642	0
643	0
644	0
645	0
646	1
647	2
648	1
649	1
650	1
651	2
652	2
653	2
654	2
655	2
656	2
657	2
658	2
659	1
660	1
661	1
662	2
663	2
664	1
665	1
666	1
667	1
668	1
669	1
670	1
671	1
672	0
673	1
674	1
675	1
676	1
677	1
678	1
679	1
680	1
681	1
682	1
683	1
684	1
685	1
686	0
687	0
688	0
689	1
690	1
691	1
692	1
693	1
694	1
695	1
696	1
697	1
698	1
699	1
700	2
701	2
702	2
703	2
704	2
705	2
706	1
707	1
708	1
709	1
710	1
711	1
712	1
713	2
714	2
715	2
716	2
717	2
718	2
719	2
720	2
721	2
722	2
723	1
724	1
725	1
726	1
727	1
728	2
729	1
730	1
731	1
732	1
733	2
734	2
735	2
736	2
737	2
738	2
739	2
740	2
741	2
742	2
743	1
744	1
745	0
746	0
747	0
748	0
749	0
750	0
751	0
752	0
753	0
754	0
755	0
756	0
757	0
758	0
759	0
760	0
761	0
762	0
763	0
764	0
765	0
766	0
767	0
768	0
769	0
770	0
771	0
772	0
773	0
774	0
775	0
776	0
777	0
778	0
779	0
780	0
781	0
782	0
783	0
784	0
785	0
786	0
787	0
788	0
789	0
790	0
791	0
792	0
793	0
794	0
795	0
796	0
797	0
798	0
799	1
800	1
801	1
802	1
803	1
804	1
805	2
806	2
807	2
808	3
809	2
810	2
811	1
812	1
813	2
814	1
815	1
816	1
817	1
818	1
819	1
820	1
821	1
822	1
823	1
824	1
825	1
826	1
827	1
828	0
829	0
830	0
831	0
832	0
833	0
834	0
835	0
836	0
837	0
838	0
839	0
840	0
841	0
842	0
843	0
844	0
845	0
846	0
847	0
848	0
849	0
850	0
851	0
852	0
853	0
854	0
855	0
856	0
857	1
858	1
859	2
860	2
861	1
862	1
863	0
864	0
865	2
866	2
867	2
868	2
869	2
870	2
871	2
872	2
873	2
874	2
875	2
876	2
877	1
878	2
879	3
880	3
881	3
882	3
883	2
884	3
885	2
886	1
887	2
888	2
889	2
890	2
891	3
892	3
893	2
894	2
895	2
896	2
897	2
898	2
899	1
900	0
901	0
902	0
903	0
904	1
905	1
906	1
907	1
908	1
909	0
910	0
911	1
912	1
913	1
914	1
915	2
916	2
917	2
918	1
919	1
920	1
921	1
922	1
923	1
924	1
925	1
926	1
927	1
928	2
929	2
930	1
931	1
932	1
933	1
934	1
935	1
936	1
937	1
938	1
939	1
940	1
941	1
942	1
943	1
944	1
945	1
946	1
947	1
948	3
949	3
950	2
951	1
952	1
953	1
954	1
955	1
956	1
957	1
958	1
959	1
960	1
961	1
962	1
963	1
964	1
965	1
966	1
967	1
968	1
969	1
970	1
971	2
972	2
973	2
974	2
975	2
976	2
977	2
978	2
979	2
980	2
981	2
982	2
983	2
984	2
985	2
986	2
987	1
988	1
989	1
990	1
991	1
992	1
993	1
994	2
995	2
996	2
997	1
998	1
999	0
1000	0
1001	0
1002	0
1003	0
1004	0
1005	0
1006	1
1007	2
1008	2
1009	2
1010	3
1011	3
1012	3
1013	2
1014	2
1015	2
1016	0
1017	0
1018	0
1019	2
1020	3
1021	3
1022	4
1023	4
1024	3
1025	5
1026	6
1027	5
1028	4
1029	4
1030	4
1031	4
1032	4
1033	4
1034	5
1035	4
1036	3
1037	3
1038	3
1039	3
1040	3
1041	3
1042	3
1043	3
1044	3
1045	3
1046	3
1047	3
1048	3
1049	3
1050	3
1051	3
1052	3
1053	3
1054	3
1055	3
1056	3
1057	3
1058	3
1059	2
1060	2
1061	2
1062	1
1063	1
1064	1
1065	1
1066	1
1067	1
1068	1
1069	2
1070	2
1071	2
1072	2
1073	3
1074	3
1075	3
1076	3
1077	3
1078	2
1079	2
1080	1
1081	1
1082	1
1083	1
1084	0
1085	0
1086	0
1087	0
1088	0
1089	0
1090	0
1091	1
1092	1
1093	1
1094	1
1095	1
1096	1
1097	0
1098	0
1099	0
1100	0
1101	0
1102	0
1103	0
1104	1
1105	2
1106	1
1107	1
1108	1
1109	1
1110	1
1111	1
1112	1
1113	1
1114	0
1115	0
1116	0
1117	0
1118	0
1119	0
1120	0
1121	0
1122	0
1123	1
1124	1
1125	1
1126	2
1127	2
1128	1
1129	2
1130	2
1131	2
1132	2
1133	2
1134	2
1135	2
1136	2
1137	3
1138	2
1139	1
1140	1
1141	1
1142	1
1143	1
1144	1
1145	1
1146	1
1147	1
1148	0
1149	0
1150	1
1151	1
1152	1
1153	1
1154	1
1155	1
1156	1
1157	2
1158	2
1159	3
1160	3
1161	3
1162	2
1163	2
1164	2
1165	1
1166	1
1167	1
1168	1
1169	1
1170	0
1171	0
1172	0
1173	2
1174	2
1175	2
1176	2
1177	2
1178	1
1179	1
1180	1
1181	1
1182	2
1183	1
1184	1
1185	1
1186	2
1187	2
1188	3
1189	2
1190	2
1191	2
1192	2
1193	2
1194	2
1195	3
1196	3
1197	3
1198	3
1199	2
1200	3
1201	3
1202	4
1203	4
1204	4
1205	4
1206	4
1207	4
1208	4
1209	4
1210	4
1211	3
1212	2
1213	2
1214	2
1215	2
1216	2
1217	1
1218	1
1219	1
1220	1
1221	1
1222	0
1223	1
1224	1
1225	1
1226	3
1227	3
1228	3
1229	3
1230	4
1231	4
1232	4
1233	3
1234	3
1235	2
1236	2
1237	2
1238	2
1239	2
1240	2
1241	1
1242	1
1243	1
1244	1
1245	1
1246	1
1247	0
1248	0
1249	0
1250	0
1251	0
1252	0
1253	0
1254	0
1255	0
1256	0
1257	0
1258	0
1259	0
1260	0
1261	0
1262	0
1263	0
1264	0
1265	0
1266	0
1267	0
1268	0
1269	0
1270	0
1271	1
1272	1
1273	1
1274	1
1275	1
1276	1
1277	1
1278	1
1279	1
1280	1
1281	1
1282	1
1283	1
1284	0
1285	0
1286	0
1287	0
1288	0
1289	0
1290	0
1291	0
1292	1
1293	1
1294	1
1295	1
1296	1
1297	1
1298	1
1299	1
1300	1
1301	1
1302	1
1303	1
1304	1
1305	1
1306	1
1307	1
1308	1
1309	1
1310	1
1311	1
1312	1
1313	2
1314	2
1315	3
1316	3
1317	2
1318	2
1319	2
1320	2
1321	3
1322	3
1323	3
1324	3
1325	3
1326	2
1327	1
1328	1
1329	0
1330	0
1331	0
1332	0
1333	0
1334	0
1335	0
1336	0
1337	0
1338	1
1339	1
1340	1
1341	1
1342	1
1343	1
1344	0
1345	0
1346	0
1347	1
1348	0
1349	0
1350	0
1351	0
1352	0
1353	0
1354	0
1355	0
1356	0
1357	0
1358	0
1359	1
1360	1
1361	1
1362	2
1363	2
1364	2
1365	2
1366	2
1367	2
1368	2
1369	2
1370	2
1371	2
1372	2
1373	2
1374	2
1375	2
1376	2
1377	2
1378	2
1379	2
1380	2
1381	2
1382	2
1383	2
1384	2
1385	2
1386	2
1387	1
1388	0
1389	0
1390	0
1391	0
1392	0
1393	0
1394	0
1395	0
1396	0
1397	0
1398	0
1399	0
1400	0
1401	0
1402	0
1403	0
1404	0
1405	0
1406	0
1407	0
1408	0
1409	0
1410	0
1411	0
1412	0
1413	0
1414	0
1415	0
1416	0
1417	0
1418	0
1419	0
1420	0
1421	0
1422	0
1423	1
1424	1
1425	1
1426	1
1427	1
1428	1
1429	1
1430	1
1431	1
1432	1
1433	1
1434	1
1435	1
1436	1
1437	1
1438	1
1439	1
1440	1
1441	0
1442	1
1443	1
1444	1
1445	1
1446	0
1447	0
1448	0
1449	0
1450	0
1451	0
1452	1
1453	1
1454	1
1455	1
1456	1
1457	1
1458	1
1459	1
1460	1
1461	1
1462	1
1463	1
1464	1
1465	1
1466	1
1467	1
1468	1
1469	1
1470	1
1471	1
1472	1
1473	1
1474	0
1475	0
1476	0
1477	0
1478	0
1479	0
1480	0
1481	0
1482	0
1483	0
1484	0
1485	0
1486	1
1487	1
1488	0
1489	0
1490	0
1491	0
1492	0
1493	0
1494	0
1495	0
1496	0
1497	0
1498	0
1499	0
1500	0
1501	0
1502	0
1503	0
1504	0
1505	0
1506	0
1507	0
1508	0
1509	0
1510	0
1511	0
1512	0
1513	0
1514	0
1515	0
1516	0
1517	0
1518	0
1519	0
1520	0
1521	0
1522	0
1523	0
1524	0
1525	0
1526	0
1527	0
1528	0
1529	0
1530	0
1531	0
1532	0
1533	0
1534	0
1535	0
1536	0
1537	0
1538	0
1539	0
1540	0
1541	0
1542	0
1543	0
1544	0
1545	0
1546	0
1547	0
1548	0
1549	0
1550	0
1551	0
1552	0
1553	0
1554	0
1555	0
1556	0
1557	0
1558	0
1559	0
1560	0
1561	0
1562	0
1563	0
1564	0
1565	0
1566	0
1567	0
1568	0
1569	0
1570	0
1571	0
1572	1
1573	1
1574	1
1575	1
1576	1
1577	1
1578	0
1579	0
1580	0
1581	0
1582	0
1583	1
1584	1
1585	1
1586	1
1587	1
1588	2
1589	2
1590	2
1591	2
1592	1
1593	1
1594	1
1595	1
1596	1
1597	2
1598	2
1599	1
1600	2
1601	1
1602	1
1603	1
1604	1
1605	1
1606	1
1607	2
1608	2
1609	1
1610	1
1611	1
1612	1
1613	0
1614	0
1615	0
1616	0
1617	0
1618	0
1619	0
1620	0
1621	1
1622	1
1623	1
1624	1
1625	1
1626	1
1627	2
1628	2
1629	1
1630	1
1631	0
1632	0
1633	0
1634	0
1635	0
1636	0
1637	0
1638	0
1639	0
1640	0
1641	0
1642	0
1643	0
1644	0
1645	0
1646	0
1647	0
1648	1
1649	1
1650	0
1651	0
1652	0
1653	0
1654	0
1655	0
1656	0
1657	0
1658	1
1659	1
1660	1
1661	1
1662	1
1663	0
1664	0
1665	0
1666	0
1667	0
1668	1
1669	1
1670	1
1671	2
1672	2
1673	2
1674	2
1675	2
1676	2
1677	2
1678	2
1679	2
1680	2
1681	1
1682	1
1683	1
1684	0
1685	0
1686	0
1687	0
1688	0
1689	0
1690	0
1691	0
1692	0
1693	0
1694	0
1695	0
1696	0
1697	0
1698	2
1699	3
1700	2
1701	3
1702	3
1703	3
1704	2
1705	2
1706	2
1707	2
1708	2
1709	1
1710	1
1711	1
1712	1
1713	1
1714	0
1715	0
1716	0
1717	0
1718	1
1719	1
1720	1
1721	2
1722	2
1723	2
1724	2
1725	2
1726	2
1727	3
1728	3
1729	3
1730	3
1731	3
1732	3
1733	3
1734	3
1735	2
1736	1
1737	1
1738	1
1739	1
1740	1
1741	1
1742	1
1743	1
1744	1
1745	1
1746	1
1747	1
1748	1
1749	1
1750	1
1751	0
1752	0
1753	0
1754	0
1755	0
1756	1
1757	1
1758	1
1759	1
1760	1
1761	1
1762	1
1763	1
1764	1
1765	1
1766	1
1767	1
1768	1
1769	1
1770	1
1771	1
1772	1
1773	1
1774	1
1775	1
1776	1
1777	1
1778	1
1779	2
1780	2
1781	2
1782	2
1783	2
1784	2
1785	2
1786	0
1787	0
1788	0
1789	0
1790	0
1791	0
1792	0
1793	1
1794	1
1795	1
1796	0
1797	0
1798	0
1799	0
1800	0
1801	0
1802	1
1803	1
1804	0
1805	0
1806	0
1807	0
1808	0
1809	0
1810	0
1811	0
1812	0
1813	0
1814	0
1815	0
1816	0
1817	0
1818	0
1819	0
1820	0
1821	0
1822	1
1823	1
1824	0
1825	1
1826	1
1827	0
1828	0
1829	0
1830	0
1831	0
1832	0
1833	0
1834	0
1835	0
1836	0
1837	0
1838	0
1839	0
1840	0
1841	1
1842	1
1843	1
1844	1
1845	1
1846	3
1847	3
1848	2
1849	2
1850	2
1851	2
1852	3
1853	3
1854	3
1855	3
1856	3
1857	3
1858	2
1859	1
1860	1
1861	1
1862	1
1863	1
1864	0
1865	0
1866	1
1867	1
1868	1
1869	1
1870	1
1871	1
1872	1
1873	3
1874	3
1875	3
1876	3
1877	2
1878	2
1879	2
1880	1
1881	1
1882	1
1883	1
1884	1
1885	1
1886	1
1887	1
1888	1
1889	0
1890	0
1891	0
1892	1
1893	1
1894	1
1895	1
1896	1
1897	1
1898	1
1899	1
1900	0
1901	0
1902	0
1903	0
1904	0
1905	0
1906	0
1907	0
1908	0
1909	0
1910	0
1911	0
1912	0
1913	0
1914	0
1915	0
1916	0
1917	0
1918	0
1919	0
1920	0
1921	0
1922	0
1923	0
1924	1
1925	1
1926	2
1927	2
1928	2
1929	2
1930	2
1931	1
1932	1
1933	1
1934	0
1935	2
1936	2
1937	2
1938	2
1939	2
1940	2
1941	2
1942	2
1943	1
1944	1
1945	2
1946	2
1947	2
1948	2
1949	2
1950	3
1951	3
1952	3
1953	3
1954	3
1955	3
1956	3
1957	3
1958	3
1959	3
1960	3
1961	2
1962	2
1963	2
1964	2
1965	1
1966	2
1967	2
1968	1
1969	1
1970	1
1971	1
1972	1
1973	1
1974	1
1975	1
1976	0
1977	0
1978	0
1979	1
1980	2
1981	2
1982	1
1983	1
1984	1
1985	1
1986	1
1987	1
1988	1
1989	1
1990	1
1991	0
1992	1
1993	1
1994	1
1995	1
1996	1
1997	1
1998	1
1999	1
2000	1
2001	1
2002	1
2003	1
2004	1
2005	2
2006	2
2007	1
2008	1
2009	1
2010	1
2011	1
2012	1
2013	1
2014	1
2015	1
2016	1
2017	0
2018	0
2019	0
2020	0
2021	0
2022	0
2023	0
2024	0
2025	0
2026	0
2027	0
2028	0
2029	0
2030	0
2031	0
2032	0
2033	0
2034	0
2035	0
2036	0
2037	0
2038	0
2039	0
2040	0
2041	0
2042	0
2043	0
2044	0
2045	0
2046	0
2047	0
2048	0
2049	0
2050	0
2051	0
2052	1
2053	3
2054	3
2055	3
2056	3
2057	2
2058	2
2059	1
2060	1
2061	1
2062	1
2063	1
2064	1
2065	2
2066	2
2067	2
2068	2
2069	2
2070	2
2071	2
2072	2
2073	2
2074	2
2075	2
2076	2
2077	3
2078	4
2079	4
2080	4
2081	4
2082	4
2083	4
2084	4
2085	4
2086	4
2087	4
2088	4
2089	4
2090	4
2091	4
2092	2
2093	0
2094	0
2095	0
2096	0
2097	0
2098	0
2099	0
2100	0
2101	0
2102	0
2103	0
2104	0
2105	0
2106	0
2107	0
2108	0
2109	0
2110	0
2111	0
2112	0
2113	0
2114	0
2115	0
2116	1
2117	0
2118	0
2119	0
2120	0
2121	0
2122	0
2123	0
2124	0
2125	0
2126	0
2127	0
2128	0
2129	0
2130	0
2131	0
2132	0
2133	1
2134	1
2135	1
2136	1
2137	1
2138	1
2139	1
2140	1
2141	0
2142	0
2143	1
2144	1
2145	1
2146	1
2147	1
2148	0
2149	0
2150	0
2151	0
2152	1
2153	1
2154	1
2155	1
2156	2
2157	2
2158	2
2159	2
2160	2
2161	2
2162	2
2163	2
2164	2
2165	2
2166	2
2167	2
2168	1
2169	1
2170	1
2171	1
2172	2
2173	2
2174	1
2175	1
2176	1
2177	1
2178	1
2179	1
2180	1
2181	1
2182	1
2183	1
2184	1
2185	1
2186	1
2187	1
2188	1
2189	1
2190	1
2191	1
2192	1
2193	1
2194	1
2195	1
2196	1
2197	1
2198	1
2199	1
2200	1
2201	1
2202	1
2203	1
2204	1
2205	1
2206	2
2207	1
2208	1
2209	1
2210	1
2211	1
2212	1
2213	1
2214	1
2215	1
2216	1
2217	1
2218	1
2219	1
2220	1
2221	1
2222	1
2223	1
2224	1
2225	1
2226	1
2227	2
2228	1
2229	1
2230	1
2231	1
2232	1
2233	1
2234	1
2235	1
2236	1
2237	1
2238	1
2239	1
2240	1
2241	0
2242	0
2243	0
2244	0
2245	0
2246	1
2247	1
2248	0
2249	0
2250	1
2251	1
2252	1
2253	1
2254	0
2255	0
2256	0
2257	1
2258	1
2259	2
2260	2
2261	2
2262	2
2263	2
2264	2
2265	2
2266	2
2267	2
2268	2
2269	3
2270	3
2271	3
2272	3
2273	2
2274	2
2275	1
2276	1
2277	1
2278	1
2279	1
2280	1
2281	1
2282	0
2283	0
2284	0
2285	0
2286	0
2287	0
2288	0
2289	0
2290	0
2291	0
2292	0
2293	0
2294	0
2295	0
2296	0
2297	0
2298	0
2299	0
2300	0
2301	0
2302	0
2303	0
2304	0
2305	0
2306	0
2307	0
2308	0
2309	0
2310	0
2311	0
2312	0
2313	0
2314	0
2315	0
2316	0
2317	0
2318	0
2319	0
2320	0
2321	0
2322	0
2323	0
2324	0
2325	2
2326	2
2327	1
2328	1
2329	2
2330	2
2331	3
2332	3
2333	3
2334	3
2335	4
2336	5
2337	5
2338	5
2339	4
2340	4
2341	3
2342	2
2343	3
2344	3
2345	3
2346	3
2347	3
2348	3
2349	3
2350	2
2351	2
2352	2
2353	2
2354	3
2355	2
2356	2
2357	2
2358	3
2359	3
2360	2
2361	1
2362	1
2363	2
2364	2
2365	2
2366	2
2367	1
2368	2
2369	1
2370	2
2371	2
2372	1
2373	1
2374	1
2375	1
2376	1
2377	1
2378	1
2379	1
2380	1
2381	1
2382	1
2383	1
2384	1
2385	1
2386	2
2387	2
2388	2
2389	3
2390	1
2391	1
2392	1
2393	1
2394	1
2395	1
2396	0
2397	0
2398	1
2399	1
2400	1
2401	1
2402	1
2403	1
2404	1
2405	0
2406	0
2407	0
2408	0
2409	0
2410	0
2411	0
2412	0
2413	0
2414	0
2415	0
2416	1
2417	1
2418	1
2419	1
2420	1
2421	1
2422	1
2423	1
2424	1
2425	1
2426	1
2427	1
2428	1
2429	1
2430	1
2431	1
2432	0
2433	0
2434	0
2435	0
2436	0
2437	1
2438	1
2439	1
2440	1
2441	0
2442	0
2443	0
2444	0
2445	0
2446	0
2447	0
2448	0
2449	1
2450	1
2451	1
2452	1
2453	1
2454	1
2455	1
2456	1
2457	1
2458	1
2459	1
2460	1
2461	1
2462	1
2463	1
2464	1
2465	1
2466	1
2467	1
2468	1
2469	1
2470	1
2471	1
2472	1
2473	0
2474	0
2475	0
2476	0
2477	0
2478	0
2479	0
2480	0
2481	0
2482	0
2483	0
2484	0
2485	0
2486	0
2487	0
2488	0
2489	0
2490	0
2491	0
2492	0
2493	0
2494	0
2495	0
2496	0
2497	0
2498	0
2499	0
2500	0
2501	0
2502	0
2503	0
2504	0
2505	0
2506	0
2507	0
2508	0
2509	0
2510	1
2511	1
2512	1
2513	1
2514	1
2515	1
2516	1
2517	1
2518	1
2519	1
2520	0
2521	0
2522	0
2523	0
2524	0
2525	0
2526	0
2527	0
2528	0
2529	0
2530	0
2531	0
2532	0
2533	0
2534	0
2535	0
2536	0
2537	0
2538	0
2539	0
2540	0
2541	0
2542	0
2543	0
2544	0
2545	0
2546	0
2547	0
2548	0
2549	0
2550	1
2551	1
2552	1
2553	1
2554	1
2555	2
2556	2
2557	2
2558	2
2559	1
2560	1
2561	1
2562	1
2563	1
2564	2
2565	1
2566	2
2567	2
2568	2
2569	2
2570	3
2571	3
2572	3
2573	3
2574	3
2575	3
2576	4
2577	3
2578	3
2579	2
2580	2
2581	2
2582	3
2583	3
2584	3
2585	3
2586	3
2587	2
2588	2
2589	3
2590	3
2591	2
2592	2
2593	2
2594	2
2595	2
2596	3
2597	3
2598	3
2599	2
2600	2
2601	2
2602	2
2603	2
2604	2
2605	2
2606	2
2607	2
2608	2
2609	2
2610	2
2611	2
2612	2
2613	2
2614	2
2615	2
2616	3
2617	3
2618	3
2619	2
2620	2
2621	2
2622	2
2623	2
2624	2
2625	1
2626	1
2627	1
2628	1
2629	1
2630	1
2631	1
2632	2
2633	3
2634	2
2635	2
2636	2
2637	3
2638	3
2639	2
2640	2
2641	2
2642	2
2643	2
2644	1
2645	1
2646	1
2647	1
2648	1
2649	1
2650	1
2651	2
2652	2
2653	2
2654	2
2655	1
2656	1
2657	1
2658	1
2659	0
2660	0
2661	0
2662	1
2663	2
2664	2
2665	2
2666	2
2667	2
2668	2
2669	3
2670	3
2671	2
2672	2
2673	2
2674	2
2675	2
2676	2
2677	2
2678	2
2679	2
2680	2
2681	1
2682	1
2683	1
2684	1
2685	1
2686	1
2687	1
2688	1
2689	1
2690	1
2691	1
2692	1
2693	1
2694	1
2695	2
2696	3
2697	2
2698	2
2699	2
2700	1
2701	1
2702	1
2703	1
2704	1
2705	1
2706	1
2707	1
2708	2
2709	2
2710	1
2711	1
2712	2
2713	1
2714	0
2715	0
2716	0
2717	0
2718	0
2719	0
2720	0
2721	0
2722	0
2723	0
2724	0
2725	0
2726	0
2727	0
2728	0
2729	0
2730	0
2731	0
2732	0
2733	0
2734	0
2735	0
2736	0
2737	0
2738	0
2739	0
2740	0
2741	0
2742	1
2743	2
2744	2
2745	2
2746	2
2747	2
2748	2
2749	3
2750	3
2751	3
2752	4
2753	4
2754	4
2755	4
2756	4
2757	4
2758	4
2759	5
2760	4
2761	3
2762	3
2763	3
2764	3
2765	3
2766	4
2767	3
2768	3
2769	2
2770	3
2771	3
2772	3
2773	2
2774	2
2775	2
2776	1
2777	1
2778	0
2779	0
2780	0
2781	0
2782	0
2783	0
2784	1
2785	1
2786	1
2787	1
2788	1
2789	1
2790	0
2791	0
2792	1
2793	1
2794	1
2795	1
2796	1
2797	2
2798	3
2799	3
2800	3
2801	2
2802	2
2803	3
2804	3
2805	3
2806	3
2807	2
2808	2
2809	2
2810	2
2811	2
2812	3
2813	3
2814	2
2815	2
2816	2
2817	2
2818	2
2819	2
2820	2
2821	1
2822	1
2823	1
2824	2
2825	2
2826	1
2827	1
2828	1
2829	1
2830	0
2831	0
2832	0
2833	0
2834	0
2835	0
2836	1
2837	1
2838	0
2839	0
2840	0
2841	0
2842	1
2843	1
2844	1
2845	1
2846	1
2847	1
2848	1
2849	1
2850	1
2851	1
2852	0
2853	0
2854	0
2855	1
2856	2
2857	1
2858	1
2859	1
2860	1
2861	2
2862	2
2863	2
2864	0
2865	0
2866	0
2867	0
2868	0
2869	0
2870	0
2871	0
2872	0
2873	0
2874	1
2875	1
2876	2
2877	2
2878	1
2879	1
2880	1
2881	1
2882	2
2883	2
2884	2
2885	2
2886	2
2887	1
2888	0
2889	0
2890	0
2891	0
2892	0
2893	0
2894	0
2895	0
2896	1
2897	1
2898	0
2899	0
2900	0
2901	1
2902	1
2903	2
2904	2
2905	2
2906	2
2907	2
2908	2
2909	1
2910	1
2911	0
2912	1
2913	1
2914	1
2915	1
2916	1
2917	0
2918	0
2919	0
2920	1
2921	1
2922	1
2923	1
2924	1
2925	1
2926	1
2927	2
2928	2
2929	1
2930	1
2931	1
2932	1
2933	1
2934	1
2935	1
2936	1
2937	1
2938	1
2939	1
2940	1
2941	1
2942	1
2943	1
2944	1
2945	2
2946	2
2947	2
2948	2
2949	2
2950	2
2951	1
2952	1
2953	2
2954	2
2955	2
2956	3
2957	3
2958	3
2959	3
2960	3
2961	3
2962	3
2963	3
2964	3
2965	3
2966	3
2967	1
2968	1
2969	0
2970	0
2971	0
2972	0
2973	0
2974	0
2975	0
2976	1
2977	1
2978	1
2979	1
2980	1
2981	1
2982	0
2983	0
2984	0
2985	0
2986	0
2987	0
2988	0
2989	0
2990	0
2991	0
2992	0
2993	0
2994	1
2995	1
2996	1
2997	1
2998	1
2999	2
3000	2
3001	2
3002	2
3003	2
3004	2
3005	1
3006	1
3007	1
3008	2
3009	2
3010	2
3011	2
3012	2
3013	2
3014	1
3015	1
3016	1
3017	1
3018	0
3019	0
3020	0
3021	0
3022	0
3023	0
3024	0
3025	0
3026	0
3027	0
3028	0
3029	1
3030	1
3031	0
3032	0
3033	0
3034	0
3035	0
3036	0
3037	0
3038	0
3039	0
3040	1
3041	1
3042	1
3043	1
3044	1
3045	1
3046	1
3047	1
3048	1
3049	1
3050	1
3051	2
3052	2
3053	2
3054	2
3055	2
3056	2
3057	2
3058	2
3059	2
3060	2
3061	2
3062	2
3063	2
3064	2
3065	2
3066	2
3067	2
3068	2
3069	2
3070	2
3071	2
3072	1
3073	1
3074	1
3075	1
3076	1
3077	1
3078	1
3079	0
3080	0
3081	0
3082	0
3083	0
3084	0
3085	0
3086	0
3087	0
3088	0
3089	0
3090	0
3091	0
3092	0
3093	0
3094	1
3095	1
3096	1
3097	1
3098	1
3099	1
3100	1
3101	1
3102	1
3103	1
3104	2
3105	2
3106	2
3107	2
3108	2
3109	0
3110	0
3111	2
3112	2
3113	2
3114	2
3115	3
3116	3
3117	2
3118	2
3119	3
3120	3
3121	3
3122	3
3123	3
3124	2
3125	2
3126	1
3127	1
3128	1
3129	1
3130	0
3131	0
3132	0
3133	0
3134	0
3135	0
3136	0
3137	0
3138	1
3139	1
3140	0
3141	2
3142	2
3143	2
3144	2
3145	1
3146	1
3147	1
3148	1
3149	1
3150	1
3151	0
3152	0
3153	0
3154	0
3155	0
3156	0
3157	0
3158	0
3159	0
3160	0
3161	0
3162	0
3163	0
3164	0
3165	0
3166	0
3167	0
3168	0
3169	0
3170	0
3171	0
3172	0
3173	0
3174	0
3175	0
3176	0
3177	0
3178	0
3179	0
3180	0
3181	0
3182	0
3183	0
3184	0
3185	0
3186	0
3187	0
3188	0
3189	1
3190	1
3191	1
3192	1
3193	1
3194	1
3195	1
3196	1
3197	1
3198	2
3199	3
3200	3
3201	5
3202	5
3203	3
3204	2
3205	2
3206	2
3207	1
3208	1
3209	1
3210	1
3211	2
3212	2
3213	2
3214	2
3215	2
3216	3
3217	3
3218	3
3219	4
3220	4
3221	4
3222	4
3223	4
3224	4
3225	4
3226	4
3227	4
3228	6
3229	7
3230	7
3231	7
3232	7
3233	5
3234	3
3235	3
3236	3
3237	3
3238	2
3239	2
3240	2
3241	2
3242	2
3243	2
3244	1
3245	2
3246	2
3247	2
3248	2
3249	2
3250	2
3251	1
3252	1
3253	1
3254	1
3255	1
3256	1
3257	1
3258	1
3259	1
3260	1
3261	2
3262	2
3263	2
3264	2
3265	2
3266	2
3267	2
3268	2
3269	2
3270	0
3271	0
3272	0
3273	0
3274	0
3275	0
3276	0
3277	0
3278	0
3279	0
3280	0
3281	0
3282	0
3283	0
3284	0
3285	0
3286	0
3287	0
3288	0
3289	0
3290	0
3291	0
3292	0
3293	0
3294	1
3295	1
3296	1
3297	1
3298	1
3299	1
3300	0
3301	0
3302	0
3303	0
3304	0
3305	0
3306	1
3307	1
3308	1
3309	1
3310	1
3311	1
3312	1
3313	1
3314	1
3315	2
3316	1
3317	2
3318	2
3319	2
3320	2
3321	3
3322	3
3323	3
3324	3
3325	3
3326	3
3327	3
3328	3
3329	3
3330	3
3331	3
3332	3
3333	3
3334	2
3335	4
3336	3
3337	3
3338	3
3339	3
3340	3
3341	3
3342	3
3343	2
3344	1
3345	1
3346	1
3347	0
3348	0
3349	0
3350	0
3351	0
3352	0
3353	0
3354	0
3355	0
3356	0
3357	1
3358	1
3359	0
3360	0
3361	0
3362	0
3363	0
3364	0
3365	0
3366	1
3367	1
3368	1
3369	2
3370	2
3371	1
3372	1
3373	1
3374	1
3375	1
3376	1
3377	1
3378	1
3379	1
3380	1
3381	1
3382	1
3383	0
3384	0
3385	0
3386	0
3387	0
3388	0
3389	0
3390	0
3391	1
3392	1
3393	1
3394	2
3395	2
3396	2
3397	2
3398	1
3399	1
3400	0
3401	0
3402	0
3403	0
3404	0
3405	0
3406	0
3407	0
3408	0
3409	0
3410	0
3411	0
3412	0
3413	0
3414	0
3415	0
3416	0
3417	0
3418	0
3419	0
3420	0
3421	0
3422	0
3423	0
3424	1
3425	1
3426	1
3427	1
3428	1
3429	1
3430	1
3431	1
3432	1
3433	1
3434	1
3435	1
3436	0
3437	0
3438	0
3439	0
3440	0
3441	0
3442	0
3443	0
3444	0
3445	0
3446	0
3447	0
3448	0
3449	0
3450	0
3451	1
3452	1
3453	0
3454	0
3455	0
3456	0
3457	0
3458	0
3459	0
3460	0
3461	0
3462	0
3463	0
3464	0
3465	1
3466	1
3467	1
3468	1
3469	1
3470	1
3471	1
3472	1
3473	1
3474	1
3475	1
3476	1
3477	1
3478	1
3479	1
3480	1
3481	2
3482	3
3483	2
3484	2
3485	1
3486	1
3487	1
3488	1
3489	1
3490	1
3491	1
3492	1
3493	3
3494	3
3495	3
3496	3
3497	3
3498	2
3499	1
3500	1
3501	1
3502	2
3503	2
3504	2
3505	2
3506	2
3507	2
3508	2
3509	2
3510	1
3511	1
3512	0
3513	0
3514	0
3515	0
3516	0
3517	0
3518	0
3519	0
3520	0
3521	0
3522	0
3523	0
3524	1
3525	1
3526	1
3527	1
3528	1
3529	1
3530	1
3531	1
3532	1
3533	1
3534	1
3535	0
3536	0
3537	0
3538	0
3539	1
3540	1
3541	0
3542	0
3543	0
3544	0
3545	0
3546	1
3547	1
3548	1
3549	1
3550	1
3551	1
3552	1
3553	0
3554	1
3555	1
3556	1
3557	0
3558	1
3559	1
3560	1
3561	1
3562	1
3563	2
3564	1
3565	0
3566	0
3567	0
3568	0
3569	2
3570	1
3571	0
3572	0
3573	0
3574	0
3575	0
3576	1
3577	1
3578	1
3579	1
3580	1
3581	1
3582	1
3583	1
3584	2
3585	2
3586	2
3587	2
3588	2
3589	2
3590	1
3591	1
3592	1
3593	1
3594	2
3595	2
3596	2
3597	2
3598	3
3599	3
3600	4
3601	4
3602	3
3603	3
3604	3
3605	3
3606	4
3607	4
3608	4
3609	4
3610	4
3611	5
3612	5
3613	4
3614	4
3615	4
3616	4
3617	2
3618	2
3619	2
3620	1
3621	1
3622	1
3623	1
3624	1
3625	1
3626	1
3627	1
3628	1
3629	1
3630	1
3631	1
3632	1
3633	1
3634	1
3635	1
3636	1
3637	0
3638	0
3639	0
3640	0
3641	0
3642	0
3643	0
3644	0
3645	0
3646	0
3647	0
3648	1
3649	1
3650	1
3651	1
3652	1
3653	1
3654	2
3655	2
3656	2
3657	2
3658	2
3659	2
3660	1
3661	0
3662	0
3663	0
3664	0
3665	0
3666	0
3667	0
3668	0
3669	0
3670	0
3671	0
3672	0
3673	0
3674	0
3675	0
3676	0
3677	0
3678	0
3679	0
3680	0
3681	0
3682	0
3683	0
3684	0
3685	0
3686	0
3687	0
3688	0
3689	0
3690	0
3691	0
3692	0
3693	0
3694	0
3695	0
3696	0
3697	1
3698	1
3699	1
3700	1
3701	2
3702	2
3703	2
3704	2
3705	2
3706	2
3707	2
3708	2
3709	2
3710	2
3711	2
3712	2
3713	1
3714	1
3715	1
3716	1
3717	1
3718	1
3719	1
3720	1
3721	1
3722	1
3723	1
3724	1
3725	1
3726	1
3727	1
3728	1
3729	1
3730	2
3731	2
3732	2
3733	1
3734	1
3735	1
3736	1
3737	1
3738	1
3739	1
3740	1
3741	1
3742	1
3743	1
3744	1
3745	1
3746	0
3747	0
3748	0
3749	0
3750	0
3751	0
3752	0
3753	0
3754	0
3755	0
3756	0
3757	0
3758	0
3759	0
3760	0
3761	0
3762	0
3763	0
3764	0
3765	0
3766	0
3767	0
3768	1
3769	1
3770	1
3771	1
3772	1
3773	0
3774	0
3775	1
3776	1
3777	1
3778	1
3779	1
3780	1
3781	2
3782	2
3783	3
3784	3
3785	3
3786	3
3787	3
3788	3
3789	3
3790	3
3791	3
3792	3
3793	1
3794	1
3795	1
3796	1
3797	1
3798	1
3799	1
3800	1
3801	1
3802	1
3803	1
3804	0
3805	0
3806	0
3807	0
3808	0
3809	0
3810	0
3811	0
3812	0
3813	0
3814	0
3815	0
3816	2
3817	2
3818	2
3819	1
3820	1
3821	1
3822	1
3823	1
3824	1
3825	1
3826	1
3827	1
3828	2
3829	2
3830	2
3831	2
3832	2
3833	0
3834	0
3835	0
3836	0
3837	0
3838	0
3839	0
3840	0
3841	1
3842	1
3843	1
3844	1
3845	1
3846	1
3847	1
3848	1
3849	1
3850	1
3851	0
3852	0
3853	0
3854	0
3855	0
3856	0
3857	0
3858	0
3859	0
3860	0
3861	0
3862	0
3863	0
3864	1
3865	2
3866	2
3867	2
3868	2
3869	3
3870	3
3871	2
3872	2
3873	3
3874	3
3875	0
3876	0
3877	0
3878	0
3879	0
3880	0
3881	0
3882	0
3883	0
3884	0
3885	0
3886	0
3887	0
3888	0
3889	0
3890	0
3891	1
3892	1
3893	1
3894	1
3895	1
3896	1
3897	1
3898	1
3899	1
3900	1
3901	1
3902	1
3903	1
3904	1
3905	2
3906	2
3907	2
3908	2
3909	2
3910	2
3911	2
3912	2
3913	2
3914	2
3915	2
3916	2
3917	2
3918	2
3919	0
3920	0
3921	0
3922	0
3923	0
3924	0
3925	0
3926	0
3927	0
3928	0
3929	0
3930	1
3931	1
3932	1
3933	1
3934	1
3935	1
3936	1
3937	2
3938	2
3939	2
3940	2
3941	1
3942	1
3943	1
3944	1
3945	1
3946	1
3947	1
3948	1
3949	0
3950	0
3951	0
3952	0
3953	0
3954	0
3955	0
3956	0
3957	0
3958	1
3959	1
3960	1
3961	2
3962	2
3963	2
3964	1
3965	1
3966	1
3967	1
3968	2
3969	2
3970	2
3971	2
3972	2
3973	3
3974	3
3975	4
3976	4
3977	4
3978	4
3979	7
3980	7
3981	5
3982	5
3983	4
3984	4
3985	4
3986	4
3987	4
3988	4
3989	4
3990	3
3991	3
3992	3
3993	4
3994	3
3995	3
3996	1
3997	1
3998	1
3999	1
4000	1
4001	1
