0	1
1	1
2	1
3	1
4	1
5	1
6	1
7	1
8	1
9	1
10	2
11	2
12	2
13	2
14	2
15	2
16	2
17	2
18	2
19	2
20	2
21	2
22	2
23	2
24	2
25	2
26	2
27	1
28	1
29	3
30	3
31	4
32	4
33	4
34	3
35	3
36	3
37	3
38	3
39	3
40	3
41	4
42	3
43	3
44	3
45	2
46	2
47	2
48	3
49	4
50	4
51	4
52	4
53	4
54	4
55	4
56	3
57	3
58	3
59	4
60	3
61	3
62	3
63	3
64	3
65	3
66	3
67	3
68	3
69	3
70	3
71	3
72	3
73	3
74	3
75	3
76	3
77	3
78	2
79	2
80	2
81	2
82	2
83	1
84	1
85	0
86	0
87	0
88	0
89	1
90	1
91	1
92	1
93	1
94	0
95	0
96	1
97	1
98	1
99	1
100	2
101	2
102	2
103	2
104	2
105	2
106	2
107	2
108	2
109	2
110	2
111	2
112	2
113	2
114	2
115	3
116	3
117	3
118	3
119	3
120	3
121	3
122	2
123	2
124	2
125	2
126	2
127	2
128	2
129	2
130	2
131	2
132	1
133	1
134	1
135	1
136	1
137	1
138	1
139	1
140	0
141	0
142	0
143	1
144	1
145	1
146	1
147	1
148	1
149	0
150	0
151	0
152	0
153	1
154	1
155	2
156	2
157	2
158	1
159	1
160	1
161	1
162	1
163	1
164	1
165	1
166	2
167	2
168	2
169	2
170	2
171	3
172	3
173	2
174	1
175	1
176	1
177	1
178	1
179	1
180	1
181	1
182	1
183	1
184	1
185	1
186	1
187	1
188	1
189	0
190	0
191	0
192	0
193	0
194	0
195	0
196	0
197	1
198	1
199	1
200	1
201	1
202	1
203	1
204	0
205	1
206	1
207	1
208	1
209	1
210	2
211	3
212	3
213	3
214	3
215	2
216	2
217	3
218	2
219	2
220	2
221	2
222	1
223	1
224	1
225	1
226	1
227	1
228	1
229	1
230	1
231	1
232	1
233	1
234	1
235	1
236	1
237	1
238	1
239	1
240	2
241	2
242	2
243	2
244	2
245	2
246	2
247	2
248	2
249	2
250	2
251	3
252	3
253	3
254	3
255	3
256	3
257	3
258	3
259	1
260	1
261	1
262	2
263	2
264	2
265	2
266	1
267	1
268	1
269	1
270	1
271	1
272	1
273	1
274	0
275	0
276	1
277	1
278	1
279	1
280	1
281	1
282	1
283	1
284	1
285	1
286	0
287	0
288	0
289	0
290	0
291	0
292	1
293	1
294	1
295	1
296	1
297	1
298	1
299	1
300	0
301	0
302	0
303	0
304	0
305	0
306	0
307	0
308	0
309	0
310	0
311	0
312	0
313	0
314	0
315	0
316	0
317	0
318	1
319	1
320	1
321	1
322	1
323	0
324	0
325	0
326	0
327	0
328	0
329	1
330	1
331	1
332	1
333	1
334	1
335	1
336	1
337	1
338	1
339	1
340	1
341	1
342	1
343	2
344	3
345	4
346	4
347	4
348	4
349	3
350	2
351	2
352	1
353	1
354	1
355	1
356	1
357	1
358	0
359	0
360	0
361	0
362	0
363	0
364	0
365	0
366	0
367	0
368	0
369	1
370	2
371	2
372	3
373	3
374	3
375	3
376	3
377	3
378	3
379	3
380	3
381	3
382	3
383	3
384	3
385	3
386	3
387	3
388	2
389	1
390	1
391	1
392	1
393	1
394	1
395	1
396	1
397	1
398	1
399	2
400	2
401	2
402	2
403	2
404	2
405	2
406	2
407	2
408	2
409	2
410	2
411	2
412	2
413	1
414	1
415	1
416	1
417	1
418	1
419	1
420	1
421	1
422	1
423	1
424	1
425	1
426	1
427	2
428	2
429	2
430	2
431	2
432	2
433	2
434	2
435	2
436	2
437	2
438	2
439	2
440	2
441	3
442	3
443	3
444	2
445	2
446	2
447	2
448	2
449	2
450	1
451	1
452	1
453	1
454	1
455	3
456	3
457	3
458	3
459	3
460	3
461	3
462	3
463	4
464	3
465	3
466	3
467	3
468	3
469	3
470	3
471	3
472	3
473	3
474	2
475	2
476	2
477	2
478	2
479	4
480	4
481	4
482	5
483	5
484	5
485	3
486	3
487	3
488	3
489	3
490	3
491	2
492	2
493	2
494	2
495	2
496	1
497	1
498	1
499	1
500	2
501	2
502	1
503	1
504	1
505	1
506	1
507	1
508	0
509	1
510	1
511	1
512	2
513	2
514	2
515	2
516	1
517	1
518	1
519	1
520	1
521	1
522	1
523	1
524	1
525	1
526	2
527	1
528	1
529	1
530	1
531	1
532	1
533	1
534	0
535	0
536	0
537	0
538	0
539	0
540	0
541	0
542	0
543	0
544	0
545	0
546	0
547	0
548	0
549	0
550	0
551	0
552	0
553	0
554	0
555	0
556	0
557	0
558	0
559	0
560	0
561	0
562	0
563	0
564	0
565	0
566	0
567	0
568	0
569	1
570	1
571	1
572	1
573	1
574	1
575	1
576	2
577	2
578	2
579	2
580	2
581	2
582	2
583	2
584	2
585	2
586	2
587	2
588	2
589	2
590	2
591	2
592	2
593	2
594	1
595	2
596	2
597	2
598	2
599	1
600	1
601	1
602	0
603	0
604	0
605	0
606	0
607	0
608	0
609	0
610	1
611	1
612	1
613	1
614	1
615	1
616	1
617	2
618	2
619	2
620	2
621	2
622	2
623	2
624	2
625	2
626	2
627	2
628	2
629	2
630	2
631	2
632	2
633	2
634	2
635	2
636	1
637	1
638	1
639	1
640	1
641	1
642	1
643	1
644	1
645	1
646	1
647	1
648	2
649	2
650	3
651	3
652	3
653	2
654	1
655	1
656	1
657	1
658	1
659	3
660	3
661	3
662	3
663	3
664	3
665	3
666	3
667	3
668	2
669	2
670	2
671	2
672	2
673	2
674	2
675	2
676	2
677	2
678	2
679	1
680	1
681	1
682	1
683	1
684	1
685	1
686	2
687	2
688	2
689	2
690	2
691	2
692	2
693	2
694	2
695	1
696	1
697	1
698	1
699	1
700	1
701	1
702	1
703	1
704	1
705	1
706	1
707	0
708	0
709	0
710	0
711	0
712	0
713	1
714	1
715	1
716	1
717	1
718	1
719	1
720	1
721	1
722	1
723	2
724	3
725	3
726	2
727	2
728	2
729	1
730	1
731	0
732	0
733	0
734	0
735	0
736	0
737	1
738	2
739	2
740	2
741	2
742	2
743	2
744	2
745	2
746	2
747	2
748	2
749	2
750	1
751	1
752	1
753	1
754	1
755	1
756	1
757	1
758	1
759	1
760	1
761	1
762	1
763	1
764	2
765	2
766	2
767	2
768	2
769	2
770	2
771	2
772	2
773	2
774	2
775	2
776	2
777	2
778	1
779	1
780	1
781	1
782	1
783	1
784	1
785	1
786	1
787	1
788	1
789	1
790	1
791	1
792	2
793	2
794	2
795	2
796	2
797	2
798	2
799	2
800	1
801	1
802	1
803	1
804	1
805	1
806	0
807	0
808	0
809	1
810	1
811	1
812	1
813	1
814	1
815	1
816	1
817	1
818	1
819	1
820	1
821	1
822	1
823	1
824	1
825	1
826	1
827	1
828	1
829	1
830	1
831	1
832	0
833	0
834	0
835	0
836	0
837	0
838	0
839	0
840	0
841	0
842	0
843	0
844	0
845	0
846	0
847	0
848	0
849	0
850	0
851	1
852	1
853	1
854	1
855	1
856	1
857	1
858	1
859	2
860	2
861	3
862	3
863	3
864	3
865	1
866	1
867	1
868	1
869	1
870	1
871	1
872	1
873	1
874	1
875	1
876	1
877	2
878	2
879	2
880	2
881	2
882	2
883	2
884	1
885	1
886	1
887	1
888	1
889	1
890	1
891	1
892	1
893	1
894	1
895	1
896	1
897	1
898	1
899	3
900	3
901	3
902	3
903	2
904	2
905	2
906	2
907	2
908	2
909	2
910	2
911	1
912	1
913	1
914	1
915	1
916	1
917	1
918	2
919	2
920	2
921	2
922	2
923	2
924	2
925	2
926	2
927	2
928	2
929	1
930	1
931	1
932	1
933	1
934	1
935	1
936	1
937	1
938	1
939	2
940	2
941	3
942	3
943	3
944	4
945	3
946	3
947	3
948	2
949	2
950	2
951	3
952	3
953	3
954	3
955	3
956	3
957	2
958	2
959	2
960	2
961	2
962	3
963	3
964	4
965	4
966	4
967	2
968	2
969	2
970	2
971	1
972	1
973	1
974	1
975	1
976	1
977	1
978	1
979	1
980	2
981	2
982	2
983	2
984	2
985	2
986	2
987	1
988	1
989	1
990	1
991	1
992	1
993	1
994	1
995	1
996	1
997	1
998	1
999	1
1000	1
1001	1
1002	1
1003	1
1004	1
1005	1
1006	1
1007	1
1008	1
1009	1
1010	1
1011	2
1012	2
1013	2
1014	2
1015	2
1016	3
1017	3
1018	4
1019	3
1020	2
1021	2
1022	2
1023	2
1024	2
1025	1
1026	1
1027	2
1028	2
1029	2
1030	2
1031	2
1032	2
1033	2
1034	2
1035	3
1036	3
1037	2
1038	2
1039	2
1040	1
1041	2
1042	2
1043	2
1044	1
1045	1
1046	1
1047	1
1048	0
1049	0
1050	0
1051	0
1052	0
1053	0
1054	0
1055	0
1056	0
1057	0
1058	0
1059	1
1060	2
1061	2
1062	2
1063	1
1064	1
1065	2
1066	1
1067	1
1068	1
1069	1
1070	1
1071	1
1072	1
1073	1
1074	0
1075	0
1076	0
1077	0
1078	0
1079	0
1080	0
1081	0
1082	0
1083	0
1084	0
1085	1
1086	1
1087	1
1088	1
1089	1
1090	1
1091	1
1092	1
1093	1
1094	1
1095	1
1096	1
1097	1
1098	1
1099	1
1100	1
1101	2
1102	2
1103	2
1104	2
1105	2
1106	2
1107	1
1108	1
1109	1
1110	1
1111	1
1112	1
1113	1
1114	2
1115	2
1116	3
1117	3
1118	4
1119	4
1120	4
1121	4
1122	4
1123	2
1124	2
1125	3
1126	3
1127	3
1128	3
1129	2
1130	2
1131	3
1132	2
1133	2
1134	2
1135	2
1136	2
1137	2
1138	2
1139	3
1140	3
1141	3
1142	2
1143	2
1144	2
1145	2
1146	2
1147	2
1148	2
1149	2
1150	2
1151	3
1152	3
1153	3
1154	3
1155	3
1156	3
1157	3
1158	2
1159	3
1160	3
1161	3
1162	3
1163	3
1164	2
1165	2
1166	2
1167	2
1168	3
1169	3
1170	4
1171	4
1172	4
1173	2
1174	1
1175	1
1176	1
1177	1
1178	1
1179	1
1180	1
1181	1
1182	2
1183	2
1184	2
1185	1
1186	0
1187	0
1188	0
1189	0
1190	1
1191	2
1192	2
1193	2
1194	2
1195	1
1196	1
1197	1
1198	1
1199	2
1200	1
1201	1
1202	0
1203	0
1204	0
1205	0
1206	1
1207	1
1208	1
1209	1
1210	1
1211	1
1212	2
1213	2
1214	2
1215	2
1216	2
1217	3
1218	3
1219	3
1220	3
1221	3
1222	4
1223	3
1224	3
1225	2
1226	1
1227	1
1228	1
1229	1
1230	1
1231	1
1232	1
1233	1
1234	1
1235	1
1236	1
1237	1
1238	1
1239	1
1240	1
1241	1
1242	2
1243	2
1244	2
1245	2
1246	2
1247	2
1248	2
1249	3
1250	3
1251	4
1252	4
1253	3
1254	3
1255	3
1256	3
1257	3
1258	3
1259	3
1260	3
1261	2
1262	2
1263	1
1264	1
1265	1
1266	1
1267	1
1268	1
1269	1
1270	1
1271	1
1272	1
1273	2
1274	2
1275	2
1276	2
1277	1
1278	1
1279	1
1280	1
1281	1
1282	1
1283	1
1284	2
1285	2
1286	2
1287	2
1288	1
1289	1
1290	1
1291	1
1292	0
1293	0
1294	0
1295	0
1296	0
1297	0
1298	0
1299	0
1300	0
1301	0
1302	0
1303	0
1304	0
1305	0
1306	0
1307	0
1308	0
1309	0
1310	1
1311	1
1312	1
1313	1
1314	1
1315	1
1316	1
1317	1
1318	1
1319	2
1320	2
1321	2
1322	2
1323	2
1324	2
1325	1
1326	1
1327	1
1328	1
1329	1
1330	1
1331	1
1332	1
1333	1
1334	1
1335	1
1336	1
1337	0
1338	0
1339	0
1340	0
1341	1
1342	1
1343	1
1344	1
1345	1
1346	1
1347	1
1348	2
1349	2
1350	2
1351	2
1352	1
1353	1
1354	1
1355	1
1356	3
1357	3
1358	3
1359	3
1360	3
1361	2
1362	1
1363	1
1364	1
1365	1
1366	1
1367	1
1368	1
1369	1
1370	1
1371	1
1372	1
1373	1
1374	1
1375	1
1376	1
1377	0
1378	0
1379	0
1380	0
1381	0
1382	0
1383	0
1384	0
1385	0
1386	0
1387	0
1388	0
1389	0
1390	0
1391	0
1392	1
1393	1
1394	1
1395	1
1396	0
1397	0
1398	0
1399	0
1400	0
1401	1
1402	1
1403	1
1404	1
1405	1
1406	1
1407	1
1408	1
1409	1
1410	2
1411	2
1412	2
1413	2
1414	2
1415	2
1416	2
1417	2
1418	2
1419	2
1420	2
1421	2
1422	2
1423	1
1424	1
1425	1
1426	1
1427	1
1428	0
1429	0
1430	0
1431	0
1432	0
1433	0
1434	0
1435	0
1436	0
1437	0
1438	0
1439	0
1440	0
1441	0
1442	0
1443	0
1444	0
1445	0
1446	0
1447	0
1448	0
1449	0
1450	0
1451	0
1452	0
1453	0
1454	0
1455	0
1456	0
1457	0
1458	0
1459	0
1460	0
1461	0
1462	0
1463	0
1464	0
1465	0
1466	0
1467	0
1468	0
1469	0
1470	0
1471	0
1472	0
1473	0
1474	0
1475	0
1476	0
1477	0
1478	0
1479	0
1480	0
1481	0
1482	0
1483	0
1484	0
1485	0
1486	0
1487	0
1488	0
1489	0
1490	1
1491	1
1492	1
1493	1
1494	1
1495	0
1496	0
1497	0
1498	0
1499	0
1500	0
1501	0
1502	0
1503	0
1504	0
1505	0
1506	0
1507	0
1508	0
1509	0
1510	0
1511	0
1512	0
1513	0
1514	0
1515	0
1516	0
1517	0
1518	0
1519	0
1520	0
1521	1
1522	1
1523	1
1524	1
1525	1
1526	1
1527	1
1528	1
1529	1
1530	1
1531	0
1532	0
1533	0
1534	0
1535	0
1536	0
1537	1
1538	1
1539	1
1540	1
1541	1
1542	1
1543	1
1544	1
1545	1
1546	1
1547	1
1548	1
1549	1
1550	1
1551	1
1552	1
1553	1
1554	1
1555	1
1556	1
1557	1
1558	1
1559	1
1560	0
1561	0
1562	0
1563	0
1564	0
1565	0
1566	0
1567	0
1568	0
1569	0
1570	0
1571	0
1572	0
1573	0
1574	0
1575	1
1576	1
1577	1
1578	1
1579	1
1580	1
1581	2
1582	2
1583	1
1584	1
1585	1
1586	1
1587	1
1588	1
1589	1
1590	1
1591	1
1592	1
1593	1
1594	1
1595	1
1596	1
1597	1
1598	1
1599	0
1600	0
1601	1
1602	1
1603	1
1604	1
1605	1
1606	1
1607	0
1608	0
1609	1
1610	1
1611	1
1612	1
1613	1
1614	1
1615	1
1616	1
1617	1
1618	0
1619	0
1620	0
1621	0
1622	1
1623	1
1624	1
1625	1
1626	1
1627	1
1628	0
1629	0
1630	1
1631	1
1632	2
1633	2
1634	2
1635	2
1636	2
1637	1
1638	1
1639	1
1640	1
1641	1
1642	1
1643	1
1644	1
1645	1
1646	1
1647	1
1648	1
1649	1
1650	2
1651	2
1652	2
1653	2
1654	1
1655	1
1656	1
1657	1
1658	1
1659	1
1660	1
1661	1
1662	1
1663	2
1664	2
1665	2
1666	2
1667	2
1668	2
1669	2
1670	2
1671	2
1672	2
1673	2
1674	2
1675	1
1676	1
1677	0
1678	0
1679	1
1680	1
1681	2
1682	2
1683	2
1684	2
1685	2
1686	2
1687	2
1688	2
1689	2
1690	2
1691	2
1692	3
1693	3
1694	3
1695	3
1696	2
1697	2
1698	1
1699	1
1700	1
1701	1
1702	1
1703	1
1704	1
1705	1
1706	1
1707	1
1708	1
1709	2
1710	2
1711	2
1712	2
1713	2
1714	2
1715	2
1716	2
1717	2
1718	2
1719	2
1720	3
1721	3
1722	3
1723	3
1724	4
1725	4
1726	4
1727	3
1728	2
1729	2
1730	2
1731	1
1732	1
1733	1
1734	1
1735	0
1736	0
1737	0
1738	0
1739	0
1740	0
1741	0
1742	0
1743	0
1744	0
1745	1
1746	1
1747	1
1748	1
1749	1
1750	1
1751	2
1752	2
1753	2
1754	2
1755	3
1756	2
1757	2
1758	2
1759	2
1760	2
1761	1
1762	1
1763	1
1764	1
1765	1
1766	1
1767	1
1768	1
1769	1
1770	1
1771	1
1772	1
1773	1
1774	1
1775	1
1776	1
1777	2
1778	2
1779	2
1780	2
1781	2
1782	2
1783	3
1784	3
1785	3
1786	3
1787	4
1788	4
1789	4
1790	4
1791	4
1792	3
1793	3
1794	3
1795	3
1796	4
1797	4
1798	4
1799	3
1800	3
1801	3
1802	3
1803	2
1804	2
1805	1
1806	1
1807	1
1808	1
1809	1
1810	1
1811	1
1812	1
1813	1
1814	1
1815	1
1816	1
1817	2
1818	2
1819	2
1820	2
1821	1
1822	0
1823	0
1824	1
1825	1
1826	2
1827	3
1828	3
1829	3
1830	3
1831	1
1832	1
1833	1
1834	3
1835	3
1836	3
1837	3
1838	3
1839	3
1840	3
1841	2
1842	2
1843	2
1844	1
1845	1
1846	0
1847	0
1848	0
1849	0
1850	0
1851	0
1852	0
1853	0
1854	0
1855	0
1856	0
1857	0
1858	0
1859	0
1860	0
1861	0
1862	0
1863	0
1864	0
1865	0
1866	0
1867	0
1868	0
1869	0
1870	0
1871	0
1872	1
1873	1
1874	1
1875	1
1876	1
1877	2
1878	1
1879	1
1880	1
1881	1
1882	1
1883	1
1884	1
1885	0
1886	0
1887	0
1888	0
1889	2
1890	2
1891	2
1892	1
1893	0
1894	0
1895	0
1896	0
1897	0
1898	0
1899	0
1900	0
1901	0
1902	0
1903	0
1904	0
1905	0
1906	1
1907	1
1908	1
1909	1
1910	1
1911	1
1912	1
1913	2
1914	2
1915	2
1916	2
1917	2
1918	2
1919	2
1920	2
1921	2
1922	2
1923	2
1924	1
1925	1
1926	1
1927	1
1928	1
1929	1
1930	1
1931	2
1932	1
1933	1
1934	1
1935	0
1936	1
1937	1
1938	1
1939	1
1940	1
1941	1
1942	1
1943	1
1944	1
1945	1
1946	1
1947	0
1948	0
1949	0
1950	0
1951	0
1952	0
1953	0
1954	0
1955	0
1956	0
1957	0
1958	0
1959	0
1960	0
1961	0
1962	0
1963	0
1964	0
1965	0
1966	0
1967	0
1968	1
1969	1
1970	1
1971	1
1972	0
1973	0
1974	0
1975	0
1976	0
1977	0
1978	0
1979	0
1980	0
1981	0
1982	0
1983	0
1984	0
1985	0
1986	0
1987	0
1988	0
1989	0
1990	1
1991	1
1992	1
1993	1
1994	0
1995	0
1996	0
1997	0
1998	0
1999	0
2000	0
2001	0
2002	0
2003	0
2004	0
2005	0
2006	0
2007	2
2008	2
2009	2
2010	2
2011	1
2012	1
2013	1
2014	1
2015	1
2016	1
2017	2
2018	2
2019	2
2020	2
2021	2
2022	2
2023	1
2024	1
2025	0
2026	0
2027	0
2028	0
2029	0
2030	0
2031	0
2032	1
2033	1
2034	1
2035	1
2036	1
2037	1
2038	1
2039	1
2040	1
2041	1
2042	1
2043	1
2044	1
2045	1
2046	1
2047	1
2048	1
2049	1
2050	1
2051	2
2052	2
2053	2
2054	2
2055	2
2056	1
2057	1
2058	1
2059	1
2060	1
2061	1
2062	1
2063	1
2064	1
2065	1
2066	2
2067	2
2068	2
2069	2
2070	3
2071	3
2072	3
2073	3
2074	3
2075	3
2076	2
2077	2
2078	2
2079	2
2080	2
2081	2
2082	2
2083	2
2084	2
2085	2
2086	2
2087	2
2088	2
2089	2
2090	2
2091	2
2092	2
2093	3
2094	3
2095	3
2096	3
2097	3
2098	3
2099	2
2100	2
2101	1
2102	0
2103	0
2104	0
2105	0
2106	0
2107	0
2108	0
2109	0
2110	0
2111	0
2112	0
2113	0
2114	0
2115	0
2116	1
2117	3
2118	2
2119	2
2120	2
2121	2
2122	2
2123	2
2124	2
2125	2
2126	2
2127	2
2128	2
2129	2
2130	2
2131	2
2132	2
2133	2
2134	1
2135	1
2136	1
2137	1
2138	1
2139	1
2140	1
2141	2
2142	2
2143	2
2144	1
2145	1
2146	1
2147	1
2148	1
2149	1
2150	2
2151	2
2152	1
2153	1
2154	1
2155	1
2156	1
2157	1
2158	2
2159	2
2160	1
2161	1
2162	1
2163	1
2164	1
2165	1
2166	1
2167	1
2168	2
2169	2
2170	2
2171	3
2172	2
2173	2
2174	1
2175	1
2176	0
2177	0
2178	0
2179	0
2180	0
2181	0
2182	0
2183	1
2184	1
2185	1
2186	1
2187	1
2188	1
2189	1
2190	1
2191	1
2192	1
2193	1
2194	2
2195	2
2196	2
2197	2
2198	2
2199	2
2200	2
2201	2
2202	2
2203	2
2204	2
2205	2
2206	1
2207	3
2208	3
2209	3
2210	3
2211	3
2212	2
2213	2
2214	2
2215	2
2216	2
2217	2
2218	2
2219	3
2220	3
2221	3
2222	3
2223	3
2224	2
2225	2
2226	2
2227	2
2228	2
2229	2
2230	2
2231	2
2232	2
2233	2
2234	2
2235	2
2236	2
2237	2
2238	2
2239	2
2240	2
2241	2
2242	2
2243	2
2244	2
2245	2
2246	2
2247	2
2248	2
2249	2
2250	2
2251	2
2252	2
2253	2
2254	1
2255	1
2256	1
2257	1
2258	1
2259	2
2260	2
2261	2
2262	2
2263	1
2264	1
2265	1
2266	2
2267	2
2268	2
2269	2
2270	2
2271	2
2272	2
2273	2
2274	3
2275	3
2276	3
2277	3
2278	3
2279	3
2280	2
2281	2
2282	3
2283	3
2284	3
2285	3
2286	3
2287	3
2288	2
2289	1
2290	0
2291	0
2292	0
2293	0
2294	0
2295	0
2296	0
2297	1
2298	1
2299	1
2300	1
2301	1
2302	1
2303	1
2304	1
2305	1
2306	1
2307	1
2308	1
2309	1
2310	1
2311	2
2312	2
2313	2
2314	3
2315	3
2316	3
2317	3
2318	3
2319	3
2320	4
2321	4
2322	3
2323	3
2324	4
2325	3
2326	3
2327	4
2328	4
2329	4
2330	4
2331	3
2332	3
2333	3
2334	3
2335	2
2336	2
2337	2
2338	2
2339	3
2340	3
2341	4
2342	4
2343	3
2344	3
2345	3
2346	3
2347	3
2348	3
2349	3
2350	3
2351	3
2352	4
2353	4
2354	4
2355	4
2356	4
2357	3
2358	3
2359	2
2360	2
2361	3
2362	3
2363	3
2364	3
2365	3
2366	3
2367	3
2368	3
2369	2
2370	1
2371	1
2372	1
2373	1
2374	1
2375	1
2376	0
2377	0
2378	0
2379	0
2380	0
2381	0
2382	0
2383	0
2384	0
2385	0
2386	1
2387	2
2388	3
2389	3
2390	3
2391	3
2392	3
2393	3
2394	2
2395	2
2396	2
2397	1
2398	1
2399	1
2400	1
2401	1
2402	1
2403	1
2404	2
2405	2
2406	2
2407	2
2408	2
2409	2
2410	2
2411	2
2412	2
2413	2
2414	2
2415	2
2416	1
2417	1
2418	1
2419	1
2420	1
2421	0
2422	0
2423	0
2424	0
2425	0
2426	0
2427	0
2428	0
2429	0
2430	0
2431	0
2432	0
2433	0
2434	0
2435	0
2436	0
2437	0
2438	0
2439	0
2440	0
2441	0
2442	0
2443	0
2444	0
2445	0
2446	0
2447	0
2448	0
2449	0
2450	0
2451	0
2452	0
2453	0
2454	0
2455	0
2456	0
2457	0
2458	0
2459	0
2460	0
2461	0
2462	0
2463	0
2464	1
2465	1
2466	1
2467	1
2468	1
2469	0
2470	0
2471	0
2472	0
2473	1
2474	1
2475	1
2476	1
2477	1
2478	1
2479	1
2480	1
2481	1
2482	0
2483	0
2484	0
2485	0
2486	0
2487	0
2488	0
2489	0
2490	0
2491	0
2492	0
2493	0
2494	0
2495	0
2496	0
2497	0
2498	1
2499	1
2500	1
2501	1
2502	1
2503	1
2504	1
2505	1
2506	1
2507	1
2508	1
2509	1
2510	1
2511	2
2512	2
2513	2
2514	2
2515	2
2516	2
2517	2
2518	2
2519	2
2520	3
2521	3
2522	2
2523	2
2524	2
2525	2
2526	2
2527	2
2528	2
2529	2
2530	2
2531	2
2532	2
2533	2
2534	2
2535	2
2536	1
2537	1
2538	1
2539	1
2540	1
2541	1
2542	1
2543	1
2544	1
2545	1
2546	1
2547	1
2548	1
2549	1
2550	0
2551	0
2552	0
2553	0
2554	0
2555	0
2556	0
2557	0
2558	0
2559	0
2560	0
2561	0
2562	0
2563	0
2564	0
2565	1
2566	1
2567	1
2568	1
2569	1
2570	1
2571	1
2572	2
2573	2
2574	2
2575	2
2576	1
2577	1
2578	1
2579	1
2580	1
2581	1
2582	0
2583	0
2584	0
2585	0
2586	0
2587	1
2588	1
2589	1
2590	1
2591	1
2592	1
2593	1
2594	1
2595	0
2596	0
2597	0
2598	0
2599	0
2600	0
2601	1
2602	2
2603	2
2604	2
2605	2
2606	2
2607	2
2608	2
2609	2
2610	2
2611	1
2612	1
2613	1
2614	1
2615	1
2616	2
2617	2
2618	3
2619	3
2620	3
2621	3
2622	3
2623	3
2624	3
2625	3
2626	3
2627	3
2628	3
2629	2
2630	2
2631	2
2632	2
2633	2
2634	3
2635	3
2636	3
2637	3
2638	4
2639	4
2640	4
2641	3
2642	3
2643	3
2644	3
2645	3
2646	4
2647	4
2648	4
2649	4
2650	4
2651	4
2652	4
2653	3
2654	2
2655	2
2656	2
2657	2
2658	2
2659	2
2660	2
2661	2
2662	2
2663	1
2664	1
2665	1
2666	1
2667	1
2668	1
2669	1
2670	1
2671	2
2672	2
2673	2
2674	2
2675	2
2676	2
2677	2
2678	2
2679	1
2680	1
2681	1
2682	1
2683	1
2684	1
2685	1
2686	1
2687	1
2688	1
2689	0
2690	0
2691	0
2692	0
2693	0
2694	1
2695	2
2696	3
2697	3
2698	3
2699	3
2700	2
2701	3
2702	3
2703	4
2704	4
2705	4
2706	5
2707	5
2708	5
2709	6
2710	6
2711	4
2712	4
2713	3
2714	3
2715	3
2716	3
2717	3
2718	3
2719	3
2720	3
2721	3
2722	3
2723	3
2724	3
2725	3
2726	3
2727	3
2728	3
2729	3
2730	3
2731	3
2732	3
2733	3
2734	3
2735	5
2736	5
2737	4
2738	4
2739	4
2740	4
2741	4
2742	3
2743	2
2744	2
2745	2
2746	2
2747	2
2748	2
2749	1
2750	1
2751	1
2752	0
2753	0
2754	0
2755	0
2756	0
2757	0
2758	1
2759	1
2760	1
2761	2
2762	2
2763	2
2764	2
2765	1
2766	1
2767	1
2768	1
2769	2
2770	2
2771	2
2772	2
2773	1
2774	1
2775	1
2776	0
2777	0
2778	0
2779	0
2780	0
2781	0
2782	0
2783	0
2784	0
2785	1
2786	1
2787	1
2788	1
2789	1
2790	1
2791	1
2792	0
2793	0
2794	0
2795	0
2796	0
2797	0
2798	0
2799	0
2800	0
2801	1
2802	1
2803	1
2804	1
2805	1
2806	1
2807	0
2808	0
2809	0
2810	0
2811	0
2812	0
2813	1
2814	1
2815	0
2816	0
2817	0
2818	0
2819	0
2820	0
2821	1
2822	1
2823	1
2824	1
2825	1
2826	0
2827	0
2828	0
2829	0
2830	0
2831	0
2832	0
2833	0
2834	0
2835	0
2836	0
2837	0
2838	1
2839	1
2840	1
2841	1
2842	0
2843	0
2844	0
2845	0
2846	0
2847	0
2848	0
2849	0
2850	0
2851	0
2852	1
2853	1
2854	1
2855	1
2856	0
2857	0
2858	0
2859	0
2860	0
2861	0
2862	0
2863	1
2864	2
2865	2
2866	2
2867	1
2868	0
2869	0
2870	0
2871	0
2872	0
2873	0
2874	0
2875	0
2876	0
2877	0
2878	2
2879	2
2880	2
2881	2
2882	0
2883	0
2884	1
2885	1
2886	2
2887	2
2888	2
2889	2
2890	2
2891	2
2892	1
2893	1
2894	2
2895	2
2896	2
2897	2
2898	2
2899	2
2900	2
2901	2
2902	2
2903	2
2904	2
2905	2
2906	2
2907	2
2908	1
2909	1
2910	1
2911	2
2912	1
2913	1
2914	1
2915	1
2916	2
2917	3
2918	3
2919	3
2920	2
2921	2
2922	2
2923	2
2924	2
2925	2
2926	3
2927	2
2928	1
2929	1
2930	1
2931	1
2932	1
2933	0
2934	0
2935	0
2936	0
2937	0
2938	1
2939	1
2940	1
2941	1
2942	1
2943	1
2944	1
2945	0
2946	0
2947	0
2948	0
2949	0
2950	0
2951	0
2952	0
2953	0
2954	0
2955	0
2956	0
2957	0
2958	0
2959	0
2960	0
2961	0
2962	0
2963	0
2964	0
2965	0
2966	0
2967	1
2968	1
2969	2
2970	1
2971	1
2972	1
2973	1
2974	1
2975	1
2976	1
2977	1
2978	0
2979	0
2980	0
2981	0
2982	0
2983	0
2984	0
2985	0
2986	1
2987	1
2988	1
2989	1
2990	1
2991	1
2992	1
2993	1
2994	0
2995	0
2996	0
2997	0
2998	0
2999	0
3000	0
3001	0
3002	0
3003	0
3004	0
3005	0
3006	0
3007	0
3008	0
3009	0
3010	0
3011	0
3012	0
3013	0
3014	0
3015	0
3016	0
3017	0
3018	0
3019	0
3020	0
3021	0
3022	0
3023	0
3024	1
3025	1
3026	1
3027	1
3028	1
3029	1
3030	1
3031	1
3032	1
3033	1
3034	1
3035	1
3036	2
3037	2
3038	2
3039	2
3040	0
3041	0
3042	0
3043	0
3044	0
3045	0
3046	0
3047	0
3048	0
3049	0
3050	0
3051	0
3052	0
3053	0
3054	0
3055	0
3056	0
3057	0
3058	0
3059	0
3060	0
3061	0
3062	0
3063	0
3064	0
3065	0
3066	0
3067	0
3068	0
3069	0
3070	0
3071	0
3072	1
3073	1
3074	1
3075	1
3076	1
3077	1
3078	0
3079	0
3080	0
3081	0
3082	0
3083	0
3084	0
3085	0
3086	0
3087	0
3088	0
3089	0
3090	1
3091	1
3092	1
3093	1
3094	1
3095	0
3096	0
3097	0
3098	0
3099	0
3100	0
3101	0
3102	0
3103	0
3104	0
3105	0
3106	0
3107	0
3108	0
3109	0
3110	0
3111	0
3112	0
3113	0
3114	0
3115	0
3116	0
3117	0
3118	0
3119	0
3120	0
3121	0
3122	0
3123	0
3124	0
3125	0
3126	0
3127	1
3128	1
3129	0
3130	1
3131	1
3132	1
3133	1
3134	1
3135	1
3136	1
3137	1
3138	1
3139	0
3140	1
3141	1
3142	1
3143	2
3144	1
3145	2
3146	3
3147	3
3148	3
3149	3
3150	3
3151	3
3152	3
3153	3
3154	4
3155	4
3156	4
3157	4
3158	4
3159	4
3160	4
3161	3
3162	3
3163	3
3164	3
3165	3
3166	3
3167	3
3168	2
3169	2
3170	2
3171	2
3172	2
3173	2
3174	2
3175	2
3176	2
3177	2
3178	2
3179	2
3180	2
3181	2
3182	2
3183	2
3184	2
3185	2
3186	3
3187	3
3188	3
3189	3
3190	2
3191	3
3192	2
3193	2
3194	2
3195	2
3196	2
3197	3
3198	3
3199	1
3200	1
3201	3
3202	3
3203	3
3204	4
3205	4
3206	4
3207	4
3208	4
3209	4
3210	4
3211	4
3212	3
3213	3
3214	3
3215	3
3216	5
3217	5
3218	5
3219	5
3220	5
3221	5
3222	5
3223	5
3224	5
3225	4
3226	4
3227	4
3228	2
3229	1
3230	1
3231	1
3232	1
3233	2
3234	3
3235	3
3236	3
3237	3
3238	4
3239	4
3240	4
3241	4
3242	2
3243	2
3244	2
3245	2
3246	2
3247	2
3248	2
3249	2
3250	2
3251	2
3252	2
3253	2
3254	2
3255	1
3256	1
3257	1
3258	2
3259	2
3260	2
3261	2
3262	2
3263	2
3264	2
3265	2
3266	2
3267	1
3268	2
3269	2
3270	1
3271	1
3272	1
3273	1
3274	1
3275	1
3276	1
3277	1
3278	2
3279	2
3280	2
3281	2
3282	2
3283	2
3284	2
3285	2
3286	2
3287	2
3288	2
3289	2
3290	2
3291	2
3292	2
3293	2
3294	2
3295	1
3296	1
3297	0
3298	0
3299	0
3300	0
3301	0
3302	0
3303	0
3304	0
3305	0
3306	0
3307	1
3308	2
3309	2
3310	2
3311	2
3312	2
3313	2
3314	2
3315	2
3316	2
3317	2
3318	2
3319	2
3320	2
3321	2
3322	2
3323	2
3324	2
3325	3
3326	3
3327	2
3328	2
3329	1
3330	1
3331	1
3332	1
3333	1
3334	1
3335	0
3336	0
3337	0
3338	0
3339	0
3340	0
3341	0
3342	0
3343	0
3344	0
3345	0
3346	0
3347	0
3348	1
3349	1
3350	1
3351	1
3352	1
3353	1
3354	1
3355	1
3356	1
3357	1
3358	1
3359	2
3360	2
3361	2
3362	3
3363	2
3364	2
3365	2
3366	1
3367	1
3368	1
3369	1
3370	1
3371	1
3372	1
3373	1
3374	1
3375	1
3376	1
3377	1
3378	1
3379	1
3380	1
3381	1
3382	1
3383	1
3384	1
3385	1
3386	1
3387	1
3388	1
3389	1
3390	1
3391	1
3392	1
3393	1
3394	1
3395	1
3396	1
3397	1
3398	1
3399	1
3400	1
3401	1
3402	0
3403	0
3404	0
3405	0
3406	0
3407	1
3408	1
3409	1
3410	1
3411	0
3412	0
3413	0
3414	0
3415	0
3416	0
3417	0
3418	1
3419	1
3420	1
3421	1
3422	1
3423	1
3424	1
3425	1
3426	1
3427	1
3428	1
3429	1
3430	1
3431	1
3432	1
3433	1
3434	0
3435	0
3436	0
3437	0
3438	0
3439	0
3440	0
3441	0
3442	0
3443	0
3444	0
3445	0
3446	0
3447	0
3448	0
3449	0
3450	0
3451	0
3452	0
3453	0
3454	1
3455	1
3456	2
3457	2
3458	2
3459	1
3460	1
3461	1
3462	1
3463	2
3464	2
3465	1
3466	1
3467	1
3468	0
3469	0
3470	0
3471	0
3472	0
3473	0
3474	0
3475	0
3476	0
3477	0
3478	0
3479	0
3480	0
3481	0
3482	0
3483	1
3484	1
3485	1
3486	1
3487	0
3488	0
3489	0
3490	0
3491	0
3492	0
3493	1
3494	1
3495	1
3496	1
3497	1
3498	1
3499	1
3500	1
3501	1
3502	1
3503	1
3504	1
3505	1
3506	2
3507	2
3508	1
3509	1
3510	1
3511	1
3512	0
3513	0
3514	0
3515	0
3516	0
3517	0
3518	0
3519	0
3520	0
3521	1
3522	1
3523	1
3524	1
3525	1
3526	1
3527	1
3528	1
3529	1
3530	1
3531	1
3532	1
3533	2
3534	2
3535	2
3536	2
3537	2
3538	2
3539	2
3540	1
3541	2
3542	2
3543	2
3544	2
3545	1
3546	2
3547	2
3548	2
3549	1
3550	1
3551	2
3552	2
3553	2
3554	1
3555	1
3556	1
3557	1
3558	1
3559	1
3560	1
3561	2
3562	2
3563	1
3564	1
3565	1
3566	1
3567	1
3568	1
3569	1
3570	2
3571	2
3572	2
3573	2
3574	2
3575	1
3576	0
3577	0
3578	0
3579	0
3580	0
3581	0
3582	0
3583	0
3584	0
3585	0
3586	0
3587	0
3588	0
3589	0
3590	0
3591	0
3592	0
3593	0
3594	0
3595	0
3596	0
3597	0
3598	0
3599	1
3600	1
3601	1
3602	1
3603	1
3604	1
3605	1
3606	0
3607	0
3608	0
3609	0
3610	0
3611	0
3612	0
3613	0
3614	0
3615	0
3616	0
3617	0
3618	0
3619	0
3620	0
3621	1
3622	1
3623	1
3624	1
3625	1
3626	1
3627	1
3628	1
3629	0
3630	0
3631	0
3632	0
3633	0
3634	0
3635	0
3636	0
3637	1
3638	1
3639	1
3640	1
3641	1
3642	1
3643	1
3644	1
3645	1
3646	1
3647	1
3648	1
3649	1
3650	2
3651	3
3652	3
3653	3
3654	3
3655	2
3656	2
3657	2
3658	2
3659	2
3660	2
3661	3
3662	3
3663	3
3664	3
3665	3
3666	3
3667	3
3668	3
3669	3
3670	3
3671	3
3672	3
3673	3
3674	3
3675	3
3676	3
3677	3
3678	3
3679	2
3680	3
3681	4
3682	4
3683	4
3684	4
3685	3
3686	3
3687	3
3688	3
3689	3
3690	3
3691	3
3692	3
3693	3
3694	3
3695	3
3696	3
3697	3
3698	2
3699	2
3700	2
3701	2
3702	2
3703	2
3704	2
3705	1
3706	1
3707	1
3708	2
3709	2
3710	4
3711	3
3712	3
3713	3
3714	2
3715	2
3716	2
3717	1
3718	1
3719	1
3720	1
3721	1
3722	1
3723	1
3724	1
3725	1
3726	1
3727	0
3728	0
3729	0
3730	0
3731	0
3732	0
3733	1
3734	1
3735	1
3736	1
3737	2
3738	2
3739	1
3740	1
3741	1
3742	1
3743	1
3744	1
3745	1
3746	0
3747	0
3748	0
3749	0
3750	0
3751	0
3752	0
3753	0
3754	0
3755	0
3756	0
3757	0
3758	0
3759	0
3760	1
3761	1
3762	1
3763	1
3764	1
3765	1
3766	1
3767	1
3768	1
3769	1
3770	1
3771	2
3772	2
3773	2
3774	2
3775	2
3776	2
3777	1
3778	1
3779	1
3780	1
3781	1
3782	1
3783	0
3784	0
3785	0
3786	1
3787	1
3788	1
3789	1
3790	1
3791	1
3792	2
3793	3
3794	2
3795	1
3796	1
3797	1
3798	1
3799	1
3800	1
3801	1
3802	1
3803	1
3804	2
3805	2
3806	2
3807	2
3808	2
3809	1
3810	2
3811	2
3812	1
3813	0
3814	0
3815	0
3816	0
3817	0
3818	0
3819	1
3820	1
3821	1
3822	1
3823	1
3824	1
3825	1
3826	1
3827	1
3828	1
3829	1
3830	1
3831	1
3832	1
3833	1
3834	1
3835	2
3836	2
3837	2
3838	2
3839	3
3840	3
3841	2
3842	2
3843	2
3844	1
3845	1
3846	1
3847	1
3848	1
3849	1
3850	2
3851	2
3852	3
3853	3
3854	3
3855	3
3856	3
3857	3
3858	3
3859	3
3860	3
3861	3
3862	3
3863	3
3864	3
3865	3
3866	3
3867	3
3868	3
3869	3
3870	3
3871	3
3872	3
3873	3
3874	3
3875	3
3876	3
3877	2
3878	2
3879	2
3880	2
3881	2
3882	2
3883	2
3884	2
3885	2
3886	2
3887	2
3888	2
3889	2
3890	2
3891	1
3892	0
3893	0
3894	0
3895	0
3896	0
3897	0
3898	0
3899	0
3900	0
3901	0
3902	0
3903	0
3904	0
3905	0
3906	1
3907	2
3908	2
3909	2
3910	3
3911	2
3912	2
3913	2
3914	2
3915	2
3916	2
3917	2
3918	2
3919	2
3920	2
3921	1
3922	1
3923	1
3924	0
3925	0
3926	0
3927	0
3928	0
3929	0
3930	0
3931	0
3932	0
3933	0
3934	0
3935	0
3936	0
3937	0
3938	0
3939	0
3940	0
3941	0
3942	0
3943	1
3944	1
3945	1
3946	1
3947	1
3948	1
3949	1
3950	2
3951	2
3952	1
3953	1
3954	1
3955	1
3956	1
3957	1
3958	1
3959	1
3960	1
3961	1
3962	1
3963	1
3964	1
3965	1
3966	0
3967	0
3968	0
3969	0
3970	0
3971	0
3972	0
3973	0
3974	0
3975	0
3976	0
3977	0
3978	0
3979	0
3980	0
3981	1
3982	1
3983	1
3984	1
3985	0
3986	0
3987	0
3988	0
3989	0
3990	1
3991	1
3992	1
3993	0
3994	1
3995	1
3996	2
3997	2
3998	2
3999	2
4000	2
4001	2
