0	1
1	1
2	1
3	1
4	1
5	1
6	1
7	1
8	1
9	1
10	1
11	1
12	1
13	1
14	1
15	1
16	1
17	1
18	1
19	1
20	1
21	1
22	0
23	0
24	0
25	0
26	0
27	1
28	1
29	1
30	1
31	0
32	0
33	0
34	0
35	0
36	0
37	0
38	0
39	0
40	0
41	0
42	0
43	0
44	0
45	1
46	1
47	1
48	0
49	0
50	0
51	0
52	0
53	0
54	0
55	0
56	0
57	0
58	0
59	0
60	0
61	0
62	0
63	0
64	0
65	0
66	0
67	0
68	0
69	0
70	0
71	0
72	0
73	0
74	1
75	1
76	1
77	1
78	1
79	1
80	1
81	1
82	1
83	1
84	1
85	1
86	1
87	1
88	1
89	1
90	1
91	1
92	1
93	1
94	2
95	2
96	2
97	2
98	2
99	1
100	1
101	1
102	1
103	2
104	2
105	2
106	2
107	2
108	1
109	2
110	2
111	2
112	2
113	2
114	2
115	2
116	2
117	2
118	2
119	2
120	2
121	2
122	2
123	2
124	2
125	2
126	2
127	2
128	2
129	2
130	2
131	2
132	2
133	2
134	2
135	2
136	2
137	2
138	0
139	1
140	1
141	1
142	1
143	1
144	1
145	1
146	1
147	1
148	2
149	3
150	3
151	3
152	3
153	2
154	2
155	1
156	1
157	1
158	1
159	1
160	1
161	1
162	0
163	0
164	0
165	0
166	0
167	0
168	1
169	1
170	1
171	1
172	1
173	1
174	1
175	1
176	1
177	1
178	1
179	1
180	1
181	1
182	1
183	1
184	1
185	1
186	1
187	1
188	0
189	0
190	0
191	0
192	0
193	0
194	0
195	0
196	0
197	0
198	0
199	0
200	0
201	0
202	0
203	0
204	0
205	0
206	0
207	0
208	0
209	0
210	0
211	0
212	0
213	0
214	0
215	1
216	2
217	2
218	2
219	1
220	1
221	1
222	1
223	1
224	1
225	1
226	1
227	1
228	1
229	0
230	0
231	0
232	0
233	0
234	0
235	0
236	0
237	0
238	0
239	0
240	0
241	0
242	0
243	0
244	0
245	0
246	0
247	0
248	0
249	0
250	1
251	1
252	1
253	1
254	1
255	1
256	1
257	1
258	1
259	1
260	1
261	1
262	1
263	1
264	1
265	1
266	1
267	1
268	1
269	1
270	2
271	2
272	2
273	2
274	2
275	2
276	2
277	2
278	2
279	2
280	2
281	3
282	3
283	2
284	2
285	2
286	2
287	2
288	2
289	2
290	2
291	2
292	2
293	2
294	2
295	2
296	2
297	2
298	2
299	2
300	2
301	2
302	2
303	2
304	3
305	3
306	3
307	3
308	3
309	3
310	3
311	3
312	3
313	3
314	3
315	3
316	3
317	3
318	3
319	3
320	3
321	3
322	3
323	4
324	4
325	4
326	4
327	3
328	2
329	2
330	2
331	1
332	2
333	2
334	2
335	2
336	2
337	2
338	3
339	3
340	3
341	3
342	2
343	2
344	2
345	2
346	2
347	2
348	2
349	2
350	3
351	3
352	3
353	3
354	2
355	2
356	2
357	2
358	2
359	2
360	2
361	2
362	2
363	2
364	3
365	3
366	3
367	3
368	3
369	3
370	2
371	2
372	2
373	2
374	2
375	2
376	2
377	2
378	2
379	3
380	3
381	3
382	3
383	3
384	3
385	3
386	3
387	3
388	3
389	3
390	3
391	3
392	3
393	3
394	3
395	3
396	3
397	3
398	3
399	3
400	3
401	3
402	3
403	2
404	2
405	2
406	2
407	2
408	2
409	2
410	2
411	2
412	2
413	2
414	2
415	2
416	2
417	2
418	2
419	2
420	2
421	2
422	2
423	2
424	3
425	3
426	3
427	2
428	2
429	2
430	2
431	2
432	2
433	2
434	2
435	2
436	2
437	2
438	2
439	2
440	2
441	2
442	2
443	2
444	2
445	2
446	2
447	2
448	2
449	2
450	2
451	2
452	2
453	2
454	2
455	2
456	2
457	2
458	2
459	2
460	2
461	2
462	2
463	2
464	2
465	2
466	2
467	2
468	2
469	2
470	2
471	2
472	2
473	1
474	1
475	1
476	1
477	1
478	1
479	1
480	1
481	1
482	1
483	1
484	1
485	1
486	1
487	1
488	1
489	1
490	1
491	1
492	1
493	1
494	1
495	1
496	1
497	1
498	1
499	1
500	1
501	1
502	2
503	2
504	2
505	2
506	2
507	2
508	2
509	2
510	2
511	1
512	1
513	1
514	1
515	0
516	1
517	2
518	2
519	1
520	1
521	1
522	0
523	0
524	0
525	0
526	0
527	0
528	0
529	0
530	0
531	0
532	1
533	2
534	3
535	3
536	3
537	3
538	3
539	3
540	3
541	3
542	3
543	3
544	3
545	3
546	3
547	3
548	3
549	3
550	2
551	2
552	2
553	2
554	2
555	2
556	2
557	2
558	2
559	2
560	2
561	2
562	2
563	2
564	3
565	3
566	3
567	3
568	3
569	3
570	3
571	3
572	3
573	3
574	3
575	3
576	3
577	3
578	3
579	3
580	3
581	3
582	3
583	3
584	3
585	3
586	3
587	3
588	3
589	3
590	3
591	3
592	3
593	3
594	3
595	3
596	3
597	3
598	3
599	3
600	3
601	3
602	3
603	3
604	3
605	3
606	3
607	3
608	3
609	3
610	3
611	3
612	3
613	3
614	3
615	3
616	3
617	2
618	2
619	2
620	2
621	2
622	2
623	2
624	2
625	2
626	2
627	2
628	2
629	2
630	2
631	2
632	2
633	2
634	2
635	2
636	2
637	2
638	2
639	2
640	1
641	1
642	1
643	0
644	0
645	0
646	0
647	0
648	0
649	0
650	0
651	0
652	0
653	1
654	2
655	2
656	2
657	0
658	0
659	0
660	0
661	1
662	1
663	0
664	0
665	0
666	0
667	0
668	0
669	0
670	0
671	0
672	0
673	0
674	0
675	0
676	0
677	0
678	0
679	0
680	0
681	0
682	0
683	0
684	0
685	0
686	1
687	1
688	0
689	0
690	0
691	0
692	0
693	0
694	0
695	0
696	0
697	0
698	0
699	0
700	0
701	0
702	0
703	0
704	0
705	0
706	0
707	1
708	1
709	1
710	1
711	1
712	1
713	0
714	0
715	0
716	0
717	0
718	0
719	0
720	0
721	1
722	1
723	1
724	0
725	0
726	1
727	1
728	1
729	1
730	0
731	0
732	0
733	0
734	0
735	0
736	0
737	0
738	0
739	0
740	0
741	0
742	0
743	0
744	0
745	0
746	0
747	1
748	1
749	1
750	2
751	3
752	3
753	2
754	2
755	2
756	2
757	2
758	2
759	1
760	1
761	1
762	1
763	1
764	1
765	1
766	1
767	1
768	1
769	1
770	1
771	1
772	1
773	1
774	1
775	1
776	1
777	1
778	2
779	2
780	2
781	2
782	2
783	2
784	2
785	2
786	2
787	2
788	2
789	2
790	2
791	2
792	2
793	2
794	2
795	2
796	2
797	2
798	2
799	2
800	2
801	2
802	2
803	2
804	2
805	2
806	3
807	3
808	3
809	3
810	3
811	3
812	3
813	3
814	3
815	3
816	3
817	3
818	3
819	3
820	3
821	3
822	3
823	3
824	3
825	3
826	3
827	3
828	3
829	3
830	3
831	3
832	3
833	3
834	3
835	3
836	3
837	3
838	3
839	3
840	3
841	3
842	3
843	3
844	3
845	3
846	3
847	3
848	3
849	3
850	3
851	3
852	3
853	3
854	3
855	3
856	3
857	3
858	3
859	2
860	2
861	2
862	2
863	2
864	1
865	1
866	0
867	0
868	0
869	0
870	0
871	0
872	0
873	0
874	0
875	0
876	0
877	0
878	0
879	0
880	0
881	0
882	0
883	0
884	0
885	0
886	0
887	1
888	1
889	1
890	1
891	1
892	1
893	1
894	1
895	1
896	1
897	1
898	1
899	1
900	0
901	0
902	0
903	0
904	0
905	0
906	0
907	0
908	0
909	0
910	0
911	0
912	0
913	0
914	0
915	0
916	0
917	0
918	0
919	0
920	0
921	0
922	0
923	0
924	0
925	0
926	0
927	0
928	0
929	0
930	0
931	0
932	0
933	0
934	0
935	0
936	0
937	0
938	0
939	0
940	0
941	0
942	0
943	0
944	1
945	2
946	2
947	2
948	2
949	1
950	2
951	2
952	2
953	2
954	2
955	2
956	2
957	2
958	2
959	3
960	3
961	3
962	2
963	2
964	2
965	2
966	2
967	3
968	3
969	3
970	3
971	2
972	2
973	2
974	2
975	2
976	2
977	2
978	2
979	2
980	2
981	2
982	2
983	2
984	2
985	2
986	2
987	3
988	3
989	3
990	3
991	3
992	3
993	3
994	3
995	3
996	3
997	3
998	3
999	3
1000	3
1001	3
1002	3
1003	3
1004	3
1005	2
1006	2
1007	2
1008	2
1009	2
1010	2
1011	2
1012	2
1013	2
1014	2
1015	2
1016	2
1017	2
1018	2
1019	2
1020	2
1021	2
1022	2
1023	2
1024	2
1025	2
1026	3
1027	3
1028	3
1029	2
1030	2
1031	2
1032	2
1033	2
1034	2
1035	2
1036	2
1037	2
1038	2
1039	2
1040	2
1041	2
1042	2
1043	2
1044	2
1045	2
1046	2
1047	2
1048	3
1049	4
1050	4
1051	3
1052	3
1053	3
1054	3
1055	2
1056	2
1057	2
1058	2
1059	2
1060	2
1061	2
1062	2
1063	3
1064	3
1065	3
1066	3
1067	3
1068	3
1069	3
1070	3
1071	3
1072	3
1073	2
1074	2
1075	3
1076	3
1077	3
1078	3
1079	3
1080	3
1081	3
1082	3
1083	3
1084	3
1085	3
1086	3
1087	3
1088	2
1089	2
1090	2
1091	2
1092	2
1093	2
1094	2
1095	2
1096	2
1097	2
1098	1
1099	2
1100	2
1101	2
1102	2
1103	2
1104	3
1105	3
1106	3
1107	4
1108	3
1109	3
1110	3
1111	3
1112	2
1113	2
1114	3
1115	3
1116	2
1117	2
1118	1
1119	1
1120	1
1121	1
1122	1
1123	2
1124	2
1125	1
1126	1
1127	1
1128	1
1129	1
1130	1
1131	1
1132	1
1133	1
1134	1
1135	1
1136	0
1137	0
1138	0
1139	0
1140	0
1141	0
1142	0
1143	0
1144	0
1145	0
1146	0
1147	0
1148	0
1149	0
1150	0
1151	0
1152	0
1153	0
1154	0
1155	0
1156	0
1157	0
1158	1
1159	1
1160	1
1161	1
1162	1
1163	1
1164	0
1165	0
1166	0
1167	0
1168	0
1169	0
1170	0
1171	0
1172	0
1173	0
1174	0
1175	0
1176	0
1177	0
1178	0
1179	0
1180	0
1181	0
1182	0
1183	0
1184	0
1185	0
1186	0
1187	0
1188	0
1189	0
1190	0
1191	1
1192	1
1193	1
1194	1
1195	1
1196	1
1197	1
1198	1
1199	1
1200	1
1201	1
1202	1
1203	1
1204	1
1205	1
1206	1
1207	1
1208	1
1209	1
1210	1
1211	1
1212	1
1213	1
1214	1
1215	1
1216	1
1217	1
1218	1
1219	1
1220	1
1221	2
1222	2
1223	2
1224	2
1225	2
1226	2
1227	2
1228	2
1229	1
1230	1
1231	0
1232	0
1233	0
1234	0
1235	0
1236	0
1237	0
1238	0
1239	0
1240	0
1241	0
1242	0
1243	0
1244	1
1245	1
1246	2
1247	2
1248	2
1249	1
1250	1
1251	1
1252	1
1253	1
1254	1
1255	1
1256	1
1257	1
1258	1
1259	1
1260	1
1261	2
1262	2
1263	2
1264	2
1265	2
1266	2
1267	1
1268	1
1269	1
1270	1
1271	1
1272	1
1273	1
1274	1
1275	1
1276	1
1277	1
1278	2
1279	2
1280	2
1281	2
1282	2
1283	1
1284	1
1285	1
1286	1
1287	1
1288	2
1289	2
1290	2
1291	2
1292	3
1293	3
1294	3
1295	3
1296	3
1297	3
1298	3
1299	3
1300	3
1301	3
1302	3
1303	3
1304	3
1305	3
1306	3
1307	3
1308	4
1309	4
1310	4
1311	4
1312	4
1313	4
1314	4
1315	4
1316	4
1317	4
1318	4
1319	3
1320	3
1321	3
1322	3
1323	3
1324	3
1325	3
1326	3
1327	3
1328	3
1329	3
1330	3
1331	3
1332	3
1333	3
1334	3
1335	3
1336	3
1337	3
1338	3
1339	3
1340	3
1341	3
1342	3
1343	3
1344	3
1345	3
1346	3
1347	3
1348	3
1349	3
1350	3
1351	3
1352	3
1353	3
1354	3
1355	3
1356	2
1357	2
1358	2
1359	2
1360	2
1361	2
1362	2
1363	2
1364	2
1365	2
1366	1
1367	1
1368	1
1369	1
1370	1
1371	1
1372	1
1373	1
1374	1
1375	1
1376	1
1377	1
1378	1
1379	1
1380	1
1381	1
1382	1
1383	1
1384	1
1385	1
1386	1
1387	1
1388	1
1389	1
1390	1
1391	1
1392	1
1393	0
1394	0
1395	0
1396	1
1397	1
1398	1
1399	1
1400	0
1401	0
1402	0
1403	0
1404	0
1405	0
1406	0
1407	0
1408	0
1409	0
1410	0
1411	0
1412	0
1413	0
1414	0
1415	0
1416	0
1417	0
1418	0
1419	0
1420	0
1421	0
1422	0
1423	0
1424	0
1425	0
1426	0
1427	0
1428	0
1429	0
1430	0
1431	0
1432	0
1433	0
1434	0
1435	0
1436	0
1437	0
1438	0
1439	0
1440	0
1441	0
1442	0
1443	0
1444	0
1445	0
1446	0
1447	0
1448	0
1449	0
1450	0
1451	0
1452	0
1453	0
1454	0
1455	0
1456	0
1457	0
1458	0
1459	0
1460	0
1461	0
1462	0
1463	0
1464	0
1465	0
1466	0
1467	0
1468	0
1469	0
1470	0
1471	0
1472	0
1473	0
1474	0
1475	0
1476	0
1477	0
1478	0
1479	0
1480	0
1481	0
1482	0
1483	0
1484	0
1485	0
1486	0
1487	0
1488	0
1489	0
1490	0
1491	0
1492	0
1493	0
1494	0
1495	1
1496	1
1497	1
1498	1
1499	1
1500	0
1501	1
1502	1
1503	1
1504	1
1505	1
1506	1
1507	1
1508	1
1509	1
1510	1
1511	1
1512	1
1513	1
1514	1
1515	1
1516	1
1517	1
1518	1
1519	1
1520	1
1521	1
1522	1
1523	1
1524	1
1525	1
1526	1
1527	1
1528	1
1529	2
1530	2
1531	3
1532	3
1533	3
1534	3
1535	3
1536	3
1537	2
1538	2
1539	2
1540	2
1541	2
1542	2
1543	2
1544	2
1545	2
1546	2
1547	2
1548	2
1549	2
1550	2
1551	2
1552	2
1553	2
1554	1
1555	2
1556	2
1557	2
1558	2
1559	2
1560	2
1561	2
1562	2
1563	2
1564	2
1565	2
1566	2
1567	2
1568	2
1569	2
1570	2
1571	2
1572	2
1573	2
1574	2
1575	2
1576	2
1577	2
1578	2
1579	2
1580	2
1581	1
1582	1
1583	1
1584	1
1585	1
1586	1
1587	1
1588	1
1589	1
1590	1
1591	1
1592	1
1593	0
1594	0
1595	0
1596	0
1597	0
1598	0
1599	0
1600	0
1601	0
1602	0
1603	0
1604	0
1605	0
1606	0
1607	0
1608	0
1609	0
1610	0
1611	1
1612	1
1613	1
1614	1
1615	0
1616	0
1617	0
1618	0
1619	0
1620	0
1621	0
1622	0
1623	0
1624	0
1625	0
1626	0
1627	0
1628	1
1629	1
1630	1
1631	1
1632	1
1633	1
1634	1
1635	0
1636	0
1637	1
1638	1
1639	1
1640	1
1641	1
1642	1
1643	1
1644	1
1645	1
1646	1
1647	1
1648	1
1649	1
1650	1
1651	1
1652	2
1653	2
1654	2
1655	2
1656	2
1657	2
1658	2
1659	2
1660	2
1661	2
1662	2
1663	2
1664	2
1665	2
1666	3
1667	3
1668	3
1669	3
1670	3
1671	2
1672	2
1673	2
1674	2
1675	2
1676	2
1677	3
1678	3
1679	3
1680	3
1681	3
1682	3
1683	3
1684	3
1685	3
1686	4
1687	4
1688	4
1689	4
1690	4
1691	4
1692	4
1693	4
1694	4
1695	3
1696	4
1697	4
1698	5
1699	5
1700	5
1701	3
1702	4
1703	4
1704	4
1705	4
1706	4
1707	4
1708	4
1709	4
1710	4
1711	4
1712	5
1713	5
1714	5
1715	5
1716	5
1717	5
1718	5
1719	4
1720	4
1721	4
1722	4
1723	4
1724	4
1725	4
1726	4
1727	4
1728	5
1729	5
1730	4
1731	4
1732	3
1733	3
1734	4
1735	5
1736	5
1737	5
1738	5
1739	5
1740	5
1741	5
1742	5
1743	4
1744	4
1745	3
1746	4
1747	4
1748	4
1749	4
1750	3
1751	3
1752	4
1753	4
1754	4
1755	4
1756	4
1757	3
1758	4
1759	4
1760	4
1761	4
1762	4
1763	4
1764	4
1765	3
1766	3
1767	3
1768	3
1769	3
1770	3
1771	2
1772	2
1773	2
1774	2
1775	2
1776	2
1777	1
1778	1
1779	1
1780	1
1781	1
1782	1
1783	1
1784	1
1785	1
1786	1
1787	0
1788	0
1789	0
1790	1
1791	1
1792	1
1793	1
1794	1
1795	1
1796	1
1797	1
1798	1
1799	2
1800	2
1801	2
1802	2
1803	2
1804	2
1805	2
1806	2
1807	2
1808	2
1809	2
1810	2
1811	2
1812	3
1813	3
1814	3
1815	3
1816	3
1817	2
1818	2
1819	1
1820	2
1821	2
1822	3
1823	3
1824	3
1825	3
1826	2
1827	2
1828	2
1829	2
1830	2
1831	3
1832	2
1833	2
1834	2
1835	2
1836	2
1837	2
1838	2
1839	2
1840	2
1841	2
1842	2
1843	2
1844	3
1845	3
1846	3
1847	3
1848	3
1849	3
1850	3
1851	3
1852	3
1853	3
1854	3
1855	3
1856	2
1857	2
1858	2
1859	2
1860	2
1861	2
1862	2
1863	2
1864	2
1865	2
1866	2
1867	2
1868	2
1869	2
1870	2
1871	2
1872	2
1873	2
1874	1
1875	1
1876	1
1877	1
1878	1
1879	1
1880	1
1881	1
1882	1
1883	1
1884	2
1885	2
1886	2
1887	2
1888	2
1889	1
1890	1
1891	1
1892	1
1893	1
1894	1
1895	1
1896	1
1897	1
1898	1
1899	1
1900	1
1901	1
1902	1
1903	1
1904	1
1905	1
1906	1
1907	1
1908	1
1909	1
1910	1
1911	1
1912	1
1913	1
1914	1
1915	1
1916	1
1917	1
1918	1
1919	0
1920	0
1921	0
1922	0
1923	0
1924	0
1925	0
1926	1
1927	1
1928	1
1929	1
1930	1
1931	1
1932	1
1933	1
1934	1
1935	1
1936	1
1937	1
1938	1
1939	1
1940	1
1941	1
1942	1
1943	1
1944	1
1945	1
1946	1
1947	1
1948	1
1949	1
1950	1
1951	1
1952	1
1953	1
1954	1
1955	1
1956	1
1957	1
1958	1
1959	0
1960	0
1961	0
1962	0
1963	0
1964	0
1965	0
1966	0
1967	0
1968	0
1969	0
1970	0
1971	0
1972	0
1973	0
1974	0
1975	0
1976	0
1977	0
1978	0
1979	1
1980	1
1981	1
1982	1
1983	1
1984	1
1985	1
1986	1
1987	1
1988	1
1989	1
1990	1
1991	1
1992	1
1993	1
1994	2
1995	2
1996	3
1997	3
1998	2
1999	2
2000	2
2001	2
2002	2
2003	2
2004	2
2005	2
2006	2
2007	1
2008	1
2009	1
2010	1
2011	1
2012	1
2013	1
2014	1
2015	1
2016	1
2017	1
2018	1
2019	1
2020	1
2021	1
2022	1
2023	1
2024	1
2025	1
2026	1
2027	1
2028	1
2029	1
2030	1
2031	1
2032	1
2033	1
2034	1
2035	1
2036	1
2037	1
2038	1
2039	1
2040	1
2041	1
2042	0
2043	0
2044	0
2045	0
2046	1
2047	1
2048	2
2049	2
2050	3
2051	3
2052	3
2053	3
2054	2
2055	1
2056	2
2057	2
2058	2
2059	2
2060	1
2061	1
2062	1
2063	1
2064	1
2065	1
2066	1
2067	1
2068	1
2069	1
2070	0
2071	0
2072	0
2073	0
2074	0
2075	1
2076	1
2077	1
2078	1
2079	1
2080	1
2081	1
2082	1
2083	1
2084	2
2085	2
2086	2
2087	2
2088	2
2089	1
2090	1
2091	1
2092	1
2093	1
2094	1
2095	1
2096	1
2097	1
2098	1
2099	1
2100	1
2101	1
2102	1
2103	1
2104	1
2105	1
2106	1
2107	1
2108	2
2109	2
2110	2
2111	2
2112	2
2113	2
2114	2
2115	2
2116	1
2117	1
2118	2
2119	2
2120	2
2121	2
2122	2
2123	2
2124	2
2125	2
2126	2
2127	2
2128	2
2129	2
2130	2
2131	2
2132	2
2133	2
2134	3
2135	3
2136	3
2137	3
2138	3
2139	2
2140	2
2141	2
2142	2
2143	2
2144	2
2145	2
2146	3
2147	3
2148	3
2149	3
2150	3
2151	3
2152	4
2153	4
2154	4
2155	4
2156	4
2157	3
2158	2
2159	2
2160	3
2161	3
2162	3
2163	3
2164	3
2165	3
2166	3
2167	2
2168	2
2169	2
2170	2
2171	2
2172	2
2173	2
2174	2
2175	2
2176	1
2177	2
2178	2
2179	2
2180	2
2181	2
2182	2
2183	2
2184	2
2185	2
2186	2
2187	2
2188	3
2189	3
2190	2
2191	2
2192	2
2193	2
2194	2
2195	2
2196	2
2197	2
2198	2
2199	2
2200	2
2201	2
2202	2
2203	2
2204	2
2205	2
2206	2
2207	1
2208	1
2209	1
2210	1
2211	1
2212	1
2213	1
2214	1
2215	1
2216	1
2217	1
2218	1
2219	1
2220	1
2221	1
2222	1
2223	1
2224	2
2225	1
2226	2
2227	2
2228	2
2229	2
2230	1
2231	2
2232	2
2233	2
2234	2
2235	2
2236	2
2237	2
2238	2
2239	2
2240	2
2241	2
2242	2
2243	2
2244	1
2245	1
2246	1
2247	1
2248	1
2249	1
2250	1
2251	2
2252	2
2253	1
2254	1
2255	0
2256	1
2257	1
2258	2
2259	2
2260	2
2261	2
2262	2
2263	2
2264	2
2265	2
2266	2
2267	2
2268	2
2269	2
2270	2
2271	2
2272	2
2273	2
2274	1
2275	1
2276	1
2277	1
2278	1
2279	1
2280	2
2281	2
2282	2
2283	2
2284	2
2285	2
2286	2
2287	2
2288	3
2289	3
2290	3
2291	3
2292	3
2293	3
2294	3
2295	3
2296	3
2297	3
2298	3
2299	3
2300	3
2301	4
2302	4
2303	4
2304	4
2305	3
2306	3
2307	3
2308	3
2309	3
2310	3
2311	2
2312	2
2313	2
2314	2
2315	2
2316	1
2317	1
2318	1
2319	1
2320	1
2321	1
2322	2
2323	2
2324	2
2325	2
2326	2
2327	2
2328	3
2329	3
2330	3
2331	3
2332	3
2333	3
2334	3
2335	4
2336	4
2337	4
2338	4
2339	4
2340	4
2341	4
2342	4
2343	4
2344	4
2345	4
2346	4
2347	4
2348	3
2349	3
2350	3
2351	2
2352	2
2353	2
2354	2
2355	2
2356	2
2357	2
2358	2
2359	2
2360	1
2361	1
2362	1
2363	1
2364	1
2365	1
2366	1
2367	1
2368	1
2369	1
2370	1
2371	1
2372	1
2373	1
2374	1
2375	1
2376	1
2377	1
2378	1
2379	1
2380	1
2381	1
2382	1
2383	1
2384	1
2385	1
2386	1
2387	1
2388	1
2389	0
2390	0
2391	0
2392	0
2393	0
2394	1
2395	1
2396	1
2397	2
2398	2
2399	2
2400	1
2401	1
2402	1
2403	1
2404	1
2405	2
2406	2
2407	1
2408	1
2409	1
2410	1
2411	1
2412	1
2413	1
2414	1
2415	1
2416	1
2417	1
2418	1
2419	1
2420	2
2421	2
2422	2
2423	2
2424	2
2425	2
2426	2
2427	2
2428	2
2429	3
2430	3
2431	2
2432	2
2433	2
2434	2
2435	2
2436	2
2437	2
2438	2
2439	2
2440	2
2441	2
2442	2
2443	2
2444	2
2445	2
2446	2
2447	2
2448	2
2449	2
2450	2
2451	2
2452	2
2453	2
2454	2
2455	2
2456	1
2457	1
2458	1
2459	1
2460	1
2461	1
2462	1
2463	1
2464	1
2465	1
2466	1
2467	1
2468	1
2469	2
2470	1
2471	1
2472	1
2473	1
2474	1
2475	1
2476	1
2477	1
2478	1
2479	1
2480	1
2481	1
2482	1
2483	1
2484	1
2485	1
2486	1
2487	1
2488	1
2489	1
2490	1
2491	1
2492	1
2493	0
2494	0
2495	0
2496	0
2497	0
2498	0
2499	0
2500	0
2501	0
2502	0
2503	0
2504	0
2505	0
2506	0
2507	0
2508	0
2509	0
2510	0
2511	0
2512	0
2513	0
2514	0
2515	0
2516	0
2517	0
2518	0
2519	0
2520	0
2521	0
2522	1
2523	1
2524	1
2525	1
2526	2
2527	2
2528	1
2529	1
2530	1
2531	1
2532	1
2533	1
2534	1
2535	1
2536	1
2537	1
2538	1
2539	1
2540	1
2541	1
2542	1
2543	0
2544	0
2545	0
2546	0
2547	0
2548	0
2549	0
2550	0
2551	0
2552	0
2553	0
2554	0
2555	0
2556	0
2557	0
2558	0
2559	0
2560	0
2561	0
2562	0
2563	0
2564	0
2565	0
2566	0
2567	0
2568	0
2569	0
2570	0
2571	0
2572	0
2573	0
2574	1
2575	1
2576	1
2577	1
2578	1
2579	1
2580	1
2581	1
2582	1
2583	1
2584	1
2585	1
2586	1
2587	1
2588	1
2589	1
2590	1
2591	1
2592	1
2593	1
2594	0
2595	0
2596	0
2597	0
2598	0
2599	0
2600	0
2601	0
2602	0
2603	0
2604	0
2605	0
2606	0
2607	0
2608	0
2609	0
2610	0
2611	1
2612	1
2613	1
2614	2
2615	1
2616	1
2617	2
2618	2
2619	2
2620	2
2621	2
2622	2
2623	2
2624	2
2625	2
2626	2
2627	2
2628	2
2629	2
2630	2
2631	2
2632	2
2633	2
2634	2
2635	2
2636	2
2637	2
2638	1
2639	1
2640	1
2641	2
2642	2
2643	2
2644	2
2645	2
2646	2
2647	1
2648	1
2649	1
2650	1
2651	1
2652	1
2653	2
2654	2
2655	2
2656	2
2657	3
2658	3
2659	3
2660	3
2661	3
2662	3
2663	3
2664	2
2665	2
2666	2
2667	2
2668	1
2669	1
2670	2
2671	2
2672	2
2673	2
2674	2
2675	2
2676	1
2677	0
2678	0
2679	0
2680	0
2681	0
2682	0
2683	0
2684	0
2685	0
2686	0
2687	0
2688	0
2689	0
2690	0
2691	0
2692	1
2693	1
2694	1
2695	1
2696	1
2697	1
2698	1
2699	1
2700	1
2701	2
2702	2
2703	2
2704	2
2705	3
2706	2
2707	2
2708	2
2709	1
2710	1
2711	2
2712	2
2713	1
2714	1
2715	1
2716	1
2717	1
2718	1
2719	1
2720	1
2721	1
2722	1
2723	1
2724	1
2725	1
2726	1
2727	1
2728	1
2729	1
2730	1
2731	1
2732	2
2733	2
2734	2
2735	1
2736	1
2737	1
2738	1
2739	1
2740	1
2741	1
2742	1
2743	1
2744	1
2745	1
2746	0
2747	0
2748	0
2749	0
2750	0
2751	0
2752	0
2753	0
2754	0
2755	0
2756	0
2757	0
2758	0
2759	0
2760	0
2761	0
2762	0
2763	0
2764	0
2765	0
2766	0
2767	0
2768	0
2769	0
2770	0
2771	0
2772	0
2773	1
2774	1
2775	1
2776	1
2777	1
2778	1
2779	1
2780	1
2781	1
2782	1
2783	1
2784	1
2785	1
2786	1
2787	1
2788	1
2789	1
2790	1
2791	1
2792	1
2793	1
2794	1
2795	1
2796	1
2797	1
2798	1
2799	1
2800	1
2801	1
2802	1
2803	1
2804	1
2805	1
2806	1
2807	1
2808	1
2809	1
2810	1
2811	1
2812	1
2813	1
2814	1
2815	2
2816	2
2817	2
2818	1
2819	1
2820	1
2821	1
2822	1
2823	1
2824	1
2825	2
2826	3
2827	2
2828	2
2829	2
2830	2
2831	1
2832	1
2833	1
2834	1
2835	1
2836	1
2837	1
2838	1
2839	1
2840	1
2841	1
2842	1
2843	1
2844	1
2845	1
2846	1
2847	1
2848	1
2849	1
2850	1
2851	1
2852	1
2853	1
2854	1
2855	0
2856	1
2857	1
2858	1
2859	1
2860	2
2861	2
2862	2
2863	2
2864	2
2865	2
2866	2
2867	3
2868	3
2869	3
2870	3
2871	2
2872	2
2873	2
2874	2
2875	2
2876	2
2877	2
2878	2
2879	2
2880	1
2881	1
2882	1
2883	1
2884	1
2885	1
2886	1
2887	1
2888	1
2889	1
2890	1
2891	1
2892	2
2893	2
2894	1
2895	1
2896	1
2897	0
2898	0
2899	1
2900	1
2901	1
2902	1
2903	1
2904	1
2905	1
2906	1
2907	1
2908	1
2909	1
2910	1
2911	1
2912	1
2913	1
2914	1
2915	1
2916	1
2917	1
2918	2
2919	2
2920	2
2921	2
2922	2
2923	2
2924	2
2925	2
2926	2
2927	2
2928	3
2929	3
2930	3
2931	2
2932	2
2933	2
2934	2
2935	2
2936	2
2937	2
2938	2
2939	2
2940	2
2941	2
2942	2
2943	2
2944	2
2945	2
2946	2
2947	2
2948	2
2949	2
2950	2
2951	2
2952	2
2953	2
2954	2
2955	2
2956	2
2957	2
2958	2
2959	2
2960	2
2961	2
2962	2
2963	2
2964	2
2965	3
2966	2
2967	1
2968	1
2969	1
2970	1
2971	1
2972	1
2973	1
2974	1
2975	1
2976	1
2977	1
2978	1
2979	1
2980	2
2981	2
2982	1
2983	1
2984	1
2985	1
2986	1
2987	1
2988	1
2989	1
2990	1
2991	1
2992	1
2993	1
2994	1
2995	1
2996	1
2997	1
2998	1
2999	1
3000	1
3001	1
3002	1
3003	1
3004	1
3005	1
3006	1
3007	1
3008	1
3009	1
3010	1
3011	1
3012	1
3013	1
3014	1
3015	1
3016	1
3017	1
3018	1
3019	1
3020	1
3021	1
3022	1
3023	1
3024	0
3025	0
3026	0
3027	0
3028	0
3029	0
3030	0
3031	0
3032	0
3033	0
3034	0
3035	0
3036	0
3037	0
3038	0
3039	0
3040	0
3041	0
3042	0
3043	0
3044	0
3045	0
3046	0
3047	0
3048	1
3049	1
3050	1
3051	1
3052	1
3053	1
3054	1
3055	1
3056	1
3057	1
3058	1
3059	1
3060	1
3061	1
3062	1
3063	1
3064	1
3065	1
3066	1
3067	1
3068	1
3069	1
3070	1
3071	1
3072	1
3073	1
3074	1
3075	1
3076	1
3077	1
3078	1
3079	1
3080	1
3081	1
3082	2
3083	2
3084	2
3085	2
3086	2
3087	2
3088	2
3089	2
3090	2
3091	2
3092	2
3093	2
3094	2
3095	2
3096	2
3097	2
3098	2
3099	2
3100	2
3101	2
3102	2
3103	2
3104	2
3105	2
3106	2
3107	2
3108	2
3109	2
3110	2
3111	2
3112	2
3113	2
3114	2
3115	2
3116	2
3117	2
3118	2
3119	2
3120	2
3121	2
3122	2
3123	2
3124	2
3125	2
3126	2
3127	2
3128	2
3129	3
3130	3
3131	3
3132	2
3133	2
3134	2
3135	2
3136	2
3137	2
3138	2
3139	2
3140	2
3141	2
3142	2
3143	1
3144	1
3145	1
3146	1
3147	1
3148	1
3149	1
3150	1
3151	1
3152	1
3153	1
3154	1
3155	1
3156	1
3157	1
3158	1
3159	1
3160	1
3161	1
3162	1
3163	1
3164	1
3165	1
3166	1
3167	1
3168	2
3169	2
3170	2
3171	2
3172	1
3173	1
3174	0
3175	0
3176	0
3177	0
3178	0
3179	0
3180	0
3181	0
3182	0
3183	0
3184	0
3185	0
3186	0
3187	0
3188	0
3189	0
3190	0
3191	0
3192	0
3193	0
3194	0
3195	0
3196	0
3197	0
3198	0
3199	1
3200	1
3201	1
3202	1
3203	1
3204	1
3205	1
3206	1
3207	1
3208	1
3209	1
3210	2
3211	2
3212	3
3213	3
3214	3
3215	3
3216	3
3217	3
3218	3
3219	3
3220	3
3221	2
3222	2
3223	2
3224	2
3225	2
3226	2
3227	2
3228	2
3229	2
3230	2
3231	2
3232	2
3233	2
3234	2
3235	2
3236	2
3237	2
3238	2
3239	2
3240	2
3241	2
3242	2
3243	2
3244	2
3245	2
3246	2
3247	3
3248	3
3249	3
3250	3
3251	3
3252	3
3253	3
3254	3
3255	4
3256	4
3257	4
3258	4
3259	4
3260	3
3261	3
3262	3
3263	3
3264	3
3265	3
3266	3
3267	3
3268	3
3269	3
3270	4
3271	3
3272	3
3273	3
3274	3
3275	3
3276	2
3277	2
3278	1
3279	1
3280	1
3281	1
3282	1
3283	1
3284	1
3285	1
3286	1
3287	1
3288	2
3289	2
3290	2
3291	2
3292	2
3293	2
3294	2
3295	2
3296	2
3297	2
3298	2
3299	2
3300	2
3301	2
3302	2
3303	2
3304	2
3305	2
3306	2
3307	2
3308	1
3309	1
3310	1
3311	1
3312	1
3313	1
3314	1
3315	1
3316	1
3317	1
3318	1
3319	1
3320	1
3321	1
3322	1
3323	1
3324	1
3325	0
3326	0
3327	0
3328	0
3329	0
3330	0
3331	0
3332	0
3333	0
3334	0
3335	0
3336	0
3337	0
3338	0
3339	0
3340	0
3341	0
3342	0
3343	0
3344	0
3345	0
3346	0
3347	0
3348	0
3349	0
3350	0
3351	0
3352	0
3353	0
3354	0
3355	0
3356	0
3357	0
3358	0
3359	0
3360	0
3361	0
3362	0
3363	0
3364	0
3365	0
3366	0
3367	0
3368	1
3369	1
3370	1
3371	1
3372	1
3373	1
3374	1
3375	1
3376	1
3377	1
3378	1
3379	1
3380	1
3381	1
3382	1
3383	1
3384	1
3385	1
3386	1
3387	1
3388	1
3389	1
3390	1
3391	1
3392	1
3393	1
3394	1
3395	1
3396	1
3397	1
3398	0
3399	1
3400	1
3401	1
3402	1
3403	1
3404	1
3405	1
3406	1
3407	1
3408	1
3409	1
3410	1
3411	2
3412	2
3413	2
3414	2
3415	2
3416	1
3417	1
3418	0
3419	0
3420	0
3421	0
3422	0
3423	0
3424	0
3425	0
3426	0
3427	0
3428	0
3429	0
3430	0
3431	0
3432	0
3433	0
3434	0
3435	0
3436	0
3437	0
3438	0
3439	0
3440	0
3441	0
3442	0
3443	0
3444	0
3445	0
3446	0
3447	0
3448	0
3449	0
3450	0
3451	0
3452	0
3453	1
3454	1
3455	1
3456	1
3457	1
3458	1
3459	2
3460	1
3461	1
3462	0
3463	0
3464	0
3465	0
3466	0
3467	0
3468	0
3469	0
3470	0
3471	1
3472	1
3473	1
3474	1
3475	1
3476	0
3477	0
3478	0
3479	0
3480	0
3481	0
3482	0
3483	0
3484	0
3485	0
3486	0
3487	0
3488	0
3489	0
3490	0
3491	0
3492	0
3493	0
3494	0
3495	0
3496	0
3497	0
3498	0
3499	0
3500	0
3501	0
3502	0
3503	0
3504	0
3505	0
3506	0
3507	0
3508	1
3509	1
3510	1
3511	1
3512	1
3513	1
3514	1
3515	1
3516	1
3517	1
3518	1
3519	1
3520	1
3521	1
3522	1
3523	1
3524	1
3525	1
3526	1
3527	1
3528	1
3529	1
3530	1
3531	1
3532	1
3533	1
3534	1
3535	1
3536	1
3537	1
3538	1
3539	1
3540	2
3541	2
3542	2
3543	3
3544	3
3545	3
3546	2
3547	2
3548	2
3549	2
3550	2
3551	2
3552	2
3553	2
3554	2
3555	2
3556	2
3557	2
3558	2
3559	2
3560	2
3561	2
3562	2
3563	2
3564	2
3565	2
3566	2
3567	2
3568	2
3569	2
3570	2
3571	2
3572	2
3573	2
3574	2
3575	2
3576	2
3577	2
3578	2
3579	3
3580	3
3581	3
3582	3
3583	3
3584	3
3585	3
3586	3
3587	3
3588	3
3589	3
3590	3
3591	3
3592	3
3593	3
3594	3
3595	3
3596	3
3597	3
3598	3
3599	3
3600	2
3601	2
3602	2
3603	2
3604	2
3605	2
3606	2
3607	2
3608	2
3609	2
3610	2
3611	2
3612	2
3613	2
3614	2
3615	2
3616	2
3617	2
3618	2
3619	2
3620	2
3621	2
3622	2
3623	2
3624	2
3625	2
3626	1
3627	1
3628	1
3629	1
3630	1
3631	1
3632	1
3633	2
3634	2
3635	1
3636	1
3637	0
3638	0
3639	0
3640	0
3641	0
3642	0
3643	0
3644	0
3645	0
3646	0
3647	0
3648	0
3649	0
3650	0
3651	0
3652	0
3653	0
3654	0
3655	0
3656	0
3657	1
3658	1
3659	1
3660	1
3661	1
3662	1
3663	1
3664	1
3665	1
3666	1
3667	1
3668	1
3669	1
3670	1
3671	1
3672	1
3673	1
3674	1
3675	1
3676	1
3677	1
3678	1
3679	0
3680	0
3681	0
3682	0
3683	0
3684	0
3685	2
3686	2
3687	2
3688	2
3689	2
3690	1
3691	0
3692	0
3693	0
3694	0
3695	0
3696	0
3697	1
3698	2
3699	2
3700	2
3701	2
3702	2
3703	2
3704	2
3705	2
3706	2
3707	3
3708	3
3709	3
3710	2
3711	2
3712	2
3713	2
3714	2
3715	2
3716	2
3717	2
3718	2
3719	2
3720	2
3721	2
3722	2
3723	2
3724	2
3725	2
3726	2
3727	3
3728	3
3729	3
3730	3
3731	3
3732	3
3733	3
3734	3
3735	3
3736	3
3737	3
3738	3
3739	2
3740	3
3741	4
3742	4
3743	3
3744	3
3745	3
3746	3
3747	3
3748	3
3749	3
3750	3
3751	3
3752	3
3753	3
3754	3
3755	3
3756	3
3757	3
3758	3
3759	3
3760	2
3761	2
3762	2
3763	2
3764	2
3765	2
3766	2
3767	2
3768	2
3769	2
3770	3
3771	3
3772	3
3773	3
3774	3
3775	3
3776	3
3777	3
3778	3
3779	3
3780	2
3781	2
3782	2
3783	2
3784	3
3785	3
3786	3
3787	3
3788	3
3789	3
3790	3
3791	3
3792	3
3793	3
3794	4
3795	4
3796	4
3797	3
3798	3
3799	3
3800	3
3801	3
3802	3
3803	3
3804	3
3805	3
3806	3
3807	3
3808	3
3809	3
3810	3
3811	3
3812	3
3813	4
3814	4
3815	4
3816	4
3817	3
3818	3
3819	3
3820	4
3821	4
3822	4
3823	4
3824	4
3825	4
3826	3
3827	3
3828	3
3829	3
3830	3
3831	3
3832	3
3833	3
3834	3
3835	3
3836	3
3837	3
3838	3
3839	3
3840	3
3841	3
3842	3
3843	4
3844	5
3845	5
3846	5
3847	5
3848	4
3849	4
3850	4
3851	4
3852	4
3853	4
3854	4
3855	4
3856	4
3857	4
3858	4
3859	4
3860	4
3861	4
3862	4
3863	4
3864	4
3865	4
3866	4
3867	4
3868	4
3869	3
3870	3
3871	3
3872	3
3873	3
3874	3
3875	3
3876	3
3877	3
3878	3
3879	3
3880	3
3881	3
3882	2
3883	2
3884	2
3885	2
3886	2
3887	2
3888	2
3889	2
3890	2
3891	2
3892	2
3893	2
3894	2
3895	2
3896	2
3897	2
3898	2
3899	2
3900	2
3901	2
3902	2
3903	2
3904	2
3905	2
3906	2
3907	2
3908	2
3909	2
3910	1
3911	1
3912	1
3913	1
3914	0
3915	0
3916	0
3917	0
3918	0
3919	0
3920	0
3921	0
3922	1
3923	1
3924	1
3925	1
3926	1
3927	1
3928	1
3929	0
3930	0
3931	0
3932	0
3933	0
3934	0
3935	0
3936	0
3937	0
3938	0
3939	1
3940	1
3941	1
3942	1
3943	1
3944	1
3945	1
3946	1
3947	1
3948	1
3949	1
3950	1
3951	1
3952	2
3953	2
3954	2
3955	2
3956	2
3957	2
3958	2
3959	0
3960	0
3961	0
3962	0
3963	0
3964	0
3965	0
3966	0
3967	0
3968	0
3969	0
3970	0
3971	0
3972	0
3973	0
3974	0
3975	1
3976	1
3977	0
3978	0
3979	0
3980	0
3981	0
3982	0
3983	0
3984	0
3985	0
3986	0
3987	0
3988	0
3989	0
3990	0
3991	0
3992	0
3993	0
3994	0
3995	0
3996	0
3997	0
3998	0
3999	0
4000	0
4001	0
