0	2
1	2
2	1
3	1
4	1
5	1
6	1
7	1
8	1
9	1
10	1
11	1
12	1
13	1
14	2
15	2
16	2
17	2
18	2
19	2
20	2
21	3
22	3
23	3
24	3
25	3
26	3
27	3
28	2
29	2
30	3
31	3
32	3
33	3
34	3
35	3
36	3
37	3
38	3
39	3
40	2
41	1
42	1
43	1
44	1
45	1
46	1
47	1
48	1
49	1
50	1
51	1
52	2
53	2
54	2
55	2
56	2
57	2
58	2
59	1
60	1
61	1
62	1
63	1
64	1
65	1
66	1
67	1
68	1
69	1
70	1
71	1
72	1
73	1
74	1
75	1
76	1
77	1
78	1
79	1
80	1
81	1
82	1
83	1
84	1
85	1
86	1
87	1
88	1
89	1
90	1
91	1
92	1
93	1
94	1
95	1
96	1
97	1
98	0
99	0
100	0
101	0
102	0
103	0
104	1
105	1
106	1
107	1
108	1
109	2
110	2
111	2
112	2
113	2
114	2
115	2
116	2
117	2
118	2
119	2
120	2
121	2
122	2
123	2
124	2
125	2
126	3
127	3
128	3
129	2
130	2
131	3
132	2
133	2
134	2
135	2
136	2
137	2
138	2
139	2
140	2
141	2
142	2
143	2
144	2
145	2
146	2
147	3
148	3
149	3
150	3
151	3
152	3
153	3
154	3
155	3
156	2
157	2
158	2
159	3
160	3
161	3
162	3
163	3
164	3
165	3
166	3
167	3
168	3
169	3
170	3
171	4
172	4
173	4
174	3
175	3
176	3
177	3
178	3
179	3
180	3
181	3
182	3
183	3
184	3
185	3
186	3
187	3
188	3
189	3
190	2
191	2
192	2
193	2
194	2
195	2
196	4
197	4
198	4
199	5
200	5
201	5
202	5
203	5
204	6
205	4
206	4
207	3
208	3
209	3
210	3
211	4
212	5
213	5
214	5
215	5
216	5
217	5
218	5
219	5
220	5
221	4
222	4
223	4
224	4
225	3
226	3
227	3
228	3
229	4
230	3
231	3
232	3
233	2
234	2
235	2
236	2
237	2
238	2
239	1
240	1
241	1
242	1
243	1
244	1
245	1
246	3
247	3
248	3
249	2
250	2
251	2
252	1
253	1
254	1
255	1
256	2
257	2
258	2
259	1
260	1
261	1
262	2
263	2
264	2
265	2
266	2
267	2
268	2
269	2
270	1
271	0
272	1
273	1
274	1
275	1
276	2
277	2
278	1
279	1
280	1
281	1
282	0
283	0
284	0
285	0
286	0
287	0
288	0
289	0
290	0
291	0
292	0
293	0
294	0
295	0
296	0
297	0
298	0
299	0
300	0
301	1
302	1
303	1
304	1
305	1
306	1
307	1
308	2
309	2
310	3
311	3
312	3
313	3
314	3
315	3
316	3
317	3
318	2
319	2
320	1
321	2
322	2
323	2
324	2
325	2
326	2
327	1
328	1
329	1
330	1
331	1
332	1
333	1
334	1
335	1
336	1
337	1
338	1
339	1
340	1
341	1
342	1
343	1
344	1
345	2
346	1
347	1
348	1
349	1
350	1
351	1
352	1
353	1
354	1
355	1
356	1
357	1
358	1
359	1
360	1
361	1
362	1
363	1
364	1
365	1
366	0
367	0
368	1
369	1
370	1
371	1
372	1
373	1
374	1
375	1
376	1
377	1
378	1
379	1
380	1
381	1
382	1
383	1
384	2
385	2
386	2
387	2
388	2
389	2
390	2
391	2
392	2
393	2
394	2
395	2
396	2
397	2
398	2
399	2
400	2
401	2
402	2
403	1
404	1
405	1
406	1
407	1
408	1
409	1
410	1
411	1
412	0
413	0
414	0
415	0
416	2
417	2
418	3
419	3
420	3
421	3
422	3
423	3
424	3
425	3
426	3
427	4
428	4
429	4
430	3
431	4
432	4
433	4
434	4
435	4
436	4
437	4
438	4
439	4
440	4
441	4
442	4
443	3
444	2
445	2
446	2
447	2
448	2
449	2
450	2
451	2
452	2
453	2
454	2
455	2
456	2
457	1
458	2
459	2
460	2
461	2
462	2
463	2
464	2
465	2
466	1
467	1
468	2
469	2
470	2
471	3
472	3
473	3
474	3
475	3
476	2
477	3
478	3
479	3
480	3
481	4
482	4
483	3
484	3
485	3
486	3
487	4
488	4
489	4
490	4
491	4
492	4
493	2
494	2
495	2
496	2
497	1
498	0
499	0
500	0
501	0
502	0
503	0
504	0
505	0
506	0
507	1
508	1
509	2
510	2
511	1
512	1
513	1
514	1
515	1
516	2
517	2
518	2
519	1
520	2
521	2
522	2
523	2
524	2
525	2
526	1
527	1
528	1
529	1
530	1
531	1
532	2
533	2
534	3
535	2
536	2
537	2
538	2
539	2
540	2
541	3
542	3
543	3
544	4
545	4
546	4
547	4
548	4
549	4
550	5
551	5
552	3
553	2
554	1
555	1
556	0
557	0
558	1
559	1
560	1
561	1
562	2
563	2
564	2
565	1
566	1
567	1
568	1
569	1
570	1
571	1
572	1
573	1
574	1
575	1
576	2
577	2
578	2
579	2
580	2
581	2
582	1
583	1
584	1
585	2
586	2
587	3
588	3
589	3
590	2
591	2
592	3
593	3
594	3
595	3
596	2
597	3
598	3
599	3
600	3
601	3
602	2
603	2
604	2
605	2
606	2
607	1
608	1
609	2
610	2
611	2
612	1
613	1
614	1
615	1
616	1
617	1
618	1
619	1
620	1
621	1
622	1
623	1
624	1
625	3
626	3
627	3
628	2
629	1
630	0
631	0
632	1
633	1
634	1
635	1
636	1
637	1
638	1
639	1
640	2
641	2
642	2
643	2
644	2
645	2
646	2
647	2
648	2
649	2
650	2
651	2
652	2
653	3
654	2
655	2
656	3
657	3
658	3
659	2
660	2
661	2
662	2
663	2
664	1
665	1
666	1
667	1
668	1
669	1
670	0
671	0
672	1
673	1
674	1
675	1
676	1
677	1
678	1
679	1
680	1
681	1
682	1
683	1
684	2
685	2
686	2
687	2
688	2
689	2
690	2
691	2
692	1
693	1
694	1
695	0
696	0
697	0
698	0
699	0
700	0
701	0
702	0
703	0
704	0
705	0
706	0
707	0
708	0
709	0
710	0
711	0
712	0
713	0
714	0
715	0
716	0
717	0
718	1
719	1
720	1
721	1
722	0
723	0
724	0
725	0
726	0
727	0
728	1
729	1
730	1
731	1
732	1
733	1
734	1
735	1
736	1
737	1
738	1
739	1
740	2
741	2
742	2
743	2
744	1
745	1
746	2
747	2
748	2
749	1
750	1
751	1
752	1
753	1
754	1
755	2
756	2
757	2
758	2
759	2
760	2
761	2
762	2
763	1
764	0
765	0
766	1
767	1
768	1
769	1
770	1
771	1
772	1
773	1
774	1
775	1
776	1
777	1
778	1
779	1
780	2
781	2
782	1
783	1
784	1
785	1
786	1
787	1
788	1
789	1
790	1
791	1
792	1
793	1
794	2
795	3
796	3
797	2
798	3
799	3
800	3
801	2
802	2
803	2
804	2
805	2
806	2
807	2
808	2
809	2
810	2
811	2
812	2
813	2
814	2
815	3
816	4
817	4
818	3
819	3
820	3
821	3
822	3
823	2
824	2
825	2
826	2
827	2
828	2
829	2
830	2
831	2
832	4
833	4
834	4
835	4
836	4
837	4
838	4
839	4
840	4
841	3
842	3
843	2
844	2
845	2
846	2
847	2
848	2
849	2
850	2
851	1
852	1
853	1
854	1
855	1
856	1
857	1
858	1
859	1
860	1
861	1
862	1
863	1
864	1
865	1
866	1
867	2
868	2
869	2
870	2
871	2
872	2
873	2
874	2
875	2
876	2
877	2
878	2
879	2
880	2
881	3
882	3
883	3
884	3
885	3
886	3
887	3
888	3
889	3
890	2
891	1
892	1
893	1
894	1
895	1
896	1
897	1
898	2
899	2
900	3
901	3
902	3
903	3
904	3
905	3
906	3
907	3
908	3
909	3
910	3
911	3
912	3
913	3
914	3
915	3
916	3
917	3
918	2
919	2
920	2
921	2
922	3
923	3
924	3
925	3
926	2
927	2
928	2
929	2
930	2
931	2
932	2
933	2
934	2
935	1
936	1
937	1
938	1
939	1
940	1
941	1
942	2
943	2
944	2
945	3
946	3
947	3
948	3
949	3
950	3
951	3
952	3
953	2
954	2
955	1
956	1
957	2
958	2
959	2
960	2
961	2
962	2
963	2
964	2
965	2
966	2
967	1
968	1
969	1
970	1
971	1
972	1
973	1
974	1
975	1
976	1
977	1
978	1
979	2
980	2
981	2
982	2
983	2
984	2
985	2
986	2
987	2
988	3
989	3
990	4
991	5
992	5
993	5
994	5
995	5
996	5
997	5
998	5
999	5
1000	4
1001	4
1002	4
1003	4
1004	4
1005	4
1006	3
1007	4
1008	4
1009	4
1010	4
1011	4
1012	4
1013	4
1014	4
1015	4
1016	4
1017	4
1018	4
1019	4
1020	4
1021	4
1022	4
1023	4
1024	4
1025	4
1026	7
1027	7
1028	7
1029	6
1030	5
1031	5
1032	5
1033	4
1034	4
1035	4
1036	4
1037	4
1038	4
1039	5
1040	5
1041	5
1042	5
1043	5
1044	4
1045	5
1046	6
1047	6
1048	6
1049	3
1050	3
1051	3
1052	3
1053	3
1054	4
1055	4
1056	5
1057	5
1058	4
1059	4
1060	4
1061	5
1062	5
1063	5
1064	5
1065	5
1066	5
1067	5
1068	5
1069	5
1070	5
1071	4
1072	3
1073	3
1074	4
1075	4
1076	4
1077	4
1078	4
1079	4
1080	4
1081	4
1082	3
1083	3
1084	3
1085	3
1086	3
1087	2
1088	1
1089	1
1090	1
1091	1
1092	1
1093	1
1094	1
1095	1
1096	1
1097	1
1098	1
1099	3
1100	3
1101	3
1102	3
1103	3
1104	3
1105	3
1106	3
1107	3
1108	2
1109	3
1110	3
1111	2
1112	0
1113	0
1114	0
1115	0
1116	1
1117	2
1118	3
1119	3
1120	4
1121	3
1122	3
1123	3
1124	3
1125	4
1126	4
1127	3
1128	3
1129	3
1130	3
1131	3
1132	3
1133	3
1134	3
1135	3
1136	3
1137	3
1138	3
1139	4
1140	5
1141	5
1142	4
1143	4
1144	4
1145	3
1146	4
1147	4
1148	5
1149	5
1150	5
1151	5
1152	5
1153	4
1154	4
1155	4
1156	3
1157	2
1158	2
1159	2
1160	2
1161	2
1162	3
1163	3
1164	3
1165	3
1166	3
1167	3
1168	3
1169	3
1170	3
1171	2
1172	2
1173	2
1174	2
1175	2
1176	3
1177	3
1178	3
1179	3
1180	3
1181	3
1182	3
1183	3
1184	3
1185	4
1186	3
1187	1
1188	1
1189	1
1190	1
1191	1
1192	1
1193	1
1194	1
1195	1
1196	2
1197	3
1198	3
1199	3
1200	3
1201	3
1202	3
1203	3
1204	3
1205	3
1206	3
1207	3
1208	3
1209	3
1210	3
1211	3
1212	3
1213	2
1214	2
1215	2
1216	2
1217	2
1218	2
1219	2
1220	3
1221	3
1222	3
1223	3
1224	3
1225	3
1226	3
1227	3
1228	3
1229	3
1230	3
1231	3
1232	3
1233	3
1234	3
1235	3
1236	3
1237	3
1238	3
1239	3
1240	3
1241	3
1242	3
1243	3
1244	3
1245	3
1246	3
1247	4
1248	4
1249	4
1250	4
1251	4
1252	4
1253	4
1254	5
1255	5
1256	5
1257	4
1258	4
1259	4
1260	4
1261	4
1262	4
1263	4
1264	4
1265	5
1266	5
1267	5
1268	5
1269	5
1270	5
1271	7
1272	7
1273	8
1274	8
1275	7
1276	6
1277	6
1278	6
1279	6
1280	6
1281	6
1282	5
1283	5
1284	5
1285	6
1286	6
1287	6
1288	6
1289	6
1290	6
1291	6
1292	7
1293	7
1294	6
1295	6
1296	6
1297	6
1298	6
1299	5
1300	4
1301	3
1302	3
1303	3
1304	4
1305	4
1306	4
1307	4
1308	4
1309	4
1310	4
1311	4
1312	3
1313	3
1314	2
1315	2
1316	1
1317	1
1318	1
1319	1
1320	1
1321	1
1322	1
1323	1
1324	1
1325	1
1326	1
1327	1
1328	1
1329	2
1330	2
1331	2
1332	2
1333	2
1334	2
1335	2
1336	2
1337	2
1338	2
1339	2
1340	1
1341	1
1342	1
1343	1
1344	1
1345	2
1346	2
1347	2
1348	1
1349	1
1350	2
1351	2
1352	2
1353	2
1354	2
1355	2
1356	2
1357	2
1358	2
1359	2
1360	2
1361	2
1362	2
1363	2
1364	2
1365	2
1366	2
1367	2
1368	2
1369	2
1370	2
1371	2
1372	2
1373	2
1374	2
1375	2
1376	2
1377	3
1378	2
1379	2
1380	2
1381	2
1382	2
1383	2
1384	2
1385	2
1386	2
1387	2
1388	2
1389	2
1390	2
1391	1
1392	1
1393	2
1394	2
1395	2
1396	2
1397	2
1398	2
1399	2
1400	2
1401	2
1402	2
1403	2
1404	2
1405	2
1406	3
1407	3
1408	3
1409	3
1410	3
1411	3
1412	2
1413	2
1414	2
1415	2
1416	3
1417	4
1418	4
1419	4
1420	3
1421	3
1422	3
1423	2
1424	2
1425	3
1426	3
1427	3
1428	3
1429	3
1430	3
1431	3
1432	4
1433	4
1434	4
1435	3
1436	3
1437	3
1438	3
1439	3
1440	3
1441	3
1442	3
1443	2
1444	3
1445	3
1446	3
1447	3
1448	3
1449	3
1450	2
1451	2
1452	2
1453	2
1454	2
1455	2
1456	2
1457	2
1458	2
1459	2
1460	2
1461	2
1462	2
1463	2
1464	2
1465	2
1466	3
1467	3
1468	3
1469	2
1470	2
1471	2
1472	2
1473	2
1474	3
1475	3
1476	3
1477	2
1478	4
1479	4
1480	4
1481	3
1482	3
1483	3
1484	3
1485	3
1486	4
1487	4
1488	4
1489	3
1490	3
1491	3
1492	3
1493	2
1494	2
1495	2
1496	2
1497	2
1498	2
1499	2
1500	2
1501	2
1502	2
1503	1
1504	1
1505	2
1506	2
1507	3
1508	4
1509	5
1510	5
1511	5
1512	5
1513	5
1514	5
1515	5
1516	5
1517	5
1518	5
1519	5
1520	5
1521	5
1522	5
1523	5
1524	5
1525	4
1526	3
1527	4
1528	4
1529	3
1530	2
1531	2
1532	2
1533	2
1534	2
1535	2
1536	2
1537	2
1538	2
1539	2
1540	2
1541	2
1542	2
1543	1
1544	1
1545	0
1546	0
1547	0
1548	0
1549	0
1550	0
1551	0
1552	0
1553	0
1554	0
1555	0
1556	0
1557	0
1558	0
1559	0
1560	0
1561	0
1562	0
1563	0
1564	0
1565	1
1566	1
1567	1
1568	1
1569	2
1570	2
1571	3
1572	2
1573	2
1574	1
1575	1
1576	1
1577	1
1578	1
1579	1
1580	1
1581	1
1582	1
1583	1
1584	1
1585	1
1586	0
1587	0
1588	1
1589	1
1590	1
1591	1
1592	2
1593	2
1594	2
1595	2
1596	2
1597	2
1598	2
1599	2
1600	2
1601	2
1602	1
1603	1
1604	1
1605	1
1606	1
1607	1
1608	1
1609	1
1610	1
1611	2
1612	2
1613	2
1614	3
1615	3
1616	3
1617	3
1618	1
1619	1
1620	0
1621	0
1622	0
1623	0
1624	0
1625	0
1626	1
1627	1
1628	1
1629	1
1630	1
1631	1
1632	1
1633	1
1634	1
1635	1
1636	1
1637	1
1638	1
1639	1
1640	1
1641	2
1642	3
1643	3
1644	3
1645	3
1646	3
1647	3
1648	2
1649	2
1650	1
1651	1
1652	1
1653	1
1654	1
1655	1
1656	1
1657	1
1658	1
1659	1
1660	1
1661	1
1662	1
1663	1
1664	2
1665	2
1666	2
1667	2
1668	2
1669	2
1670	3
1671	4
1672	4
1673	4
1674	4
1675	4
1676	4
1677	4
1678	4
1679	4
1680	4
1681	4
1682	4
1683	4
1684	4
1685	4
1686	4
1687	3
1688	3
1689	3
1690	3
1691	3
1692	3
1693	3
1694	3
1695	3
1696	3
1697	3
1698	2
1699	2
1700	1
1701	1
1702	1
1703	1
1704	1
1705	1
1706	1
1707	1
1708	0
1709	0
1710	0
1711	0
1712	0
1713	0
1714	0
1715	0
1716	0
1717	0
1718	0
1719	0
1720	0
1721	0
1722	0
1723	0
1724	0
1725	0
1726	0
1727	0
1728	0
1729	0
1730	0
1731	1
1732	1
1733	1
1734	1
1735	0
1736	0
1737	0
1738	0
1739	0
1740	0
1741	0
1742	0
1743	0
1744	0
1745	0
1746	0
1747	0
1748	0
1749	0
1750	0
1751	0
1752	0
1753	0
1754	0
1755	0
1756	0
1757	0
1758	0
1759	0
1760	0
1761	0
1762	0
1763	0
1764	0
1765	0
1766	0
1767	0
1768	0
1769	0
1770	0
1771	0
1772	0
1773	0
1774	0
1775	0
1776	0
1777	0
1778	0
1779	0
1780	0
1781	0
1782	0
1783	0
1784	0
1785	0
1786	0
1787	0
1788	0
1789	0
1790	0
1791	2
1792	2
1793	2
1794	2
1795	2
1796	2
1797	2
1798	2
1799	1
1800	1
1801	1
1802	1
1803	1
1804	1
1805	1
1806	1
1807	1
1808	1
1809	1
1810	1
1811	1
1812	1
1813	1
1814	1
1815	0
1816	0
1817	0
1818	0
1819	0
1820	0
1821	0
1822	0
1823	0
1824	0
1825	0
1826	1
1827	1
1828	2
1829	2
1830	2
1831	1
1832	1
1833	1
1834	1
1835	1
1836	1
1837	1
1838	1
1839	1
1840	2
1841	2
1842	2
1843	2
1844	2
1845	1
1846	1
1847	1
1848	1
1849	1
1850	1
1851	2
1852	2
1853	2
1854	2
1855	2
1856	2
1857	2
1858	2
1859	2
1860	2
1861	2
1862	2
1863	2
1864	2
1865	2
1866	2
1867	2
1868	2
1869	2
1870	1
1871	1
1872	2
1873	3
1874	4
1875	4
1876	4
1877	4
1878	4
1879	4
1880	4
1881	4
1882	4
1883	3
1884	4
1885	4
1886	4
1887	4
1888	4
1889	3
1890	3
1891	3
1892	3
1893	2
1894	2
1895	3
1896	3
1897	3
1898	3
1899	4
1900	4
1901	4
1902	4
1903	4
1904	5
1905	5
1906	4
1907	5
1908	4
1909	4
1910	4
1911	5
1912	5
1913	5
1914	5
1915	4
1916	4
1917	3
1918	3
1919	3
1920	4
1921	4
1922	4
1923	5
1924	5
1925	4
1926	5
1927	4
1928	3
1929	1
1930	1
1931	1
1932	1
1933	1
1934	1
1935	2
1936	2
1937	2
1938	2
1939	1
1940	1
1941	1
1942	1
1943	0
1944	0
1945	0
1946	0
1947	1
1948	1
1949	1
1950	2
1951	2
1952	2
1953	2
1954	3
1955	3
1956	3
1957	3
1958	3
1959	3
1960	3
1961	3
1962	3
1963	3
1964	3
1965	3
1966	3
1967	3
1968	3
1969	3
1970	2
1971	2
1972	4
1973	3
1974	3
1975	4
1976	5
1977	6
1978	6
1979	6
1980	7
1981	6
1982	7
1983	6
1984	6
1985	6
1986	7
1987	6
1988	6
1989	7
1990	7
1991	7
1992	7
1993	6
1994	6
1995	5
1996	4
1997	4
1998	4
1999	4
2000	4
2001	5
2002	5
2003	5
2004	5
2005	4
2006	4
2007	3
2008	3
2009	2
2010	2
2011	2
2012	2
2013	2
2014	2
2015	2
2016	3
2017	3
2018	3
2019	3
2020	3
2021	2
2022	3
2023	3
2024	3
2025	3
2026	3
2027	3
2028	3
2029	3
2030	3
2031	3
2032	3
2033	3
2034	3
2035	3
2036	3
2037	2
2038	3
2039	3
2040	3
2041	2
2042	2
2043	2
2044	3
2045	4
2046	5
2047	5
2048	6
2049	5
2050	5
2051	5
2052	5
2053	5
2054	5
2055	3
2056	3
2057	3
2058	3
2059	4
2060	4
2061	4
2062	4
2063	4
2064	4
2065	4
2066	4
2067	4
2068	4
2069	4
2070	5
2071	5
2072	6
2073	6
2074	6
2075	4
2076	4
2077	4
2078	4
2079	4
2080	2
2081	2
2082	2
2083	2
2084	2
2085	2
2086	1
2087	1
2088	1
2089	1
2090	1
2091	1
2092	1
2093	1
2094	2
2095	2
2096	2
2097	2
2098	2
2099	2
2100	2
2101	1
2102	0
2103	0
2104	0
2105	0
2106	1
2107	1
2108	1
2109	1
2110	1
2111	1
2112	1
2113	1
2114	1
2115	1
2116	1
2117	1
2118	1
2119	1
2120	1
2121	1
2122	1
2123	1
2124	1
2125	1
2126	1
2127	1
2128	1
2129	1
2130	1
2131	0
2132	0
2133	0
2134	1
2135	1
2136	2
2137	2
2138	3
2139	3
2140	3
2141	3
2142	3
2143	3
2144	3
2145	3
2146	3
2147	3
2148	3
2149	3
2150	3
2151	3
2152	3
2153	3
2154	3
2155	3
2156	3
2157	3
2158	3
2159	3
2160	3
2161	2
2162	2
2163	1
2164	1
2165	1
2166	1
2167	1
2168	1
2169	1
2170	1
2171	1
2172	1
2173	0
2174	0
2175	1
2176	0
2177	0
2178	0
2179	0
2180	0
2181	1
2182	1
2183	1
2184	1
2185	1
2186	2
2187	2
2188	2
2189	2
2190	2
2191	1
2192	1
2193	1
2194	1
2195	0
2196	0
2197	0
2198	0
2199	0
2200	1
2201	1
2202	1
2203	1
2204	1
2205	1
2206	1
2207	1
2208	1
2209	1
2210	0
2211	0
2212	0
2213	0
2214	0
2215	0
2216	0
2217	0
2218	0
2219	2
2220	2
2221	2
2222	2
2223	1
2224	1
2225	1
2226	1
2227	0
2228	0
2229	0
2230	0
2231	0
2232	0
2233	0
2234	0
2235	0
2236	0
2237	0
2238	0
2239	0
2240	0
2241	0
2242	0
2243	0
2244	0
2245	0
2246	0
2247	0
2248	0
2249	0
2250	0
2251	0
2252	0
2253	1
2254	1
2255	1
2256	2
2257	2
2258	2
2259	2
2260	2
2261	2
2262	1
2263	1
2264	1
2265	1
2266	1
2267	1
2268	1
2269	1
2270	1
2271	0
2272	0
2273	0
2274	0
2275	0
2276	0
2277	0
2278	0
2279	0
2280	1
2281	1
2282	1
2283	1
2284	1
2285	1
2286	2
2287	2
2288	3
2289	2
2290	2
2291	2
2292	1
2293	1
2294	1
2295	1
2296	1
2297	2
2298	2
2299	2
2300	2
2301	2
2302	2
2303	2
2304	2
2305	2
2306	2
2307	2
2308	2
2309	2
2310	2
2311	3
2312	3
2313	3
2314	3
2315	2
2316	3
2317	3
2318	3
2319	3
2320	2
2321	2
2322	2
2323	2
2324	2
2325	2
2326	2
2327	2
2328	2
2329	2
2330	1
2331	1
2332	2
2333	2
2334	2
2335	2
2336	2
2337	2
2338	2
2339	2
2340	2
2341	2
2342	2
2343	2
2344	2
2345	2
2346	4
2347	4
2348	4
2349	3
2350	4
2351	4
2352	6
2353	6
2354	5
2355	5
2356	5
2357	5
2358	5
2359	5
2360	5
2361	6
2362	6
2363	6
2364	6
2365	5
2366	5
2367	5
2368	4
2369	4
2370	4
2371	3
2372	4
2373	4
2374	4
2375	3
2376	3
2377	4
2378	4
2379	4
2380	4
2381	3
2382	3
2383	3
2384	3
2385	3
2386	4
2387	4
2388	4
2389	4
2390	4
2391	4
2392	4
2393	3
2394	3
2395	3
2396	3
2397	3
2398	3
2399	2
2400	2
2401	2
2402	2
2403	2
2404	2
2405	2
2406	2
2407	2
2408	2
2409	2
2410	2
2411	2
2412	2
2413	2
2414	3
2415	2
2416	2
2417	2
2418	2
2419	2
2420	2
2421	2
2422	2
2423	2
2424	2
2425	3
2426	3
2427	3
2428	3
2429	3
2430	3
2431	3
2432	3
2433	3
2434	3
2435	4
2436	3
2437	3
2438	3
2439	3
2440	3
2441	3
2442	3
2443	3
2444	3
2445	3
2446	3
2447	3
2448	3
2449	3
2450	3
2451	3
2452	3
2453	3
2454	2
2455	2
2456	1
2457	1
2458	1
2459	1
2460	2
2461	2
2462	1
2463	1
2464	1
2465	1
2466	1
2467	1
2468	1
2469	1
2470	1
2471	1
2472	0
2473	0
2474	1
2475	1
2476	0
2477	0
2478	0
2479	0
2480	0
2481	0
2482	0
2483	0
2484	0
2485	1
2486	1
2487	0
2488	0
2489	0
2490	0
2491	0
2492	0
2493	0
2494	0
2495	0
2496	0
2497	0
2498	0
2499	0
2500	0
2501	0
2502	0
2503	0
2504	0
2505	0
2506	0
2507	0
2508	0
2509	0
2510	0
2511	0
2512	0
2513	0
2514	0
2515	0
2516	0
2517	0
2518	0
2519	1
2520	1
2521	1
2522	1
2523	1
2524	1
2525	1
2526	2
2527	2
2528	2
2529	2
2530	3
2531	3
2532	3
2533	3
2534	3
2535	3
2536	3
2537	3
2538	3
2539	3
2540	3
2541	3
2542	3
2543	3
2544	3
2545	3
2546	3
2547	4
2548	4
2549	4
2550	4
2551	3
2552	3
2553	3
2554	3
2555	3
2556	3
2557	3
2558	3
2559	2
2560	2
2561	2
2562	2
2563	2
2564	2
2565	3
2566	3
2567	3
2568	3
2569	3
2570	3
2571	3
2572	3
2573	3
2574	3
2575	3
2576	2
2577	2
2578	2
2579	2
2580	3
2581	2
2582	2
2583	2
2584	1
2585	2
2586	2
2587	2
2588	2
2589	1
2590	1
2591	1
2592	1
2593	1
2594	1
2595	1
2596	1
2597	1
2598	1
2599	1
2600	1
2601	1
2602	1
2603	1
2604	1
2605	1
2606	1
2607	1
2608	2
2609	2
2610	2
2611	2
2612	2
2613	3
2614	3
2615	3
2616	3
2617	3
2618	3
2619	3
2620	3
2621	3
2622	3
2623	2
2624	2
2625	2
2626	1
2627	1
2628	1
2629	1
2630	1
2631	1
2632	1
2633	1
2634	1
2635	1
2636	1
2637	1
2638	1
2639	1
2640	1
2641	1
2642	1
2643	1
2644	1
2645	1
2646	1
2647	1
2648	1
2649	1
2650	1
2651	1
2652	1
2653	1
2654	1
2655	1
2656	1
2657	1
2658	2
2659	2
2660	3
2661	3
2662	2
2663	2
2664	2
2665	3
2666	3
2667	3
2668	2
2669	2
2670	2
2671	2
2672	2
2673	2
2674	2
2675	2
2676	1
2677	1
2678	2
2679	2
2680	1
2681	1
2682	2
2683	2
2684	2
2685	2
2686	2
2687	2
2688	2
2689	2
2690	2
2691	2
2692	2
2693	2
2694	2
2695	2
2696	2
2697	3
2698	3
2699	3
2700	3
2701	3
2702	3
2703	3
2704	3
2705	3
2706	3
2707	3
2708	3
2709	3
2710	3
2711	3
2712	3
2713	3
2714	3
2715	2
2716	2
2717	3
2718	3
2719	2
2720	2
2721	2
2722	2
2723	2
2724	2
2725	2
2726	3
2727	3
2728	3
2729	3
2730	3
2731	3
2732	3
2733	3
2734	3
2735	3
2736	4
2737	4
2738	3
2739	3
2740	3
2741	3
2742	3
2743	2
2744	2
2745	2
2746	2
2747	2
2748	2
2749	2
2750	2
2751	2
2752	2
2753	2
2754	1
2755	1
2756	1
2757	1
2758	1
2759	1
2760	1
2761	1
2762	1
2763	1
2764	1
2765	1
2766	1
2767	1
2768	1
2769	1
2770	1
2771	1
2772	0
2773	0
2774	0
2775	1
2776	1
2777	0
2778	0
2779	0
2780	0
2781	0
2782	0
2783	0
2784	0
2785	0
2786	0
2787	0
2788	0
2789	0
2790	0
2791	0
2792	0
2793	0
2794	0
2795	0
2796	0
2797	0
2798	0
2799	0
2800	0
2801	0
2802	0
2803	0
2804	0
2805	0
2806	0
2807	0
2808	1
2809	1
2810	1
2811	1
2812	1
2813	1
2814	1
2815	1
2816	1
2817	1
2818	1
2819	1
2820	1
2821	1
2822	1
2823	1
2824	1
2825	2
2826	2
2827	2
2828	2
2829	2
2830	2
2831	2
2832	2
2833	2
2834	1
2835	2
2836	2
2837	3
2838	3
2839	2
2840	2
2841	2
2842	2
2843	3
2844	2
2845	2
2846	2
2847	2
2848	2
2849	2
2850	2
2851	2
2852	2
2853	2
2854	2
2855	1
2856	1
2857	2
2858	2
2859	2
2860	2
2861	2
2862	2
2863	2
2864	2
2865	2
2866	2
2867	2
2868	2
2869	2
2870	2
2871	2
2872	2
2873	2
2874	2
2875	2
2876	2
2877	2
2878	2
2879	2
2880	2
2881	2
2882	2
2883	2
2884	2
2885	2
2886	3
2887	2
2888	3
2889	3
2890	3
2891	3
2892	3
2893	2
2894	1
2895	1
2896	1
2897	1
2898	1
2899	1
2900	1
2901	1
2902	1
2903	1
2904	1
2905	1
2906	1
2907	1
2908	1
2909	1
2910	2
2911	2
2912	0
2913	0
2914	0
2915	0
2916	0
2917	0
2918	0
2919	0
2920	0
2921	0
2922	0
2923	0
2924	0
2925	0
2926	0
2927	0
2928	0
2929	0
2930	0
2931	1
2932	1
2933	1
2934	1
2935	1
2936	1
2937	1
2938	1
2939	1
2940	1
2941	1
2942	1
2943	1
2944	1
2945	1
2946	1
2947	1
2948	1
2949	1
2950	1
2951	1
2952	0
2953	0
2954	0
2955	0
2956	0
2957	0
2958	0
2959	0
2960	0
2961	0
2962	0
2963	0
2964	1
2965	1
2966	2
2967	2
2968	2
2969	2
2970	2
2971	2
2972	2
2973	2
2974	2
2975	1
2976	2
2977	2
2978	2
2979	2
2980	2
2981	2
2982	2
2983	1
2984	1
2985	1
2986	1
2987	1
2988	1
2989	1
2990	1
2991	1
2992	1
2993	2
2994	2
2995	2
2996	2
2997	2
2998	2
2999	2
3000	2
3001	2
3002	2
3003	2
3004	2
3005	2
3006	2
3007	2
3008	2
3009	2
3010	3
3011	2
3012	2
3013	1
3014	1
3015	0
3016	0
3017	0
3018	0
3019	0
3020	0
3021	0
3022	1
3023	1
3024	1
3025	1
3026	1
3027	0
3028	0
3029	0
3030	0
3031	0
3032	0
3033	0
3034	0
3035	0
3036	0
3037	0
3038	0
3039	0
3040	0
3041	0
3042	0
3043	0
3044	0
3045	0
3046	0
3047	0
3048	1
3049	1
3050	1
3051	1
3052	1
3053	1
3054	1
3055	1
3056	1
3057	1
3058	1
3059	1
3060	1
3061	1
3062	1
3063	1
3064	1
3065	1
3066	1
3067	1
3068	2
3069	1
3070	1
3071	0
3072	1
3073	2
3074	2
3075	1
3076	1
3077	1
3078	2
3079	3
3080	3
3081	4
3082	4
3083	4
3084	4
3085	4
3086	4
3087	4
3088	4
3089	5
3090	5
3091	4
3092	4
3093	5
3094	4
3095	4
3096	4
3097	3
3098	4
3099	5
3100	5
3101	4
3102	4
3103	4
3104	3
3105	3
3106	3
3107	3
3108	3
3109	3
3110	3
3111	4
3112	4
3113	3
3114	3
3115	2
3116	2
3117	2
3118	2
3119	2
3120	2
3121	2
3122	2
3123	2
3124	2
3125	2
3126	2
3127	2
3128	2
3129	2
3130	2
3131	2
3132	2
3133	2
3134	2
3135	2
3136	2
3137	3
3138	3
3139	3
3140	3
3141	2
3142	2
3143	2
3144	2
3145	2
3146	2
3147	2
3148	2
3149	2
3150	2
3151	2
3152	2
3153	2
3154	2
3155	2
3156	3
3157	3
3158	3
3159	3
3160	2
3161	2
3162	2
3163	2
3164	2
3165	2
3166	2
3167	2
3168	2
3169	2
3170	2
3171	2
3172	2
3173	2
3174	1
3175	1
3176	1
3177	1
3178	1
3179	1
3180	1
3181	2
3182	2
3183	2
3184	2
3185	2
3186	4
3187	4
3188	3
3189	3
3190	3
3191	3
3192	2
3193	1
3194	1
3195	1
3196	1
3197	1
3198	1
3199	2
3200	2
3201	3
3202	3
3203	3
3204	3
3205	3
3206	3
3207	3
3208	2
3209	2
3210	2
3211	2
3212	2
3213	2
3214	2
3215	2
3216	2
3217	2
3218	2
3219	2
3220	2
3221	2
3222	2
3223	2
3224	2
3225	2
3226	2
3227	2
3228	2
3229	2
3230	2
3231	3
3232	3
3233	3
3234	4
3235	4
3236	4
3237	3
3238	2
3239	1
3240	1
3241	1
3242	1
3243	1
3244	1
3245	1
3246	1
3247	1
3248	2
3249	2
3250	2
3251	2
3252	2
3253	2
3254	2
3255	2
3256	2
3257	2
3258	2
3259	2
3260	2
3261	2
3262	2
3263	2
3264	2
3265	2
3266	2
3267	2
3268	2
3269	2
3270	2
3271	2
3272	2
3273	2
3274	2
3275	2
3276	2
3277	2
3278	2
3279	1
3280	1
3281	1
3282	1
3283	1
3284	2
3285	2
3286	2
3287	2
3288	2
3289	1
3290	1
3291	1
3292	1
3293	1
3294	1
3295	1
3296	1
3297	1
3298	1
3299	1
3300	1
3301	1
3302	1
3303	1
3304	1
3305	1
3306	1
3307	1
3308	1
3309	1
3310	1
3311	1
3312	1
3313	1
3314	1
3315	1
3316	2
3317	2
3318	2
3319	2
3320	2
3321	3
3322	3
3323	3
3324	3
3325	3
3326	3
3327	3
3328	3
3329	3
3330	3
3331	2
3332	2
3333	2
3334	2
3335	2
3336	2
3337	2
3338	2
3339	2
3340	2
3341	2
3342	2
3343	2
3344	2
3345	2
3346	2
3347	2
3348	2
3349	1
3350	1
3351	1
3352	1
3353	1
3354	1
3355	1
3356	2
3357	2
3358	2
3359	1
3360	1
3361	1
3362	1
3363	2
3364	2
3365	2
3366	2
3367	1
3368	1
3369	1
3370	1
3371	1
3372	1
3373	1
3374	1
3375	1
3376	1
3377	1
3378	1
3379	1
3380	1
3381	1
3382	1
3383	1
3384	1
3385	1
3386	0
3387	0
3388	0
3389	0
3390	0
3391	1
3392	1
3393	1
3394	1
3395	2
3396	2
3397	2
3398	2
3399	2
3400	1
3401	1
3402	1
3403	1
3404	1
3405	1
3406	1
3407	1
3408	1
3409	1
3410	1
3411	2
3412	2
3413	2
3414	2
3415	1
3416	2
3417	2
3418	2
3419	2
3420	2
3421	2
3422	2
3423	2
3424	2
3425	2
3426	3
3427	3
3428	3
3429	3
3430	3
3431	3
3432	3
3433	4
3434	4
3435	4
3436	4
3437	4
3438	4
3439	4
3440	3
3441	3
3442	4
3443	4
3444	4
3445	4
3446	4
3447	3
3448	3
3449	4
3450	4
3451	4
3452	4
3453	4
3454	3
3455	3
3456	3
3457	3
3458	3
3459	3
3460	4
3461	4
3462	4
3463	4
3464	4
3465	4
3466	4
3467	4
3468	4
3469	4
3470	4
3471	3
3472	2
3473	2
3474	2
3475	1
3476	1
3477	1
3478	1
3479	1
3480	1
3481	1
3482	1
3483	1
3484	1
3485	1
3486	1
3487	1
3488	1
3489	1
3490	1
3491	1
3492	0
3493	0
3494	1
3495	2
3496	2
3497	2
3498	1
3499	1
3500	1
3501	2
3502	2
3503	3
3504	3
3505	3
3506	3
3507	3
3508	3
3509	3
3510	4
3511	4
3512	2
3513	2
3514	2
3515	2
3516	2
3517	2
3518	2
3519	2
3520	2
3521	2
3522	2
3523	2
3524	1
3525	2
3526	2
3527	2
3528	2
3529	2
3530	1
3531	1
3532	2
3533	2
3534	2
3535	2
3536	1
3537	1
3538	1
3539	1
3540	1
3541	1
3542	1
3543	1
3544	1
3545	1
3546	2
3547	1
3548	1
3549	1
3550	1
3551	1
3552	1
3553	1
3554	1
3555	1
3556	0
3557	0
3558	0
3559	0
3560	0
3561	0
3562	1
3563	1
3564	1
3565	2
3566	3
3567	3
3568	3
3569	2
3570	2
3571	2
3572	1
3573	1
3574	1
3575	1
3576	1
3577	1
3578	1
3579	1
3580	1
3581	1
3582	2
3583	2
3584	2
3585	2
3586	2
3587	2
3588	2
3589	3
3590	3
3591	3
3592	3
3593	3
3594	3
3595	3
3596	3
3597	3
3598	3
3599	4
3600	4
3601	3
3602	3
3603	2
3604	2
3605	2
3606	2
3607	2
3608	1
3609	1
3610	1
3611	1
3612	1
3613	1
3614	1
3615	1
3616	1
3617	1
3618	1
3619	1
3620	2
3621	2
3622	2
3623	2
3624	2
3625	2
3626	2
3627	2
3628	2
3629	3
3630	3
3631	2
3632	2
3633	2
3634	2
3635	2
3636	2
3637	2
3638	2
3639	2
3640	1
3641	1
3642	2
3643	2
3644	2
3645	2
3646	2
3647	2
3648	2
3649	2
3650	2
3651	2
3652	2
3653	2
3654	1
3655	1
3656	1
3657	1
3658	1
3659	1
3660	2
3661	2
3662	2
3663	2
3664	1
3665	1
3666	1
3667	1
3668	1
3669	1
3670	1
3671	2
3672	3
3673	2
3674	2
3675	3
3676	3
3677	3
3678	3
3679	3
3680	3
3681	3
3682	2
3683	2
3684	2
3685	2
3686	2
3687	2
3688	1
3689	1
3690	1
3691	1
3692	1
3693	0
3694	1
3695	2
3696	3
3697	3
3698	3
3699	3
3700	4
3701	4
3702	4
3703	2
3704	2
3705	2
3706	2
3707	2
3708	2
3709	2
3710	2
3711	2
3712	2
3713	1
3714	1
3715	1
3716	1
3717	1
3718	2
3719	2
3720	2
3721	3
3722	2
3723	3
3724	3
3725	3
3726	3
3727	3
3728	3
3729	3
3730	3
3731	3
3732	3
3733	3
3734	3
3735	3
3736	3
3737	4
3738	4
3739	4
3740	4
3741	3
3742	4
3743	4
3744	5
3745	5
3746	5
3747	6
3748	5
3749	4
3750	5
3751	5
3752	5
3753	5
3754	5
3755	5
3756	3
3757	3
3758	2
3759	2
3760	2
3761	2
3762	2
3763	2
3764	2
3765	2
3766	2
3767	2
3768	1
3769	1
3770	0
3771	0
3772	0
3773	0
3774	1
3775	1
3776	1
3777	1
3778	1
3779	1
3780	1
3781	2
3782	2
3783	2
3784	2
3785	2
3786	1
3787	1
3788	1
3789	1
3790	1
3791	1
3792	1
3793	1
3794	1
3795	1
3796	2
3797	2
3798	2
3799	2
3800	2
3801	2
3802	3
3803	3
3804	3
3805	2
3806	1
3807	1
3808	1
3809	1
3810	1
3811	1
3812	1
3813	1
3814	1
3815	1
3816	1
3817	1
3818	0
3819	0
3820	1
3821	1
3822	1
3823	1
3824	1
3825	1
3826	1
3827	1
3828	1
3829	1
3830	1
3831	1
3832	1
3833	1
3834	1
3835	1
3836	1
3837	1
3838	0
3839	1
3840	1
3841	1
3842	1
3843	1
3844	1
3845	1
3846	1
3847	1
3848	1
3849	1
3850	1
3851	1
3852	1
3853	1
3854	1
3855	1
3856	1
3857	0
3858	0
3859	0
3860	0
3861	1
3862	1
3863	1
3864	1
3865	1
3866	1
3867	1
3868	1
3869	1
3870	1
3871	1
3872	1
3873	1
3874	1
3875	1
3876	1
3877	1
3878	1
3879	1
3880	0
3881	1
3882	1
3883	1
3884	1
3885	1
3886	1
3887	1
3888	1
3889	1
3890	1
3891	1
3892	1
3893	1
3894	2
3895	2
3896	2
3897	2
3898	2
3899	1
3900	1
3901	2
3902	2
3903	2
3904	1
3905	1
3906	1
3907	1
3908	1
3909	1
3910	1
3911	1
3912	1
3913	1
3914	1
3915	1
3916	1
3917	1
3918	1
3919	1
3920	1
3921	1
3922	1
3923	1
3924	1
3925	1
3926	1
3927	1
3928	1
3929	1
3930	1
3931	1
3932	1
3933	1
3934	1
3935	1
3936	0
3937	0
3938	0
3939	0
3940	1
3941	1
3942	1
3943	1
3944	1
3945	2
3946	2
3947	1
3948	1
3949	1
3950	1
3951	2
3952	2
3953	2
3954	2
3955	2
3956	2
3957	1
3958	1
3959	1
3960	1
3961	1
3962	1
3963	1
3964	1
3965	0
3966	1
3967	1
3968	1
3969	1
3970	1
3971	1
3972	1
3973	1
3974	1
3975	1
3976	1
3977	1
3978	1
3979	1
3980	1
3981	1
3982	1
3983	1
3984	0
3985	0
3986	0
3987	0
3988	0
3989	0
3990	0
3991	0
3992	0
3993	0
3994	1
3995	1
3996	1
3997	1
3998	1
3999	1
4000	1
4001	1
