1001110	4
1001111	5
1001112	5
1001113	4
1001114	4
1001115	4
1001116	4
1001117	2
1001118	1
1001119	1
1001120	1
1001121	1
1001122	1
1001123	1
1001124	1
1001125	1
1001126	1
1001127	2
1001128	2
1001129	2
1001130	3
1001131	4
1001132	3
1001133	3
1001134	3
1001135	3
1001136	3
1001137	3
1001138	4
1001139	4
1001140	4
1001141	3
1001142	4
1001143	4
1001144	4
1001145	4
1001146	3
1001147	3
1001148	2
1001149	2
1001150	2
1001151	2
1001152	3
1001153	3
1001154	3
1001155	3
1001156	3
1001157	3
1001158	3
1001159	3
1001160	3
1001161	5
1001162	5
1001163	5
1001164	4
1001165	4
1001166	4
1001167	4
1001168	4
1001169	3
1001170	3
1001171	3
1001172	3
1001173	3
1001174	3
1001175	3
1001176	3
1001177	3
1001178	3
1001179	3
1001180	2
1001181	2
1001182	3
1001183	3
1001184	3
1001185	3
1001186	1
1001187	1
1001188	1
1001189	1
1001190	1
1001191	1
1001192	2
1001193	2
1001194	2
1001195	3
1001196	2
1001197	3
1001198	3
1001199	4
1001200	3
1001201	3
1001202	3
1001203	3
1001204	3
1001205	3
1001206	3
1001207	3
1001208	1
1001209	2
1001210	2
1001211	2
1001212	2
1001213	2
1001214	2
1001215	2
1001216	2
1001217	2
1001218	3
1001219	2
1001220	2
1001221	2
1001222	2
1001223	2
1001224	2
1001225	2
1001226	2
1001227	2
1001228	1
1001229	1
1001230	2
1001231	2
1001232	2
1001233	2
1001234	2
1001235	2
1001236	2
1001237	2
1001238	2
1001239	1
1001240	2
1001241	2
1001242	3
1001243	3
1001244	3
1001245	3
1001246	3
1001247	3
1001248	2
1001249	2
1001250	2
1001251	2
1001252	2
1001253	2
1001254	2
1001255	2
1001256	2
1001257	1
1001258	1
1001259	1
1001260	1
1001261	1
1001262	1
1001263	0
1001264	0
1001265	0
1001266	0
1001267	0
1001268	0
1001269	0
1001270	0
1001271	1
1001272	1
1001273	1
1001274	1
1001275	1
1001276	1
1001277	1
1001278	0
1001279	0
1001280	0
1001281	1
1001282	1
1001283	1
1001284	1
1001285	1
1001286	1
1001287	2
1001288	4
1001289	4
1001290	4
1001291	4
1001292	4
1001293	5
1001294	5
1001295	5
1001296	5
1001297	5
1001298	4
1001299	4
1001300	4
1001301	4
1001302	5
1001303	5
1001304	5
1001305	5
1001306	5
1001307	6
1001308	6
1001309	6
1001310	5
1001311	5
1001312	5
1001313	5
1001314	4
1001315	4
1001316	4
1001317	4
1001318	4
1001319	4
1001320	3
1001321	3
1001322	3
1001323	3
1001324	3
1001325	2
1001326	2
1001327	2
1001328	2
1001329	2
1001330	3
1001331	3
1001332	3
1001333	3
1001334	3
1001335	3
1001336	3
1001337	3
1001338	3
1001339	3
1001340	3
1001341	3
1001342	3
1001343	3
1001344	3
1001345	3
1001346	2
1001347	2
1001348	2
1001349	2
1001350	2
1001351	2
1001352	3
1001353	2
1001354	2
1001355	2
1001356	2
1001357	2
1001358	2
1001359	3
1001360	4
1001361	4
1001362	5
1001363	5
1001364	5
1001365	5
1001366	5
1001367	5
1001368	5
1001369	5
1001370	4
1001371	3
1001372	3
1001373	3
1001374	2
1001375	2
1001376	2
1001377	1
1001378	1
1001379	1
1001380	1
1001381	1
1001382	1
1001383	1
1001384	1
1001385	3
1001386	3
1001387	3
1001388	4
1001389	4
1001390	4
1001391	4
1001392	4
1001393	4
1001394	4
1001395	4
1001396	5
1001397	5
1001398	5
1001399	5
1001400	4
1001401	6
1001402	3
1001403	3
1001404	3
1001405	3
1001406	2
1001407	2
1001408	2
1001409	2
1001410	2
1001411	3
1001412	3
1001413	3
1001414	3
1001415	3
1001416	3
1001417	3
1001418	3
1001419	4
1001420	5
1001421	5
1001422	5
1001423	6
1001424	6
1001425	5
1001426	5
1001427	5
1001428	5
1001429	6
1001430	6
1001431	6
1001432	6
1001433	5
1001434	5
1001435	4
1001436	4
1001437	3
1001438	2
1001439	2
1001440	2
1001441	3
1001442	3
1001443	3
1001444	3
1001445	3
1001446	3
1001447	3
1001448	3
1001449	2
1001450	2
1001451	2
1001452	2
1001453	2
1001454	2
1001455	2
1001456	4
1001457	5
1001458	4
1001459	5
1001460	6
1001461	6
1001462	6
1001463	5
1001464	5
1001465	5
1001466	4
1001467	4
1001468	3
1001469	4
1001470	5
1001471	4
1001472	4
1001473	4
1001474	4
1001475	4
1001476	4
1001477	4
1001478	4
1001479	2
1001480	3
1001481	3
1001482	4
1001483	4
1001484	4
1001485	4
1001486	4
1001487	5
1001488	3
1001489	3
1001490	2
1001491	2
1001492	3
1001493	3
1001494	4
1001495	4
1001496	4
1001497	4
1001498	4
1001499	4
1001500	3
1001501	3
1001502	2
1001503	2
1001504	2
1001505	2
1001506	2
1001507	2
1001508	2
1001509	2
1001510	2
1001511	2
1001512	2
1001513	2
1001514	2
1001515	2
1001516	2
1001517	4
1001518	3
1001519	3
1001520	3
1001521	3
1001522	3
1001523	2
1001524	2
1001525	1
1001526	1
1001527	2
1001528	3
1001529	3
1001530	3
1001531	3
1001532	2
1001533	2
1001534	2
1001535	3
1001536	4
1001537	3
1001538	3
1001539	3
1001540	3
1001541	3
1001542	3
1001543	1
1001544	1
1001545	1
1001546	1
1001547	1
1001548	1
1001549	1
1001550	1
1001551	1
1001552	2
1001553	2
1001554	2
1001555	2
1001556	2
1001557	2
1001558	2
1001559	2
1001560	1
1001561	0
1001562	0
1001563	1
1001564	1
1001565	1
1001566	1
1001567	1
1001568	1
1001569	1
1001570	1
1001571	1
1001572	3
1001573	3
1001574	3
1001575	3
1001576	3
1001577	3
1001578	1
1001579	0
1001580	0
1001581	0
1001582	0
1001583	0
1001584	0
1001585	0
1001586	0
1001587	0
1001588	0
1001589	0
1001590	0
1001591	0
1001592	0
1001593	0
1001594	0
1001595	0
1001596	0
1001597	0
1001598	0
1001599	0
1001600	0
1001601	0
1001602	1
1001603	1
1001604	1
1001605	1
1001606	1
1001607	1
1001608	0
1001609	0
1001610	0
1001611	0
1001612	0
1001613	0
1001614	0
1001615	0
1001616	0
1001617	0
1001618	0
1001619	0
1001620	0
1001621	0
1001622	0
1001623	0
1001624	0
1001625	0
1001626	0
1001627	0
1001628	0
1001629	0
1001630	0
1001631	0
1001632	0
1001633	0
1001634	0
1001635	0
1001636	0
1001637	0
1001638	0
1001639	0
1001640	0
1001641	0
1001642	0
1001643	0
1001644	0
1001645	0
1001646	0
1001647	0
1001648	2
1001649	2
1001650	2
1001651	2
1001652	2
1001653	3
1001654	3
1001655	3
1001656	3
1001657	3
1001658	3
1001659	3
1001660	2
1001661	2
1001662	2
1001663	2
1001664	2
1001665	4
1001666	4
1001667	4
1001668	4
1001669	3
1001670	3
1001671	3
1001672	2
1001673	2
1001674	2
1001675	2
1001676	2
1001677	2
1001678	2
1001679	2
1001680	2
1001681	1
1001682	1
1001683	1
1001684	2
1001685	2
1001686	2
1001687	2
1001688	2
1001689	0
1001690	0
1001691	0
1001692	1
1001693	1
1001694	1
1001695	1
1001696	1
1001697	2
1001698	2
1001699	2
1001700	2
1001701	2
1001702	2
1001703	2
1001704	2
1001705	2
1001706	2
1001707	2
1001708	1
1001709	0
1001710	0
1001711	1
1001712	1
1001713	1
1001714	1
1001715	1
1001716	1
1001717	1
1001718	0
1001719	0
1001720	0
1001721	0
1001722	0
1001723	0
1001724	0
1001725	0
1001726	0
1001727	0
1001728	0
1001729	0
1001730	0
1001731	0
1001732	1
1001733	1
1001734	1
1001735	1
1001736	1
1001737	1
1001738	1
1001739	1
1001740	1
1001741	1
1001742	1
1001743	1
1001744	2
1001745	2
1001746	2
1001747	2
1001748	2
1001749	2
1001750	1
1001751	1
1001752	1
1001753	2
1001754	2
1001755	2
1001756	2
1001757	2
1001758	0
1001759	0
1001760	0
1001761	0
1001762	1
1001763	1
1001764	2
1001765	3
1001766	2
1001767	2
1001768	3
1001769	3
1001770	3
1001771	3
1001772	3
1001773	3
1001774	3
1001775	3
1001776	3
1001777	3
1001778	2
1001779	2
1001780	2
1001781	2
1001782	3
1001783	3
1001784	2
1001785	2
1001786	2
1001787	1
1001788	2
1001789	2
1001790	3
1001791	3
1001792	3
1001793	4
1001794	3
1001795	3
1001796	3
1001797	3
1001798	3
1001799	4
1001800	5
1001801	5
1001802	6
1001803	6
1001804	4
1001805	4
1001806	4
1001807	3
1001808	3
1001809	2
1001810	2
1001811	2
1001812	2
1001813	1
1001814	1
1001815	2
1001816	2
1001817	2
1001818	2
1001819	2
1001820	2
1001821	3
1001822	3
1001823	3
1001824	4
1001825	4
1001826	4
1001827	4
1001828	4
1001829	4
1001830	3
1001831	3
1001832	3
1001833	2
1001834	2
1001835	2
1001836	2
1001837	1
1001838	1
1001839	0
1001840	0
1001841	0
1001842	0
1001843	0
1001844	0
1001845	1
1001846	1
1001847	1
1001848	1
1001849	1
1001850	1
1001851	3
1001852	3
1001853	1
1001854	1
1001855	1
1001856	1
1001857	1
1001858	0
1001859	0
1001860	0
1001861	0
1001862	0
1001863	0
1001864	0
1001865	0
1001866	0
1001867	0
1001868	0
1001869	0
1001870	0
1001871	0
1001872	0
1001873	0
1001874	0
1001875	2
1001876	2
1001877	2
1001878	2
1001879	2
1001880	2
1001881	1
1001882	1
1001883	1
1001884	1
1001885	1
1001886	2
1001887	2
1001888	3
1001889	3
1001890	1
1001891	1
1001892	1
1001893	1
1001894	1
1001895	1
1001896	1
1001897	1
1001898	0
1001899	0
1001900	0
1001901	0
1001902	0
1001903	0
1001904	0
1001905	0
1001906	0
1001907	0
1001908	0
1001909	0
1001910	0
1001911	0
1001912	0
1001913	0
1001914	0
1001915	1
1001916	1
1001917	1
1001918	1
1001919	1
1001920	2
1001921	1
1001922	1
1001923	1
1001924	3
1001925	3
1001926	3
1001927	3
1001928	3
1001929	2
1001930	1
1001931	1
1001932	1
1001933	1
1001934	2
1001935	2
1001936	2
1001937	2
1001938	2
1001939	3
1001940	3
1001941	3
1001942	3
1001943	2
1001944	3
1001945	3
1001946	3
1001947	2
1001948	2
1001949	3
1001950	1
1001951	1
1001952	1
1001953	1
1001954	1
1001955	1
1001956	1
1001957	1
1001958	1
1001959	1
1001960	1
1001961	1
1001962	1
1001963	1
1001964	1
1001965	1
1001966	2
1001967	2
1001968	2
1001969	1
1001970	1
1001971	1
1001972	1
1001973	1
1001974	0
1001975	0
1001976	0
1001977	0
1001978	0
1001979	0
1001980	0
1001981	1
1001982	1
1001983	1
1001984	1
1001985	1
1001986	1
1001987	1
1001988	1
1001989	1
1001990	1
1001991	1
1001992	1
1001993	1
1001994	1
1001995	2
1001996	2
1001997	2
1001998	2
1001999	2
1002000	2
1002001	2
1002002	2
1002003	2
1002004	1
1002005	1
1002006	1
1002007	1
1002008	1
1002009	1
1002010	1
1002011	1
1002012	1
1002013	2
1002014	2
1002015	2
1002016	2
1002017	2
1002018	2
1002019	2
1002020	0
1002021	0
1002022	0
1002023	0
1002024	0
1002025	0
1002026	0
1002027	0
1002028	0
1002029	0
1002030	0
1002031	0
1002032	0
1002033	0
1002034	0
1002035	0
1002036	1
1002037	1
1002038	1
1002039	1
1002040	1
1002041	1
1002042	1
1002043	1
1002044	1
1002045	1
1002046	2
1002047	2
1002048	2
1002049	2
1002050	2
1002051	2
1002052	2
1002053	2
1002054	2
1002055	2
1002056	1
1002057	1
1002058	1
1002059	1
1002060	1
1002061	1
1002062	1
1002063	1
1002064	1
1002065	3
1002066	3
1002067	3
1002068	3
1002069	3
1002070	4
1002071	3
1002072	3
1002073	3
1002074	3
1002075	3
1002076	3
1002077	3
1002078	3
1002079	3
1002080	3
1002081	3
1002082	3
1002083	5
1002084	4
1002085	4
1002086	4
1002087	4
1002088	3
1002089	3
1002090	2
1002091	2
1002092	2
1002093	2
1002094	2
1002095	2
1002096	3
1002097	3
1002098	3
1002099	3
1002100	3
1002101	3
1002102	3
1002103	2
1002104	0
1002105	1
1002106	2
1002107	2
1002108	2
1002109	2
1002110	2
1002111	2
1002112	3
1002113	3
1002114	3
1002115	3
1002116	3
1002117	3
1002118	3
1002119	3
1002120	4
1002121	4
1002122	4
1002123	4
1002124	5
1002125	5
1002126	5
1002127	5
1002128	5
1002129	7
1002130	7
1002131	7
1002132	6
1002133	5
1002134	5
1002135	6
1002136	6
1002137	6
1002138	6
1002139	6
1002140	6
1002141	6
1002142	6
1002143	7
1002144	7
1002145	9
1002146	9
1002147	8
1002148	8
1002149	7
1002150	7
1002151	6
1002152	5
1002153	4
1002154	3
1002155	4
1002156	5
1002157	4
1002158	4
1002159	4
1002160	4
1002161	5
1002162	5
1002163	5
1002164	5
1002165	3
1002166	3
1002167	3
1002168	3
1002169	3
1002170	3
1002171	3
1002172	3
1002173	3
1002174	3
1002175	2
1002176	3
1002177	4
1002178	4
1002179	4
1002180	4
1002181	4
1002182	4
1002183	3
1002184	1
1002185	0
1002186	0
1002187	0
1002188	0
1002189	0
1002190	1
1002191	1
1002192	1
1002193	1
1002194	1
1002195	1
1002196	1
1002197	1
1002198	1
1002199	1
1002200	1
1002201	1
1002202	1
1002203	1
1002204	1
1002205	1
1002206	1
1002207	1
1002208	1
1002209	1
1002210	1
1002211	1
1002212	1
1002213	1
1002214	1
1002215	1
1002216	2
1002217	3
1002218	2
1002219	2
1002220	2
1002221	2
1002222	2
1002223	2
1002224	2
1002225	2
1002226	2
1002227	2
1002228	3
1002229	3
1002230	3
1002231	2
1002232	2
1002233	2
1002234	2
1002235	2
1002236	2
1002237	2
1002238	2
1002239	2
1002240	2
1002241	2
1002242	2
1002243	2
1002244	3
1002245	2
1002246	1
1002247	1
1002248	1
1002249	1
1002250	1
1002251	1
1002252	1
1002253	1
1002254	1
1002255	1
1002256	2
1002257	2
1002258	1
1002259	2
1002260	2
1002261	2
1002262	2
1002263	1
1002264	1
1002265	2
1002266	2
1002267	3
1002268	3
1002269	3
1002270	3
1002271	3
1002272	3
1002273	3
1002274	3
1002275	3
1002276	4
1002277	4
1002278	5
1002279	5
1002280	4
1002281	4
1002282	6
1002283	6
1002284	6
1002285	6
1002286	6
1002287	5
1002288	5
1002289	4
1002290	4
1002291	4
1002292	4
1002293	4
1002294	4
1002295	4
1002296	3
1002297	3
1002298	3
1002299	3
1002300	5
1002301	5
1002302	5
1002303	4
1002304	3
1002305	3
1002306	3
1002307	3
1002308	4
1002309	4
1002310	4
1002311	3
1002312	3
1002313	3
1002314	4
1002315	4
1002316	3
1002317	3
1002318	4
1002319	4
1002320	4
1002321	4
1002322	4
1002323	4
1002324	4
1002325	5
1002326	5
1002327	5
1002328	5
1002329	3
1002330	3
1002331	3
1002332	2
1002333	2
1002334	3
1002335	2
1002336	2
1002337	2
1002338	2
1002339	3
1002340	3
1002341	3
1002342	4
1002343	4
1002344	5
1002345	4
1002346	4
1002347	4
1002348	4
1002349	4
1002350	4
1002351	4
1002352	5
1002353	5
1002354	5
1002355	5
1002356	5
1002357	6
1002358	6
1002359	5
1002360	5
1002361	5
1002362	6
1002363	6
1002364	6
1002365	6
1002366	6
1002367	6
1002368	6
1002369	6
1002370	7
1002371	7
1002372	6
1002373	9
1002374	9
1002375	9
1002376	10
1002377	10
1002378	8
1002379	7
1002380	7
1002381	6
1002382	5
1002383	4
1002384	3
1002385	4
1002386	4
1002387	4
1002388	4
1002389	4
1002390	4
1002391	4
1002392	4
1002393	3
1002394	3
1002395	3
1002396	3
1002397	2
1002398	1
1002399	1
1002400	1
1002401	1
1002402	1
1002403	1
1002404	1
1002405	0
1002406	0
1002407	0
1002408	0
1002409	0
1002410	0
1002411	1
1002412	1
1002413	1
1002414	1
1002415	1
1002416	1
1002417	1
1002418	1
1002419	1
1002420	2
1002421	3
1002422	3
1002423	3
1002424	3
1002425	3
1002426	3
1002427	3
1002428	2
1002429	2
1002430	3
1002431	3
1002432	3
1002433	3
1002434	3
1002435	3
1002436	3
1002437	4
1002438	4
1002439	4
1002440	4
1002441	2
1002442	2
1002443	2
1002444	2
1002445	2
1002446	3
1002447	3
1002448	3
1002449	3
1002450	3
1002451	3
1002452	3
1002453	3
1002454	3
1002455	3
1002456	3
1002457	3
1002458	3
1002459	4
1002460	4
1002461	4
1002462	4
1002463	4
1002464	4
1002465	3
1002466	2
1002467	2
1002468	3
1002469	3
1002470	3
1002471	3
1002472	4
1002473	4
1002474	4
1002475	4
1002476	4
1002477	3
1002478	2
1002479	3
1002480	3
1002481	3
1002482	3
1002483	3
1002484	3
1002485	3
1002486	3
1002487	3
1002488	3
1002489	3
1002490	2
1002491	2
1002492	2
1002493	2
1002494	1
1002495	1
1002496	2
1002497	2
1002498	1
1002499	2
1002500	3
1002501	3
1002502	3
1002503	3
1002504	3
1002505	3
1002506	4
1002507	5
1002508	5
1002509	5
1002510	5
1002511	6
1002512	4
1002513	4
1002514	4
1002515	4
1002516	4
1002517	4
1002518	5
1002519	5
1002520	5
1002521	5
1002522	5
1002523	5
1002524	5
1002525	5
1002526	5
1002527	5
1002528	5
1002529	4
1002530	4
1002531	4
1002532	4
1002533	3
1002534	3
1002535	2
1002536	2
1002537	4
1002538	4
1002539	4
1002540	4
1002541	5
1002542	5
1002543	5
1002544	5
1002545	5
1002546	5
1002547	5
1002548	5
1002549	5
1002550	5
1002551	5
1002552	5
1002553	6
1002554	6
1002555	6
1002556	4
1002557	4
1002558	4
1002559	4
1002560	3
1002561	3
1002562	3
1002563	5
1002564	5
1002565	5
1002566	5
1002567	5
1002568	5
1002569	6
1002570	6
1002571	6
1002572	6
1002573	5
1002574	4
1002575	4
1002576	4
1002577	4
1002578	4
1002579	4
1002580	4
1002581	4
1002582	4
1002583	4
1002584	3
1002585	4
1002586	5
1002587	6
1002588	6
1002589	6
1002590	6
1002591	6
1002592	4
1002593	4
1002594	3
1002595	3
1002596	3
1002597	4
1002598	3
1002599	3
1002600	3
1002601	3
1002602	3
1002603	3
1002604	3
1002605	3
1002606	2
1002607	2
1002608	2
1002609	2
1002610	2
1002611	2
1002612	2
1002613	3
1002614	3
1002615	3
1002616	3
1002617	4
1002618	4
1002619	4
1002620	4
1002621	4
1002622	4
1002623	4
1002624	4
1002625	3
1002626	3
1002627	3
1002628	3
1002629	3
1002630	2
1002631	3
1002632	4
1002633	4
1002634	4
1002635	3
1002636	3
1002637	5
1002638	4
1002639	3
1002640	2
1002641	2
1002642	2
1002643	2
1002644	2
1002645	2
1002646	2
1002647	2
1002648	1
1002649	1
1002650	2
1002651	2
1002652	2
1002653	2
1002654	2
1002655	2
1002656	2
1002657	2
1002658	2
1002659	2
1002660	2
1002661	2
1002662	3
1002663	3
1002664	3
1002665	3
1002666	3
1002667	4
1002668	4
1002669	6
1002670	6
1002671	6
1002672	6
1002673	7
1002674	6
1002675	6
1002676	7
1002677	7
1002678	7
1002679	6
1002680	7
1002681	5
1002682	6
1002683	6
1002684	6
1002685	6
1002686	6
1002687	6
1002688	5
1002689	5
1002690	4
1002691	4
1002692	4
1002693	4
1002694	5
1002695	5
1002696	4
1002697	4
1002698	4
1002699	2
1002700	3
1002701	3
1002702	4
1002703	5
1002704	5
1002705	5
1002706	4
1002707	3
1002708	3
1002709	3
1002710	2
1002711	1
1002712	1
1002713	1
1002714	1
1002715	2
1002716	2
1002717	2
1002718	2
1002719	2
1002720	2
1002721	2
1002722	2
1002723	2
1002724	2
1002725	1
1002726	1
1002727	1
1002728	0
1002729	0
1002730	0
1002731	0
1002732	0
1002733	0
1002734	0
1002735	1
1002736	1
1002737	0
1002738	0
1002739	0
1002740	0
1002741	0
1002742	0
1002743	0
1002744	0
1002745	0
1002746	0
1002747	0
1002748	0
1002749	0
1002750	0
1002751	0
1002752	0
1002753	0
1002754	0
1002755	0
1002756	0
1002757	0
1002758	0
1002759	0
1002760	0
1002761	0
1002762	0
1002763	0
1002764	0
1002765	0
1002766	0
1002767	0
1002768	0
1002769	0
1002770	0
1002771	0
1002772	0
1002773	0
1002774	0
1002775	0
1002776	0
1002777	0
1002778	0
1002779	0
1002780	0
1002781	0
1002782	0
1002783	0
1002784	1
1002785	1
1002786	1
1002787	1
1002788	1
1002789	1
1002790	1
1002791	1
1002792	1
1002793	1
1002794	1
1002795	1
1002796	1
1002797	1
1002798	1
1002799	1
1002800	1
1002801	1
1002802	1
1002803	1
1002804	1
1002805	1
1002806	1
1002807	1
1002808	1
1002809	1
1002810	1
1002811	1
1002812	1
1002813	1
1002814	1
1002815	1
1002816	1
1002817	1
1002818	1
1002819	1
1002820	1
1002821	0
1002822	0
1002823	0
1002824	0
1002825	0
1002826	0
1002827	0
1002828	0
1002829	0
1002830	0
1002831	0
1002832	0
1002833	0
1002834	1
1002835	1
1002836	1
1002837	1
1002838	1
1002839	1
1002840	1
1002841	1
1002842	1
1002843	2
1002844	2
1002845	2
1002846	2
1002847	2
1002848	2
1002849	2
1002850	2
1002851	2
1002852	2
1002853	3
1002854	4
1002855	4
1002856	4
1002857	4
1002858	4
1002859	4
1002860	3
1002861	3
1002862	3
1002863	3
1002864	4
1002865	4
1002866	5
1002867	5
1002868	5
1002869	5
1002870	4
1002871	5
1002872	4
1002873	3
1002874	3
1002875	3
1002876	3
1002877	2
1002878	2
1002879	2
1002880	3
1002881	4
1002882	4
1002883	4
1002884	4
1002885	5
1002886	6
1002887	5
1002888	6
1002889	5
1002890	4
1002891	4
1002892	4
1002893	5
1002894	5
1002895	5
1002896	5
1002897	5
1002898	5
1002899	6
1002900	6
1002901	6
1002902	5
1002903	4
1002904	4
1002905	2
1002906	3
1002907	3
1002908	3
1002909	2
1002910	2
1002911	1
1002912	1
1002913	1
1002914	1
1002915	0
1002916	1
1002917	1
1002918	2
1002919	3
1002920	4
1002921	4
1002922	5
1002923	4
1002924	4
1002925	4
1002926	4
1002927	4
1002928	4
1002929	5
1002930	5
1002931	5
1002932	5
1002933	5
1002934	5
1002935	6
1002936	5
1002937	5
1002938	5
1002939	5
1002940	3
1002941	3
1002942	4
1002943	4
1002944	4
1002945	4
1002946	5
1002947	7
1002948	7
1002949	6
1002950	6
1002951	6
1002952	7
1002953	7
1002954	5
1002955	5
1002956	5
1002957	4
1002958	5
1002959	5
1002960	4
1002961	4
1002962	4
1002963	4
1002964	4
1002965	4
1002966	4
1002967	4
1002968	4
1002969	6
1002970	6
1002971	4
1002972	4
1002973	5
1002974	5
1002975	5
1002976	5
1002977	5
1002978	4
1002979	4
1002980	6
1002981	6
1002982	6
1002983	7
1002984	7
1002985	7
1002986	6
1002987	4
1002988	4
1002989	3
1002990	2
1002991	2
1002992	3
1002993	3
1002994	3
1002995	3
1002996	3
1002997	3
1002998	2
1002999	2
1003000	2
1003001	2
1003002	2
1003003	2
1003004	3
1003005	3
1003006	3
1003007	2
1003008	2
1003009	2
1003010	2
1003011	2
1003012	3
1003013	3
1003014	3
1003015	3
1003016	3
1003017	4
1003018	4
1003019	3
1003020	2
1003021	2
1003022	2
1003023	3
1003024	3
1003025	3
1003026	3
1003027	3
1003028	3
1003029	3
1003030	3
1003031	4
1003032	4
1003033	4
1003034	4
1003035	4
1003036	4
1003037	4
1003038	4
1003039	4
1003040	4
1003041	4
1003042	4
1003043	6
1003044	7
1003045	7
1003046	8
1003047	8
1003048	8
1003049	6
1003050	6
1003051	6
1003052	5
1003053	4
1003054	3
1003055	3
1003056	3
1003057	4
1003058	3
1003059	3
1003060	3
1003061	3
1003062	3
1003063	4
1003064	3
1003065	3
1003066	3
1003067	3
1003068	3
1003069	2
1003070	2
1003071	2
1003072	2
1003073	2
1003074	2
1003075	2
1003076	2
1003077	3
1003078	3
1003079	4
1003080	4
1003081	5
1003082	5
1003083	5
1003084	5
1003085	5
1003086	5
1003087	4
1003088	4
1003089	4
1003090	5
1003091	5
1003092	5
1003093	6
1003094	6
1003095	6
1003096	7
1003097	6
1003098	5
1003099	5
1003100	5
1003101	5
1003102	5
1003103	5
1003104	5
1003105	5
1003106	5
1003107	3
1003108	3
1003109	4
1003110	4
1003111	6
1003112	7
1003113	7
1003114	7
1003115	6
1003116	4
1003117	3
1003118	4
1003119	4
1003120	3
1003121	3
1003122	3
1003123	4
1003124	4
1003125	4
1003126	4
1003127	4
1003128	4
1003129	4
1003130	5
1003131	5
1003132	5
1003133	5
1003134	5
1003135	7
1003136	5
1003137	5
1003138	5
1003139	5
1003140	5
1003141	5
1003142	5
1003143	5
1003144	5
1003145	5
1003146	5
1003147	4
1003148	4
1003149	5
1003150	4
1003151	3
1003152	3
1003153	3
1003154	3
1003155	3
1003156	3
1003157	2
1003158	2
1003159	2
1003160	2
1003161	2
1003162	3
1003163	3
1003164	3
1003165	3
1003166	3
1003167	4
1003168	3
1003169	3
1003170	3
1003171	3
1003172	3
1003173	4
1003174	4
1003175	3
1003176	3
1003177	3
1003178	3
1003179	4
1003180	4
1003181	3
1003182	3
1003183	3
1003184	3
1003185	2
1003186	2
1003187	3
1003188	3
1003189	4
1003190	4
1003191	4
1003192	4
1003193	3
1003194	4
1003195	4
1003196	4
1003197	4
1003198	3
1003199	3
1003200	2
1003201	1
1003202	1
1003203	1
1003204	1
1003205	1
1003206	1
1003207	1
1003208	1
1003209	1
1003210	1
1003211	1
1003212	1
1003213	2
1003214	2
1003215	2
1003216	2
1003217	1
1003218	1
1003219	2
1003220	2
1003221	2
1003222	2
1003223	3
1003224	3
1003225	3
1003226	3
1003227	3
1003228	4
1003229	4
1003230	4
1003231	5
1003232	5
1003233	5
1003234	5
1003235	5
1003236	4
1003237	4
1003238	5
1003239	5
1003240	5
1003241	5
1003242	5
1003243	5
1003244	5
1003245	5
1003246	6
1003247	6
1003248	4
1003249	4
1003250	4
1003251	4
1003252	4
1003253	4
1003254	4
1003255	4
1003256	4
1003257	4
1003258	3
1003259	3
1003260	4
1003261	5
1003262	5
1003263	5
1003264	5
1003265	5
1003266	5
1003267	4
1003268	5
1003269	3
1003270	2
1003271	2
1003272	2
1003273	2
1003274	2
1003275	2
1003276	3
1003277	3
1003278	2
1003279	3
1003280	3
1003281	3
1003282	3
1003283	3
1003284	4
1003285	3
1003286	3
1003287	4
1003288	4
1003289	4
1003290	4
1003291	4
1003292	4
1003293	3
1003294	3
1003295	4
1003296	4
1003297	4
1003298	4
1003299	4
1003300	3
1003301	3
1003302	3
1003303	4
1003304	5
1003305	5
1003306	5
1003307	4
1003308	6
1003309	7
1003310	7
1003311	7
1003312	8
1003313	8
1003314	6
1003315	6
1003316	6
1003317	6
1003318	5
1003319	4
1003320	4
1003321	4
1003322	4
1003323	5
1003324	5
1003325	4
1003326	3
1003327	3
1003328	3
1003329	2
1003330	5
1003331	5
1003332	5
1003333	5
1003334	5
1003335	5
1003336	5
1003337	4
1003338	4
1003339	5
1003340	5
1003341	5
1003342	5
1003343	6
1003344	6
1003345	5
1003346	4
1003347	3
1003348	3
1003349	1
1003350	1
1003351	1
1003352	1
1003353	1
1003354	1
1003355	2
1003356	2
1003357	2
1003358	2
1003359	2
1003360	4
1003361	4
1003362	4
1003363	7
1003364	6
1003365	6
1003366	6
1003367	6
1003368	5
1003369	3
1003370	3
1003371	3
1003372	3
1003373	3
1003374	4
1003375	4
1003376	4
1003377	3
1003378	2
1003379	2
1003380	2
1003381	1
1003382	2
1003383	2
1003384	2
1003385	2
1003386	3
1003387	1
1003388	1
1003389	1
1003390	1
1003391	1
1003392	1
1003393	0
1003394	0
1003395	0
1003396	0
1003397	1
1003398	1
1003399	1
1003400	1
1003401	2
1003402	1
1003403	0
1003404	0
1003405	0
1003406	0
1003407	0
1003408	0
1003409	1
1003410	1
1003411	1
1003412	1
1003413	1
1003414	1
1003415	1
1003416	1
1003417	0
1003418	0
1003419	0
1003420	1
1003421	1
1003422	1
1003423	1
1003424	1
1003425	1
1003426	1
1003427	0
1003428	0
1003429	0
1003430	0
1003431	0
1003432	0
1003433	0
1003434	0
1003435	0
1003436	0
1003437	0
1003438	0
1003439	0
1003440	0
1003441	0
1003442	0
1003443	0
1003444	0
1003445	0
1003446	0
1003447	0
1003448	0
1003449	0
1003450	0
1003451	0
1003452	0
1003453	0
1003454	0
1003455	0
1003456	0
1003457	0
1003458	0
1003459	0
1003460	0
1003461	1
1003462	1
1003463	1
1003464	1
1003465	1
1003466	0
1003467	1
1003468	1
1003469	1
1003470	1
1003471	1
1003472	1
1003473	1
1003474	1
1003475	1
1003476	1
1003477	1
1003478	1
1003479	1
1003480	1
1003481	1
1003482	1
1003483	1
1003484	1
1003485	1
1003486	1
1003487	1
1003488	1
1003489	1
1003490	1
1003491	1
1003492	1
1003493	1
1003494	1
1003495	1
1003496	1
1003497	1
1003498	1
1003499	1
1003500	1
1003501	1
1003502	1
1003503	1
1003504	1
1003505	1
1003506	1
1003507	1
1003508	1
1003509	1
1003510	1
1003511	1
1003512	1
1003513	0
1003514	1
1003515	1
1003516	1
1003517	1
1003518	1
1003519	1
1003520	1
1003521	1
1003522	1
1003523	1
1003524	1
1003525	2
1003526	3
1003527	3
1003528	2
1003529	2
1003530	2
1003531	2
1003532	2
1003533	1
1003534	1
1003535	1
1003536	1
1003537	1
1003538	1
1003539	1
1003540	1
1003541	1
1003542	1
1003543	1
1003544	1
1003545	1
1003546	1
1003547	1
1003548	1
1003549	1
1003550	1
1003551	1
1003552	1
1003553	1
1003554	2
1003555	2
1003556	2
1003557	2
1003558	2
1003559	2
1003560	2
1003561	1
1003562	2
1003563	2
1003564	2
1003565	2
1003566	2
1003567	3
1003568	3
1003569	3
1003570	3
1003571	2
1003572	2
1003573	2
1003574	2
1003575	2
1003576	5
1003577	5
1003578	5
1003579	5
1003580	5
1003581	5
1003582	3
1003583	3
1003584	3
1003585	3
1003586	2
1003587	1
1003588	1
1003589	1
1003590	1
1003591	1
1003592	1
1003593	1
1003594	1
1003595	1
1003596	1
1003597	1
1003598	2
1003599	2
1003600	2
1003601	2
1003602	2
1003603	2
1003604	2
1003605	3
1003606	4
1003607	4
1003608	4
1003609	4
1003610	4
1003611	4
1003612	4
1003613	4
1003614	4
1003615	4
1003616	4
1003617	5
1003618	4
1003619	4
1003620	4
1003621	4
1003622	3
1003623	3
1003624	3
1003625	2
1003626	2
1003627	3
1003628	3
1003629	3
1003630	2
1003631	3
1003632	3
1003633	3
1003634	3
1003635	3
1003636	3
1003637	3
1003638	3
1003639	3
1003640	3
1003641	2
1003642	3
1003643	2
1003644	2
1003645	2
1003646	2
1003647	2
1003648	2
1003649	2
1003650	1
1003651	1
1003652	1
1003653	1
1003654	1
1003655	1
1003656	2
1003657	3
1003658	3
1003659	3
1003660	4
1003661	4
1003662	4
1003663	4
1003664	5
1003665	4
1003666	4
1003667	4
1003668	4
1003669	4
1003670	4
1003671	4
1003672	4
1003673	5
1003674	5
1003675	4
1003676	4
1003677	5
1003678	4
1003679	5
1003680	5
1003681	4
1003682	4
1003683	3
1003684	4
1003685	3
1003686	2
1003687	2
1003688	2
1003689	1
1003690	1
1003691	1
1003692	1
1003693	1
1003694	1
1003695	1
1003696	1
1003697	0
1003698	0
1003699	0
1003700	1
1003701	1
1003702	1
1003703	1
1003704	1
1003705	1
1003706	2
1003707	2
1003708	2
1003709	2
1003710	2
1003711	4
1003712	4
1003713	4
1003714	4
1003715	2
1003716	1
1003717	1
1003718	1
1003719	1
1003720	1
1003721	0
1003722	1
1003723	1
1003724	1
1003725	1
1003726	1
1003727	1
1003728	0
1003729	0
1003730	0
1003731	0
1003732	1
1003733	1
1003734	1
1003735	1
1003736	1
1003737	1
1003738	1
1003739	1
1003740	2
1003741	2
1003742	2
1003743	2
1003744	2
1003745	2
1003746	3
1003747	3
1003748	2
1003749	2
1003750	2
1003751	2
1003752	2
1003753	2
1003754	1
1003755	2
1003756	2
1003757	2
1003758	2
1003759	2
1003760	2
1003761	2
1003762	2
1003763	1
1003764	1
1003765	1
1003766	1
1003767	1
1003768	1
1003769	1
1003770	1
1003771	3
1003772	3
1003773	3
1003774	3
1003775	3
1003776	3
1003777	3
1003778	3
1003779	3
1003780	3
1003781	3
1003782	2
1003783	2
1003784	2
1003785	1
1003786	0
1003787	0
1003788	0
1003789	0
1003790	0
1003791	0
1003792	0
1003793	1
1003794	1
1003795	1
1003796	1
1003797	1
1003798	1
1003799	1
1003800	1
1003801	1
1003802	1
1003803	1
1003804	1
1003805	1
1003806	1
1003807	2
1003808	1
1003809	1
1003810	1
1003811	1
1003812	1
1003813	1
1003814	1
1003815	1
1003816	2
1003817	2
1003818	2
1003819	2
1003820	2
1003821	3
1003822	2
1003823	1
1003824	1
1003825	2
1003826	2
1003827	2
1003828	2
1003829	2
1003830	2
1003831	2
1003832	1
1003833	1
1003834	3
1003835	3
1003836	3
1003837	4
1003838	4
1003839	4
1003840	5
1003841	5
1003842	5
1003843	4
1003844	4
1003845	4
1003846	5
1003847	5
1003848	5
1003849	5
1003850	5
1003851	5
1003852	5
1003853	5
1003854	6
1003855	6
1003856	5
1003857	4
1003858	4
1003859	4
1003860	4
1003861	5
1003862	5
1003863	5
1003864	5
1003865	5
1003866	4
1003867	3
1003868	3
1003869	3
1003870	2
1003871	2
1003872	2
1003873	2
1003874	2
1003875	2
1003876	2
1003877	2
1003878	2
1003879	2
1003880	2
1003881	3
1003882	3
1003883	3
1003884	2
1003885	2
1003886	2
1003887	2
1003888	2
1003889	2
1003890	2
1003891	1
1003892	2
1003893	2
1003894	2
1003895	2
1003896	2
1003897	2
1003898	2
1003899	1
1003900	1
1003901	1
1003902	1
1003903	1
1003904	1
1003905	1
1003906	1
1003907	1
1003908	1
1003909	1
1003910	1
1003911	3
1003912	4
1003913	4
1003914	4
1003915	3
1003916	3
1003917	3
1003918	3
1003919	3
1003920	3
1003921	3
1003922	3
1003923	3
1003924	3
1003925	3
1003926	3
1003927	2
1003928	2
1003929	2
1003930	2
1003931	2
1003932	2
1003933	2
1003934	2
1003935	2
1003936	2
1003937	3
1003938	2
1003939	2
1003940	2
1003941	2
1003942	2
1003943	2
1003944	2
1003945	2
1003946	1
1003947	1
1003948	2
1003949	2
1003950	2
1003951	2
1003952	2
1003953	2
1003954	2
1003955	2
1003956	2
1003957	3
1003958	3
1003959	3
1003960	3
1003961	3
1003962	3
1003963	3
1003964	3
1003965	3
1003966	3
1003967	3
1003968	3
1003969	3
1003970	4
1003971	3
1003972	3
1003973	3
1003974	3
1003975	3
1003976	3
1003977	3
1003978	4
1003979	3
1003980	3
1003981	3
1003982	3
1003983	3
1003984	3
1003985	4
1003986	4
1003987	3
1003988	3
1003989	3
1003990	3
1003991	2
1003992	2
1003993	2
1003994	2
1003995	2
1003996	1
1003997	1
1003998	1
1003999	1
1004000	1
1004001	1
1004002	1
1004003	1
1004004	1
1004005	1
1004006	0
1004007	0
1004008	0
1004009	0
1004010	0
1004011	1
1004012	1
1004013	2
1004014	2
1004015	2
1004016	2
1004017	2
1004018	2
1004019	2
1004020	1
1004021	1
1004022	1
1004023	1
1004024	3
1004025	3
1004026	4
1004027	4
1004028	4
1004029	4
1004030	3
1004031	3
1004032	4
1004033	4
1004034	4
1004035	4
1004036	4
1004037	3
1004038	3
1004039	3
1004040	3
1004041	3
1004042	3
1004043	3
1004044	3
1004045	3
1004046	3
1004047	3
1004048	4
1004049	4
1004050	4
1004051	4
1004052	4
1004053	4
1004054	4
1004055	3
1004056	3
1004057	1
1004058	2
1004059	2
1004060	2
1004061	2
1004062	2
1004063	2
1004064	3
1004065	3
1004066	3
1004067	2
1004068	3
1004069	3
1004070	4
1004071	4
1004072	4
1004073	4
1004074	4
1004075	4
1004076	4
1004077	4
1004078	4
1004079	3
1004080	4
1004081	4
1004082	4
1004083	4
1004084	3
1004085	3
1004086	4
1004087	4
1004088	4
1004089	5
1004090	5
1004091	5
1004092	5
1004093	6
1004094	7
1004095	7
1004096	7
1004097	7
1004098	7
1004099	6
1004100	4
1004101	4
1004102	4
1004103	3
1004104	3
1004105	3
1004106	4
1004107	4
1004108	4
1004109	4
1004110	5
1004111	4
1004112	4
1004113	4
1004114	4
1004115	5
1004116	5
1004117	5
1004118	5
1004119	6
1004120	6
1004121	6
1004122	6
1004123	6
1004124	4
1004125	5
1004126	5
1004127	6
1004128	6
1004129	6
1004130	7
1004131	7
1004132	7
1004133	7
1004134	7
1004135	7
1004136	5
1004137	4
1004138	4
1004139	4
1004140	4
1004141	4
1004142	4
1004143	4
1004144	4
1004145	4
1004146	4
1004147	4
1004148	4
1004149	4
1004150	3
1004151	3
1004152	3
1004153	2
1004154	3
1004155	2
1004156	2
1004157	2
1004158	2
1004159	2
1004160	2
1004161	3
1004162	3
1004163	4
1004164	4
1004165	5
1004166	5
1004167	5
1004168	5
1004169	5
1004170	5
1004171	6
1004172	6
1004173	6
1004174	6
1004175	5
1004176	5
1004177	5
1004178	5
1004179	4
1004180	4
1004181	4
1004182	4
1004183	4
1004184	4
1004185	3
1004186	2
1004187	2
1004188	2
1004189	2
1004190	2
1004191	2
1004192	2
1004193	2
1004194	2
1004195	3
1004196	3
1004197	4
1004198	4
1004199	3
1004200	3
1004201	3
1004202	3
1004203	3
1004204	3
1004205	2
1004206	2
1004207	2
1004208	2
1004209	3
1004210	2
1004211	2
1004212	3
1004213	3
1004214	3
1004215	3
1004216	2
1004217	1
1004218	1
1004219	1
1004220	1
1004221	1
1004222	1
1004223	1
1004224	1
1004225	1
1004226	1
1004227	1
1004228	2
1004229	2
1004230	2
1004231	1
1004232	1
1004233	1
1004234	1
1004235	1
1004236	2
1004237	3
1004238	4
1004239	5
1004240	5
1004241	6
1004242	6
1004243	5
1004244	5
1004245	4
1004246	4
1004247	4
1004248	4
1004249	4
1004250	3
1004251	2
1004252	2
1004253	2
1004254	2
1004255	2
1004256	2
1004257	2
1004258	2
1004259	2
1004260	2
1004261	2
1004262	2
1004263	2
1004264	1
1004265	1
1004266	1
1004267	1
1004268	1
1004269	1
1004270	1
1004271	1
1004272	1
1004273	1
1004274	1
1004275	1
1004276	0
1004277	0
1004278	0
1004279	0
1004280	0
1004281	2
1004282	2
1004283	2
1004284	2
1004285	3
1004286	3
1004287	3
1004288	4
1004289	4
1004290	3
1004291	2
1004292	2
1004293	2
1004294	2
1004295	2
1004296	2
1004297	2
1004298	3
1004299	3
1004300	3
1004301	3
1004302	4
1004303	2
1004304	2
1004305	2
1004306	2
1004307	1
1004308	2
1004309	3
1004310	3
1004311	3
1004312	4
1004313	3
1004314	3
1004315	1
1004316	3
1004317	3
1004318	3
1004319	3
1004320	3
1004321	3
1004322	3
1004323	1
1004324	1
1004325	1
1004326	1
1004327	1
1004328	1
1004329	1
1004330	1
1004331	1
1004332	1
1004333	1
1004334	1
1004335	1
1004336	0
1004337	0
1004338	0
1004339	0
1004340	0
1004341	0
1004342	0
1004343	0
1004344	0
1004345	0
1004346	0
1004347	0
1004348	0
1004349	0
1004350	0
1004351	0
1004352	1
1004353	1
1004354	1
1004355	1
1004356	1
1004357	1
1004358	2
1004359	2
1004360	1
1004361	2
1004362	2
1004363	2
1004364	2
1004365	2
1004366	2
1004367	2
1004368	2
1004369	2
1004370	2
1004371	2
1004372	2
1004373	2
1004374	2
1004375	2
1004376	1
1004377	1
1004378	1
1004379	1
1004380	1
1004381	1
1004382	0
1004383	0
1004384	0
1004385	0
1004386	0
1004387	0
1004388	0
1004389	0
1004390	0
1004391	1
1004392	1
1004393	1
1004394	1
1004395	1
1004396	1
1004397	1
1004398	1
1004399	1
1004400	1
1004401	1
1004402	1
1004403	1
1004404	2
1004405	2
1004406	1
1004407	1
1004408	2
1004409	2
1004410	2
1004411	3
1004412	3
1004413	3
1004414	2
1004415	2
1004416	3
1004417	3
1004418	3
1004419	3
1004420	3
1004421	3
1004422	3
1004423	3
1004424	4
1004425	4
1004426	4
1004427	4
1004428	5
1004429	5
1004430	6
1004431	7
1004432	7
1004433	8
1004434	9
1004435	9
1004436	9
1004437	8
1004438	7
1004439	7
1004440	7
1004441	6
1004442	6
1004443	6
1004444	7
1004445	8
1004446	9
1004447	8
1004448	7
1004449	7
1004450	6
1004451	6
1004452	6
1004453	6
1004454	6
1004455	6
1004456	5
1004457	5
1004458	5
1004459	5
1004460	5
1004461	5
1004462	5
1004463	4
1004464	6
1004465	6
1004466	6
1004467	7
1004468	9
1004469	9
1004470	8
1004471	8
1004472	9
1004473	7
1004474	6
1004475	6
1004476	6
1004477	6
1004478	5
1004479	5
1004480	5
1004481	6
1004482	6
1004483	5
1004484	4
1004485	5
1004486	5
1004487	5
1004488	5
1004489	5
1004490	5
1004491	4
1004492	5
1004493	5
1004494	5
1004495	5
1004496	4
1004497	4
1004498	4
1004499	4
1004500	4
1004501	4
1004502	4
1004503	4
1004504	3
1004505	3
1004506	3
1004507	3
1004508	2
1004509	2
1004510	2
1004511	2
1004512	3
1004513	2
1004514	2
1004515	3
1004516	4
1004517	4
1004518	4
1004519	4
1004520	4
1004521	4
1004522	4
1004523	4
1004524	4
1004525	4
1004526	4
1004527	6
1004528	6
1004529	6
1004530	6
1004531	7
1004532	6
1004533	6
1004534	6
1004535	5
1004536	8
1004537	9
1004538	9
1004539	9
1004540	8
1004541	7
1004542	8
1004543	7
1004544	8
1004545	8
1004546	7
1004547	8
1004548	8
1004549	7
1004550	7
1004551	7
1004552	6
1004553	6
1004554	4
1004555	4
1004556	4
1004557	4
1004558	5
1004559	5
1004560	5
1004561	5
1004562	6
1004563	6
1004564	5
1004565	4
1004566	5
1004567	4
1004568	5
1004569	6
1004570	6
1004571	7
1004572	6
1004573	5
1004574	5
1004575	4
1004576	4
1004577	3
1004578	3
1004579	4
1004580	4
1004581	4
1004582	5
1004583	5
1004584	4
1004585	4
1004586	4
1004587	5
1004588	4
1004589	4
1004590	4
1004591	4
1004592	4
1004593	5
1004594	5
1004595	5
1004596	5
1004597	3
1004598	4
1004599	4
1004600	4
1004601	4
1004602	3
1004603	4
1004604	4
1004605	4
1004606	6
1004607	6
1004608	6
1004609	6
1004610	6
1004611	5
1004612	5
1004613	3
1004614	3
1004615	2
1004616	2
1004617	2
1004618	2
1004619	2
1004620	2
1004621	3
1004622	3
1004623	3
1004624	3
1004625	3
1004626	5
1004627	5
1004628	5
1004629	6
1004630	6
1004631	6
1004632	7
1004633	7
1004634	7
1004635	6
1004636	5
1004637	5
1004638	5
1004639	4
1004640	4
1004641	3
1004642	3
1004643	3
1004644	3
1004645	3
1004646	2
1004647	3
1004648	3
1004649	4
1004650	4
1004651	4
1004652	4
1004653	4
1004654	3
1004655	4
1004656	4
1004657	4
1004658	3
1004659	3
1004660	5
1004661	5
1004662	5
1004663	5
1004664	5
1004665	4
1004666	5
1004667	5
1004668	4
1004669	4
1004670	4
1004671	4
1004672	2
1004673	2
1004674	3
1004675	3
1004676	2
1004677	2
1004678	2
1004679	2
1004680	3
1004681	3
1004682	4
1004683	4
1004684	4
1004685	4
1004686	4
1004687	2
1004688	3
1004689	3
1004690	3
1004691	3
1004692	2
1004693	2
1004694	2
1004695	2
1004696	2
1004697	2
1004698	2
1004699	2
1004700	2
1004701	2
1004702	2
1004703	3
1004704	3
1004705	3
1004706	3
1004707	3
1004708	3
1004709	3
1004710	3
1004711	3
1004712	2
1004713	2
1004714	2
1004715	2
1004716	2
1004717	1
1004718	1
1004719	1
1004720	1
1004721	2
1004722	2
1004723	3
1004724	3
1004725	3
1004726	4
1004727	5
1004728	6
1004729	6
1004730	5
1004731	5
1004732	5
1004733	5
1004734	5
1004735	5
1004736	4
1004737	4
1004738	3
1004739	4
1004740	4
1004741	5
1004742	5
1004743	5
1004744	4
1004745	3
1004746	2
1004747	2
1004748	2
1004749	2
1004750	2
1004751	2
1004752	3
1004753	3
1004754	4
1004755	4
1004756	4
1004757	3
1004758	3
1004759	3
1004760	2
1004761	2
1004762	2
1004763	2
1004764	2
1004765	2
1004766	2
1004767	2
1004768	3
1004769	3
1004770	3
1004771	4
1004772	3
1004773	3
1004774	4
1004775	4
1004776	4
1004777	3
1004778	3
1004779	3
1004780	3
1004781	2
1004782	2
1004783	2
1004784	1
1004785	1
1004786	1
1004787	2
1004788	1
1004789	2
1004790	2
1004791	2
1004792	2
1004793	2
1004794	2
1004795	0
1004796	0
1004797	0
1004798	0
1004799	0
1004800	1
1004801	1
1004802	1
1004803	1
1004804	1
1004805	1
1004806	1
1004807	2
1004808	2
1004809	3
1004810	4
1004811	4
1004812	4
1004813	4
1004814	4
1004815	4
1004816	5
1004817	5
1004818	5
1004819	5
1004820	5
1004821	5
1004822	5
1004823	5
1004824	5
1004825	3
1004826	3
1004827	3
1004828	3
1004829	3
1004830	3
1004831	3
1004832	3
1004833	3
1004834	4
1004835	4
1004836	4
1004837	4
1004838	4
1004839	4
1004840	4
1004841	4
1004842	4
1004843	4
1004844	4
1004845	4
1004846	4
1004847	4
1004848	4
1004849	4
1004850	5
1004851	5
1004852	4
1004853	4
1004854	4
1004855	4
1004856	3
1004857	3
1004858	3
1004859	3
1004860	3
1004861	3
1004862	3
1004863	3
1004864	2
1004865	2
1004866	2
1004867	2
1004868	2
1004869	2
1004870	2
1004871	2
1004872	2
1004873	2
1004874	2
1004875	2
1004876	2
1004877	2
1004878	2
1004879	2
1004880	2
1004881	1
1004882	2
1004883	2
1004884	2
1004885	2
1004886	2
1004887	2
1004888	2
1004889	2
1004890	2
1004891	2
1004892	1
1004893	1
1004894	1
1004895	1
1004896	1
1004897	1
1004898	0
1004899	0
1004900	0
1004901	0
1004902	0
1004903	0
1004904	0
1004905	1
1004906	1
1004907	1
1004908	1
1004909	1
1004910	1
1004911	1
1004912	1
1004913	1
1004914	0
1004915	0
1004916	0
1004917	0
1004918	0
1004919	0
1004920	0
1004921	0
1004922	0
1004923	2
1004924	2
1004925	2
1004926	2
1004927	2
1004928	1
1004929	1
1004930	2
1004931	2
1004932	2
1004933	2
1004934	2
1004935	2
1004936	2
1004937	2
1004938	2
1004939	2
1004940	2
1004941	1
1004942	1
1004943	1
1004944	1
1004945	1
1004946	1
1004947	1
1004948	1
1004949	2
1004950	3
1004951	3
1004952	2
1004953	2
1004954	2
1004955	2
1004956	3
1004957	3
1004958	3
1004959	3
1004960	3
1004961	2
1004962	2
1004963	2
1004964	2
1004965	2
1004966	2
1004967	2
1004968	2
1004969	2
1004970	2
1004971	2
1004972	3
1004973	3
1004974	1
1004975	1
1004976	1
1004977	1
1004978	1
1004979	0
1004980	0
1004981	0
1004982	0
1004983	1
1004984	1
1004985	1
1004986	1
1004987	2
1004988	2
1004989	2
1004990	2
1004991	2
1004992	1
1004993	1
1004994	1
1004995	1
1004996	1
1004997	2
1004998	2
1004999	2
1005000	2
1005001	3
1005002	3
1005003	3
1005004	3
1005005	3
1005006	2
1005007	1
1005008	1
1005009	1
1005010	1
1005011	1
1005012	1
1005013	1
1005014	1
1005015	1
1005016	1
1005017	1
1005018	1
1005019	1
1005020	1
1005021	1
1005022	0
1005023	0
1005024	1
1005025	1
1005026	1
1005027	1
1005028	1
1005029	2
1005030	1
1005031	1
1005032	1
1005033	1
1005034	1
1005035	1
1005036	1
1005037	1
1005038	1
1005039	1
1005040	1
1005041	1
1005042	1
1005043	1
1005044	1
1005045	0
1005046	0
1005047	0
1005048	0
1005049	1
1005050	1
1005051	1
1005052	1
1005053	1
1005054	1
1005055	1
1005056	1
1005057	1
1005058	1
1005059	1
1005060	1
1005061	1
1005062	1
1005063	1
1005064	1
1005065	1
1005066	1
1005067	1
1005068	1
1005069	1
1005070	1
1005071	2
1005072	2
1005073	2
1005074	2
1005075	2
1005076	2
1005077	2
1005078	2
1005079	2
1005080	2
1005081	1
1005082	2
1005083	2
1005084	2
1005085	1
1005086	1
1005087	1
1005088	1
1005089	1
1005090	1
1005091	1
1005092	1
1005093	2
1005094	2
1005095	2
1005096	2
1005097	2
1005098	2
1005099	2
1005100	1
1005101	1
1005102	2
1005103	2
1005104	2
1005105	2
1005106	2
1005107	2
1005108	2
1005109	1
1005110	0
1005111	0
