1001110	1
1001111	1
1001112	1
1001113	1
1001114	1
1001115	1
1001116	1
1001117	1
1001118	1
1001119	1
1001120	1
1001121	1
1001122	0
1001123	0
1001124	0
1001125	0
1001126	0
1001127	0
1001128	0
1001129	0
1001130	0
1001131	0
1001132	0
1001133	0
1001134	0
1001135	0
1001136	0
1001137	0
1001138	0
1001139	0
1001140	0
1001141	0
1001142	0
1001143	0
1001144	0
1001145	0
1001146	0
1001147	0
1001148	0
1001149	0
1001150	0
1001151	0
1001152	0
1001153	0
1001154	0
1001155	0
1001156	0
1001157	0
1001158	0
1001159	0
1001160	0
1001161	0
1001162	0
1001163	0
1001164	0
1001165	0
1001166	0
1001167	0
1001168	0
1001169	0
1001170	0
1001171	0
1001172	0
1001173	0
1001174	0
1001175	0
1001176	0
1001177	0
1001178	0
1001179	0
1001180	0
1001181	0
1001182	0
1001183	0
1001184	0
1001185	0
1001186	0
1001187	0
1001188	0
1001189	0
1001190	0
1001191	0
1001192	0
1001193	0
1001194	0
1001195	0
1001196	0
1001197	0
1001198	0
1001199	0
1001200	1
1001201	1
1001202	1
1001203	1
1001204	1
1001205	1
1001206	1
1001207	1
1001208	1
1001209	0
1001210	0
1001211	0
1001212	0
1001213	0
1001214	0
1001215	0
1001216	0
1001217	0
1001218	0
1001219	0
1001220	0
1001221	0
1001222	0
1001223	0
1001224	0
1001225	0
1001226	0
1001227	0
1001228	0
1001229	0
1001230	0
1001231	0
1001232	0
1001233	0
1001234	0
1001235	0
1001236	1
1001237	1
1001238	1
1001239	1
1001240	1
1001241	1
1001242	1
1001243	1
1001244	1
1001245	1
1001246	1
1001247	1
1001248	1
1001249	1
1001250	1
1001251	1
1001252	1
1001253	1
1001254	1
1001255	1
1001256	1
1001257	1
1001258	1
1001259	1
1001260	1
1001261	1
1001262	1
1001263	1
1001264	1
1001265	1
1001266	1
1001267	1
1001268	1
1001269	1
1001270	1
1001271	1
1001272	1
1001273	1
1001274	1
1001275	1
1001276	1
1001277	1
1001278	1
1001279	1
1001280	1
1001281	1
1001282	1
1001283	1
1001284	0
1001285	0
1001286	0
1001287	0
1001288	0
1001289	0
1001290	0
1001291	0
1001292	0
1001293	0
1001294	0
1001295	0
1001296	0
1001297	0
1001298	0
1001299	0
1001300	0
1001301	0
1001302	0
1001303	0
1001304	0
1001305	0
1001306	0
1001307	0
1001308	0
1001309	0
1001310	0
1001311	0
1001312	0
1001313	0
1001314	0
1001315	0
1001316	0
1001317	0
1001318	0
1001319	1
1001320	1
1001321	1
1001322	1
1001323	1
1001324	1
1001325	1
1001326	1
1001327	1
1001328	1
1001329	1
1001330	1
1001331	1
1001332	1
1001333	1
1001334	1
1001335	1
1001336	1
1001337	1
1001338	1
1001339	1
1001340	1
1001341	1
1001342	1
1001343	1
1001344	1
1001345	1
1001346	1
1001347	1
1001348	1
1001349	1
1001350	0
1001351	0
1001352	0
1001353	0
1001354	0
1001355	0
1001356	0
1001357	0
1001358	0
1001359	0
1001360	0
1001361	0
1001362	0
1001363	0
1001364	0
1001365	0
1001366	0
1001367	0
1001368	0
1001369	0
1001370	0
1001371	0
1001372	0
1001373	0
1001374	0
1001375	0
1001376	0
1001377	0
1001378	0
1001379	0
1001380	0
1001381	0
1001382	0
1001383	0
1001384	0
1001385	0
1001386	0
1001387	0
1001388	0
1001389	0
1001390	0
1001391	0
1001392	0
1001393	0
1001394	0
1001395	0
1001396	0
1001397	0
1001398	0
1001399	0
1001400	0
1001401	0
1001402	0
1001403	0
1001404	0
1001405	0
1001406	0
1001407	0
1001408	0
1001409	0
1001410	0
1001411	0
1001412	0
1001413	0
1001414	0
1001415	0
1001416	0
1001417	0
1001418	0
1001419	0
1001420	0
1001421	0
1001422	0
1001423	0
1001424	0
1001425	0
1001426	0
1001427	0
1001428	0
1001429	0
1001430	0
1001431	0
1001432	0
1001433	0
1001434	0
1001435	0
1001436	0
1001437	0
1001438	0
1001439	0
1001440	0
1001441	0
1001442	0
1001443	0
1001444	0
1001445	0
1001446	0
1001447	0
1001448	0
1001449	0
1001450	0
1001451	0
1001452	0
1001453	0
1001454	0
1001455	0
1001456	0
1001457	0
1001458	0
1001459	0
1001460	0
1001461	0
1001462	0
1001463	0
1001464	0
1001465	0
1001466	0
1001467	0
1001468	0
1001469	1
1001470	1
1001471	1
1001472	0
1001473	0
1001474	0
1001475	0
1001476	0
1001477	0
1001478	0
1001479	0
1001480	0
1001481	0
1001482	0
1001483	0
1001484	0
1001485	0
1001486	0
1001487	0
1001488	0
1001489	0
1001490	0
1001491	0
1001492	0
1001493	0
1001494	0
1001495	0
1001496	0
1001497	0
1001498	0
1001499	0
1001500	0
1001501	0
1001502	0
1001503	0
1001504	0
1001505	0
1001506	0
1001507	0
1001508	0
1001509	0
1001510	0
1001511	0
1001512	0
1001513	0
1001514	0
1001515	0
1001516	0
1001517	0
1001518	0
1001519	0
1001520	0
1001521	0
1001522	0
1001523	0
1001524	0
1001525	0
1001526	0
1001527	0
1001528	0
1001529	0
1001530	0
1001531	0
1001532	0
1001533	0
1001534	0
1001535	0
1001536	0
1001537	0
1001538	0
1001539	0
1001540	0
1001541	0
1001542	0
1001543	0
1001544	0
1001545	0
1001546	0
1001547	0
1001548	0
1001549	0
1001550	0
1001551	0
1001552	0
1001553	0
1001554	0
1001555	0
1001556	0
1001557	0
1001558	0
1001559	0
1001560	0
1001561	0
1001562	0
1001563	0
1001564	0
1001565	0
1001566	0
1001567	0
1001568	0
1001569	0
1001570	0
1001571	0
1001572	0
1001573	0
1001574	0
1001575	0
1001576	0
1001577	0
1001578	0
1001579	0
1001580	0
1001581	0
1001582	0
1001583	0
1001584	0
1001585	0
1001586	0
1001587	0
1001588	1
1001589	1
1001590	1
1001591	1
1001592	1
1001593	1
1001594	0
1001595	0
1001596	0
1001597	0
1001598	0
1001599	0
1001600	0
1001601	0
1001602	0
1001603	0
1001604	0
1001605	0
1001606	0
1001607	0
1001608	0
1001609	0
1001610	0
1001611	0
1001612	0
1001613	0
1001614	0
1001615	0
1001616	0
1001617	0
1001618	0
1001619	0
1001620	0
1001621	0
1001622	0
1001623	0
1001624	0
1001625	0
1001626	0
1001627	0
1001628	0
1001629	0
1001630	0
1001631	0
1001632	0
1001633	0
1001634	0
1001635	0
1001636	0
1001637	0
1001638	0
1001639	0
1001640	0
1001641	0
1001642	0
1001643	0
1001644	0
1001645	0
1001646	0
1001647	0
1001648	0
1001649	0
1001650	0
1001651	0
1001652	0
1001653	0
1001654	0
1001655	0
1001656	0
1001657	0
1001658	0
1001659	0
1001660	0
1001661	0
1001662	0
1001663	0
1001664	0
1001665	0
1001666	0
1001667	1
1001668	1
1001669	0
1001670	0
1001671	0
1001672	0
1001673	0
1001674	0
1001675	0
1001676	0
1001677	0
1001678	0
1001679	0
1001680	0
1001681	0
1001682	0
1001683	0
1001684	0
1001685	0
1001686	0
1001687	0
1001688	0
1001689	0
1001690	0
1001691	0
1001692	0
1001693	0
1001694	0
1001695	0
1001696	0
1001697	0
1001698	0
1001699	0
1001700	0
1001701	0
1001702	0
1001703	0
1001704	0
1001705	0
1001706	0
1001707	0
1001708	0
1001709	0
1001710	0
1001711	0
1001712	0
1001713	0
1001714	0
1001715	0
1001716	0
1001717	0
1001718	0
1001719	0
1001720	0
1001721	0
1001722	0
1001723	0
1001724	1
1001725	1
1001726	1
1001727	1
1001728	1
1001729	1
1001730	1
1001731	1
1001732	1
1001733	1
1001734	1
1001735	1
1001736	1
1001737	1
1001738	1
1001739	1
1001740	1
1001741	0
1001742	0
1001743	0
1001744	0
1001745	0
1001746	0
1001747	0
1001748	0
1001749	0
1001750	0
1001751	0
1001752	0
1001753	0
1001754	0
1001755	0
1001756	0
1001757	0
1001758	0
1001759	1
1001760	1
1001761	0
1001762	0
1001763	0
1001764	0
1001765	0
1001766	0
1001767	0
1001768	0
1001769	0
1001770	0
1001771	0
1001772	0
1001773	0
1001774	0
1001775	0
1001776	0
1001777	0
1001778	0
1001779	0
1001780	0
1001781	0
1001782	0
1001783	0
1001784	0
1001785	0
1001786	0
1001787	0
1001788	0
1001789	0
1001790	0
1001791	0
1001792	0
1001793	0
1001794	0
1001795	0
1001796	0
1001797	0
1001798	0
1001799	0
1001800	0
1001801	0
1001802	0
1001803	0
1001804	0
1001805	0
1001806	0
1001807	0
1001808	0
1001809	0
1001810	0
1001811	0
1001812	0
1001813	0
1001814	0
1001815	0
1001816	0
1001817	0
1001818	1
1001819	1
1001820	0
1001821	0
1001822	0
1001823	0
1001824	0
1001825	0
1001826	0
1001827	0
1001828	0
1001829	0
1001830	0
1001831	0
1001832	0
1001833	0
1001834	0
1001835	0
1001836	0
1001837	0
1001838	0
1001839	0
1001840	0
1001841	0
1001842	0
1001843	0
1001844	0
1001845	0
1001846	0
1001847	0
1001848	0
1001849	0
1001850	0
1001851	0
1001852	0
1001853	0
1001854	0
1001855	0
1001856	0
1001857	0
1001858	0
1001859	0
1001860	0
1001861	0
1001862	0
1001863	0
1001864	0
1001865	0
1001866	0
1001867	0
1001868	0
1001869	0
1001870	0
1001871	0
1001872	0
1001873	0
1001874	0
1001875	0
1001876	0
1001877	0
1001878	0
1001879	0
1001880	0
1001881	0
1001882	0
1001883	0
1001884	0
1001885	0
1001886	0
1001887	0
1001888	0
1001889	0
1001890	0
1001891	0
1001892	0
1001893	0
1001894	0
1001895	0
1001896	0
1001897	0
1001898	0
1001899	0
1001900	0
1001901	0
1001902	0
1001903	0
1001904	0
1001905	0
1001906	0
1001907	0
1001908	0
1001909	0
1001910	0
1001911	0
1001912	0
1001913	0
1001914	0
1001915	0
1001916	0
1001917	0
1001918	0
1001919	0
1001920	0
1001921	0
1001922	0
1001923	0
1001924	0
1001925	0
1001926	0
1001927	0
1001928	0
1001929	0
1001930	0
1001931	0
1001932	0
1001933	0
1001934	0
1001935	0
1001936	0
1001937	0
1001938	0
1001939	0
1001940	0
1001941	0
1001942	0
1001943	0
1001944	0
1001945	0
1001946	0
1001947	0
1001948	0
1001949	0
1001950	0
1001951	0
1001952	0
1001953	0
1001954	0
1001955	0
1001956	0
1001957	0
1001958	0
1001959	0
1001960	0
1001961	0
1001962	0
1001963	0
1001964	0
1001965	0
1001966	0
1001967	0
1001968	0
1001969	0
1001970	0
1001971	0
1001972	0
1001973	0
1001974	0
1001975	0
1001976	0
1001977	0
1001978	0
1001979	0
1001980	0
1001981	0
1001982	0
1001983	0
1001984	0
1001985	0
1001986	0
1001987	0
1001988	0
1001989	0
1001990	0
1001991	0
1001992	0
1001993	0
1001994	0
1001995	0
1001996	0
1001997	0
1001998	0
1001999	0
1002000	0
1002001	0
1002002	0
1002003	0
1002004	0
1002005	0
1002006	0
1002007	0
1002008	0
1002009	0
1002010	0
1002011	0
1002012	0
1002013	0
1002014	0
1002015	0
1002016	0
1002017	0
1002018	0
1002019	0
1002020	0
1002021	0
1002022	0
1002023	0
1002024	0
1002025	0
1002026	0
1002027	0
1002028	0
1002029	0
1002030	0
1002031	0
1002032	0
1002033	0
1002034	0
1002035	0
1002036	0
1002037	0
1002038	0
1002039	0
1002040	0
1002041	0
1002042	0
1002043	0
1002044	0
1002045	0
1002046	0
1002047	0
1002048	0
1002049	0
1002050	0
1002051	0
1002052	0
1002053	0
1002054	0
1002055	0
1002056	0
1002057	0
1002058	0
1002059	0
1002060	0
1002061	0
1002062	0
1002063	0
1002064	0
1002065	0
1002066	0
1002067	0
1002068	0
1002069	0
1002070	0
1002071	0
1002072	0
1002073	0
1002074	0
1002075	0
1002076	0
1002077	0
1002078	0
1002079	0
1002080	0
1002081	0
1002082	0
1002083	0
1002084	0
1002085	0
1002086	0
1002087	0
1002088	0
1002089	0
1002090	0
1002091	0
1002092	0
1002093	0
1002094	0
1002095	0
1002096	0
1002097	0
1002098	0
1002099	0
1002100	0
1002101	0
1002102	0
1002103	0
1002104	0
1002105	0
1002106	0
1002107	0
1002108	0
1002109	0
1002110	0
1002111	0
1002112	0
1002113	0
1002114	0
1002115	0
1002116	0
1002117	0
1002118	0
1002119	0
1002120	0
1002121	0
1002122	0
1002123	0
1002124	0
1002125	0
1002126	0
1002127	0
1002128	0
1002129	0
1002130	0
1002131	0
1002132	0
1002133	0
1002134	0
1002135	0
1002136	0
1002137	0
1002138	0
1002139	0
1002140	0
1002141	0
1002142	0
1002143	0
1002144	0
1002145	0
1002146	0
1002147	0
1002148	0
1002149	0
1002150	0
1002151	0
1002152	0
1002153	0
1002154	0
1002155	0
1002156	0
1002157	0
1002158	0
1002159	0
1002160	0
1002161	0
1002162	0
1002163	0
1002164	0
1002165	0
1002166	0
1002167	0
1002168	0
1002169	0
1002170	0
1002171	0
1002172	0
1002173	0
1002174	0
1002175	0
1002176	0
1002177	0
1002178	1
1002179	1
1002180	1
1002181	0
1002182	0
1002183	1
1002184	1
1002185	1
1002186	1
1002187	1
1002188	1
1002189	0
1002190	0
1002191	0
1002192	0
1002193	0
1002194	0
1002195	0
1002196	0
1002197	0
1002198	0
1002199	0
1002200	0
1002201	0
1002202	0
1002203	0
1002204	0
1002205	0
1002206	0
1002207	1
1002208	2
1002209	2
1002210	2
1002211	1
1002212	1
1002213	1
1002214	1
1002215	2
1002216	2
1002217	1
1002218	1
1002219	2
1002220	1
1002221	1
1002222	1
1002223	0
1002224	0
1002225	0
1002226	0
1002227	0
1002228	0
1002229	0
1002230	0
1002231	0
1002232	0
1002233	0
1002234	0
1002235	0
1002236	0
1002237	0
1002238	0
1002239	0
1002240	0
1002241	0
1002242	0
1002243	1
1002244	1
1002245	1
1002246	1
1002247	0
1002248	1
1002249	1
1002250	1
1002251	0
1002252	0
1002253	0
1002254	0
1002255	0
1002256	0
1002257	0
1002258	0
1002259	0
1002260	0
1002261	0
1002262	0
1002263	0
1002264	0
1002265	0
1002266	0
1002267	0
1002268	0
1002269	0
1002270	0
1002271	0
1002272	0
1002273	0
1002274	0
1002275	0
1002276	0
1002277	0
1002278	0
1002279	0
1002280	0
1002281	0
1002282	0
1002283	0
1002284	0
1002285	0
1002286	0
1002287	0
1002288	0
1002289	0
1002290	0
1002291	0
1002292	0
1002293	0
1002294	0
1002295	0
1002296	0
1002297	0
1002298	0
1002299	0
1002300	0
1002301	0
1002302	0
1002303	0
1002304	0
1002305	0
1002306	0
1002307	0
1002308	0
1002309	0
1002310	0
1002311	0
1002312	0
1002313	0
1002314	0
1002315	0
1002316	0
1002317	0
1002318	0
1002319	0
1002320	0
1002321	0
1002322	0
1002323	0
1002324	0
1002325	0
1002326	0
1002327	0
1002328	0
1002329	0
1002330	0
1002331	0
1002332	0
1002333	0
1002334	0
1002335	0
1002336	0
1002337	0
1002338	0
1002339	0
1002340	0
1002341	0
1002342	0
1002343	0
1002344	0
1002345	0
1002346	0
1002347	0
1002348	0
1002349	0
1002350	0
1002351	0
1002352	0
1002353	0
1002354	0
1002355	0
1002356	0
1002357	0
1002358	0
1002359	0
1002360	0
1002361	1
1002362	1
1002363	1
1002364	1
1002365	1
1002366	1
1002367	0
1002368	0
1002369	0
1002370	1
1002371	1
1002372	1
1002373	1
1002374	1
1002375	1
1002376	1
1002377	1
1002378	2
1002379	2
1002380	2
1002381	2
1002382	2
1002383	2
1002384	2
1002385	2
1002386	2
1002387	1
1002388	1
1002389	1
1002390	1
1002391	1
1002392	1
1002393	1
1002394	0
1002395	0
1002396	0
1002397	0
1002398	0
1002399	0
1002400	0
1002401	0
1002402	0
1002403	0
1002404	0
1002405	0
1002406	0
1002407	0
1002408	0
1002409	0
1002410	0
1002411	0
1002412	0
1002413	0
1002414	0
1002415	0
1002416	0
1002417	0
1002418	0
1002419	0
1002420	0
1002421	0
1002422	0
1002423	0
1002424	0
1002425	0
1002426	0
1002427	0
1002428	0
1002429	0
1002430	0
1002431	0
1002432	0
1002433	0
1002434	0
1002435	0
1002436	0
1002437	0
1002438	0
1002439	0
1002440	0
1002441	0
1002442	0
1002443	0
1002444	0
1002445	0
1002446	0
1002447	0
1002448	0
1002449	0
1002450	0
1002451	0
1002452	0
1002453	0
1002454	0
1002455	0
1002456	0
1002457	1
1002458	1
1002459	1
1002460	1
1002461	1
1002462	1
1002463	1
1002464	1
1002465	1
1002466	1
1002467	1
1002468	2
1002469	2
1002470	2
1002471	2
1002472	2
1002473	2
1002474	2
1002475	2
1002476	2
1002477	1
1002478	1
1002479	1
1002480	1
1002481	1
1002482	1
1002483	1
1002484	1
1002485	1
1002486	1
1002487	1
1002488	1
1002489	1
1002490	1
1002491	0
1002492	0
1002493	0
1002494	0
1002495	0
1002496	1
1002497	1
1002498	1
1002499	1
1002500	1
1002501	1
1002502	1
1002503	1
1002504	1
1002505	1
1002506	1
1002507	1
1002508	1
1002509	1
1002510	1
1002511	1
1002512	1
1002513	1
1002514	1
1002515	1
1002516	1
1002517	1
1002518	1
1002519	1
1002520	1
1002521	1
1002522	1
1002523	1
1002524	1
1002525	1
1002526	1
1002527	1
1002528	1
1002529	1
1002530	1
1002531	1
1002532	0
1002533	0
1002534	0
1002535	0
1002536	0
1002537	0
1002538	0
1002539	0
1002540	0
1002541	0
1002542	0
1002543	0
1002544	0
1002545	0
1002546	0
1002547	0
1002548	0
1002549	0
1002550	0
1002551	0
1002552	0
1002553	0
1002554	0
1002555	0
1002556	0
1002557	0
1002558	0
1002559	0
1002560	0
1002561	0
1002562	0
1002563	0
1002564	0
1002565	0
1002566	0
1002567	0
1002568	0
1002569	0
1002570	0
1002571	0
1002572	0
1002573	0
1002574	0
1002575	0
1002576	0
1002577	0
1002578	0
1002579	0
1002580	0
1002581	0
1002582	0
1002583	0
1002584	0
1002585	0
1002586	0
1002587	0
1002588	0
1002589	0
1002590	0
1002591	0
1002592	0
1002593	0
1002594	0
1002595	0
1002596	0
1002597	1
1002598	1
1002599	1
1002600	1
1002601	1
1002602	1
1002603	1
1002604	1
1002605	1
1002606	1
1002607	1
1002608	1
1002609	1
1002610	1
1002611	1
1002612	1
1002613	1
1002614	1
1002615	1
1002616	1
1002617	1
1002618	1
1002619	1
1002620	1
1002621	1
1002622	1
1002623	1
1002624	0
1002625	0
1002626	1
1002627	1
1002628	1
1002629	1
1002630	1
1002631	1
1002632	1
1002633	1
1002634	1
1002635	1
1002636	1
1002637	1
1002638	1
1002639	1
1002640	1
1002641	1
1002642	1
1002643	1
1002644	1
1002645	1
1002646	1
1002647	1
1002648	1
1002649	1
1002650	1
1002651	1
1002652	1
1002653	1
1002654	1
1002655	0
1002656	0
1002657	0
1002658	1
1002659	1
1002660	1
1002661	0
1002662	0
1002663	0
1002664	0
1002665	0
1002666	0
1002667	0
1002668	0
1002669	0
1002670	0
1002671	0
1002672	0
1002673	0
1002674	0
1002675	0
1002676	0
1002677	0
1002678	0
1002679	0
1002680	0
1002681	0
1002682	0
1002683	0
1002684	0
1002685	0
1002686	0
1002687	0
1002688	0
1002689	0
1002690	0
1002691	0
1002692	0
1002693	0
1002694	0
1002695	0
1002696	0
1002697	0
1002698	0
1002699	0
1002700	0
1002701	0
1002702	0
1002703	0
1002704	0
1002705	0
1002706	0
1002707	0
1002708	0
1002709	0
1002710	0
1002711	1
1002712	1
1002713	1
1002714	2
1002715	2
1002716	2
1002717	2
1002718	2
1002719	2
1002720	1
1002721	0
1002722	0
1002723	0
1002724	0
1002725	0
1002726	1
1002727	1
1002728	1
1002729	1
1002730	1
1002731	1
1002732	1
1002733	1
1002734	1
1002735	1
1002736	1
1002737	1
1002738	1
1002739	1
1002740	1
1002741	1
1002742	1
1002743	1
1002744	1
1002745	1
1002746	1
1002747	1
1002748	1
1002749	1
1002750	1
1002751	1
1002752	1
1002753	1
1002754	1
1002755	1
1002756	1
1002757	1
1002758	1
1002759	1
1002760	1
1002761	1
1002762	1
1002763	1
1002764	1
1002765	1
1002766	1
1002767	1
1002768	1
1002769	1
1002770	1
1002771	1
1002772	1
1002773	1
1002774	0
1002775	0
1002776	0
1002777	0
1002778	0
1002779	0
1002780	0
1002781	0
1002782	0
1002783	0
1002784	0
1002785	0
1002786	0
1002787	0
1002788	0
1002789	0
1002790	0
1002791	0
1002792	0
1002793	0
1002794	0
1002795	0
1002796	0
1002797	0
1002798	0
1002799	0
1002800	0
1002801	0
1002802	0
1002803	0
1002804	0
1002805	0
1002806	0
1002807	0
1002808	0
1002809	0
1002810	0
1002811	0
1002812	0
1002813	0
1002814	0
1002815	0
1002816	0
1002817	0
1002818	0
1002819	0
1002820	0
1002821	0
1002822	0
1002823	0
1002824	0
1002825	0
1002826	1
1002827	1
1002828	1
1002829	1
1002830	1
1002831	1
1002832	1
1002833	1
1002834	1
1002835	1
1002836	1
1002837	1
1002838	1
1002839	1
1002840	1
1002841	1
1002842	1
1002843	1
1002844	1
1002845	1
1002846	1
1002847	1
1002848	1
1002849	1
1002850	1
1002851	1
1002852	1
1002853	1
1002854	1
1002855	1
1002856	1
1002857	1
1002858	0
1002859	0
1002860	0
1002861	0
1002862	1
1002863	1
1002864	1
1002865	1
1002866	1
1002867	1
1002868	1
1002869	1
1002870	1
1002871	1
1002872	1
1002873	0
1002874	0
1002875	0
1002876	0
1002877	0
1002878	0
1002879	0
1002880	0
1002881	0
1002882	0
1002883	0
1002884	0
1002885	0
1002886	0
1002887	0
1002888	0
1002889	0
1002890	0
1002891	0
1002892	0
1002893	0
1002894	0
1002895	0
1002896	0
1002897	0
1002898	0
1002899	0
1002900	0
1002901	0
1002902	0
1002903	0
1002904	0
1002905	0
1002906	0
1002907	0
1002908	0
1002909	0
1002910	0
1002911	0
1002912	0
1002913	0
1002914	0
1002915	0
1002916	0
1002917	0
1002918	0
1002919	0
1002920	0
1002921	0
1002922	0
1002923	0
1002924	0
1002925	0
1002926	0
1002927	0
1002928	0
1002929	0
1002930	0
1002931	0
1002932	0
1002933	0
1002934	0
1002935	0
1002936	0
1002937	1
1002938	1
1002939	1
1002940	1
1002941	1
1002942	1
1002943	1
1002944	1
1002945	1
1002946	1
1002947	0
1002948	0
1002949	0
1002950	0
1002951	0
1002952	0
1002953	0
1002954	0
1002955	0
1002956	0
1002957	0
1002958	0
1002959	0
1002960	0
1002961	0
1002962	0
1002963	0
1002964	0
1002965	0
1002966	0
1002967	0
1002968	0
1002969	0
1002970	0
1002971	0
1002972	0
1002973	0
1002974	0
1002975	0
1002976	0
1002977	0
1002978	0
1002979	0
1002980	0
1002981	0
1002982	0
1002983	0
1002984	0
1002985	0
1002986	0
1002987	0
1002988	0
1002989	0
1002990	0
1002991	0
1002992	0
1002993	0
1002994	0
1002995	0
1002996	0
1002997	0
1002998	0
1002999	0
1003000	0
1003001	0
1003002	0
1003003	0
1003004	0
1003005	0
1003006	0
1003007	0
1003008	0
1003009	0
1003010	0
1003011	0
1003012	0
1003013	0
1003014	0
1003015	0
1003016	0
1003017	0
1003018	0
1003019	0
1003020	0
1003021	0
1003022	0
1003023	0
1003024	0
1003025	0
1003026	0
1003027	0
1003028	0
1003029	0
1003030	0
1003031	0
1003032	0
1003033	0
1003034	0
1003035	0
1003036	0
1003037	0
1003038	0
1003039	0
1003040	0
1003041	0
1003042	0
1003043	0
1003044	0
1003045	0
1003046	0
1003047	0
1003048	0
1003049	0
1003050	0
1003051	0
1003052	1
1003053	1
1003054	1
1003055	1
1003056	1
1003057	1
1003058	0
1003059	0
1003060	0
1003061	0
1003062	0
1003063	0
1003064	0
1003065	0
1003066	0
1003067	0
1003068	0
1003069	0
1003070	0
1003071	0
1003072	0
1003073	0
1003074	0
1003075	0
1003076	1
1003077	1
1003078	1
1003079	1
1003080	1
1003081	1
1003082	1
1003083	1
1003084	1
1003085	1
1003086	1
1003087	1
1003088	1
1003089	1
1003090	1
1003091	1
1003092	1
1003093	0
1003094	0
1003095	0
1003096	0
1003097	0
1003098	0
1003099	0
1003100	0
1003101	0
1003102	0
1003103	0
1003104	0
1003105	0
1003106	0
1003107	0
1003108	0
1003109	0
1003110	0
1003111	0
1003112	0
1003113	0
1003114	0
1003115	0
1003116	0
1003117	0
1003118	0
1003119	0
1003120	0
1003121	0
1003122	0
1003123	0
1003124	0
1003125	0
1003126	0
1003127	0
1003128	0
1003129	0
1003130	0
1003131	0
1003132	0
1003133	0
1003134	0
1003135	0
1003136	0
1003137	0
1003138	0
1003139	0
1003140	0
1003141	0
1003142	0
1003143	0
1003144	0
1003145	0
1003146	0
1003147	0
1003148	0
1003149	0
1003150	0
1003151	0
1003152	0
1003153	1
1003154	1
1003155	1
1003156	0
1003157	0
1003158	0
1003159	0
1003160	0
1003161	0
1003162	0
1003163	0
1003164	0
1003165	0
1003166	0
1003167	0
1003168	0
1003169	0
1003170	0
1003171	0
1003172	0
1003173	0
1003174	0
1003175	0
1003176	0
1003177	0
1003178	0
1003179	0
1003180	0
1003181	0
1003182	0
1003183	0
1003184	0
1003185	0
1003186	0
1003187	0
1003188	0
1003189	0
1003190	0
1003191	0
1003192	0
1003193	0
1003194	0
1003195	0
1003196	0
1003197	0
1003198	0
1003199	0
1003200	0
1003201	0
1003202	0
1003203	0
1003204	0
1003205	0
1003206	0
1003207	0
1003208	1
1003209	1
1003210	1
1003211	1
1003212	1
1003213	1
1003214	1
1003215	1
1003216	1
1003217	1
1003218	1
1003219	1
1003220	1
1003221	1
1003222	1
1003223	1
1003224	1
1003225	0
1003226	0
1003227	0
1003228	0
1003229	0
1003230	0
1003231	0
1003232	0
1003233	0
1003234	0
1003235	0
1003236	0
1003237	0
1003238	0
1003239	0
1003240	0
1003241	0
1003242	0
1003243	0
1003244	0
1003245	0
1003246	0
1003247	0
1003248	0
1003249	0
1003250	0
1003251	0
1003252	0
1003253	0
1003254	0
1003255	0
1003256	0
1003257	0
1003258	0
1003259	0
1003260	0
1003261	0
1003262	0
1003263	0
1003264	0
1003265	0
1003266	0
1003267	0
1003268	0
1003269	0
1003270	0
1003271	0
1003272	0
1003273	0
1003274	0
1003275	0
1003276	0
1003277	0
1003278	0
1003279	0
1003280	0
1003281	0
1003282	0
1003283	0
1003284	0
1003285	0
1003286	0
1003287	0
1003288	0
1003289	0
1003290	0
1003291	0
1003292	0
1003293	0
1003294	0
1003295	0
1003296	0
1003297	0
1003298	0
1003299	0
1003300	0
1003301	0
1003302	0
1003303	0
1003304	0
1003305	0
1003306	0
1003307	0
1003308	0
1003309	0
1003310	0
1003311	0
1003312	0
1003313	0
1003314	0
1003315	0
1003316	0
1003317	0
1003318	0
1003319	0
1003320	0
1003321	0
1003322	0
1003323	0
1003324	0
1003325	0
1003326	0
1003327	0
1003328	1
1003329	1
1003330	1
1003331	1
1003332	1
1003333	1
1003334	1
1003335	0
1003336	0
1003337	0
1003338	0
1003339	0
1003340	0
1003341	0
1003342	0
1003343	0
1003344	0
1003345	0
1003346	0
1003347	0
1003348	0
1003349	0
1003350	0
1003351	0
1003352	0
1003353	1
1003354	1
1003355	1
1003356	0
1003357	0
1003358	0
1003359	0
1003360	0
1003361	0
1003362	0
1003363	0
1003364	0
1003365	0
1003366	0
1003367	0
1003368	0
1003369	0
1003370	0
1003371	0
1003372	0
1003373	0
1003374	0
1003375	0
1003376	0
1003377	0
1003378	0
1003379	0
1003380	0
1003381	0
1003382	0
1003383	0
1003384	0
1003385	0
1003386	0
1003387	0
1003388	0
1003389	0
1003390	0
1003391	0
1003392	0
1003393	0
1003394	0
1003395	0
1003396	0
1003397	0
1003398	0
1003399	0
1003400	0
1003401	0
1003402	0
1003403	0
1003404	0
1003405	0
1003406	0
1003407	0
1003408	1
1003409	1
1003410	1
1003411	1
1003412	1
1003413	1
1003414	0
1003415	0
1003416	0
1003417	0
1003418	0
1003419	0
1003420	0
1003421	0
1003422	0
1003423	0
1003424	0
1003425	0
1003426	0
1003427	0
1003428	0
1003429	0
1003430	0
1003431	0
1003432	0
1003433	0
1003434	0
1003435	0
1003436	1
1003437	1
1003438	1
1003439	1
1003440	1
1003441	1
1003442	1
1003443	1
1003444	1
1003445	1
1003446	1
1003447	1
1003448	1
1003449	1
1003450	1
1003451	1
1003452	1
1003453	1
1003454	1
1003455	1
1003456	1
1003457	1
1003458	1
1003459	1
1003460	1
1003461	1
1003462	1
1003463	1
1003464	1
1003465	1
1003466	1
1003467	1
1003468	1
1003469	1
1003470	1
1003471	1
1003472	1
1003473	1
1003474	0
1003475	0
1003476	0
1003477	0
1003478	0
1003479	0
1003480	0
1003481	0
1003482	0
1003483	0
1003484	0
1003485	0
1003486	0
1003487	0
1003488	0
1003489	0
1003490	0
1003491	0
1003492	0
1003493	0
1003494	0
1003495	0
1003496	0
1003497	0
1003498	0
1003499	0
1003500	0
1003501	0
1003502	0
1003503	0
1003504	0
1003505	0
1003506	0
1003507	0
1003508	0
1003509	0
1003510	0
1003511	0
1003512	0
1003513	0
1003514	0
1003515	0
1003516	0
1003517	0
1003518	0
1003519	0
1003520	0
1003521	0
1003522	0
1003523	0
1003524	0
1003525	0
1003526	0
1003527	0
1003528	0
1003529	0
1003530	0
1003531	0
1003532	0
1003533	0
1003534	0
1003535	0
1003536	0
1003537	0
1003538	0
1003539	0
1003540	0
1003541	0
1003542	0
1003543	0
1003544	0
1003545	0
1003546	0
1003547	0
1003548	0
1003549	0
1003550	0
1003551	0
1003552	0
1003553	0
1003554	0
1003555	0
1003556	0
1003557	0
1003558	0
1003559	0
1003560	0
1003561	0
1003562	0
1003563	0
1003564	0
1003565	0
1003566	0
1003567	1
1003568	1
1003569	1
1003570	0
1003571	0
1003572	0
1003573	0
1003574	0
1003575	0
1003576	0
1003577	0
1003578	0
1003579	0
1003580	0
1003581	0
1003582	0
1003583	0
1003584	0
1003585	0
1003586	0
1003587	0
1003588	0
1003589	0
1003590	0
1003591	0
1003592	0
1003593	0
1003594	0
1003595	0
1003596	1
1003597	1
1003598	1
1003599	0
1003600	0
1003601	0
1003602	0
1003603	0
1003604	0
1003605	0
1003606	0
1003607	0
1003608	0
1003609	0
1003610	0
1003611	0
1003612	0
1003613	0
1003614	0
1003615	0
1003616	0
1003617	0
1003618	0
1003619	0
1003620	0
1003621	0
1003622	0
1003623	0
1003624	0
1003625	0
1003626	0
1003627	0
1003628	0
1003629	0
1003630	0
1003631	0
1003632	0
1003633	0
1003634	0
1003635	0
1003636	1
1003637	1
1003638	0
1003639	0
1003640	0
1003641	0
1003642	0
1003643	0
1003644	0
1003645	0
1003646	0
1003647	0
1003648	0
1003649	0
1003650	0
1003651	0
1003652	0
1003653	0
1003654	0
1003655	0
1003656	0
1003657	0
1003658	0
1003659	0
1003660	0
1003661	0
1003662	0
1003663	0
1003664	0
1003665	0
1003666	0
1003667	0
1003668	0
1003669	0
1003670	0
1003671	0
1003672	0
1003673	0
1003674	0
1003675	0
1003676	0
1003677	0
1003678	0
1003679	0
1003680	0
1003681	0
1003682	0
1003683	0
1003684	0
1003685	0
1003686	0
1003687	0
1003688	0
1003689	0
1003690	0
1003691	0
1003692	0
1003693	0
1003694	0
1003695	0
1003696	0
1003697	0
1003698	0
1003699	0
1003700	0
1003701	0
1003702	0
1003703	0
1003704	0
1003705	0
1003706	0
1003707	0
1003708	0
1003709	0
1003710	0
1003711	0
1003712	0
1003713	0
1003714	0
1003715	0
1003716	0
1003717	0
1003718	0
1003719	0
1003720	0
1003721	1
1003722	1
1003723	1
1003724	0
1003725	0
1003726	0
1003727	0
1003728	0
1003729	0
1003730	0
1003731	0
1003732	0
1003733	0
1003734	0
1003735	0
1003736	0
1003737	0
1003738	0
1003739	0
1003740	0
1003741	0
1003742	0
1003743	0
1003744	0
1003745	0
1003746	0
1003747	0
1003748	0
1003749	0
1003750	0
1003751	0
1003752	0
1003753	0
1003754	0
1003755	0
1003756	0
1003757	0
1003758	0
1003759	0
1003760	0
1003761	0
1003762	0
1003763	0
1003764	0
1003765	0
1003766	0
1003767	0
1003768	0
1003769	0
1003770	0
1003771	0
1003772	0
1003773	0
1003774	0
1003775	0
1003776	0
1003777	0
1003778	0
1003779	0
1003780	0
1003781	0
1003782	0
1003783	0
1003784	0
1003785	0
1003786	0
1003787	0
1003788	0
1003789	0
1003790	0
1003791	0
1003792	0
1003793	0
1003794	0
1003795	0
1003796	0
1003797	0
1003798	0
1003799	0
1003800	0
1003801	0
1003802	0
1003803	0
1003804	0
1003805	0
1003806	0
1003807	0
1003808	0
1003809	1
1003810	1
1003811	1
1003812	1
1003813	1
1003814	1
1003815	1
1003816	0
1003817	0
1003818	0
1003819	0
1003820	0
1003821	0
1003822	0
1003823	0
1003824	0
1003825	0
1003826	0
1003827	0
1003828	0
1003829	0
1003830	0
1003831	0
1003832	0
1003833	0
1003834	0
1003835	1
1003836	1
1003837	1
1003838	1
1003839	1
1003840	1
1003841	1
1003842	1
1003843	1
1003844	1
1003845	1
1003846	1
1003847	1
1003848	1
1003849	1
1003850	1
1003851	1
1003852	1
1003853	1
1003854	0
1003855	0
1003856	0
1003857	0
1003858	0
1003859	0
1003860	0
1003861	0
1003862	0
1003863	0
1003864	0
1003865	0
1003866	0
1003867	0
1003868	0
1003869	0
1003870	0
1003871	0
1003872	0
1003873	0
1003874	0
1003875	0
1003876	0
1003877	0
1003878	0
1003879	0
1003880	0
1003881	0
1003882	0
1003883	0
1003884	0
1003885	0
1003886	0
1003887	0
1003888	0
1003889	0
1003890	0
1003891	0
1003892	0
1003893	1
1003894	1
1003895	0
1003896	0
1003897	0
1003898	0
1003899	0
1003900	0
1003901	0
1003902	0
1003903	0
1003904	0
1003905	0
1003906	0
1003907	0
1003908	0
1003909	0
1003910	0
1003911	0
1003912	0
1003913	0
1003914	0
1003915	0
1003916	0
1003917	0
1003918	0
1003919	0
1003920	0
1003921	0
1003922	0
1003923	0
1003924	0
1003925	0
1003926	0
1003927	0
1003928	0
1003929	0
1003930	0
1003931	0
1003932	0
1003933	0
1003934	0
1003935	0
1003936	0
1003937	0
1003938	0
1003939	0
1003940	0
1003941	0
1003942	0
1003943	0
1003944	0
1003945	0
1003946	0
1003947	0
1003948	0
1003949	0
1003950	0
1003951	0
1003952	1
1003953	1
1003954	1
1003955	1
1003956	1
1003957	1
1003958	1
1003959	0
1003960	0
1003961	0
1003962	0
1003963	0
1003964	0
1003965	0
1003966	0
1003967	0
1003968	0
1003969	0
1003970	0
1003971	0
1003972	0
1003973	0
1003974	0
1003975	0
1003976	0
1003977	0
1003978	0
1003979	0
1003980	0
1003981	0
1003982	0
1003983	0
1003984	0
1003985	0
1003986	0
1003987	0
1003988	0
1003989	0
1003990	0
1003991	0
1003992	0
1003993	0
1003994	0
1003995	0
1003996	0
1003997	0
1003998	0
1003999	0
1004000	0
1004001	0
1004002	0
1004003	0
1004004	0
1004005	1
1004006	1
1004007	1
1004008	1
1004009	1
1004010	1
1004011	0
1004012	0
1004013	0
1004014	0
1004015	0
1004016	0
1004017	0
1004018	0
1004019	0
1004020	0
1004021	0
1004022	0
1004023	0
1004024	0
1004025	0
1004026	0
1004027	0
1004028	0
1004029	0
1004030	0
1004031	0
1004032	0
1004033	0
1004034	0
1004035	1
1004036	1
1004037	1
1004038	1
1004039	1
1004040	1
1004041	0
1004042	0
1004043	0
1004044	0
1004045	0
1004046	0
1004047	0
1004048	0
1004049	0
1004050	0
1004051	0
1004052	0
1004053	0
1004054	0
1004055	0
1004056	0
1004057	0
1004058	0
1004059	0
1004060	0
1004061	0
1004062	0
1004063	0
1004064	0
1004065	0
1004066	0
1004067	0
1004068	0
1004069	0
1004070	0
1004071	0
1004072	0
1004073	0
1004074	0
1004075	0
1004076	0
1004077	0
1004078	0
1004079	0
1004080	0
1004081	0
1004082	0
1004083	0
1004084	0
1004085	0
1004086	0
1004087	0
1004088	0
1004089	0
1004090	0
1004091	0
1004092	0
1004093	0
1004094	0
1004095	0
1004096	0
1004097	0
1004098	0
1004099	0
1004100	0
1004101	0
1004102	0
1004103	0
1004104	0
1004105	0
1004106	0
1004107	0
1004108	0
1004109	0
1004110	0
1004111	0
1004112	0
1004113	0
1004114	0
1004115	0
1004116	1
1004117	1
1004118	1
1004119	1
1004120	1
1004121	1
1004122	1
1004123	1
1004124	1
1004125	1
1004126	1
1004127	1
1004128	1
1004129	1
1004130	1
1004131	1
1004132	1
1004133	1
1004134	1
1004135	1
1004136	1
1004137	1
1004138	1
1004139	1
1004140	1
1004141	1
1004142	1
1004143	1
1004144	1
1004145	1
1004146	1
1004147	1
1004148	1
1004149	1
1004150	1
1004151	1
1004152	1
1004153	1
1004154	1
1004155	1
1004156	1
1004157	1
1004158	1
1004159	1
1004160	1
1004161	1
1004162	1
1004163	0
1004164	0
1004165	0
1004166	0
1004167	0
1004168	0
1004169	0
1004170	0
1004171	0
1004172	0
1004173	0
1004174	0
1004175	0
1004176	0
1004177	0
1004178	0
1004179	0
1004180	0
1004181	0
1004182	0
1004183	0
1004184	0
1004185	0
1004186	0
1004187	0
1004188	0
1004189	0
1004190	0
1004191	0
1004192	0
1004193	0
1004194	0
1004195	0
1004196	0
1004197	0
1004198	0
1004199	0
1004200	0
1004201	0
1004202	0
1004203	0
1004204	0
1004205	0
1004206	0
1004207	0
1004208	0
1004209	0
1004210	0
1004211	0
1004212	0
1004213	0
1004214	0
1004215	0
1004216	0
1004217	0
1004218	0
1004219	0
1004220	0
1004221	0
1004222	0
1004223	1
1004224	1
1004225	0
1004226	0
1004227	0
1004228	0
1004229	0
1004230	0
1004231	0
1004232	0
1004233	0
1004234	0
1004235	0
1004236	0
1004237	0
1004238	0
1004239	0
1004240	0
1004241	0
1004242	0
1004243	0
1004244	0
1004245	0
1004246	0
1004247	0
1004248	0
1004249	0
1004250	0
1004251	0
1004252	0
1004253	0
1004254	0
1004255	0
1004256	0
1004257	0
1004258	0
1004259	0
1004260	0
1004261	0
1004262	0
1004263	0
1004264	0
1004265	0
1004266	0
1004267	0
1004268	0
1004269	0
1004270	0
1004271	0
1004272	0
1004273	0
1004274	0
1004275	0
1004276	0
1004277	0
1004278	0
1004279	1
1004280	1
1004281	1
1004282	1
1004283	1
1004284	1
1004285	0
1004286	0
1004287	0
1004288	0
1004289	0
1004290	0
1004291	0
1004292	0
1004293	0
1004294	0
1004295	0
1004296	0
1004297	0
1004298	0
1004299	0
1004300	0
1004301	0
1004302	0
1004303	0
1004304	0
1004305	0
1004306	0
1004307	0
1004308	0
1004309	0
1004310	0
1004311	0
1004312	0
1004313	0
1004314	0
1004315	0
1004316	0
1004317	0
1004318	0
1004319	0
1004320	0
1004321	0
1004322	0
1004323	0
1004324	0
1004325	0
1004326	0
1004327	0
1004328	0
1004329	0
1004330	0
1004331	0
1004332	0
1004333	0
1004334	0
1004335	0
1004336	0
1004337	0
1004338	0
1004339	0
1004340	0
1004341	0
1004342	0
1004343	0
1004344	0
1004345	0
1004346	0
1004347	0
1004348	0
1004349	0
1004350	0
1004351	0
1004352	0
1004353	0
1004354	0
1004355	0
1004356	0
1004357	0
1004358	0
1004359	0
1004360	0
1004361	0
1004362	0
1004363	0
1004364	0
1004365	0
1004366	0
1004367	0
1004368	0
1004369	0
1004370	0
1004371	0
1004372	0
1004373	0
1004374	0
1004375	0
1004376	0
1004377	0
1004378	0
1004379	0
1004380	0
1004381	0
1004382	0
1004383	0
1004384	0
1004385	0
1004386	0
1004387	0
1004388	0
1004389	0
1004390	0
1004391	0
1004392	0
1004393	0
1004394	0
1004395	0
1004396	0
1004397	0
1004398	0
1004399	0
1004400	0
1004401	0
1004402	0
1004403	0
1004404	0
1004405	0
1004406	0
1004407	0
1004408	0
1004409	0
1004410	0
1004411	0
1004412	0
1004413	0
1004414	0
1004415	0
1004416	0
1004417	0
1004418	0
1004419	0
1004420	0
1004421	0
1004422	0
1004423	0
1004424	0
1004425	0
1004426	0
1004427	0
1004428	0
1004429	0
1004430	0
1004431	1
1004432	1
1004433	1
1004434	1
1004435	1
1004436	1
1004437	1
1004438	1
1004439	1
1004440	1
1004441	1
1004442	1
1004443	1
1004444	1
1004445	1
1004446	1
1004447	1
1004448	1
1004449	1
1004450	1
1004451	1
1004452	1
1004453	1
1004454	1
1004455	1
1004456	1
1004457	1
1004458	1
1004459	1
1004460	1
1004461	1
1004462	1
1004463	1
1004464	1
1004465	1
1004466	1
1004467	1
1004468	1
1004469	1
1004470	0
1004471	0
1004472	0
1004473	0
1004474	0
1004475	0
1004476	0
1004477	0
1004478	0
1004479	0
1004480	0
1004481	0
1004482	0
1004483	0
1004484	0
1004485	0
1004486	0
1004487	0
1004488	0
1004489	0
1004490	0
1004491	0
1004492	0
1004493	0
1004494	0
1004495	0
1004496	0
1004497	0
1004498	0
1004499	0
1004500	0
1004501	0
1004502	0
1004503	0
1004504	0
1004505	0
1004506	0
1004507	0
1004508	0
1004509	0
1004510	0
1004511	0
1004512	0
1004513	0
1004514	0
1004515	0
1004516	0
1004517	0
1004518	0
1004519	0
1004520	0
1004521	1
1004522	1
1004523	1
1004524	1
1004525	1
1004526	1
1004527	0
1004528	0
1004529	0
1004530	0
1004531	0
1004532	1
1004533	1
1004534	1
1004535	1
1004536	1
1004537	1
1004538	1
1004539	1
1004540	2
1004541	2
1004542	2
1004543	2
1004544	2
1004545	2
1004546	2
1004547	1
1004548	0
1004549	0
1004550	0
1004551	1
1004552	1
1004553	0
1004554	0
1004555	0
1004556	0
1004557	0
1004558	0
1004559	0
1004560	0
1004561	0
1004562	0
1004563	0
1004564	0
1004565	0
1004566	0
1004567	0
1004568	0
1004569	0
1004570	1
1004571	1
1004572	1
1004573	1
1004574	1
1004575	1
1004576	1
1004577	1
1004578	1
1004579	1
1004580	2
1004581	2
1004582	2
1004583	2
1004584	2
1004585	2
1004586	2
1004587	2
1004588	2
1004589	2
1004590	2
1004591	2
1004592	1
1004593	1
1004594	2
1004595	2
1004596	2
1004597	2
1004598	2
1004599	2
1004600	3
1004601	3
1004602	3
1004603	2
1004604	2
1004605	3
1004606	3
1004607	3
1004608	3
1004609	3
1004610	3
1004611	2
1004612	2
1004613	2
1004614	2
1004615	1
1004616	1
1004617	1
1004618	1
1004619	1
1004620	1
1004621	1
1004622	1
1004623	1
1004624	1
1004625	1
1004626	1
1004627	1
1004628	0
1004629	0
1004630	0
1004631	0
1004632	0
1004633	0
1004634	0
1004635	0
1004636	0
1004637	0
1004638	0
1004639	0
1004640	0
1004641	0
1004642	0
1004643	0
1004644	0
1004645	0
1004646	0
1004647	0
1004648	0
1004649	0
1004650	0
1004651	0
1004652	0
1004653	0
1004654	0
1004655	0
1004656	0
1004657	0
1004658	0
1004659	0
1004660	0
1004661	0
1004662	0
1004663	0
1004664	0
1004665	0
1004666	0
1004667	0
1004668	0
1004669	0
1004670	0
1004671	0
1004672	0
1004673	0
1004674	0
1004675	0
1004676	0
1004677	0
1004678	0
1004679	0
1004680	0
1004681	0
1004682	0
1004683	0
1004684	0
1004685	0
1004686	0
1004687	0
1004688	0
1004689	0
1004690	0
1004691	0
1004692	0
1004693	0
1004694	0
1004695	0
1004696	0
1004697	0
1004698	0
1004699	0
1004700	0
1004701	0
1004702	0
1004703	0
1004704	0
1004705	0
1004706	0
1004707	0
1004708	0
1004709	0
1004710	0
1004711	0
1004712	0
1004713	0
1004714	0
1004715	0
1004716	0
1004717	0
1004718	0
1004719	0
1004720	0
1004721	0
1004722	0
1004723	0
1004724	0
1004725	0
1004726	0
1004727	0
1004728	0
1004729	0
1004730	0
1004731	0
1004732	0
1004733	0
1004734	0
1004735	0
1004736	0
1004737	0
1004738	0
1004739	0
1004740	0
1004741	0
1004742	0
1004743	0
1004744	0
1004745	0
1004746	0
1004747	0
1004748	0
1004749	0
1004750	0
1004751	0
1004752	0
1004753	0
1004754	0
1004755	0
1004756	0
1004757	0
1004758	0
1004759	0
1004760	0
1004761	0
1004762	0
1004763	0
1004764	0
1004765	0
1004766	0
1004767	0
1004768	0
1004769	0
1004770	0
1004771	0
1004772	0
1004773	0
1004774	0
1004775	0
1004776	0
1004777	0
1004778	0
1004779	0
1004780	0
1004781	0
1004782	0
1004783	0
1004784	0
1004785	0
1004786	0
1004787	0
1004788	0
1004789	0
1004790	0
1004791	0
1004792	0
1004793	0
1004794	0
1004795	0
1004796	0
1004797	0
1004798	0
1004799	0
1004800	0
1004801	0
1004802	0
1004803	0
1004804	0
1004805	0
1004806	0
1004807	0
1004808	0
1004809	0
1004810	0
1004811	0
1004812	0
1004813	0
1004814	0
1004815	0
1004816	0
1004817	0
1004818	0
1004819	0
1004820	0
1004821	0
1004822	0
1004823	0
1004824	0
1004825	0
1004826	0
1004827	0
1004828	0
1004829	0
1004830	0
1004831	0
1004832	0
1004833	0
1004834	0
1004835	0
1004836	0
1004837	0
1004838	0
1004839	0
1004840	0
1004841	0
1004842	0
1004843	0
1004844	0
1004845	0
1004846	0
1004847	0
1004848	0
1004849	0
1004850	0
1004851	0
1004852	0
1004853	0
1004854	0
1004855	0
1004856	0
1004857	0
1004858	0
1004859	0
1004860	0
1004861	0
1004862	0
1004863	0
1004864	0
1004865	0
1004866	0
1004867	0
1004868	0
1004869	0
1004870	0
1004871	0
1004872	0
1004873	0
1004874	1
1004875	1
1004876	1
1004877	1
1004878	1
1004879	1
1004880	1
1004881	1
1004882	1
1004883	1
1004884	1
1004885	1
1004886	1
1004887	1
1004888	1
1004889	1
1004890	0
1004891	0
1004892	0
1004893	0
1004894	0
1004895	0
1004896	1
1004897	1
1004898	1
1004899	1
1004900	1
1004901	1
1004902	1
1004903	1
1004904	1
1004905	0
1004906	0
1004907	0
1004908	0
1004909	0
1004910	1
1004911	1
1004912	1
1004913	1
1004914	1
1004915	1
1004916	1
1004917	1
1004918	1
1004919	1
1004920	1
1004921	1
1004922	1
1004923	1
1004924	1
1004925	0
1004926	0
1004927	0
1004928	0
1004929	0
1004930	0
1004931	0
1004932	0
1004933	0
1004934	0
1004935	0
1004936	0
1004937	0
1004938	0
1004939	0
1004940	0
1004941	0
1004942	0
1004943	0
1004944	0
1004945	0
1004946	0
1004947	0
1004948	0
1004949	0
1004950	0
1004951	0
1004952	0
1004953	0
1004954	0
1004955	0
1004956	0
1004957	0
1004958	0
1004959	0
1004960	0
1004961	0
1004962	0
1004963	0
1004964	0
1004965	0
1004966	0
1004967	0
1004968	0
1004969	0
1004970	0
1004971	0
1004972	0
1004973	0
1004974	0
1004975	0
1004976	0
1004977	0
1004978	0
1004979	0
1004980	0
1004981	0
1004982	0
1004983	0
1004984	0
1004985	0
1004986	0
1004987	0
1004988	0
1004989	0
1004990	0
1004991	0
1004992	0
1004993	0
1004994	0
1004995	0
1004996	0
1004997	0
1004998	0
1004999	0
1005000	0
1005001	0
1005002	0
1005003	0
1005004	0
1005005	0
1005006	0
1005007	0
1005008	0
1005009	0
1005010	0
1005011	0
1005012	0
1005013	0
1005014	0
1005015	0
1005016	0
1005017	0
1005018	0
1005019	0
1005020	0
1005021	0
1005022	0
1005023	0
1005024	0
1005025	0
1005026	0
1005027	0
1005028	0
1005029	0
1005030	0
1005031	0
1005032	0
1005033	0
1005034	0
1005035	0
1005036	0
1005037	0
1005038	0
1005039	0
1005040	0
1005041	0
1005042	0
1005043	0
1005044	0
1005045	0
1005046	0
1005047	0
1005048	0
1005049	0
1005050	0
1005051	0
1005052	0
1005053	0
1005054	0
1005055	1
1005056	1
1005057	1
1005058	0
1005059	0
1005060	0
1005061	0
1005062	0
1005063	0
1005064	0
1005065	0
1005066	0
1005067	0
1005068	0
1005069	0
1005070	0
1005071	0
1005072	0
1005073	0
1005074	0
1005075	0
1005076	0
1005077	0
1005078	0
1005079	0
1005080	0
1005081	0
1005082	0
1005083	0
1005084	0
1005085	0
1005086	0
1005087	0
1005088	0
1005089	0
1005090	0
1005091	0
1005092	0
1005093	0
1005094	0
1005095	0
1005096	0
1005097	0
1005098	0
1005099	0
1005100	0
1005101	0
1005102	0
1005103	0
1005104	0
1005105	0
1005106	0
1005107	0
1005108	0
1005109	0
1005110	0
1005111	0
