1001110	1
1001111	1
1001112	1
1001113	1
1001114	1
1001115	1
1001116	1
1001117	1
1001118	1
1001119	1
1001120	2
1001121	3
1001122	4
1001123	4
1001124	4
1001125	4
1001126	4
1001127	3
1001128	3
1001129	2
1001130	2
1001131	2
1001132	2
1001133	2
1001134	2
1001135	2
1001136	2
1001137	2
1001138	2
1001139	2
1001140	3
1001141	3
1001142	3
1001143	3
1001144	3
1001145	3
1001146	3
1001147	3
1001148	3
1001149	3
1001150	3
1001151	3
1001152	3
1001153	3
1001154	3
1001155	2
1001156	2
1001157	2
1001158	2
1001159	2
1001160	2
1001161	2
1001162	1
1001163	2
1001164	2
1001165	2
1001166	2
1001167	2
1001168	1
1001169	1
1001170	1
1001171	1
1001172	2
1001173	2
1001174	2
1001175	2
1001176	2
1001177	1
1001178	2
1001179	2
1001180	2
1001181	2
1001182	2
1001183	1
1001184	1
1001185	1
1001186	1
1001187	1
1001188	2
1001189	2
1001190	2
1001191	2
1001192	1
1001193	1
1001194	1
1001195	1
1001196	1
1001197	1
1001198	1
1001199	1
1001200	2
1001201	2
1001202	2
1001203	2
1001204	3
1001205	3
1001206	2
1001207	2
1001208	3
1001209	3
1001210	3
1001211	3
1001212	3
1001213	3
1001214	3
1001215	3
1001216	3
1001217	3
1001218	3
1001219	3
1001220	3
1001221	3
1001222	3
1001223	3
1001224	3
1001225	3
1001226	3
1001227	3
1001228	3
1001229	3
1001230	2
1001231	2
1001232	2
1001233	2
1001234	2
1001235	2
1001236	2
1001237	2
1001238	2
1001239	2
1001240	2
1001241	2
1001242	2
1001243	2
1001244	2
1001245	2
1001246	2
1001247	2
1001248	3
1001249	3
1001250	3
1001251	3
1001252	2
1001253	2
1001254	2
1001255	2
1001256	2
1001257	2
1001258	2
1001259	2
1001260	0
1001261	0
1001262	0
1001263	0
1001264	0
1001265	0
1001266	0
1001267	0
1001268	0
1001269	1
1001270	2
1001271	2
1001272	2
1001273	2
1001274	1
1001275	0
1001276	0
1001277	0
1001278	0
1001279	0
1001280	0
1001281	0
1001282	0
1001283	1
1001284	1
1001285	1
1001286	1
1001287	1
1001288	1
1001289	1
1001290	1
1001291	1
1001292	1
1001293	2
1001294	2
1001295	3
1001296	3
1001297	3
1001298	3
1001299	2
1001300	2
1001301	2
1001302	2
1001303	2
1001304	2
1001305	2
1001306	2
1001307	2
1001308	2
1001309	3
1001310	3
1001311	3
1001312	2
1001313	2
1001314	2
1001315	2
1001316	2
1001317	2
1001318	2
1001319	2
1001320	2
1001321	2
1001322	2
1001323	2
1001324	2
1001325	2
1001326	2
1001327	2
1001328	2
1001329	2
1001330	2
1001331	2
1001332	2
1001333	3
1001334	1
1001335	1
1001336	1
1001337	1
1001338	1
1001339	2
1001340	2
1001341	2
1001342	2
1001343	2
1001344	2
1001345	2
1001346	2
1001347	2
1001348	2
1001349	2
1001350	2
1001351	2
1001352	2
1001353	2
1001354	2
1001355	2
1001356	2
1001357	2
1001358	2
1001359	2
1001360	2
1001361	2
1001362	2
1001363	2
1001364	2
1001365	2
1001366	3
1001367	3
1001368	3
1001369	2
1001370	2
1001371	2
1001372	2
1001373	2
1001374	2
1001375	2
1001376	2
1001377	2
1001378	2
1001379	2
1001380	2
1001381	2
1001382	2
1001383	2
1001384	2
1001385	2
1001386	2
1001387	2
1001388	2
1001389	2
1001390	2
1001391	3
1001392	3
1001393	3
1001394	3
1001395	3
1001396	3
1001397	2
1001398	2
1001399	2
1001400	2
1001401	2
1001402	2
1001403	2
1001404	2
1001405	2
1001406	2
1001407	3
1001408	3
1001409	3
1001410	3
1001411	3
1001412	2
1001413	2
1001414	2
1001415	2
1001416	2
1001417	2
1001418	2
1001419	2
1001420	2
1001421	2
1001422	2
1001423	2
1001424	2
1001425	2
1001426	2
1001427	2
1001428	2
1001429	2
1001430	2
1001431	3
1001432	3
1001433	2
1001434	2
1001435	2
1001436	2
1001437	2
1001438	2
1001439	2
1001440	2
1001441	2
1001442	3
1001443	3
1001444	3
1001445	3
1001446	4
1001447	4
1001448	4
1001449	4
1001450	3
1001451	2
1001452	2
1001453	2
1001454	2
1001455	1
1001456	1
1001457	1
1001458	1
1001459	1
1001460	1
1001461	2
1001462	2
1001463	3
1001464	3
1001465	3
1001466	3
1001467	3
1001468	3
1001469	2
1001470	2
1001471	2
1001472	2
1001473	2
1001474	2
1001475	2
1001476	1
1001477	1
1001478	1
1001479	1
1001480	1
1001481	1
1001482	1
1001483	1
1001484	1
1001485	1
1001486	1
1001487	2
1001488	2
1001489	2
1001490	1
1001491	2
1001492	2
1001493	2
1001494	2
1001495	2
1001496	2
1001497	2
1001498	2
1001499	2
1001500	2
1001501	2
1001502	3
1001503	3
1001504	3
1001505	4
1001506	4
1001507	4
1001508	4
1001509	4
1001510	4
1001511	4
1001512	4
1001513	4
1001514	4
1001515	4
1001516	4
1001517	4
1001518	4
1001519	4
1001520	4
1001521	4
1001522	4
1001523	4
1001524	4
1001525	3
1001526	2
1001527	2
1001528	1
1001529	1
1001530	1
1001531	1
1001532	1
1001533	1
1001534	1
1001535	2
1001536	2
1001537	2
1001538	2
1001539	2
1001540	1
1001541	1
1001542	2
1001543	2
1001544	3
1001545	3
1001546	3
1001547	3
1001548	3
1001549	3
1001550	3
1001551	3
1001552	3
1001553	3
1001554	3
1001555	3
1001556	3
1001557	3
1001558	3
1001559	3
1001560	3
1001561	3
1001562	3
1001563	3
1001564	3
1001565	3
1001566	3
1001567	3
1001568	3
1001569	4
1001570	4
1001571	4
1001572	4
1001573	3
1001574	3
1001575	3
1001576	3
1001577	3
1001578	3
1001579	3
1001580	3
1001581	3
1001582	3
1001583	4
1001584	4
1001585	4
1001586	4
1001587	4
1001588	4
1001589	4
1001590	4
1001591	4
1001592	4
1001593	4
1001594	4
1001595	4
1001596	4
1001597	4
1001598	4
1001599	4
1001600	4
1001601	4
1001602	4
1001603	4
1001604	4
1001605	6
1001606	6
1001607	6
1001608	6
1001609	7
1001610	7
1001611	7
1001612	7
1001613	7
1001614	7
1001615	7
1001616	7
1001617	6
1001618	6
1001619	6
1001620	6
1001621	6
1001622	6
1001623	6
1001624	6
1001625	5
1001626	6
1001627	6
1001628	6
1001629	6
1001630	6
1001631	5
1001632	5
1001633	5
1001634	5
1001635	4
1001636	4
1001637	4
1001638	4
1001639	4
1001640	3
1001641	3
1001642	2
1001643	2
1001644	3
1001645	3
1001646	2
1001647	2
1001648	3
1001649	3
1001650	4
1001651	4
1001652	3
1001653	3
1001654	2
1001655	2
1001656	3
1001657	2
1001658	2
1001659	3
1001660	3
1001661	3
1001662	2
1001663	1
1001664	1
1001665	0
1001666	0
1001667	1
1001668	2
1001669	2
1001670	2
1001671	2
1001672	2
1001673	2
1001674	2
1001675	2
1001676	2
1001677	2
1001678	2
1001679	2
1001680	2
1001681	1
1001682	1
1001683	1
1001684	1
1001685	1
1001686	1
1001687	1
1001688	1
1001689	1
1001690	1
1001691	3
1001692	3
1001693	3
1001694	2
1001695	2
1001696	2
1001697	2
1001698	2
1001699	2
1001700	2
1001701	3
1001702	3
1001703	3
1001704	3
1001705	3
1001706	3
1001707	2
1001708	2
1001709	2
1001710	2
1001711	3
1001712	3
1001713	3
1001714	3
1001715	3
1001716	3
1001717	2
1001718	2
1001719	2
1001720	2
1001721	2
1001722	2
1001723	3
1001724	3
1001725	3
1001726	3
1001727	3
1001728	3
1001729	3
1001730	3
1001731	3
1001732	3
1001733	3
1001734	3
1001735	3
1001736	3
1001737	3
1001738	3
1001739	3
1001740	3
1001741	2
1001742	2
1001743	2
1001744	2
1001745	2
1001746	2
1001747	2
1001748	2
1001749	3
1001750	4
1001751	4
1001752	4
1001753	4
1001754	4
1001755	5
1001756	4
1001757	3
1001758	3
1001759	3
1001760	3
1001761	3
1001762	3
1001763	3
1001764	3
1001765	5
1001766	5
1001767	5
1001768	5
1001769	6
1001770	6
1001771	6
1001772	5
1001773	5
1001774	4
1001775	4
1001776	4
1001777	4
1001778	4
1001779	4
1001780	4
1001781	4
1001782	5
1001783	5
1001784	5
1001785	5
1001786	5
1001787	5
1001788	5
1001789	5
1001790	4
1001791	5
1001792	5
1001793	5
1001794	5
1001795	5
1001796	6
1001797	6
1001798	6
1001799	6
1001800	6
1001801	6
1001802	6
1001803	6
1001804	6
1001805	6
1001806	6
1001807	6
1001808	6
1001809	6
1001810	5
1001811	5
1001812	5
1001813	5
1001814	5
1001815	5
1001816	5
1001817	5
1001818	5
1001819	5
1001820	5
1001821	5
1001822	5
1001823	4
1001824	4
1001825	4
1001826	4
1001827	4
1001828	4
1001829	4
1001830	4
1001831	4
1001832	5
1001833	5
1001834	5
1001835	5
1001836	5
1001837	5
1001838	5
1001839	5
1001840	5
1001841	5
1001842	5
1001843	4
1001844	4
1001845	4
1001846	4
1001847	4
1001848	4
1001849	4
1001850	4
1001851	4
1001852	4
1001853	5
1001854	5
1001855	5
1001856	5
1001857	5
1001858	5
1001859	5
1001860	5
1001861	5
1001862	5
1001863	5
1001864	5
1001865	5
1001866	5
1001867	5
1001868	5
1001869	5
1001870	5
1001871	5
1001872	5
1001873	5
1001874	5
1001875	5
1001876	5
1001877	5
1001878	5
1001879	5
1001880	5
1001881	6
1001882	6
1001883	6
1001884	6
1001885	6
1001886	6
1001887	6
1001888	6
1001889	6
1001890	6
1001891	6
1001892	6
1001893	6
1001894	6
1001895	6
1001896	7
1001897	7
1001898	7
1001899	7
1001900	7
1001901	7
1001902	7
1001903	7
1001904	7
1001905	6
1001906	6
1001907	7
1001908	7
1001909	7
1001910	6
1001911	6
1001912	6
1001913	6
1001914	6
1001915	5
1001916	6
1001917	6
1001918	5
1001919	6
1001920	6
1001921	5
1001922	5
1001923	4
1001924	4
1001925	4
1001926	3
1001927	3
1001928	3
1001929	3
1001930	3
1001931	3
1001932	3
1001933	3
1001934	3
1001935	3
1001936	3
1001937	3
1001938	3
1001939	3
1001940	3
1001941	3
1001942	3
1001943	3
1001944	3
1001945	3
1001946	3
1001947	3
1001948	3
1001949	3
1001950	3
1001951	3
1001952	3
1001953	3
1001954	3
1001955	3
1001956	3
1001957	3
1001958	3
1001959	3
1001960	3
1001961	3
1001962	3
1001963	3
1001964	3
1001965	3
1001966	3
1001967	4
1001968	4
1001969	3
1001970	3
1001971	3
1001972	3
1001973	4
1001974	4
1001975	4
1001976	4
1001977	3
1001978	3
1001979	3
1001980	3
1001981	3
1001982	3
1001983	3
1001984	3
1001985	3
1001986	3
1001987	3
1001988	2
1001989	1
1001990	1
1001991	1
1001992	1
1001993	1
1001994	1
1001995	1
1001996	2
1001997	1
1001998	1
1001999	1
1002000	0
1002001	1
1002002	1
1002003	2
1002004	2
1002005	2
1002006	2
1002007	3
1002008	3
1002009	3
1002010	5
1002011	5
1002012	5
1002013	5
1002014	4
1002015	4
1002016	5
1002017	4
1002018	4
1002019	5
1002020	5
1002021	5
1002022	5
1002023	5
1002024	5
1002025	5
1002026	4
1002027	4
1002028	4
1002029	4
1002030	4
1002031	4
1002032	4
1002033	4
1002034	4
1002035	4
1002036	4
1002037	4
1002038	3
1002039	3
1002040	3
1002041	3
1002042	3
1002043	3
1002044	3
1002045	3
1002046	3
1002047	3
1002048	3
1002049	3
1002050	3
1002051	3
1002052	3
1002053	3
1002054	3
1002055	3
1002056	3
1002057	3
1002058	3
1002059	3
1002060	3
1002061	3
1002062	3
1002063	3
1002064	3
1002065	3
1002066	3
1002067	3
1002068	3
1002069	2
1002070	2
1002071	2
1002072	2
1002073	2
1002074	3
1002075	3
1002076	3
1002077	3
1002078	3
1002079	3
1002080	3
1002081	3
1002082	2
1002083	2
1002084	3
1002085	3
1002086	3
1002087	3
1002088	3
1002089	3
1002090	2
1002091	2
1002092	2
1002093	2
1002094	2
1002095	2
1002096	2
1002097	2
1002098	2
1002099	2
1002100	3
1002101	3
1002102	3
1002103	3
1002104	2
1002105	2
1002106	4
1002107	4
1002108	4
1002109	4
1002110	4
1002111	4
1002112	3
1002113	3
1002114	3
1002115	3
1002116	3
1002117	3
1002118	4
1002119	4
1002120	3
1002121	2
1002122	2
1002123	3
1002124	4
1002125	4
1002126	4
1002127	3
1002128	3
1002129	2
1002130	2
1002131	2
1002132	2
1002133	2
1002134	2
1002135	3
1002136	3
1002137	3
1002138	3
1002139	4
1002140	4
1002141	4
1002142	3
1002143	3
1002144	2
1002145	4
1002146	4
1002147	4
1002148	4
1002149	4
1002150	4
1002151	4
1002152	3
1002153	3
1002154	3
1002155	3
1002156	3
1002157	3
1002158	2
1002159	2
1002160	3
1002161	3
1002162	3
1002163	3
1002164	3
1002165	4
1002166	3
1002167	3
1002168	3
1002169	3
1002170	4
1002171	4
1002172	4
1002173	4
1002174	4
1002175	4
1002176	4
1002177	5
1002178	5
1002179	4
1002180	5
1002181	5
1002182	5
1002183	3
1002184	3
1002185	3
1002186	3
1002187	3
1002188	4
1002189	3
1002190	3
1002191	3
1002192	3
1002193	3
1002194	4
1002195	4
1002196	4
1002197	3
1002198	3
1002199	3
1002200	3
1002201	3
1002202	3
1002203	3
1002204	3
1002205	3
1002206	3
1002207	3
1002208	3
1002209	3
1002210	3
1002211	3
1002212	2
1002213	3
1002214	2
1002215	2
1002216	2
1002217	2
1002218	2
1002219	2
1002220	2
1002221	2
1002222	2
1002223	2
1002224	2
1002225	2
1002226	2
1002227	2
1002228	2
1002229	2
1002230	2
1002231	3
1002232	2
1002233	2
1002234	2
1002235	2
1002236	2
1002237	2
1002238	2
1002239	2
1002240	2
1002241	2
1002242	3
1002243	3
1002244	3
1002245	3
1002246	3
1002247	3
1002248	5
1002249	5
1002250	5
1002251	5
1002252	5
1002253	4
1002254	4
1002255	4
1002256	4
1002257	4
1002258	4
1002259	4
1002260	3
1002261	3
1002262	3
1002263	3
1002264	3
1002265	3
1002266	3
1002267	3
1002268	3
1002269	3
1002270	3
1002271	3
1002272	4
1002273	4
1002274	4
1002275	4
1002276	4
1002277	4
1002278	4
1002279	4
1002280	4
1002281	4
1002282	4
1002283	4
1002284	4
1002285	4
1002286	4
1002287	4
1002288	4
1002289	4
1002290	4
1002291	4
1002292	4
1002293	4
1002294	4
1002295	4
1002296	4
1002297	4
1002298	4
1002299	4
1002300	4
1002301	4
1002302	4
1002303	4
1002304	4
1002305	4
1002306	4
1002307	4
1002308	4
1002309	4
1002310	4
1002311	4
1002312	4
1002313	4
1002314	4
1002315	4
1002316	4
1002317	3
1002318	3
1002319	3
1002320	3
1002321	3
1002322	3
1002323	3
1002324	3
1002325	3
1002326	3
1002327	4
1002328	4
1002329	4
1002330	4
1002331	3
1002332	3
1002333	3
1002334	3
1002335	3
1002336	2
1002337	2
1002338	2
1002339	2
1002340	1
1002341	1
1002342	1
1002343	1
1002344	1
1002345	1
1002346	1
1002347	1
1002348	1
1002349	1
1002350	1
1002351	1
1002352	1
1002353	1
1002354	1
1002355	1
1002356	1
1002357	1
1002358	1
1002359	1
1002360	1
1002361	1
1002362	1
1002363	1
1002364	1
1002365	1
1002366	1
1002367	1
1002368	1
1002369	2
1002370	2
1002371	2
1002372	2
1002373	1
1002374	1
1002375	1
1002376	1
1002377	1
1002378	1
1002379	1
1002380	2
1002381	2
1002382	2
1002383	2
1002384	2
1002385	2
1002386	1
1002387	2
1002388	2
1002389	2
1002390	2
1002391	2
1002392	3
1002393	2
1002394	3
1002395	2
1002396	2
1002397	2
1002398	2
1002399	2
1002400	2
1002401	2
1002402	2
1002403	3
1002404	4
1002405	4
1002406	4
1002407	4
1002408	3
1002409	2
1002410	2
1002411	1
1002412	1
1002413	1
1002414	0
1002415	0
1002416	0
1002417	0
1002418	0
1002419	0
1002420	0
1002421	0
1002422	0
1002423	0
1002424	2
1002425	2
1002426	2
1002427	3
1002428	3
1002429	3
1002430	2
1002431	1
1002432	1
1002433	1
1002434	1
1002435	1
1002436	2
1002437	2
1002438	2
1002439	2
1002440	3
1002441	3
1002442	3
1002443	3
1002444	3
1002445	3
1002446	3
1002447	3
1002448	3
1002449	3
1002450	3
1002451	3
1002452	3
1002453	3
1002454	3
1002455	3
1002456	3
1002457	3
1002458	3
1002459	3
1002460	3
1002461	3
1002462	3
1002463	3
1002464	3
1002465	3
1002466	3
1002467	3
1002468	3
1002469	3
1002470	3
1002471	3
1002472	3
1002473	3
1002474	2
1002475	2
1002476	2
1002477	2
1002478	2
1002479	2
1002480	2
1002481	2
1002482	2
1002483	2
1002484	3
1002485	3
1002486	3
1002487	3
1002488	4
1002489	4
1002490	4
1002491	4
1002492	4
1002493	4
1002494	4
1002495	4
1002496	4
1002497	5
1002498	5
1002499	5
1002500	5
1002501	5
1002502	5
1002503	5
1002504	5
1002505	5
1002506	4
1002507	4
1002508	4
1002509	4
1002510	4
1002511	3
1002512	3
1002513	3
1002514	3
1002515	3
1002516	3
1002517	4
1002518	4
1002519	4
1002520	4
1002521	4
1002522	3
1002523	3
1002524	3
1002525	3
1002526	3
1002527	3
1002528	3
1002529	3
1002530	3
1002531	3
1002532	3
1002533	3
1002534	3
1002535	3
1002536	3
1002537	3
1002538	3
1002539	3
1002540	3
1002541	3
1002542	3
1002543	3
1002544	3
1002545	3
1002546	3
1002547	3
1002548	3
1002549	3
1002550	3
1002551	3
1002552	3
1002553	3
1002554	3
1002555	3
1002556	3
1002557	3
1002558	3
1002559	3
1002560	3
1002561	3
1002562	3
1002563	3
1002564	3
1002565	3
1002566	3
1002567	3
1002568	3
1002569	3
1002570	4
1002571	4
1002572	3
1002573	3
1002574	3
1002575	3
1002576	3
1002577	3
1002578	3
1002579	3
1002580	3
1002581	3
1002582	2
1002583	2
1002584	2
1002585	2
1002586	2
1002587	2
1002588	2
1002589	2
1002590	2
1002591	2
1002592	3
1002593	3
1002594	3
1002595	4
1002596	3
1002597	2
1002598	2
1002599	2
1002600	2
1002601	2
1002602	1
1002603	1
1002604	1
1002605	1
1002606	1
1002607	1
1002608	1
1002609	1
1002610	1
1002611	1
1002612	1
1002613	1
1002614	2
1002615	2
1002616	2
1002617	2
1002618	2
1002619	2
1002620	1
1002621	1
1002622	1
1002623	1
1002624	1
1002625	1
1002626	1
1002627	1
1002628	1
1002629	1
1002630	1
1002631	1
1002632	2
1002633	2
1002634	2
1002635	1
1002636	1
1002637	1
1002638	1
1002639	1
1002640	1
1002641	1
1002642	1
1002643	1
1002644	1
1002645	1
1002646	1
1002647	1
1002648	1
1002649	1
1002650	1
1002651	1
1002652	1
1002653	1
1002654	1
1002655	1
1002656	1
1002657	1
1002658	1
1002659	1
1002660	1
1002661	1
1002662	1
1002663	1
1002664	1
1002665	1
1002666	1
1002667	1
1002668	2
1002669	2
1002670	2
1002671	2
1002672	2
1002673	2
1002674	2
1002675	2
1002676	2
1002677	2
1002678	2
1002679	2
1002680	2
1002681	3
1002682	2
1002683	2
1002684	2
1002685	2
1002686	1
1002687	1
1002688	1
1002689	1
1002690	1
1002691	1
1002692	2
1002693	2
1002694	1
1002695	2
1002696	1
1002697	1
1002698	0
1002699	0
1002700	0
1002701	0
1002702	0
1002703	1
1002704	1
1002705	1
1002706	1
1002707	1
1002708	1
1002709	0
1002710	0
1002711	0
1002712	0
1002713	0
1002714	0
1002715	0
1002716	0
1002717	0
1002718	0
1002719	0
1002720	0
1002721	0
1002722	0
1002723	1
1002724	1
1002725	1
1002726	1
1002727	1
1002728	1
1002729	1
1002730	1
1002731	1
1002732	1
1002733	1
1002734	2
1002735	3
1002736	4
1002737	3
1002738	3
1002739	4
1002740	4
1002741	5
1002742	5
1002743	5
1002744	5
1002745	5
1002746	5
1002747	6
1002748	6
1002749	6
1002750	6
1002751	6
1002752	6
1002753	5
1002754	5
1002755	4
1002756	4
1002757	4
1002758	4
1002759	4
1002760	4
1002761	4
1002762	4
1002763	5
1002764	5
1002765	5
1002766	5
1002767	4
1002768	3
1002769	2
1002770	2
1002771	2
1002772	2
1002773	2
1002774	2
1002775	2
1002776	2
1002777	2
1002778	1
1002779	1
1002780	1
1002781	1
1002782	1
1002783	1
1002784	1
1002785	1
1002786	1
1002787	1
1002788	1
1002789	1
1002790	1
1002791	1
1002792	0
1002793	0
1002794	0
1002795	0
1002796	0
1002797	0
1002798	0
1002799	0
1002800	0
1002801	1
1002802	1
1002803	1
1002804	1
1002805	1
1002806	0
1002807	0
1002808	0
1002809	0
1002810	0
1002811	0
1002812	0
1002813	0
1002814	0
1002815	0
1002816	1
1002817	1
1002818	1
1002819	2
1002820	2
1002821	2
1002822	2
1002823	2
1002824	3
1002825	3
1002826	3
1002827	3
1002828	2
1002829	2
1002830	2
1002831	3
1002832	3
1002833	3
1002834	3
1002835	3
1002836	3
1002837	3
1002838	3
1002839	3
1002840	3
1002841	3
1002842	3
1002843	3
1002844	3
1002845	3
1002846	3
1002847	3
1002848	3
1002849	3
1002850	3
1002851	3
1002852	3
1002853	3
1002854	3
1002855	3
1002856	2
1002857	2
1002858	2
1002859	2
1002860	2
1002861	2
1002862	2
1002863	2
1002864	2
1002865	2
1002866	2
1002867	2
1002868	2
1002869	2
1002870	2
1002871	2
1002872	3
1002873	3
1002874	4
1002875	3
1002876	3
1002877	2
1002878	3
1002879	3
1002880	3
1002881	4
1002882	5
1002883	4
1002884	4
1002885	4
1002886	4
1002887	4
1002888	3
1002889	3
1002890	3
1002891	3
1002892	3
1002893	3
1002894	4
1002895	4
1002896	5
1002897	5
1002898	6
1002899	5
1002900	5
1002901	5
1002902	5
1002903	5
1002904	5
1002905	4
1002906	4
1002907	4
1002908	4
1002909	5
1002910	5
1002911	6
1002912	5
1002913	5
1002914	5
1002915	5
1002916	5
1002917	5
1002918	5
1002919	5
1002920	5
1002921	5
1002922	5
1002923	5
1002924	5
1002925	5
1002926	5
1002927	6
1002928	6
1002929	7
1002930	7
1002931	7
1002932	6
1002933	6
1002934	6
1002935	6
1002936	6
1002937	6
1002938	6
1002939	7
1002940	7
1002941	7
1002942	7
1002943	7
1002944	7
1002945	7
1002946	7
1002947	7
1002948	7
1002949	7
1002950	7
1002951	6
1002952	6
1002953	7
1002954	7
1002955	7
1002956	5
1002957	5
1002958	5
1002959	5
1002960	5
1002961	6
1002962	5
1002963	5
1002964	5
1002965	5
1002966	5
1002967	5
1002968	5
1002969	5
1002970	5
1002971	5
1002972	5
1002973	5
1002974	5
1002975	5
1002976	5
1002977	5
1002978	5
1002979	5
1002980	6
1002981	6
1002982	6
1002983	5
1002984	4
1002985	4
1002986	4
1002987	4
1002988	4
1002989	5
1002990	5
1002991	5
1002992	6
1002993	6
1002994	6
1002995	5
1002996	5
1002997	5
1002998	5
1002999	4
1003000	4
1003001	4
1003002	4
1003003	4
1003004	4
1003005	5
1003006	5
1003007	6
1003008	6
1003009	7
1003010	6
1003011	6
1003012	6
1003013	7
1003014	7
1003015	7
1003016	5
1003017	5
1003018	5
1003019	5
1003020	5
1003021	5
1003022	5
1003023	5
1003024	5
1003025	6
1003026	7
1003027	7
1003028	7
1003029	7
1003030	7
1003031	8
1003032	8
1003033	7
1003034	7
1003035	6
1003036	7
1003037	8
1003038	8
1003039	8
1003040	8
1003041	7
1003042	8
1003043	7
1003044	7
1003045	6
1003046	6
1003047	6
1003048	6
1003049	5
1003050	5
1003051	5
1003052	6
1003053	5
1003054	5
1003055	5
1003056	5
1003057	6
1003058	6
1003059	6
1003060	5
1003061	6
1003062	7
1003063	7
1003064	7
1003065	7
1003066	6
1003067	6
1003068	6
1003069	6
1003070	7
1003071	7
1003072	7
1003073	7
1003074	7
1003075	7
1003076	5
1003077	5
1003078	5
1003079	6
1003080	5
1003081	5
1003082	4
1003083	4
1003084	4
1003085	5
1003086	5
1003087	4
1003088	4
1003089	4
1003090	3
1003091	3
1003092	3
1003093	3
1003094	3
1003095	3
1003096	3
1003097	3
1003098	3
1003099	3
1003100	3
1003101	4
1003102	4
1003103	6
1003104	6
1003105	5
1003106	6
1003107	6
1003108	6
1003109	6
1003110	6
1003111	6
1003112	6
1003113	6
1003114	6
1003115	6
1003116	6
1003117	6
1003118	6
1003119	7
1003120	7
1003121	6
1003122	6
1003123	6
1003124	6
1003125	6
1003126	6
1003127	6
1003128	6
1003129	6
1003130	6
1003131	6
1003132	6
1003133	6
1003134	7
1003135	7
1003136	7
1003137	7
1003138	7
1003139	7
1003140	7
1003141	6
1003142	5
1003143	4
1003144	4
1003145	4
1003146	5
1003147	5
1003148	5
1003149	5
1003150	5
1003151	6
1003152	7
1003153	7
1003154	7
1003155	7
1003156	7
1003157	7
1003158	7
1003159	7
1003160	7
1003161	7
1003162	6
1003163	4
1003164	4
1003165	4
1003166	4
1003167	4
1003168	4
1003169	4
1003170	4
1003171	4
1003172	4
1003173	4
1003174	3
1003175	3
1003176	4
1003177	4
1003178	4
1003179	3
1003180	3
1003181	3
1003182	3
1003183	2
1003184	2
1003185	2
1003186	2
1003187	1
1003188	0
1003189	0
1003190	0
1003191	0
1003192	0
1003193	1
1003194	1
1003195	1
1003196	1
1003197	0
1003198	0
1003199	0
1003200	0
1003201	0
1003202	0
1003203	0
1003204	0
1003205	0
1003206	0
1003207	0
1003208	0
1003209	0
1003210	0
1003211	0
1003212	0
1003213	0
1003214	0
1003215	0
1003216	1
1003217	1
1003218	1
1003219	1
1003220	1
1003221	1
1003222	1
1003223	1
1003224	1
1003225	1
1003226	1
1003227	1
1003228	1
1003229	1
1003230	1
1003231	2
1003232	2
1003233	3
1003234	3
1003235	3
1003236	3
1003237	2
1003238	2
1003239	2
1003240	1
1003241	1
1003242	1
1003243	1
1003244	1
1003245	1
1003246	1
1003247	2
1003248	2
1003249	2
1003250	2
1003251	2
1003252	2
1003253	1
1003254	1
1003255	1
1003256	0
1003257	0
1003258	0
1003259	0
1003260	0
1003261	0
1003262	0
1003263	0
1003264	0
1003265	0
1003266	0
1003267	1
1003268	1
1003269	1
1003270	1
1003271	1
1003272	1
1003273	1
1003274	1
1003275	1
1003276	1
1003277	1
1003278	1
1003279	1
1003280	1
1003281	1
1003282	1
1003283	1
1003284	1
1003285	1
1003286	1
1003287	1
1003288	1
1003289	1
1003290	1
1003291	1
1003292	1
1003293	1
1003294	1
1003295	1
1003296	1
1003297	2
1003298	2
1003299	3
1003300	2
1003301	2
1003302	2
1003303	1
1003304	1
1003305	1
1003306	1
1003307	1
1003308	2
1003309	2
1003310	2
1003311	2
1003312	2
1003313	2
1003314	2
1003315	2
1003316	2
1003317	2
1003318	2
1003319	2
1003320	2
1003321	2
1003322	2
1003323	2
1003324	2
1003325	2
1003326	2
1003327	2
1003328	2
1003329	2
1003330	2
1003331	2
1003332	2
1003333	2
1003334	2
1003335	2
1003336	2
1003337	2
1003338	2
1003339	2
1003340	2
1003341	2
1003342	3
1003343	3
1003344	3
1003345	3
1003346	3
1003347	3
1003348	3
1003349	3
1003350	3
1003351	2
1003352	2
1003353	2
1003354	2
1003355	2
1003356	2
1003357	2
1003358	3
1003359	3
1003360	3
1003361	4
1003362	4
1003363	4
1003364	5
1003365	5
1003366	5
1003367	4
1003368	4
1003369	2
1003370	2
1003371	1
1003372	1
1003373	1
1003374	1
1003375	1
1003376	1
1003377	1
1003378	2
1003379	2
1003380	2
1003381	2
1003382	1
1003383	1
1003384	0
1003385	0
1003386	0
1003387	0
1003388	0
1003389	0
1003390	0
1003391	0
1003392	0
1003393	0
1003394	1
1003395	1
1003396	1
1003397	1
1003398	1
1003399	1
1003400	1
1003401	1
1003402	1
1003403	2
1003404	2
1003405	2
1003406	2
1003407	2
1003408	2
1003409	1
1003410	1
1003411	1
1003412	1
1003413	1
1003414	1
1003415	1
1003416	1
1003417	1
1003418	1
1003419	1
1003420	1
1003421	1
1003422	1
1003423	1
1003424	1
1003425	1
1003426	1
1003427	1
1003428	1
1003429	1
1003430	1
1003431	1
1003432	1
1003433	1
1003434	2
1003435	2
1003436	2
1003437	2
1003438	2
1003439	2
1003440	2
1003441	2
1003442	2
1003443	2
1003444	1
1003445	1
1003446	0
1003447	0
1003448	0
1003449	0
1003450	0
1003451	0
1003452	0
1003453	0
1003454	1
1003455	1
1003456	1
1003457	1
1003458	1
1003459	1
1003460	1
1003461	1
1003462	1
1003463	1
1003464	0
1003465	0
1003466	0
1003467	0
1003468	0
1003469	0
1003470	0
1003471	0
1003472	0
1003473	0
1003474	0
1003475	0
1003476	0
1003477	2
1003478	2
1003479	3
1003480	2
1003481	2
1003482	2
1003483	2
1003484	2
1003485	2
1003486	2
1003487	2
1003488	2
1003489	2
1003490	2
1003491	2
1003492	2
1003493	2
1003494	2
1003495	2
1003496	1
1003497	1
1003498	1
1003499	1
1003500	1
1003501	1
1003502	1
1003503	1
1003504	1
1003505	1
1003506	2
1003507	2
1003508	2
1003509	2
1003510	2
1003511	2
1003512	2
1003513	2
1003514	2
1003515	3
1003516	3
1003517	3
1003518	3
1003519	3
1003520	3
1003521	4
1003522	4
1003523	4
1003524	4
1003525	4
1003526	4
1003527	4
1003528	4
1003529	4
1003530	4
1003531	4
1003532	4
1003533	3
1003534	3
1003535	3
1003536	3
1003537	3
1003538	3
1003539	3
1003540	3
1003541	3
1003542	3
1003543	4
1003544	4
1003545	4
1003546	4
1003547	3
1003548	3
1003549	3
1003550	3
1003551	3
1003552	3
1003553	3
1003554	3
1003555	3
1003556	3
1003557	3
1003558	3
1003559	3
1003560	3
1003561	3
1003562	3
1003563	3
1003564	2
1003565	1
1003566	1
1003567	1
1003568	1
1003569	1
1003570	1
1003571	1
1003572	1
1003573	2
1003574	2
1003575	3
1003576	3
1003577	2
1003578	2
1003579	1
1003580	1
1003581	1
1003582	1
1003583	1
1003584	1
1003585	1
1003586	1
1003587	1
1003588	1
1003589	1
1003590	1
1003591	1
1003592	1
1003593	1
1003594	1
1003595	1
1003596	1
1003597	1
1003598	1
1003599	1
1003600	1
1003601	1
1003602	1
1003603	1
1003604	1
1003605	1
1003606	1
1003607	1
1003608	1
1003609	1
1003610	1
1003611	1
1003612	1
1003613	1
1003614	1
1003615	1
1003616	1
1003617	1
1003618	1
1003619	1
1003620	1
1003621	1
1003622	1
1003623	1
1003624	1
1003625	1
1003626	1
1003627	1
1003628	1
1003629	1
1003630	1
1003631	1
1003632	1
1003633	1
1003634	1
1003635	1
1003636	1
1003637	1
1003638	1
1003639	1
1003640	1
1003641	1
1003642	1
1003643	1
1003644	1
1003645	1
1003646	1
1003647	1
1003648	2
1003649	2
1003650	2
1003651	3
1003652	3
1003653	2
1003654	2
1003655	2
1003656	2
1003657	2
1003658	2
1003659	2
1003660	2
1003661	3
1003662	3
1003663	3
1003664	3
1003665	2
1003666	2
1003667	2
1003668	2
1003669	2
1003670	2
1003671	2
1003672	2
1003673	1
1003674	0
1003675	0
1003676	0
1003677	0
1003678	0
1003679	0
1003680	0
1003681	0
1003682	0
1003683	0
1003684	0
1003685	0
1003686	0
1003687	0
1003688	0
1003689	1
1003690	1
1003691	1
1003692	1
1003693	1
1003694	1
1003695	1
1003696	1
1003697	1
1003698	1
1003699	1
1003700	1
1003701	1
1003702	1
1003703	1
1003704	1
1003705	1
1003706	1
1003707	1
1003708	1
1003709	2
1003710	2
1003711	2
1003712	2
1003713	2
1003714	2
1003715	2
1003716	2
1003717	2
1003718	2
1003719	2
1003720	2
1003721	2
1003722	2
1003723	3
1003724	3
1003725	3
1003726	3
1003727	3
1003728	3
1003729	4
1003730	4
1003731	4
1003732	4
1003733	4
1003734	4
1003735	4
1003736	4
1003737	4
1003738	4
1003739	4
1003740	4
1003741	4
1003742	4
1003743	5
1003744	5
1003745	5
1003746	5
1003747	5
1003748	4
1003749	5
1003750	5
1003751	5
1003752	6
1003753	5
1003754	5
1003755	5
1003756	5
1003757	6
1003758	6
1003759	6
1003760	6
1003761	4
1003762	4
1003763	4
1003764	5
1003765	5
1003766	5
1003767	5
1003768	6
1003769	5
1003770	5
1003771	5
1003772	5
1003773	5
1003774	5
1003775	5
1003776	6
1003777	6
1003778	6
1003779	5
1003780	5
1003781	5
1003782	5
1003783	5
1003784	5
1003785	5
1003786	5
1003787	5
1003788	5
1003789	5
1003790	5
1003791	5
1003792	5
1003793	5
1003794	5
1003795	5
1003796	5
1003797	5
1003798	6
1003799	5
1003800	4
1003801	4
1003802	4
1003803	4
1003804	4
1003805	4
1003806	3
1003807	4
1003808	3
1003809	3
1003810	3
1003811	3
1003812	3
1003813	3
1003814	3
1003815	3
1003816	3
1003817	3
1003818	3
1003819	3
1003820	3
1003821	4
1003822	3
1003823	4
1003824	4
1003825	4
1003826	4
1003827	4
1003828	4
1003829	4
1003830	4
1003831	4
1003832	4
1003833	4
1003834	4
1003835	3
1003836	3
1003837	3
1003838	3
1003839	3
1003840	3
1003841	4
1003842	4
1003843	4
1003844	4
1003845	4
1003846	5
1003847	5
1003848	5
1003849	5
1003850	5
1003851	4
1003852	4
1003853	4
1003854	3
1003855	3
1003856	3
1003857	3
1003858	3
1003859	3
1003860	3
1003861	3
1003862	3
1003863	3
1003864	3
1003865	3
1003866	3
1003867	3
1003868	3
1003869	3
1003870	4
1003871	4
1003872	3
1003873	3
1003874	3
1003875	3
1003876	4
1003877	4
1003878	4
1003879	4
1003880	3
1003881	3
1003882	3
1003883	3
1003884	3
1003885	3
1003886	3
1003887	3
1003888	3
1003889	3
1003890	3
1003891	3
1003892	3
1003893	3
1003894	3
1003895	3
1003896	3
1003897	3
1003898	3
1003899	3
1003900	4
1003901	4
1003902	4
1003903	4
1003904	4
1003905	4
1003906	4
1003907	4
1003908	3
1003909	3
1003910	3
1003911	3
1003912	3
1003913	3
1003914	3
1003915	3
1003916	4
1003917	4
1003918	4
1003919	3
1003920	4
1003921	4
1003922	4
1003923	4
1003924	4
1003925	4
1003926	5
1003927	5
1003928	5
1003929	5
1003930	5
1003931	5
1003932	5
1003933	5
1003934	4
1003935	4
1003936	5
1003937	5
1003938	5
1003939	5
1003940	5
1003941	5
1003942	5
1003943	5
1003944	5
1003945	5
1003946	5
1003947	5
1003948	5
1003949	5
1003950	2
1003951	2
1003952	2
1003953	2
1003954	2
1003955	2
1003956	2
1003957	2
1003958	2
1003959	2
1003960	3
1003961	4
1003962	4
1003963	4
1003964	5
1003965	4
1003966	3
1003967	3
1003968	3
1003969	3
1003970	3
1003971	3
1003972	3
1003973	3
1003974	2
1003975	2
1003976	2
1003977	2
1003978	2
1003979	2
1003980	2
1003981	2
1003982	3
1003983	2
1003984	1
1003985	1
1003986	1
1003987	1
1003988	1
1003989	1
1003990	1
1003991	1
1003992	2
1003993	1
1003994	1
1003995	1
1003996	1
1003997	1
1003998	1
1003999	1
1004000	1
1004001	1
1004002	1
1004003	1
1004004	1
1004005	1
1004006	1
1004007	1
1004008	1
1004009	0
1004010	0
1004011	0
1004012	0
1004013	0
1004014	0
1004015	0
1004016	0
1004017	0
1004018	0
1004019	1
1004020	1
1004021	2
1004022	2
1004023	2
1004024	2
1004025	2
1004026	1
1004027	1
1004028	1
1004029	1
1004030	1
1004031	1
1004032	1
1004033	1
1004034	1
1004035	2
1004036	2
1004037	1
1004038	1
1004039	1
1004040	1
1004041	1
1004042	1
1004043	1
1004044	1
1004045	1
1004046	1
1004047	1
1004048	1
1004049	1
1004050	1
1004051	1
1004052	1
1004053	1
1004054	1
1004055	1
1004056	1
1004057	1
1004058	1
1004059	1
1004060	1
1004061	1
1004062	2
1004063	2
1004064	2
1004065	2
1004066	2
1004067	2
1004068	2
1004069	1
1004070	1
1004071	1
1004072	1
1004073	1
1004074	1
1004075	0
1004076	0
1004077	1
1004078	1
1004079	1
1004080	1
1004081	1
1004082	1
1004083	1
1004084	1
1004085	3
1004086	3
1004087	3
1004088	3
1004089	3
1004090	3
1004091	3
1004092	4
1004093	4
1004094	4
1004095	4
1004096	4
1004097	5
1004098	6
1004099	6
1004100	6
1004101	5
1004102	5
1004103	5
1004104	5
1004105	5
1004106	5
1004107	5
1004108	5
1004109	5
1004110	5
1004111	4
1004112	4
1004113	4
1004114	4
1004115	5
1004116	6
1004117	6
1004118	4
1004119	4
1004120	4
1004121	4
1004122	4
1004123	4
1004124	4
1004125	4
1004126	4
1004127	5
1004128	6
1004129	7
1004130	7
1004131	7
1004132	7
1004133	6
1004134	6
1004135	6
1004136	6
1004137	6
1004138	7
1004139	4
1004140	4
1004141	4
1004142	4
1004143	4
1004144	4
1004145	4
1004146	4
1004147	4
1004148	5
1004149	5
1004150	6
1004151	6
1004152	6
1004153	6
1004154	6
1004155	5
1004156	5
1004157	5
1004158	5
1004159	5
1004160	5
1004161	5
1004162	5
1004163	5
1004164	5
1004165	4
1004166	4
1004167	4
1004168	4
1004169	5
1004170	5
1004171	5
1004172	5
1004173	6
1004174	6
1004175	6
1004176	7
1004177	7
1004178	6
1004179	6
1004180	6
1004181	6
1004182	6
1004183	6
1004184	6
1004185	6
1004186	6
1004187	6
1004188	6
1004189	6
1004190	6
1004191	5
1004192	5
1004193	5
1004194	5
1004195	5
1004196	5
1004197	6
1004198	6
1004199	7
1004200	6
1004201	6
1004202	5
1004203	5
1004204	4
1004205	4
1004206	4
1004207	4
1004208	4
1004209	4
1004210	4
1004211	4
1004212	4
1004213	4
1004214	3
1004215	3
1004216	4
1004217	4
1004218	4
1004219	3
1004220	3
1004221	1
1004222	2
1004223	2
1004224	2
1004225	1
1004226	1
1004227	1
1004228	1
1004229	1
1004230	1
1004231	1
1004232	1
1004233	1
1004234	1
1004235	1
1004236	1
1004237	1
1004238	1
1004239	1
1004240	1
1004241	1
1004242	1
1004243	1
1004244	1
1004245	2
1004246	2
1004247	3
1004248	3
1004249	3
1004250	3
1004251	3
1004252	2
1004253	1
1004254	1
1004255	1
1004256	1
1004257	1
1004258	1
1004259	1
1004260	1
1004261	1
1004262	2
1004263	3
1004264	4
1004265	4
1004266	4
1004267	4
1004268	4
1004269	4
1004270	4
1004271	4
1004272	4
1004273	4
1004274	4
1004275	4
1004276	4
1004277	4
1004278	4
1004279	4
1004280	4
1004281	4
1004282	4
1004283	4
1004284	4
1004285	4
1004286	4
1004287	4
1004288	3
1004289	3
1004290	3
1004291	3
1004292	3
1004293	3
1004294	3
1004295	4
1004296	4
1004297	4
1004298	4
1004299	3
1004300	3
1004301	3
1004302	3
1004303	3
1004304	3
1004305	3
1004306	3
1004307	3
1004308	2
1004309	2
1004310	2
1004311	1
1004312	1
1004313	1
1004314	1
1004315	1
1004316	1
1004317	2
1004318	2
1004319	2
1004320	1
1004321	1
1004322	1
1004323	1
1004324	1
1004325	1
1004326	1
1004327	1
1004328	1
1004329	1
1004330	1
1004331	1
1004332	1
1004333	2
1004334	2
1004335	2
1004336	2
1004337	2
1004338	1
1004339	1
1004340	1
1004341	1
1004342	1
1004343	2
1004344	2
1004345	2
1004346	2
1004347	2
1004348	2
1004349	2
1004350	2
1004351	2
1004352	2
1004353	2
1004354	2
1004355	2
1004356	2
1004357	2
1004358	2
1004359	2
1004360	2
1004361	3
1004362	3
1004363	3
1004364	3
1004365	3
1004366	3
1004367	3
1004368	3
1004369	3
1004370	3
1004371	3
1004372	3
1004373	3
1004374	3
1004375	4
1004376	4
1004377	4
1004378	5
1004379	5
1004380	5
1004381	3
1004382	3
1004383	3
1004384	3
1004385	3
1004386	3
1004387	3
1004388	3
1004389	3
1004390	5
1004391	5
1004392	5
1004393	5
1004394	5
1004395	5
1004396	4
1004397	4
1004398	4
1004399	4
1004400	4
1004401	4
1004402	4
1004403	4
1004404	3
1004405	3
1004406	3
1004407	3
1004408	3
1004409	3
1004410	3
1004411	3
1004412	3
1004413	3
1004414	3
1004415	3
1004416	3
1004417	3
1004418	3
1004419	3
1004420	3
1004421	3
1004422	3
1004423	4
1004424	3
1004425	2
1004426	2
1004427	1
1004428	1
1004429	1
1004430	1
1004431	1
1004432	1
1004433	1
1004434	1
1004435	1
1004436	2
1004437	2
1004438	2
1004439	2
1004440	2
1004441	2
1004442	1
1004443	1
1004444	1
1004445	1
1004446	1
1004447	1
1004448	1
1004449	1
1004450	1
1004451	1
1004452	1
1004453	1
1004454	1
1004455	1
1004456	1
1004457	1
1004458	1
1004459	2
1004460	2
1004461	2
1004462	2
1004463	1
1004464	1
1004465	1
1004466	1
1004467	1
1004468	1
1004469	1
1004470	1
1004471	1
1004472	1
1004473	1
1004474	1
1004475	1
1004476	1
1004477	1
1004478	1
1004479	1
1004480	1
1004481	2
1004482	1
1004483	1
1004484	1
1004485	1
1004486	1
1004487	1
1004488	1
1004489	1
1004490	1
1004491	1
1004492	1
1004493	2
1004494	2
1004495	2
1004496	2
1004497	2
1004498	3
1004499	3
1004500	3
1004501	2
1004502	2
1004503	2
1004504	1
1004505	1
1004506	1
1004507	1
1004508	2
1004509	2
1004510	4
1004511	4
1004512	4
1004513	4
1004514	4
1004515	4
1004516	3
1004517	3
1004518	3
1004519	3
1004520	3
1004521	3
1004522	3
1004523	3
1004524	3
1004525	2
1004526	2
1004527	2
1004528	2
1004529	2
1004530	2
1004531	2
1004532	2
1004533	2
1004534	2
1004535	2
1004536	3
1004537	3
1004538	3
1004539	3
1004540	3
1004541	3
1004542	3
1004543	3
1004544	3
1004545	4
1004546	5
1004547	5
1004548	5
1004549	5
1004550	5
1004551	5
1004552	5
1004553	5
1004554	5
1004555	5
1004556	5
1004557	6
1004558	6
1004559	7
1004560	7
1004561	5
1004562	5
1004563	5
1004564	5
1004565	5
1004566	5
1004567	5
1004568	5
1004569	6
1004570	6
1004571	6
1004572	5
1004573	5
1004574	5
1004575	5
1004576	4
1004577	4
1004578	4
1004579	4
1004580	5
1004581	5
1004582	4
1004583	4
1004584	4
1004585	4
1004586	4
1004587	4
1004588	4
1004589	4
1004590	4
1004591	4
1004592	4
1004593	4
1004594	4
1004595	5
1004596	5
1004597	5
1004598	4
1004599	4
1004600	4
1004601	4
1004602	5
1004603	3
1004604	3
1004605	2
1004606	2
1004607	2
1004608	2
1004609	3
1004610	3
1004611	3
1004612	4
1004613	3
1004614	3
1004615	3
1004616	3
1004617	3
1004618	3
1004619	3
1004620	3
1004621	3
1004622	4
1004623	4
1004624	4
1004625	4
1004626	4
1004627	4
1004628	4
1004629	5
1004630	5
1004631	5
1004632	5
1004633	5
1004634	4
1004635	4
1004636	4
1004637	4
1004638	4
1004639	4
1004640	4
1004641	4
1004642	4
1004643	5
1004644	6
1004645	7
1004646	7
1004647	7
1004648	7
1004649	6
1004650	6
1004651	6
1004652	6
1004653	5
1004654	5
1004655	5
1004656	5
1004657	5
1004658	5
1004659	5
1004660	5
1004661	4
1004662	4
1004663	5
1004664	6
1004665	6
1004666	6
1004667	6
1004668	5
1004669	5
1004670	5
1004671	5
1004672	5
1004673	5
1004674	5
1004675	5
1004676	5
1004677	5
1004678	5
1004679	5
1004680	5
1004681	5
1004682	5
1004683	5
1004684	5
1004685	5
1004686	6
1004687	6
1004688	6
1004689	6
1004690	5
1004691	5
1004692	4
1004693	4
1004694	3
1004695	3
1004696	3
1004697	4
1004698	5
1004699	5
1004700	5
1004701	5
1004702	5
1004703	5
1004704	4
1004705	3
1004706	3
1004707	4
1004708	3
1004709	2
1004710	2
1004711	2
1004712	1
1004713	1
1004714	1
1004715	1
1004716	2
1004717	2
1004718	2
1004719	3
1004720	3
1004721	3
1004722	3
1004723	2
1004724	1
1004725	1
1004726	1
1004727	2
1004728	2
1004729	2
1004730	2
1004731	2
1004732	3
1004733	3
1004734	3
1004735	4
1004736	4
1004737	4
1004738	3
1004739	3
1004740	3
1004741	3
1004742	3
1004743	4
1004744	4
1004745	4
1004746	4
1004747	4
1004748	4
1004749	4
1004750	4
1004751	4
1004752	4
1004753	4
1004754	4
1004755	3
1004756	3
1004757	3
1004758	3
1004759	3
1004760	3
1004761	3
1004762	3
1004763	3
1004764	2
1004765	2
1004766	2
1004767	2
1004768	2
1004769	2
1004770	2
1004771	2
1004772	2
1004773	2
1004774	2
1004775	2
1004776	2
1004777	2
1004778	2
1004779	2
1004780	2
1004781	2
1004782	2
1004783	2
1004784	3
1004785	3
1004786	4
1004787	4
1004788	4
1004789	4
1004790	4
1004791	3
1004792	3
1004793	3
1004794	3
1004795	3
1004796	3
1004797	4
1004798	4
1004799	4
1004800	3
1004801	3
1004802	3
1004803	3
1004804	3
1004805	3
1004806	3
1004807	2
1004808	2
1004809	2
1004810	2
1004811	2
1004812	1
1004813	1
1004814	1
1004815	1
1004816	1
1004817	1
1004818	1
1004819	1
1004820	1
1004821	1
1004822	1
1004823	1
1004824	1
1004825	1
1004826	1
1004827	1
1004828	1
1004829	1
1004830	1
1004831	1
1004832	1
1004833	1
1004834	1
1004835	1
1004836	1
1004837	1
1004838	1
1004839	1
1004840	0
1004841	0
1004842	0
1004843	0
1004844	0
1004845	0
1004846	1
1004847	1
1004848	1
1004849	1
1004850	1
1004851	1
1004852	1
1004853	1
1004854	1
1004855	1
1004856	1
1004857	2
1004858	2
1004859	3
1004860	2
1004861	2
1004862	2
1004863	2
1004864	2
1004865	2
1004866	3
1004867	3
1004868	3
1004869	3
1004870	3
1004871	3
1004872	3
1004873	3
1004874	3
1004875	3
1004876	3
1004877	3
1004878	2
1004879	3
1004880	3
1004881	3
1004882	3
1004883	3
1004884	3
1004885	3
1004886	3
1004887	3
1004888	3
1004889	3
1004890	3
1004891	3
1004892	3
1004893	3
1004894	3
1004895	3
1004896	3
1004897	3
1004898	3
1004899	3
1004900	3
1004901	2
1004902	2
1004903	2
1004904	2
1004905	2
1004906	2
1004907	2
1004908	2
1004909	2
1004910	2
1004911	2
1004912	3
1004913	3
1004914	3
1004915	3
1004916	3
1004917	3
1004918	3
1004919	3
1004920	3
1004921	3
1004922	3
1004923	3
1004924	3
1004925	3
1004926	2
1004927	2
1004928	2
1004929	2
1004930	2
1004931	2
1004932	2
1004933	2
1004934	2
1004935	2
1004936	2
1004937	2
1004938	2
1004939	2
1004940	2
1004941	2
1004942	1
1004943	2
1004944	2
1004945	2
1004946	2
1004947	2
1004948	3
1004949	3
1004950	4
1004951	4
1004952	4
1004953	4
1004954	4
1004955	4
1004956	4
1004957	3
1004958	3
1004959	3
1004960	3
1004961	3
1004962	3
1004963	3
1004964	3
1004965	3
1004966	3
1004967	3
1004968	3
1004969	3
1004970	3
1004971	3
1004972	3
1004973	4
1004974	4
1004975	5
1004976	5
1004977	5
1004978	5
1004979	4
1004980	4
1004981	6
1004982	6
1004983	5
1004984	5
1004985	6
1004986	6
1004987	6
1004988	6
1004989	6
1004990	6
1004991	6
1004992	7
1004993	7
1004994	6
1004995	6
1004996	4
1004997	4
1004998	4
1004999	4
1005000	4
1005001	4
1005002	4
1005003	4
1005004	5
1005005	4
1005006	4
1005007	4
1005008	5
1005009	4
1005010	4
1005011	4
1005012	4
1005013	3
1005014	3
1005015	4
1005016	4
1005017	4
1005018	4
1005019	4
1005020	4
1005021	3
1005022	3
1005023	3
1005024	3
1005025	3
1005026	4
1005027	4
1005028	4
1005029	5
1005030	6
1005031	6
1005032	5
1005033	5
1005034	6
1005035	5
1005036	5
1005037	4
1005038	5
1005039	5
1005040	4
1005041	3
1005042	3
1005043	4
1005044	4
1005045	4
1005046	4
1005047	3
1005048	3
1005049	4
1005050	4
1005051	4
1005052	4
1005053	4
1005054	4
1005055	4
1005056	3
1005057	3
1005058	3
1005059	4
1005060	4
1005061	4
1005062	4
1005063	4
1005064	4
1005065	4
1005066	3
1005067	3
1005068	2
1005069	2
1005070	2
1005071	1
1005072	1
1005073	1
1005074	1
1005075	1
1005076	1
1005077	1
1005078	1
1005079	1
1005080	1
1005081	1
1005082	1
1005083	1
1005084	1
1005085	1
1005086	1
1005087	2
1005088	3
1005089	2
1005090	3
1005091	3
1005092	3
1005093	2
1005094	2
1005095	2
1005096	2
1005097	2
1005098	2
1005099	2
1005100	2
1005101	2
1005102	2
1005103	3
1005104	4
1005105	4
1005106	4
1005107	4
1005108	4
1005109	5
1005110	5
1005111	5
