1001110	4
1001111	3
1001112	3
1001113	3
1001114	2
1001115	2
1001116	1
1001117	2
1001118	4
1001119	4
1001120	5
1001121	5
1001122	5
1001123	5
1001124	4
1001125	4
1001126	4
1001127	4
1001128	4
1001129	3
1001130	3
1001131	3
1001132	3
1001133	3
1001134	3
1001135	3
1001136	3
1001137	3
1001138	1
1001139	1
1001140	1
1001141	1
1001142	1
1001143	1
1001144	1
1001145	1
1001146	2
1001147	2
1001148	2
1001149	2
1001150	2
1001151	2
1001152	3
1001153	3
1001154	2
1001155	3
1001156	3
1001157	3
1001158	3
1001159	3
1001160	3
1001161	2
1001162	2
1001163	2
1001164	3
1001165	3
1001166	3
1001167	3
1001168	3
1001169	4
1001170	4
1001171	4
1001172	4
1001173	4
1001174	4
1001175	4
1001176	4
1001177	3
1001178	2
1001179	2
1001180	2
1001181	2
1001182	2
1001183	1
1001184	1
1001185	1
1001186	2
1001187	2
1001188	2
1001189	2
1001190	2
1001191	2
1001192	2
1001193	3
1001194	3
1001195	3
1001196	3
1001197	3
1001198	3
1001199	3
1001200	3
1001201	3
1001202	3
1001203	3
1001204	3
1001205	3
1001206	3
1001207	2
1001208	2
1001209	2
1001210	2
1001211	2
1001212	2
1001213	2
1001214	2
1001215	1
1001216	1
1001217	0
1001218	0
1001219	1
1001220	1
1001221	1
1001222	1
1001223	1
1001224	1
1001225	2
1001226	2
1001227	3
1001228	1
1001229	0
1001230	1
1001231	1
1001232	1
1001233	1
1001234	1
1001235	1
1001236	1
1001237	1
1001238	1
1001239	1
1001240	1
1001241	1
1001242	0
1001243	0
1001244	0
1001245	0
1001246	0
1001247	0
1001248	1
1001249	1
1001250	1
1001251	1
1001252	1
1001253	1
1001254	1
1001255	1
1001256	1
1001257	1
1001258	1
1001259	1
1001260	1
1001261	1
1001262	1
1001263	3
1001264	4
1001265	4
1001266	4
1001267	4
1001268	4
1001269	3
1001270	3
1001271	1
1001272	1
1001273	0
1001274	1
1001275	1
1001276	1
1001277	1
1001278	3
1001279	4
1001280	4
1001281	4
1001282	4
1001283	5
1001284	5
1001285	5
1001286	5
1001287	4
1001288	3
1001289	3
1001290	3
1001291	2
1001292	2
1001293	1
1001294	1
1001295	1
1001296	1
1001297	1
1001298	1
1001299	1
1001300	1
1001301	1
1001302	1
1001303	1
1001304	2
1001305	2
1001306	2
1001307	1
1001308	1
1001309	1
1001310	1
1001311	1
1001312	0
1001313	1
1001314	1
1001315	1
1001316	1
1001317	1
1001318	1
1001319	1
1001320	0
1001321	0
1001322	0
1001323	0
1001324	0
1001325	0
1001326	0
1001327	0
1001328	0
1001329	0
1001330	0
1001331	0
1001332	0
1001333	0
1001334	0
1001335	0
1001336	1
1001337	2
1001338	2
1001339	1
1001340	1
1001341	1
1001342	1
1001343	1
1001344	1
1001345	1
1001346	1
1001347	1
1001348	1
1001349	1
1001350	1
1001351	1
1001352	1
1001353	0
1001354	0
1001355	0
1001356	0
1001357	0
1001358	0
1001359	0
1001360	0
1001361	0
1001362	1
1001363	1
1001364	1
1001365	2
1001366	0
1001367	0
1001368	0
1001369	0
1001370	0
1001371	0
1001372	0
1001373	0
1001374	0
1001375	0
1001376	0
1001377	0
1001378	1
1001379	1
1001380	1
1001381	1
1001382	1
1001383	1
1001384	1
1001385	1
1001386	2
1001387	2
1001388	2
1001389	2
1001390	3
1001391	3
1001392	3
1001393	3
1001394	3
1001395	3
1001396	3
1001397	3
1001398	2
1001399	2
1001400	3
1001401	3
1001402	4
1001403	4
1001404	4
1001405	4
1001406	4
1001407	4
1001408	4
1001409	4
1001410	4
1001411	4
1001412	4
1001413	4
1001414	3
1001415	3
1001416	3
1001417	2
1001418	2
1001419	2
1001420	3
1001421	3
1001422	3
1001423	3
1001424	3
1001425	3
1001426	3
1001427	3
1001428	3
1001429	3
1001430	3
1001431	3
1001432	3
1001433	4
1001434	4
1001435	4
1001436	5
1001437	5
1001438	6
1001439	6
1001440	6
1001441	4
1001442	4
1001443	3
1001444	3
1001445	3
1001446	3
1001447	3
1001448	4
1001449	4
1001450	4
1001451	3
1001452	3
1001453	3
1001454	2
1001455	2
1001456	2
1001457	2
1001458	1
1001459	0
1001460	2
1001461	2
1001462	2
1001463	3
1001464	4
1001465	4
1001466	5
1001467	5
1001468	6
1001469	4
1001470	3
1001471	3
1001472	3
1001473	3
1001474	3
1001475	2
1001476	2
1001477	2
1001478	2
1001479	3
1001480	2
1001481	2
1001482	2
1001483	2
1001484	2
1001485	1
1001486	1
1001487	1
1001488	2
1001489	4
1001490	4
1001491	4
1001492	4
1001493	5
1001494	5
1001495	5
1001496	4
1001497	3
1001498	3
1001499	3
1001500	3
1001501	3
1001502	3
1001503	3
1001504	3
1001505	3
1001506	2
1001507	2
1001508	2
1001509	2
1001510	2
1001511	2
1001512	2
1001513	2
1001514	2
1001515	2
1001516	1
1001517	1
1001518	1
1001519	1
1001520	0
1001521	0
1001522	0
1001523	0
1001524	1
1001525	1
1001526	1
1001527	2
1001528	2
1001529	2
1001530	2
1001531	2
1001532	2
1001533	2
1001534	2
1001535	2
1001536	2
1001537	2
1001538	2
1001539	2
1001540	2
1001541	2
1001542	1
1001543	2
1001544	2
1001545	1
1001546	1
1001547	1
1001548	0
1001549	1
1001550	1
1001551	0
1001552	0
1001553	0
1001554	0
1001555	1
1001556	1
1001557	1
1001558	1
1001559	0
1001560	1
1001561	1
1001562	1
1001563	2
1001564	2
1001565	2
1001566	2
1001567	2
1001568	2
1001569	1
1001570	2
1001571	2
1001572	2
1001573	2
1001574	2
1001575	2
1001576	2
1001577	2
1001578	2
1001579	2
1001580	2
1001581	2
1001582	2
1001583	2
1001584	1
1001585	1
1001586	1
1001587	1
1001588	1
1001589	1
1001590	1
1001591	1
1001592	1
1001593	1
1001594	1
1001595	1
1001596	1
1001597	1
1001598	1
1001599	1
1001600	1
1001601	1
1001602	1
1001603	1
1001604	1
1001605	1
1001606	1
1001607	1
1001608	3
1001609	3
1001610	3
1001611	3
1001612	2
1001613	2
1001614	2
1001615	2
1001616	2
1001617	2
1001618	1
1001619	1
1001620	1
1001621	1
1001622	1
1001623	1
1001624	1
1001625	1
1001626	1
1001627	1
1001628	1
1001629	1
1001630	1
1001631	1
1001632	1
1001633	1
1001634	1
1001635	1
1001636	1
1001637	1
1001638	1
1001639	1
1001640	1
1001641	1
1001642	2
1001643	3
1001644	3
1001645	3
1001646	3
1001647	3
1001648	2
1001649	1
1001650	1
1001651	1
1001652	1
1001653	0
1001654	0
1001655	0
1001656	0
1001657	0
1001658	0
1001659	0
1001660	0
1001661	0
1001662	0
1001663	0
1001664	0
1001665	0
1001666	0
1001667	0
1001668	0
1001669	0
1001670	0
1001671	0
1001672	0
1001673	0
1001674	0
1001675	0
1001676	0
1001677	1
1001678	1
1001679	1
1001680	2
1001681	3
1001682	3
1001683	3
1001684	2
1001685	2
1001686	3
1001687	3
1001688	2
1001689	2
1001690	2
1001691	2
1001692	2
1001693	2
1001694	1
1001695	1
1001696	1
1001697	1
1001698	1
1001699	1
1001700	1
1001701	2
1001702	2
1001703	2
1001704	2
1001705	2
1001706	2
1001707	2
1001708	3
1001709	4
1001710	4
1001711	3
1001712	3
1001713	2
1001714	2
1001715	2
1001716	2
1001717	2
1001718	3
1001719	2
1001720	2
1001721	2
1001722	2
1001723	2
1001724	2
1001725	2
1001726	2
1001727	2
1001728	2
1001729	2
1001730	2
1001731	2
1001732	2
1001733	2
1001734	2
1001735	1
1001736	3
1001737	3
1001738	3
1001739	3
1001740	3
1001741	3
1001742	3
1001743	3
1001744	3
1001745	3
1001746	2
1001747	2
1001748	1
1001749	0
1001750	0
1001751	1
1001752	1
1001753	1
1001754	1
1001755	2
1001756	2
1001757	2
1001758	3
1001759	3
1001760	3
1001761	4
1001762	4
1001763	4
1001764	3
1001765	2
1001766	2
1001767	2
1001768	2
1001769	2
1001770	4
1001771	4
1001772	4
1001773	4
1001774	4
1001775	4
1001776	4
1001777	4
1001778	4
1001779	4
1001780	4
1001781	4
1001782	3
1001783	3
1001784	4
1001785	5
1001786	5
1001787	5
1001788	4
1001789	4
1001790	5
1001791	5
1001792	5
1001793	4
1001794	4
1001795	4
1001796	4
1001797	3
1001798	3
1001799	3
1001800	3
1001801	2
1001802	1
1001803	1
1001804	4
1001805	4
1001806	4
1001807	4
1001808	4
1001809	4
1001810	4
1001811	4
1001812	4
1001813	3
1001814	3
1001815	3
1001816	3
1001817	2
1001818	2
1001819	2
1001820	2
1001821	2
1001822	2
1001823	2
1001824	1
1001825	1
1001826	1
1001827	1
1001828	0
1001829	0
1001830	0
1001831	0
1001832	0
1001833	0
1001834	1
1001835	1
1001836	1
1001837	2
1001838	2
1001839	2
1001840	2
1001841	2
1001842	2
1001843	2
1001844	2
1001845	1
1001846	1
1001847	1
1001848	1
1001849	1
1001850	1
1001851	1
1001852	1
1001853	2
1001854	2
1001855	2
1001856	1
1001857	1
1001858	2
1001859	2
1001860	2
1001861	1
1001862	1
1001863	1
1001864	1
1001865	0
1001866	0
1001867	0
1001868	0
1001869	0
1001870	0
1001871	0
1001872	0
1001873	0
1001874	2
1001875	2
1001876	2
1001877	2
1001878	2
1001879	2
1001880	1
1001881	1
1001882	1
1001883	1
1001884	1
1001885	1
1001886	1
1001887	1
1001888	0
1001889	0
1001890	0
1001891	0
1001892	0
1001893	0
1001894	0
1001895	0
1001896	0
1001897	0
1001898	0
1001899	0
1001900	0
1001901	0
1001902	0
1001903	0
1001904	0
1001905	0
1001906	0
1001907	0
1001908	0
1001909	0
1001910	0
1001911	0
1001912	0
1001913	0
1001914	0
1001915	0
1001916	0
1001917	0
1001918	1
1001919	1
1001920	1
1001921	2
1001922	2
1001923	1
1001924	1
1001925	1
1001926	1
1001927	1
1001928	1
1001929	1
1001930	2
1001931	2
1001932	2
1001933	2
1001934	2
1001935	2
1001936	1
1001937	0
1001938	0
1001939	0
1001940	0
1001941	0
1001942	0
1001943	0
1001944	1
1001945	1
1001946	1
1001947	1
1001948	1
1001949	0
1001950	1
1001951	1
1001952	0
1001953	0
1001954	0
1001955	0
1001956	0
1001957	0
1001958	0
1001959	0
1001960	1
1001961	1
1001962	1
1001963	1
1001964	1
1001965	1
1001966	1
1001967	1
1001968	1
1001969	1
1001970	1
1001971	1
1001972	1
1001973	1
1001974	2
1001975	2
1001976	2
1001977	2
1001978	2
1001979	2
1001980	2
1001981	1
1001982	1
1001983	1
1001984	1
1001985	1
1001986	2
1001987	2
1001988	2
1001989	2
1001990	3
1001991	3
1001992	3
1001993	4
1001994	4
1001995	4
1001996	4
1001997	4
1001998	3
1001999	3
1002000	2
1002001	1
1002002	2
1002003	2
1002004	2
1002005	2
1002006	2
1002007	2
1002008	2
1002009	2
1002010	2
1002011	2
1002012	2
1002013	2
1002014	2
1002015	2
1002016	2
1002017	1
1002018	2
1002019	2
1002020	3
1002021	3
1002022	3
1002023	3
1002024	3
1002025	4
1002026	3
1002027	2
1002028	3
1002029	3
1002030	2
1002031	3
1002032	3
1002033	3
1002034	3
1002035	3
1002036	3
1002037	3
1002038	3
1002039	3
1002040	3
1002041	3
1002042	3
1002043	2
1002044	2
1002045	2
1002046	2
1002047	2
1002048	3
1002049	3
1002050	3
1002051	3
1002052	3
1002053	3
1002054	3
1002055	3
1002056	3
1002057	2
1002058	2
1002059	2
1002060	2
1002061	2
1002062	3
1002063	3
1002064	3
1002065	2
1002066	2
1002067	2
1002068	2
1002069	2
1002070	2
1002071	2
1002072	2
1002073	2
1002074	3
1002075	3
1002076	2
1002077	2
1002078	2
1002079	2
1002080	2
1002081	2
1002082	2
1002083	1
1002084	1
1002085	2
1002086	2
1002087	2
1002088	2
1002089	2
1002090	2
1002091	2
1002092	2
1002093	2
1002094	2
1002095	2
1002096	2
1002097	2
1002098	2
1002099	3
1002100	5
1002101	5
1002102	6
1002103	6
1002104	5
1002105	5
1002106	5
1002107	5
1002108	5
1002109	5
1002110	5
1002111	5
1002112	4
1002113	4
1002114	4
1002115	4
1002116	4
1002117	4
1002118	4
1002119	5
1002120	5
1002121	5
1002122	5
1002123	5
1002124	5
1002125	5
1002126	5
1002127	5
1002128	5
1002129	3
1002130	3
1002131	3
1002132	3
1002133	3
1002134	3
1002135	3
1002136	3
1002137	3
1002138	3
1002139	3
1002140	3
1002141	3
1002142	3
1002143	1
1002144	1
1002145	1
1002146	1
1002147	2
1002148	2
1002149	2
1002150	2
1002151	1
1002152	2
1002153	3
1002154	3
1002155	3
1002156	3
1002157	2
1002158	2
1002159	2
1002160	2
1002161	2
1002162	2
1002163	2
1002164	2
1002165	1
1002166	1
1002167	2
1002168	2
1002169	3
1002170	3
1002171	2
1002172	2
1002173	2
1002174	1
1002175	1
1002176	1
1002177	2
1002178	2
1002179	2
1002180	3
1002181	3
1002182	3
1002183	3
1002184	3
1002185	5
1002186	4
1002187	4
1002188	2
1002189	2
1002190	1
1002191	1
1002192	1
1002193	2
1002194	2
1002195	1
1002196	1
1002197	1
1002198	1
1002199	1
1002200	1
1002201	2
1002202	2
1002203	2
1002204	2
1002205	2
1002206	2
1002207	2
1002208	2
1002209	2
1002210	2
1002211	2
1002212	2
1002213	2
1002214	2
1002215	1
1002216	1
1002217	1
1002218	1
1002219	1
1002220	1
1002221	1
1002222	1
1002223	1
1002224	1
1002225	1
1002226	1
1002227	1
1002228	1
1002229	1
1002230	1
1002231	1
1002232	1
1002233	1
1002234	1
1002235	1
1002236	1
1002237	1
1002238	1
1002239	1
1002240	1
1002241	1
1002242	1
1002243	2
1002244	2
1002245	3
1002246	3
1002247	3
1002248	3
1002249	3
1002250	3
1002251	3
1002252	3
1002253	2
1002254	3
1002255	3
1002256	4
1002257	4
1002258	4
1002259	4
1002260	4
1002261	4
1002262	4
1002263	4
1002264	4
1002265	3
1002266	4
1002267	3
1002268	3
1002269	2
1002270	2
1002271	3
1002272	3
1002273	3
1002274	3
1002275	3
1002276	3
1002277	3
1002278	3
1002279	3
1002280	3
1002281	3
1002282	2
1002283	2
1002284	2
1002285	2
1002286	2
1002287	3
1002288	3
1002289	4
1002290	4
1002291	4
1002292	4
1002293	3
1002294	3
1002295	3
1002296	2
1002297	2
1002298	2
1002299	2
1002300	2
1002301	4
1002302	4
1002303	5
1002304	5
1002305	5
1002306	5
1002307	5
1002308	6
1002309	6
1002310	6
1002311	6
1002312	6
1002313	6
1002314	5
1002315	5
1002316	5
1002317	5
1002318	5
1002319	6
1002320	6
1002321	6
1002322	6
1002323	6
1002324	6
1002325	6
1002326	6
1002327	6
1002328	6
1002329	7
1002330	7
1002331	7
1002332	7
1002333	7
1002334	5
1002335	6
1002336	6
1002337	7
1002338	6
1002339	4
1002340	4
1002341	4
1002342	4
1002343	4
1002344	4
1002345	3
1002346	3
1002347	3
1002348	4
1002349	4
1002350	4
1002351	4
1002352	4
1002353	3
1002354	5
1002355	4
1002356	4
1002357	4
1002358	5
1002359	5
1002360	5
1002361	3
1002362	3
1002363	3
1002364	3
1002365	2
1002366	2
1002367	2
1002368	2
1002369	2
1002370	2
1002371	2
1002372	3
1002373	2
1002374	2
1002375	2
1002376	2
1002377	2
1002378	2
1002379	2
1002380	1
1002381	1
1002382	1
1002383	2
1002384	2
1002385	2
1002386	2
1002387	2
1002388	1
1002389	1
1002390	1
1002391	1
1002392	1
1002393	2
1002394	3
1002395	3
1002396	3
1002397	3
1002398	3
1002399	4
1002400	3
1002401	3
1002402	4
1002403	3
1002404	4
1002405	4
1002406	3
1002407	3
1002408	3
1002409	3
1002410	2
1002411	2
1002412	2
1002413	2
1002414	2
1002415	1
1002416	1
1002417	2
1002418	2
1002419	2
1002420	2
1002421	2
1002422	1
1002423	1
1002424	1
1002425	1
1002426	1
1002427	1
1002428	1
1002429	1
1002430	1
1002431	1
1002432	1
1002433	1
1002434	1
1002435	1
1002436	3
1002437	2
1002438	2
1002439	2
1002440	2
1002441	3
1002442	2
1002443	2
1002444	3
1002445	4
1002446	2
1002447	2
1002448	2
1002449	2
1002450	2
1002451	3
1002452	3
1002453	2
1002454	3
1002455	3
1002456	3
1002457	3
1002458	2
1002459	2
1002460	2
1002461	2
1002462	2
1002463	2
1002464	2
1002465	2
1002466	2
1002467	2
1002468	2
1002469	2
1002470	2
1002471	2
1002472	2
1002473	2
1002474	2
1002475	2
1002476	3
1002477	3
1002478	4
1002479	3
1002480	3
1002481	3
1002482	3
1002483	3
1002484	3
1002485	2
1002486	2
1002487	2
1002488	1
1002489	1
1002490	1
1002491	1
1002492	1
1002493	1
1002494	1
1002495	1
1002496	1
1002497	1
1002498	0
1002499	0
1002500	1
1002501	1
1002502	1
1002503	2
1002504	2
1002505	2
1002506	2
1002507	2
1002508	1
1002509	1
1002510	1
1002511	1
1002512	3
1002513	3
1002514	3
1002515	3
1002516	2
1002517	1
1002518	1
1002519	1
1002520	1
1002521	1
1002522	1
1002523	1
1002524	2
1002525	2
1002526	2
1002527	3
1002528	3
1002529	3
1002530	3
1002531	4
1002532	4
1002533	3
1002534	3
1002535	3
1002536	3
1002537	2
1002538	2
1002539	2
1002540	2
1002541	2
1002542	2
1002543	2
1002544	2
1002545	2
1002546	1
1002547	0
1002548	0
1002549	0
1002550	1
1002551	1
1002552	1
1002553	2
1002554	2
1002555	2
1002556	3
1002557	3
1002558	2
1002559	2
1002560	2
1002561	2
1002562	2
1002563	1
1002564	1
1002565	1
1002566	1
1002567	1
1002568	1
1002569	1
1002570	1
1002571	1
1002572	1
1002573	1
1002574	1
1002575	1
1002576	1
1002577	1
1002578	1
1002579	1
1002580	1
1002581	1
1002582	0
1002583	0
1002584	1
1002585	1
1002586	1
1002587	2
1002588	2
1002589	2
1002590	2
1002591	2
1002592	3
1002593	3
1002594	1
1002595	1
1002596	1
1002597	1
1002598	1
1002599	1
1002600	1
1002601	1
1002602	1
1002603	1
1002604	1
1002605	1
1002606	1
1002607	3
1002608	3
1002609	3
1002610	3
1002611	3
1002612	3
1002613	3
1002614	3
1002615	3
1002616	4
1002617	4
1002618	4
1002619	4
1002620	4
1002621	4
1002622	4
1002623	4
1002624	4
1002625	4
1002626	4
1002627	4
1002628	5
1002629	5
1002630	5
1002631	5
1002632	4
1002633	4
1002634	3
1002635	3
1002636	3
1002637	2
1002638	2
1002639	2
1002640	4
1002641	4
1002642	4
1002643	4
1002644	3
1002645	3
1002646	2
1002647	2
1002648	2
1002649	2
1002650	2
1002651	1
1002652	1
1002653	1
1002654	1
1002655	2
1002656	2
1002657	2
1002658	2
1002659	2
1002660	2
1002661	2
1002662	2
1002663	2
1002664	3
1002665	3
1002666	3
1002667	3
1002668	3
1002669	2
1002670	2
1002671	2
1002672	2
1002673	2
1002674	2
1002675	2
1002676	4
1002677	4
1002678	4
1002679	3
1002680	3
1002681	3
1002682	3
1002683	2
1002684	2
1002685	2
1002686	1
1002687	1
1002688	2
1002689	2
1002690	3
1002691	2
1002692	2
1002693	3
1002694	3
1002695	2
1002696	2
1002697	2
1002698	2
1002699	1
1002700	1
1002701	1
1002702	1
1002703	1
1002704	1
1002705	1
1002706	2
1002707	2
1002708	1
1002709	2
1002710	2
1002711	1
1002712	1
1002713	1
1002714	1
1002715	0
1002716	0
1002717	0
1002718	0
1002719	1
1002720	1
1002721	1
1002722	1
1002723	1
1002724	1
1002725	0
1002726	0
1002727	0
1002728	0
1002729	0
1002730	0
1002731	0
1002732	0
1002733	0
1002734	0
1002735	0
1002736	1
1002737	1
1002738	1
1002739	1
1002740	1
1002741	1
1002742	1
1002743	1
1002744	1
1002745	1
1002746	1
1002747	1
1002748	1
1002749	1
1002750	1
1002751	1
1002752	1
1002753	1
1002754	1
1002755	1
1002756	1
1002757	1
1002758	1
1002759	1
1002760	1
1002761	1
1002762	1
1002763	1
1002764	1
1002765	1
1002766	1
1002767	1
1002768	1
1002769	1
1002770	1
1002771	1
1002772	2
1002773	3
1002774	2
1002775	3
1002776	3
1002777	3
1002778	3
1002779	3
1002780	3
1002781	3
1002782	2
1002783	2
1002784	2
1002785	2
1002786	2
1002787	2
1002788	2
1002789	2
1002790	1
1002791	0
1002792	0
1002793	0
1002794	0
1002795	0
1002796	0
1002797	0
1002798	0
1002799	0
1002800	0
1002801	0
1002802	0
1002803	0
1002804	0
1002805	0
1002806	0
1002807	0
1002808	0
1002809	1
1002810	1
1002811	1
1002812	1
1002813	1
1002814	1
1002815	1
1002816	1
1002817	1
1002818	1
1002819	1
1002820	1
1002821	1
1002822	0
1002823	0
1002824	0
1002825	0
1002826	1
1002827	1
1002828	1
1002829	1
1002830	2
1002831	2
1002832	2
1002833	2
1002834	2
1002835	2
1002836	2
1002837	3
1002838	4
1002839	4
1002840	3
1002841	3
1002842	3
1002843	2
1002844	2
1002845	2
1002846	2
1002847	2
1002848	1
1002849	1
1002850	1
1002851	1
1002852	1
1002853	1
1002854	1
1002855	1
1002856	1
1002857	1
1002858	1
1002859	1
1002860	1
1002861	1
1002862	1
1002863	1
1002864	1
1002865	1
1002866	1
1002867	1
1002868	1
1002869	1
1002870	1
1002871	1
1002872	2
1002873	2
1002874	2
1002875	2
1002876	2
1002877	2
1002878	1
1002879	1
1002880	1
1002881	1
1002882	1
1002883	1
1002884	1
1002885	1
1002886	1
1002887	2
1002888	1
1002889	1
1002890	1
1002891	1
1002892	1
1002893	1
1002894	2
1002895	2
1002896	2
1002897	2
1002898	2
1002899	1
1002900	1
1002901	1
1002902	2
1002903	3
1002904	3
1002905	3
1002906	3
1002907	2
1002908	2
1002909	1
1002910	1
1002911	2
1002912	2
1002913	3
1002914	3
1002915	3
1002916	2
1002917	2
1002918	2
1002919	2
1002920	2
1002921	2
1002922	2
1002923	3
1002924	3
1002925	3
1002926	3
1002927	3
1002928	4
1002929	1
1002930	1
1002931	2
1002932	3
1002933	3
1002934	3
1002935	3
1002936	4
1002937	4
1002938	5
1002939	4
1002940	3
1002941	3
1002942	3
1002943	2
1002944	1
1002945	1
1002946	2
1002947	1
1002948	1
1002949	1
1002950	2
1002951	2
1002952	2
1002953	3
1002954	4
1002955	4
1002956	3
1002957	4
1002958	3
1002959	3
1002960	3
1002961	3
1002962	3
1002963	3
1002964	3
1002965	3
1002966	3
1002967	3
1002968	3
1002969	2
1002970	2
1002971	2
1002972	3
1002973	3
1002974	4
1002975	4
1002976	5
1002977	4
1002978	4
1002979	4
1002980	3
1002981	3
1002982	2
1002983	2
1002984	2
1002985	1
1002986	1
1002987	2
1002988	2
1002989	2
1002990	2
1002991	2
1002992	1
1002993	1
1002994	1
1002995	1
1002996	1
1002997	1
1002998	1
1002999	1
1003000	4
1003001	5
1003002	5
1003003	5
1003004	5
1003005	5
1003006	5
1003007	5
1003008	5
1003009	4
1003010	4
1003011	4
1003012	3
1003013	3
1003014	2
1003015	2
1003016	2
1003017	2
1003018	2
1003019	3
1003020	3
1003021	3
1003022	3
1003023	3
1003024	4
1003025	4
1003026	3
1003027	3
1003028	3
1003029	2
1003030	0
1003031	0
1003032	1
1003033	1
1003034	1
1003035	1
1003036	1
1003037	1
1003038	1
1003039	1
1003040	1
1003041	1
1003042	1
1003043	1
1003044	1
1003045	1
1003046	0
1003047	0
1003048	1
1003049	1
1003050	1
1003051	1
1003052	1
1003053	1
1003054	2
1003055	2
1003056	3
1003057	3
1003058	3
1003059	3
1003060	3
1003061	3
1003062	4
1003063	4
1003064	6
1003065	6
1003066	6
1003067	6
1003068	5
1003069	5
1003070	6
1003071	6
1003072	6
1003073	6
1003074	5
1003075	4
1003076	4
1003077	3
1003078	3
1003079	4
1003080	4
1003081	4
1003082	5
1003083	5
1003084	5
1003085	5
1003086	4
1003087	3
1003088	3
1003089	3
1003090	3
1003091	3
1003092	4
1003093	4
1003094	3
1003095	3
1003096	2
1003097	4
1003098	5
1003099	4
1003100	4
1003101	3
1003102	3
1003103	2
1003104	3
1003105	3
1003106	4
1003107	4
1003108	4
1003109	4
1003110	4
1003111	4
1003112	3
1003113	3
1003114	3
1003115	2
1003116	3
1003117	3
1003118	2
1003119	2
1003120	4
1003121	4
1003122	4
1003123	4
1003124	4
1003125	4
1003126	4
1003127	3
1003128	3
1003129	3
1003130	3
1003131	3
1003132	3
1003133	4
1003134	4
1003135	4
1003136	4
1003137	3
1003138	3
1003139	3
1003140	3
1003141	3
1003142	3
1003143	3
1003144	3
1003145	3
1003146	3
1003147	3
1003148	3
1003149	3
1003150	3
1003151	5
1003152	6
1003153	6
1003154	6
1003155	6
1003156	6
1003157	6
1003158	7
1003159	7
1003160	7
1003161	7
1003162	6
1003163	6
1003164	6
1003165	5
1003166	5
1003167	4
1003168	3
1003169	3
1003170	3
1003171	3
1003172	3
1003173	1
1003174	1
1003175	1
1003176	1
1003177	2
1003178	2
1003179	3
1003180	3
1003181	3
1003182	3
1003183	3
1003184	3
1003185	3
1003186	2
1003187	2
1003188	2
1003189	2
1003190	2
1003191	2
1003192	2
1003193	2
1003194	2
1003195	2
1003196	3
1003197	3
1003198	4
1003199	4
1003200	4
1003201	4
1003202	4
1003203	4
1003204	4
1003205	4
1003206	2
1003207	1
1003208	1
1003209	1
1003210	1
1003211	1
1003212	1
1003213	0
1003214	1
1003215	1
1003216	1
1003217	2
1003218	2
1003219	1
1003220	1
1003221	1
1003222	1
1003223	0
1003224	0
1003225	0
1003226	0
1003227	0
1003228	0
1003229	0
1003230	0
1003231	0
1003232	0
1003233	0
1003234	0
1003235	0
1003236	0
1003237	0
1003238	0
1003239	0
1003240	0
1003241	0
1003242	0
1003243	0
1003244	0
1003245	0
1003246	0
1003247	0
1003248	0
1003249	0
1003250	0
1003251	0
1003252	0
1003253	0
1003254	0
1003255	0
1003256	0
1003257	0
1003258	0
1003259	0
1003260	0
1003261	0
1003262	0
1003263	0
1003264	0
1003265	0
1003266	0
1003267	0
1003268	0
1003269	0
1003270	1
1003271	1
1003272	1
1003273	2
1003274	2
1003275	2
1003276	2
1003277	2
1003278	2
1003279	2
1003280	2
1003281	3
1003282	3
1003283	3
1003284	3
1003285	3
1003286	3
1003287	3
1003288	3
1003289	2
1003290	2
1003291	2
1003292	2
1003293	2
1003294	3
1003295	3
1003296	3
1003297	3
1003298	2
1003299	2
1003300	3
1003301	3
1003302	3
1003303	3
1003304	3
1003305	4
1003306	3
1003307	2
1003308	2
1003309	2
1003310	2
1003311	2
1003312	2
1003313	2
1003314	2
1003315	2
1003316	2
1003317	2
1003318	2
1003319	2
1003320	2
1003321	2
1003322	2
1003323	2
1003324	2
1003325	2
1003326	2
1003327	2
1003328	2
1003329	3
1003330	3
1003331	3
1003332	3
1003333	3
1003334	3
1003335	3
1003336	2
1003337	2
1003338	2
1003339	2
1003340	2
1003341	2
1003342	2
1003343	2
1003344	3
1003345	4
1003346	3
1003347	3
1003348	3
1003349	3
1003350	3
1003351	3
1003352	3
1003353	3
1003354	3
1003355	2
1003356	2
1003357	2
1003358	2
1003359	2
1003360	2
1003361	2
1003362	2
1003363	1
1003364	1
1003365	1
1003366	1
1003367	1
1003368	2
1003369	3
1003370	2
1003371	2
1003372	2
1003373	1
1003374	1
1003375	1
1003376	2
1003377	2
1003378	2
1003379	2
1003380	2
1003381	3
1003382	3
1003383	3
1003384	3
1003385	3
1003386	2
1003387	3
1003388	3
1003389	2
1003390	3
1003391	4
1003392	4
1003393	4
1003394	3
1003395	3
1003396	3
1003397	2
1003398	3
1003399	3
1003400	3
1003401	3
1003402	3
1003403	4
1003404	4
1003405	4
1003406	4
1003407	4
1003408	4
1003409	3
1003410	4
1003411	4
1003412	4
1003413	4
1003414	4
1003415	3
1003416	3
1003417	5
1003418	4
1003419	4
1003420	3
1003421	2
1003422	2
1003423	3
1003424	4
1003425	3
1003426	4
1003427	3
1003428	3
1003429	3
1003430	3
1003431	2
1003432	2
1003433	2
1003434	1
1003435	1
1003436	0
1003437	0
1003438	0
1003439	0
1003440	0
1003441	0
1003442	0
1003443	0
1003444	1
1003445	1
1003446	1
1003447	1
1003448	1
1003449	1
1003450	0
1003451	0
1003452	0
1003453	0
1003454	1
1003455	1
1003456	1
1003457	1
1003458	1
1003459	1
1003460	1
1003461	1
1003462	1
1003463	1
1003464	1
1003465	1
1003466	1
1003467	0
1003468	0
1003469	0
1003470	0
1003471	0
1003472	1
1003473	2
1003474	1
1003475	1
1003476	1
1003477	1
1003478	1
1003479	1
1003480	1
1003481	1
1003482	1
1003483	1
1003484	1
1003485	1
1003486	1
1003487	1
1003488	1
1003489	1
1003490	1
1003491	1
1003492	1
1003493	1
1003494	1
1003495	1
1003496	1
1003497	0
1003498	0
1003499	0
1003500	0
1003501	0
1003502	0
1003503	0
1003504	0
1003505	0
1003506	0
1003507	0
1003508	0
1003509	0
1003510	0
1003511	0
1003512	0
1003513	0
1003514	0
1003515	0
1003516	0
1003517	0
1003518	0
1003519	0
1003520	0
1003521	0
1003522	1
1003523	1
1003524	1
1003525	1
1003526	1
1003527	1
1003528	1
1003529	1
1003530	1
1003531	1
1003532	1
1003533	1
1003534	1
1003535	1
1003536	1
1003537	1
1003538	1
1003539	1
1003540	1
1003541	2
1003542	2
1003543	2
1003544	2
1003545	2
1003546	2
1003547	2
1003548	2
1003549	2
1003550	2
1003551	2
1003552	2
1003553	2
1003554	1
1003555	1
1003556	1
1003557	1
1003558	1
1003559	1
1003560	1
1003561	1
1003562	1
1003563	1
1003564	1
1003565	0
1003566	0
1003567	0
1003568	0
1003569	0
1003570	0
1003571	1
1003572	1
1003573	2
1003574	2
1003575	2
1003576	2
1003577	3
1003578	3
1003579	2
1003580	2
1003581	2
1003582	3
1003583	2
1003584	2
1003585	1
1003586	1
1003587	1
1003588	1
1003589	1
1003590	1
1003591	1
1003592	1
1003593	1
1003594	1
1003595	1
1003596	1
1003597	1
1003598	1
1003599	1
1003600	1
1003601	1
1003602	1
1003603	1
1003604	1
1003605	1
1003606	1
1003607	1
1003608	1
1003609	2
1003610	2
1003611	2
1003612	1
1003613	0
1003614	0
1003615	0
1003616	0
1003617	0
1003618	0
1003619	0
1003620	0
1003621	0
1003622	1
1003623	1
1003624	1
1003625	1
1003626	1
1003627	0
1003628	0
1003629	0
1003630	0
1003631	0
1003632	0
1003633	0
1003634	0
1003635	0
1003636	0
1003637	0
1003638	0
1003639	0
1003640	0
1003641	0
1003642	0
1003643	0
1003644	0
1003645	0
1003646	0
1003647	0
1003648	0
1003649	0
1003650	1
1003651	1
1003652	1
1003653	1
1003654	2
1003655	2
1003656	2
1003657	1
1003658	1
1003659	1
1003660	1
1003661	1
1003662	1
1003663	1
1003664	1
1003665	3
1003666	3
1003667	3
1003668	3
1003669	4
1003670	4
1003671	4
1003672	3
1003673	2
1003674	2
1003675	1
1003676	1
1003677	1
1003678	1
1003679	1
1003680	1
1003681	1
1003682	1
1003683	1
1003684	1
1003685	1
1003686	1
1003687	1
1003688	1
1003689	1
1003690	1
1003691	1
1003692	1
1003693	0
1003694	0
1003695	0
1003696	1
1003697	2
1003698	2
1003699	2
1003700	2
1003701	2
1003702	2
1003703	1
1003704	2
1003705	2
1003706	1
1003707	1
1003708	1
1003709	1
1003710	1
1003711	1
1003712	1
1003713	1
1003714	1
1003715	3
1003716	4
1003717	4
1003718	4
1003719	4
1003720	2
1003721	2
1003722	2
1003723	2
1003724	2
1003725	2
1003726	2
1003727	2
1003728	3
1003729	3
1003730	3
1003731	4
1003732	4
1003733	4
1003734	4
1003735	2
1003736	2
1003737	2
1003738	2
1003739	2
1003740	2
1003741	2
1003742	1
1003743	1
1003744	2
1003745	3
1003746	3
1003747	3
1003748	3
1003749	3
1003750	3
1003751	2
1003752	2
1003753	1
1003754	0
1003755	0
1003756	0
1003757	0
1003758	0
1003759	0
1003760	0
1003761	0
1003762	0
1003763	1
1003764	1
1003765	1
1003766	1
1003767	1
1003768	1
1003769	1
1003770	1
1003771	0
1003772	1
1003773	1
1003774	1
1003775	1
1003776	1
1003777	1
1003778	1
1003779	1
1003780	1
1003781	0
1003782	0
1003783	1
1003784	1
1003785	1
1003786	1
1003787	1
1003788	1
1003789	1
1003790	1
1003791	1
1003792	1
1003793	1
1003794	1
1003795	2
1003796	2
1003797	2
1003798	2
1003799	2
1003800	2
1003801	2
1003802	2
1003803	2
1003804	2
1003805	2
1003806	2
1003807	2
1003808	3
1003809	3
1003810	3
1003811	3
1003812	3
1003813	3
1003814	3
1003815	3
1003816	3
1003817	3
1003818	2
1003819	2
1003820	2
1003821	1
1003822	2
1003823	2
1003824	2
1003825	2
1003826	2
1003827	2
1003828	2
1003829	2
1003830	2
1003831	2
1003832	2
1003833	2
1003834	2
1003835	2
1003836	2
1003837	1
1003838	0
1003839	0
1003840	0
1003841	0
1003842	0
1003843	0
1003844	0
1003845	0
1003846	1
1003847	1
1003848	1
1003849	1
1003850	1
1003851	1
1003852	1
1003853	1
1003854	0
1003855	0
1003856	1
1003857	1
1003858	1
1003859	1
1003860	1
1003861	1
1003862	1
1003863	1
1003864	1
1003865	1
1003866	1
1003867	1
1003868	1
1003869	1
1003870	1
1003871	1
1003872	1
1003873	1
1003874	1
1003875	1
1003876	1
1003877	1
1003878	1
1003879	1
1003880	1
1003881	2
1003882	2
1003883	2
1003884	2
1003885	2
1003886	2
1003887	2
1003888	2
1003889	2
1003890	2
1003891	2
1003892	2
1003893	2
1003894	2
1003895	2
1003896	2
1003897	2
1003898	2
1003899	3
1003900	3
1003901	4
1003902	4
1003903	3
1003904	3
1003905	3
1003906	3
1003907	3
1003908	2
1003909	2
1003910	2
1003911	2
1003912	2
1003913	2
1003914	2
1003915	3
1003916	2
1003917	2
1003918	2
1003919	2
1003920	2
1003921	2
1003922	2
1003923	2
1003924	1
1003925	1
1003926	1
1003927	1
1003928	1
1003929	2
1003930	2
1003931	2
1003932	2
1003933	2
1003934	2
1003935	2
1003936	3
1003937	2
1003938	2
1003939	2
1003940	2
1003941	3
1003942	3
1003943	3
1003944	4
1003945	4
1003946	4
1003947	4
1003948	3
1003949	3
1003950	3
1003951	3
1003952	3
1003953	3
1003954	3
1003955	3
1003956	3
1003957	3
1003958	3
1003959	3
1003960	3
1003961	3
1003962	2
1003963	2
1003964	2
1003965	2
1003966	2
1003967	2
1003968	2
1003969	2
1003970	1
1003971	1
1003972	1
1003973	1
1003974	1
1003975	1
1003976	1
1003977	1
1003978	0
1003979	0
1003980	0
1003981	1
1003982	1
1003983	1
1003984	1
1003985	0
1003986	0
1003987	0
1003988	0
1003989	0
1003990	0
1003991	0
1003992	0
1003993	0
1003994	0
1003995	0
1003996	0
1003997	0
1003998	0
1003999	0
1004000	0
1004001	1
1004002	1
1004003	1
1004004	1
1004005	1
1004006	1
1004007	1
1004008	1
1004009	1
1004010	1
1004011	1
1004012	1
1004013	0
1004014	0
1004015	0
1004016	0
1004017	0
1004018	0
1004019	1
1004020	1
1004021	1
1004022	1
1004023	2
1004024	1
1004025	1
1004026	1
1004027	1
1004028	1
1004029	1
1004030	1
1004031	1
1004032	1
1004033	1
1004034	1
1004035	0
1004036	0
1004037	0
1004038	0
1004039	0
1004040	0
1004041	0
1004042	0
1004043	0
1004044	0
1004045	1
1004046	1
1004047	1
1004048	1
1004049	1
1004050	1
1004051	0
1004052	0
1004053	0
1004054	0
1004055	0
1004056	0
1004057	0
1004058	0
1004059	0
1004060	0
1004061	0
1004062	0
1004063	0
1004064	1
1004065	1
1004066	1
1004067	2
1004068	2
1004069	2
1004070	2
1004071	1
1004072	1
1004073	1
1004074	1
1004075	1
1004076	1
1004077	1
1004078	2
1004079	3
1004080	4
1004081	3
1004082	3
1004083	3
1004084	3
1004085	3
1004086	4
1004087	4
1004088	4
1004089	3
1004090	4
1004091	4
1004092	4
1004093	3
1004094	3
1004095	3
1004096	2
1004097	3
1004098	2
1004099	3
1004100	3
1004101	4
1004102	4
1004103	4
1004104	4
1004105	4
1004106	4
1004107	3
1004108	3
1004109	3
1004110	3
1004111	4
1004112	4
1004113	4
1004114	4
1004115	4
1004116	5
1004117	4
1004118	4
1004119	4
1004120	4
1004121	4
1004122	4
1004123	4
1004124	6
1004125	7
1004126	7
1004127	8
1004128	8
1004129	8
1004130	7
1004131	7
1004132	6
1004133	5
1004134	5
1004135	4
1004136	5
1004137	6
1004138	5
1004139	5
1004140	5
1004141	5
1004142	5
1004143	3
1004144	2
1004145	3
1004146	3
1004147	4
1004148	4
1004149	4
1004150	4
1004151	4
1004152	4
1004153	3
1004154	2
1004155	2
1004156	2
1004157	2
1004158	2
1004159	2
1004160	1
1004161	1
1004162	1
1004163	1
1004164	1
1004165	1
1004166	1
1004167	1
1004168	0
1004169	1
1004170	1
1004171	1
1004172	1
1004173	0
1004174	0
1004175	0
1004176	0
1004177	1
1004178	1
1004179	1
1004180	1
1004181	1
1004182	1
1004183	0
1004184	0
1004185	1
1004186	1
1004187	1
1004188	1
1004189	1
1004190	1
1004191	1
1004192	1
1004193	1
1004194	1
1004195	1
1004196	1
1004197	1
1004198	1
1004199	1
1004200	1
1004201	1
1004202	2
1004203	2
1004204	1
1004205	1
1004206	1
1004207	1
1004208	1
1004209	0
1004210	0
1004211	0
1004212	0
1004213	0
1004214	0
1004215	0
1004216	0
1004217	0
1004218	0
1004219	0
1004220	0
1004221	0
1004222	0
1004223	0
1004224	0
1004225	0
1004226	0
1004227	0
1004228	0
1004229	0
1004230	0
1004231	0
1004232	0
1004233	0
1004234	0
1004235	0
1004236	1
1004237	1
1004238	1
1004239	1
1004240	1
1004241	1
1004242	1
1004243	2
1004244	2
1004245	3
1004246	3
1004247	3
1004248	2
1004249	2
1004250	1
1004251	1
1004252	1
1004253	1
1004254	1
1004255	1
1004256	2
1004257	2
1004258	2
1004259	2
1004260	2
1004261	2
1004262	1
1004263	1
1004264	0
1004265	0
1004266	0
1004267	0
1004268	0
1004269	0
1004270	0
1004271	0
1004272	0
1004273	0
1004274	0
1004275	1
1004276	2
1004277	2
1004278	2
1004279	2
1004280	2
1004281	2
1004282	2
1004283	2
1004284	2
1004285	2
1004286	2
1004287	2
1004288	1
1004289	1
1004290	1
1004291	1
1004292	1
1004293	1
1004294	1
1004295	1
1004296	1
1004297	1
1004298	1
1004299	2
1004300	3
1004301	3
1004302	3
1004303	3
1004304	3
1004305	2
1004306	2
1004307	2
1004308	2
1004309	2
1004310	2
1004311	2
1004312	1
1004313	2
1004314	2
1004315	2
1004316	2
1004317	2
1004318	1
1004319	1
1004320	1
1004321	0
1004322	0
1004323	1
1004324	1
1004325	1
1004326	1
1004327	1
1004328	1
1004329	1
1004330	1
1004331	1
1004332	1
1004333	1
1004334	1
1004335	1
1004336	2
1004337	2
1004338	2
1004339	2
1004340	2
1004341	2
1004342	2
1004343	1
1004344	1
1004345	1
1004346	1
1004347	1
1004348	1
1004349	1
1004350	1
1004351	1
1004352	2
1004353	2
1004354	2
1004355	2
1004356	2
1004357	2
1004358	2
1004359	2
1004360	2
1004361	1
1004362	1
1004363	1
1004364	1
1004365	1
1004366	1
1004367	1
1004368	1
1004369	2
1004370	2
1004371	2
1004372	1
1004373	1
1004374	1
1004375	1
1004376	1
1004377	1
1004378	1
1004379	0
1004380	0
1004381	0
1004382	0
1004383	0
1004384	0
1004385	0
1004386	1
1004387	1
1004388	1
1004389	1
1004390	1
1004391	1
1004392	1
1004393	1
1004394	2
1004395	2
1004396	2
1004397	2
1004398	2
1004399	2
1004400	2
1004401	2
1004402	3
1004403	3
1004404	4
1004405	4
1004406	4
1004407	4
1004408	4
1004409	4
1004410	4
1004411	3
1004412	3
1004413	3
1004414	4
1004415	4
1004416	4
1004417	5
1004418	5
1004419	4
1004420	4
1004421	4
1004422	4
1004423	4
1004424	4
1004425	3
1004426	3
1004427	3
1004428	3
1004429	3
1004430	3
1004431	3
1004432	4
1004433	3
1004434	2
1004435	3
1004436	3
1004437	3
1004438	3
1004439	3
1004440	2
1004441	2
1004442	2
1004443	2
1004444	1
1004445	1
1004446	1
1004447	2
1004448	2
1004449	2
1004450	2
1004451	2
1004452	2
1004453	2
1004454	2
1004455	1
1004456	2
1004457	2
1004458	2
1004459	2
1004460	2
1004461	2
1004462	2
1004463	2
1004464	2
1004465	2
1004466	2
1004467	2
1004468	2
1004469	2
1004470	3
1004471	3
1004472	3
1004473	4
1004474	4
1004475	4
1004476	3
1004477	3
1004478	2
1004479	3
1004480	3
1004481	3
1004482	4
1004483	3
1004484	3
1004485	3
1004486	4
1004487	4
1004488	4
1004489	4
1004490	3
1004491	3
1004492	2
1004493	2
1004494	2
1004495	4
1004496	4
1004497	4
1004498	4
1004499	3
1004500	1
1004501	1
1004502	2
1004503	1
1004504	1
1004505	2
1004506	2
1004507	2
1004508	3
1004509	2
1004510	2
1004511	2
1004512	1
1004513	2
1004514	2
1004515	2
1004516	2
1004517	2
1004518	2
1004519	3
1004520	3
1004521	3
1004522	3
1004523	3
1004524	3
1004525	3
1004526	3
1004527	3
1004528	3
1004529	3
1004530	3
1004531	2
1004532	3
1004533	3
1004534	3
1004535	3
1004536	3
1004537	3
1004538	3
1004539	3
1004540	3
1004541	3
1004542	2
1004543	2
1004544	2
1004545	1
1004546	1
1004547	1
1004548	1
1004549	1
1004550	1
1004551	1
1004552	3
1004553	2
1004554	2
1004555	3
1004556	4
1004557	4
1004558	4
1004559	4
1004560	5
1004561	5
1004562	5
1004563	6
1004564	5
1004565	6
1004566	5
1004567	5
1004568	5
1004569	5
1004570	5
1004571	5
1004572	5
1004573	5
1004574	5
1004575	5
1004576	4
1004577	4
1004578	4
1004579	3
1004580	2
1004581	2
1004582	2
1004583	2
1004584	2
1004585	2
1004586	2
1004587	2
1004588	2
1004589	2
1004590	2
1004591	2
1004592	2
1004593	2
1004594	3
1004595	3
1004596	3
1004597	4
1004598	4
1004599	4
1004600	3
1004601	4
1004602	5
1004603	5
1004604	5
1004605	5
1004606	4
1004607	4
1004608	6
1004609	6
1004610	4
1004611	4
1004612	4
1004613	4
1004614	5
1004615	5
1004616	5
1004617	5
1004618	6
1004619	6
1004620	6
1004621	5
1004622	5
1004623	4
1004624	4
1004625	5
1004626	6
1004627	6
1004628	6
1004629	5
1004630	4
1004631	3
1004632	3
1004633	2
1004634	3
1004635	3
1004636	4
1004637	4
1004638	4
1004639	4
1004640	4
1004641	3
1004642	5
1004643	5
1004644	4
1004645	3
1004646	2
1004647	2
1004648	2
1004649	2
1004650	3
1004651	4
1004652	4
1004653	4
1004654	4
1004655	4
1004656	4
1004657	3
1004658	3
1004659	3
1004660	3
1004661	3
1004662	3
1004663	3
1004664	3
1004665	3
1004666	3
1004667	3
1004668	3
1004669	3
1004670	3
1004671	3
1004672	4
1004673	4
1004674	4
1004675	3
1004676	3
1004677	3
1004678	3
1004679	3
1004680	3
1004681	3
1004682	3
1004683	4
1004684	4
1004685	5
1004686	6
1004687	7
1004688	7
1004689	7
1004690	6
1004691	6
1004692	6
1004693	6
1004694	7
1004695	7
1004696	7
1004697	7
1004698	7
1004699	7
1004700	7
1004701	7
1004702	7
1004703	6
1004704	5
1004705	4
1004706	4
1004707	4
1004708	3
1004709	3
1004710	3
1004711	3
1004712	3
1004713	3
1004714	2
1004715	3
1004716	3
1004717	4
1004718	4
1004719	4
1004720	3
1004721	3
1004722	2
1004723	2
1004724	2
1004725	2
1004726	2
1004727	1
1004728	0
1004729	0
1004730	0
1004731	0
1004732	0
1004733	1
1004734	1
1004735	1
1004736	2
1004737	2
1004738	2
1004739	2
1004740	2
1004741	2
1004742	2
1004743	2
1004744	2
1004745	2
1004746	3
1004747	3
1004748	3
1004749	3
1004750	3
1004751	3
1004752	3
1004753	3
1004754	2
1004755	2
1004756	2
1004757	2
1004758	2
1004759	2
1004760	2
1004761	2
1004762	2
1004763	1
1004764	1
1004765	1
1004766	1
1004767	1
1004768	1
1004769	1
1004770	1
1004771	1
1004772	2
1004773	2
1004774	1
1004775	2
1004776	2
1004777	2
1004778	2
1004779	2
1004780	2
1004781	3
1004782	3
1004783	3
1004784	3
1004785	3
1004786	2
1004787	2
1004788	3
1004789	3
1004790	3
1004791	3
1004792	3
1004793	2
1004794	3
1004795	5
1004796	5
1004797	5
1004798	5
1004799	5
1004800	4
1004801	2
1004802	2
1004803	3
1004804	2
1004805	2
1004806	2
1004807	2
1004808	3
1004809	1
1004810	1
1004811	1
1004812	1
1004813	1
1004814	1
1004815	1
1004816	1
1004817	1
1004818	1
1004819	1
1004820	1
1004821	2
1004822	2
1004823	2
1004824	2
1004825	3
1004826	3
1004827	3
1004828	3
1004829	3
1004830	3
1004831	3
1004832	2
1004833	1
1004834	1
1004835	1
1004836	2
1004837	2
1004838	2
1004839	2
1004840	2
1004841	2
1004842	2
1004843	2
1004844	2
1004845	2
1004846	2
1004847	2
1004848	3
1004849	4
1004850	3
1004851	3
1004852	3
1004853	3
1004854	3
1004855	3
1004856	3
1004857	3
1004858	2
1004859	2
1004860	2
1004861	2
1004862	2
1004863	2
1004864	2
1004865	2
1004866	2
1004867	2
1004868	2
1004869	1
1004870	1
1004871	1
1004872	1
1004873	1
1004874	1
1004875	1
1004876	1
1004877	1
1004878	1
1004879	1
1004880	1
1004881	2
1004882	2
1004883	2
1004884	2
1004885	1
1004886	1
1004887	1
1004888	1
1004889	1
1004890	1
1004891	1
1004892	1
1004893	1
1004894	1
1004895	1
1004896	1
1004897	1
1004898	1
1004899	0
1004900	0
1004901	1
1004902	1
1004903	1
1004904	1
1004905	1
1004906	1
1004907	1
1004908	1
1004909	0
1004910	0
1004911	0
1004912	0
1004913	0
1004914	0
1004915	0
1004916	1
1004917	1
1004918	1
1004919	2
1004920	2
1004921	2
1004922	2
1004923	2
1004924	2
1004925	2
1004926	2
1004927	2
1004928	2
1004929	2
1004930	2
1004931	2
1004932	2
1004933	2
1004934	2
1004935	2
1004936	2
1004937	2
1004938	2
1004939	3
1004940	3
1004941	4
1004942	4
1004943	4
1004944	4
1004945	4
1004946	4
1004947	4
1004948	4
1004949	2
1004950	2
1004951	2
1004952	2
1004953	2
1004954	2
1004955	2
1004956	2
1004957	2
1004958	2
1004959	2
1004960	2
1004961	2
1004962	2
1004963	1
1004964	1
1004965	1
1004966	1
1004967	1
1004968	1
1004969	1
1004970	2
1004971	1
1004972	1
1004973	1
1004974	2
1004975	2
1004976	2
1004977	2
1004978	2
1004979	3
1004980	3
1004981	3
1004982	3
1004983	3
1004984	3
1004985	4
1004986	4
1004987	4
1004988	4
1004989	4
1004990	4
1004991	4
1004992	5
1004993	3
1004994	3
1004995	4
1004996	3
1004997	2
1004998	2
1004999	2
1005000	2
1005001	2
1005002	2
1005003	1
1005004	1
1005005	1
1005006	2
1005007	3
1005008	3
1005009	3
1005010	3
1005011	3
1005012	2
1005013	1
1005014	1
1005015	1
1005016	1
1005017	1
1005018	1
1005019	1
1005020	0
1005021	0
1005022	1
1005023	1
1005024	1
1005025	1
1005026	1
1005027	1
1005028	1
1005029	1
1005030	1
1005031	1
1005032	1
1005033	1
1005034	1
1005035	1
1005036	1
1005037	1
1005038	1
1005039	1
1005040	0
1005041	0
1005042	1
1005043	1
1005044	0
1005045	1
1005046	1
1005047	1
1005048	1
1005049	1
1005050	1
1005051	1
1005052	1
1005053	1
1005054	1
1005055	1
1005056	1
1005057	1
1005058	1
1005059	1
1005060	1
1005061	1
1005062	1
1005063	1
1005064	1
1005065	1
1005066	1
1005067	1
1005068	1
1005069	1
1005070	1
1005071	1
1005072	1
1005073	1
1005074	1
1005075	1
1005076	1
1005077	1
1005078	1
1005079	1
1005080	1
1005081	2
1005082	2
1005083	2
1005084	2
1005085	3
1005086	3
1005087	3
1005088	2
1005089	3
1005090	2
1005091	1
1005092	2
1005093	2
1005094	2
1005095	2
1005096	2
1005097	3
1005098	3
1005099	3
1005100	4
1005101	3
1005102	3
1005103	3
1005104	3
1005105	3
1005106	2
1005107	2
1005108	2
1005109	2
1005110	2
1005111	2
