1001110	5
1001111	4
1001112	4
1001113	5
1001114	5
1001115	5
1001116	4
1001117	5
1001118	5
1001119	5
1001120	4
1001121	5
1001122	5
1001123	5
1001124	5
1001125	5
1001126	4
1001127	4
1001128	4
1001129	4
1001130	4
1001131	4
1001132	5
1001133	5
1001134	4
1001135	4
1001136	4
1001137	4
1001138	4
1001139	3
1001140	3
1001141	4
1001142	4
1001143	4
1001144	3
1001145	3
1001146	4
1001147	4
1001148	4
1001149	4
1001150	3
1001151	3
1001152	2
1001153	2
1001154	2
1001155	2
1001156	3
1001157	3
1001158	3
1001159	3
1001160	3
1001161	3
1001162	3
1001163	3
1001164	3
1001165	2
1001166	3
1001167	3
1001168	3
1001169	4
1001170	4
1001171	4
1001172	5
1001173	5
1001174	4
1001175	4
1001176	5
1001177	5
1001178	5
1001179	5
1001180	5
1001181	5
1001182	4
1001183	4
1001184	4
1001185	4
1001186	5
1001187	5
1001188	5
1001189	5
1001190	5
1001191	6
1001192	6
1001193	5
1001194	5
1001195	5
1001196	6
1001197	5
1001198	4
1001199	3
1001200	4
1001201	3
1001202	3
1001203	3
1001204	3
1001205	3
1001206	2
1001207	2
1001208	2
1001209	2
1001210	1
1001211	0
1001212	0
1001213	0
1001214	0
1001215	0
1001216	0
1001217	0
1001218	0
1001219	0
1001220	0
1001221	1
1001222	1
1001223	1
1001224	1
1001225	1
1001226	2
1001227	2
1001228	2
1001229	3
1001230	2
1001231	2
1001232	2
1001233	2
1001234	2
1001235	2
1001236	2
1001237	2
1001238	2
1001239	2
1001240	2
1001241	2
1001242	2
1001243	2
1001244	2
1001245	2
1001246	2
1001247	3
1001248	3
1001249	3
1001250	3
1001251	3
1001252	3
1001253	2
1001254	2
1001255	2
1001256	2
1001257	2
1001258	2
1001259	2
1001260	2
1001261	3
1001262	3
1001263	3
1001264	3
1001265	3
1001266	3
1001267	3
1001268	3
1001269	3
1001270	3
1001271	3
1001272	3
1001273	3
1001274	3
1001275	3
1001276	3
1001277	3
1001278	3
1001279	3
1001280	3
1001281	3
1001282	3
1001283	3
1001284	3
1001285	2
1001286	2
1001287	2
1001288	2
1001289	1
1001290	1
1001291	1
1001292	1
1001293	2
1001294	2
1001295	3
1001296	2
1001297	2
1001298	2
1001299	2
1001300	1
1001301	1
1001302	1
1001303	1
1001304	1
1001305	1
1001306	1
1001307	1
1001308	1
1001309	1
1001310	0
1001311	1
1001312	1
1001313	2
1001314	2
1001315	2
1001316	2
1001317	2
1001318	2
1001319	2
1001320	2
1001321	2
1001322	2
1001323	2
1001324	2
1001325	3
1001326	3
1001327	3
1001328	3
1001329	3
1001330	3
1001331	3
1001332	3
1001333	3
1001334	3
1001335	3
1001336	3
1001337	3
1001338	3
1001339	3
1001340	3
1001341	3
1001342	3
1001343	3
1001344	2
1001345	2
1001346	2
1001347	2
1001348	2
1001349	2
1001350	2
1001351	2
1001352	1
1001353	2
1001354	2
1001355	2
1001356	2
1001357	2
1001358	1
1001359	1
1001360	0
1001361	0
1001362	0
1001363	0
1001364	0
1001365	1
1001366	1
1001367	1
1001368	1
1001369	1
1001370	2
1001371	3
1001372	3
1001373	3
1001374	3
1001375	3
1001376	3
1001377	3
1001378	3
1001379	3
1001380	3
1001381	3
1001382	3
1001383	3
1001384	3
1001385	3
1001386	4
1001387	4
1001388	3
1001389	3
1001390	3
1001391	3
1001392	3
1001393	3
1001394	3
1001395	3
1001396	2
1001397	2
1001398	2
1001399	2
1001400	2
1001401	3
1001402	4
1001403	4
1001404	4
1001405	4
1001406	4
1001407	4
1001408	4
1001409	4
1001410	4
1001411	5
1001412	5
1001413	5
1001414	5
1001415	5
1001416	5
1001417	5
1001418	5
1001419	4
1001420	3
1001421	4
1001422	4
1001423	4
1001424	4
1001425	4
1001426	4
1001427	4
1001428	4
1001429	3
1001430	3
1001431	4
1001432	4
1001433	5
1001434	5
1001435	5
1001436	4
1001437	4
1001438	4
1001439	4
1001440	6
1001441	6
1001442	6
1001443	7
1001444	7
1001445	7
1001446	6
1001447	6
1001448	6
1001449	6
1001450	6
1001451	6
1001452	6
1001453	6
1001454	6
1001455	6
1001456	6
1001457	6
1001458	7
1001459	7
1001460	6
1001461	6
1001462	6
1001463	5
1001464	5
1001465	5
1001466	5
1001467	5
1001468	5
1001469	6
1001470	6
1001471	7
1001472	7
1001473	7
1001474	7
1001475	7
1001476	8
1001477	8
1001478	8
1001479	9
1001480	9
1001481	8
1001482	8
1001483	8
1001484	8
1001485	8
1001486	8
1001487	7
1001488	7
1001489	7
1001490	8
1001491	9
1001492	8
1001493	8
1001494	8
1001495	8
1001496	8
1001497	7
1001498	7
1001499	8
1001500	8
1001501	8
1001502	8
1001503	8
1001504	8
1001505	7
1001506	8
1001507	8
1001508	8
1001509	8
1001510	8
1001511	8
1001512	7
1001513	7
1001514	8
1001515	8
1001516	7
1001517	5
1001518	6
1001519	6
1001520	7
1001521	8
1001522	8
1001523	8
1001524	6
1001525	6
1001526	6
1001527	6
1001528	5
1001529	5
1001530	5
1001531	5
1001532	7
1001533	7
1001534	6
1001535	6
1001536	6
1001537	5
1001538	5
1001539	5
1001540	4
1001541	4
1001542	4
1001543	4
1001544	3
1001545	3
1001546	3
1001547	3
1001548	3
1001549	3
1001550	3
1001551	3
1001552	3
1001553	3
1001554	3
1001555	3
1001556	4
1001557	4
1001558	4
1001559	4
1001560	4
1001561	5
1001562	5
1001563	4
1001564	4
1001565	4
1001566	4
1001567	4
1001568	4
1001569	4
1001570	4
1001571	4
1001572	2
1001573	2
1001574	2
1001575	2
1001576	2
1001577	2
1001578	3
1001579	3
1001580	4
1001581	4
1001582	4
1001583	4
1001584	4
1001585	4
1001586	3
1001587	3
1001588	4
1001589	4
1001590	4
1001591	4
1001592	4
1001593	4
1001594	3
1001595	3
1001596	3
1001597	3
1001598	3
1001599	4
1001600	3
1001601	3
1001602	3
1001603	3
1001604	3
1001605	3
1001606	4
1001607	4
1001608	4
1001609	4
1001610	4
1001611	4
1001612	4
1001613	3
1001614	3
1001615	2
1001616	2
1001617	2
1001618	2
1001619	2
1001620	3
1001621	3
1001622	4
1001623	4
1001624	4
1001625	4
1001626	5
1001627	5
1001628	5
1001629	6
1001630	6
1001631	6
1001632	6
1001633	5
1001634	5
1001635	5
1001636	5
1001637	5
1001638	5
1001639	5
1001640	5
1001641	5
1001642	5
1001643	5
1001644	5
1001645	5
1001646	5
1001647	5
1001648	4
1001649	4
1001650	4
1001651	4
1001652	5
1001653	5
1001654	5
1001655	5
1001656	6
1001657	7
1001658	7
1001659	7
1001660	7
1001661	8
1001662	8
1001663	8
1001664	8
1001665	5
1001666	5
1001667	5
1001668	5
1001669	5
1001670	5
1001671	5
1001672	5
1001673	6
1001674	6
1001675	6
1001676	6
1001677	6
1001678	6
1001679	5
1001680	6
1001681	6
1001682	6
1001683	6
1001684	6
1001685	6
1001686	5
1001687	5
1001688	4
1001689	4
1001690	4
1001691	4
1001692	4
1001693	4
1001694	4
1001695	4
1001696	4
1001697	2
1001698	2
1001699	2
1001700	2
1001701	2
1001702	3
1001703	3
1001704	3
1001705	3
1001706	3
1001707	3
1001708	3
1001709	2
1001710	2
1001711	2
1001712	2
1001713	3
1001714	3
1001715	3
1001716	3
1001717	3
1001718	3
1001719	3
1001720	3
1001721	3
1001722	2
1001723	1
1001724	1
1001725	1
1001726	1
1001727	1
1001728	1
1001729	0
1001730	0
1001731	1
1001732	1
1001733	0
1001734	0
1001735	0
1001736	0
1001737	0
1001738	0
1001739	0
1001740	0
1001741	1
1001742	1
1001743	1
1001744	1
1001745	1
1001746	1
1001747	1
1001748	1
1001749	1
1001750	2
1001751	2
1001752	2
1001753	2
1001754	2
1001755	2
1001756	2
1001757	3
1001758	4
1001759	3
1001760	2
1001761	2
1001762	1
1001763	2
1001764	1
1001765	1
1001766	1
1001767	1
1001768	1
1001769	1
1001770	1
1001771	2
1001772	2
1001773	2
1001774	2
1001775	2
1001776	2
1001777	2
1001778	2
1001779	2
1001780	2
1001781	2
1001782	1
1001783	1
1001784	1
1001785	1
1001786	1
1001787	1
1001788	1
1001789	1
1001790	1
1001791	1
1001792	2
1001793	1
1001794	1
1001795	0
1001796	0
1001797	0
1001798	0
1001799	0
1001800	0
1001801	0
1001802	0
1001803	0
1001804	0
1001805	0
1001806	1
1001807	2
1001808	1
1001809	1
1001810	1
1001811	1
1001812	1
1001813	1
1001814	1
1001815	1
1001816	1
1001817	1
1001818	1
1001819	1
1001820	1
1001821	1
1001822	1
1001823	1
1001824	1
1001825	1
1001826	1
1001827	1
1001828	1
1001829	2
1001830	2
1001831	4
1001832	4
1001833	5
1001834	5
1001835	5
1001836	5
1001837	5
1001838	5
1001839	5
1001840	5
1001841	5
1001842	5
1001843	4
1001844	4
1001845	4
1001846	3
1001847	3
1001848	3
1001849	3
1001850	3
1001851	3
1001852	3
1001853	4
1001854	3
1001855	2
1001856	2
1001857	2
1001858	3
1001859	3
1001860	2
1001861	2
1001862	2
1001863	3
1001864	3
1001865	3
1001866	5
1001867	5
1001868	4
1001869	4
1001870	4
1001871	3
1001872	3
1001873	3
1001874	3
1001875	2
1001876	2
1001877	2
1001878	2
1001879	2
1001880	2
1001881	4
1001882	4
1001883	3
1001884	3
1001885	2
1001886	1
1001887	1
1001888	1
1001889	1
1001890	1
1001891	1
1001892	1
1001893	1
1001894	2
1001895	3
1001896	3
1001897	3
1001898	3
1001899	3
1001900	3
1001901	3
1001902	3
1001903	3
1001904	3
1001905	3
1001906	4
1001907	4
1001908	4
1001909	4
1001910	4
1001911	5
1001912	5
1001913	5
1001914	5
1001915	5
1001916	5
1001917	5
1001918	5
1001919	5
1001920	4
1001921	4
1001922	4
1001923	4
1001924	2
1001925	2
1001926	3
1001927	3
1001928	3
1001929	3
1001930	3
1001931	3
1001932	3
1001933	3
1001934	4
1001935	4
1001936	4
1001937	4
1001938	4
1001939	4
1001940	4
1001941	3
1001942	3
1001943	3
1001944	3
1001945	3
1001946	3
1001947	4
1001948	4
1001949	4
1001950	5
1001951	5
1001952	5
1001953	5
1001954	5
1001955	5
1001956	5
1001957	5
1001958	5
1001959	5
1001960	4
1001961	3
1001962	3
1001963	3
1001964	3
1001965	3
1001966	3
1001967	3
1001968	2
1001969	2
1001970	2
1001971	2
1001972	2
1001973	2
1001974	2
1001975	2
1001976	2
1001977	2
1001978	3
1001979	3
1001980	3
1001981	4
1001982	4
1001983	4
1001984	4
1001985	4
1001986	5
1001987	5
1001988	5
1001989	5
1001990	5
1001991	5
1001992	5
1001993	5
1001994	5
1001995	4
1001996	4
1001997	4
1001998	4
1001999	4
1002000	4
1002001	4
1002002	4
1002003	4
1002004	4
1002005	3
1002006	3
1002007	3
1002008	3
1002009	3
1002010	3
1002011	3
1002012	3
1002013	3
1002014	3
1002015	3
1002016	3
1002017	3
1002018	3
1002019	3
1002020	4
1002021	4
1002022	4
1002023	4
1002024	3
1002025	3
1002026	2
1002027	2
1002028	2
1002029	3
1002030	3
1002031	4
1002032	4
1002033	4
1002034	3
1002035	3
1002036	2
1002037	2
1002038	3
1002039	3
1002040	3
1002041	3
1002042	3
1002043	3
1002044	4
1002045	5
1002046	5
1002047	5
1002048	5
1002049	5
1002050	5
1002051	4
1002052	4
1002053	4
1002054	4
1002055	4
1002056	4
1002057	4
1002058	4
1002059	4
1002060	4
1002061	4
1002062	4
1002063	4
1002064	4
1002065	4
1002066	4
1002067	3
1002068	3
1002069	3
1002070	4
1002071	4
1002072	4
1002073	4
1002074	4
1002075	4
1002076	3
1002077	3
1002078	3
1002079	3
1002080	3
1002081	3
1002082	3
1002083	2
1002084	2
1002085	2
1002086	2
1002087	1
1002088	1
1002089	1
1002090	2
1002091	2
1002092	2
1002093	2
1002094	2
1002095	2
1002096	1
1002097	1
1002098	1
1002099	1
1002100	1
1002101	1
1002102	1
1002103	2
1002104	4
1002105	4
1002106	4
1002107	4
1002108	4
1002109	4
1002110	4
1002111	4
1002112	4
1002113	4
1002114	4
1002115	4
1002116	4
1002117	3
1002118	3
1002119	3
1002120	3
1002121	3
1002122	3
1002123	3
1002124	3
1002125	3
1002126	3
1002127	3
1002128	3
1002129	3
1002130	3
1002131	2
1002132	2
1002133	2
1002134	2
1002135	1
1002136	1
1002137	1
1002138	1
1002139	1
1002140	1
1002141	1
1002142	1
1002143	1
1002144	1
1002145	2
1002146	2
1002147	3
1002148	3
1002149	3
1002150	3
1002151	4
1002152	4
1002153	4
1002154	4
1002155	4
1002156	4
1002157	4
1002158	4
1002159	4
1002160	4
1002161	3
1002162	3
1002163	3
1002164	3
1002165	2
1002166	2
1002167	2
1002168	2
1002169	2
1002170	2
1002171	2
1002172	2
1002173	2
1002174	2
1002175	2
1002176	2
1002177	2
1002178	2
1002179	2
1002180	2
1002181	1
1002182	1
1002183	2
1002184	4
1002185	5
1002186	5
1002187	5
1002188	5
1002189	5
1002190	5
1002191	5
1002192	6
1002193	6
1002194	6
1002195	6
1002196	6
1002197	6
1002198	6
1002199	6
1002200	6
1002201	6
1002202	6
1002203	6
1002204	6
1002205	6
1002206	5
1002207	5
1002208	5
1002209	5
1002210	6
1002211	5
1002212	4
1002213	4
1002214	4
1002215	4
1002216	4
1002217	4
1002218	4
1002219	4
1002220	3
1002221	3
1002222	3
1002223	3
1002224	2
1002225	2
1002226	3
1002227	4
1002228	3
1002229	3
1002230	2
1002231	2
1002232	2
1002233	3
1002234	3
1002235	3
1002236	3
1002237	3
1002238	3
1002239	3
1002240	3
1002241	3
1002242	3
1002243	4
1002244	4
1002245	3
1002246	3
1002247	4
1002248	4
1002249	4
1002250	3
1002251	3
1002252	3
1002253	3
1002254	3
1002255	4
1002256	4
1002257	4
1002258	4
1002259	3
1002260	3
1002261	3
1002262	2
1002263	2
1002264	2
1002265	2
1002266	2
1002267	2
1002268	2
1002269	2
1002270	2
1002271	2
1002272	2
1002273	2
1002274	4
1002275	4
1002276	4
1002277	4
1002278	3
1002279	3
1002280	2
1002281	2
1002282	2
1002283	2
1002284	3
1002285	3
1002286	3
1002287	3
1002288	2
1002289	2
1002290	2
1002291	2
1002292	2
1002293	2
1002294	1
1002295	1
1002296	1
1002297	1
1002298	1
1002299	1
1002300	1
1002301	2
1002302	2
1002303	2
1002304	3
1002305	3
1002306	4
1002307	4
1002308	4
1002309	4
1002310	3
1002311	4
1002312	4
1002313	4
1002314	4
1002315	4
1002316	5
1002317	5
1002318	4
1002319	4
1002320	4
1002321	4
1002322	4
1002323	4
1002324	4
1002325	3
1002326	3
1002327	3
1002328	3
1002329	3
1002330	3
1002331	3
1002332	3
1002333	4
1002334	4
1002335	4
1002336	4
1002337	4
1002338	3
1002339	3
1002340	3
1002341	3
1002342	4
1002343	4
1002344	4
1002345	4
1002346	5
1002347	5
1002348	5
1002349	5
1002350	5
1002351	5
1002352	5
1002353	5
1002354	5
1002355	5
1002356	5
1002357	5
1002358	5
1002359	4
1002360	4
1002361	6
1002362	5
1002363	4
1002364	4
1002365	4
1002366	3
1002367	3
1002368	4
1002369	4
1002370	4
1002371	4
1002372	4
1002373	4
1002374	4
1002375	4
1002376	3
1002377	3
1002378	5
1002379	6
1002380	6
1002381	7
1002382	8
1002383	8
1002384	8
1002385	8
1002386	8
1002387	8
1002388	7
1002389	7
1002390	7
1002391	8
1002392	8
1002393	8
1002394	8
1002395	8
1002396	7
1002397	8
1002398	8
1002399	8
1002400	8
1002401	8
1002402	8
1002403	8
1002404	8
1002405	7
1002406	7
1002407	7
1002408	7
1002409	7
1002410	7
1002411	6
1002412	6
1002413	6
1002414	6
1002415	6
1002416	6
1002417	6
1002418	6
1002419	6
1002420	5
1002421	4
1002422	4
1002423	4
1002424	4
1002425	4
1002426	4
1002427	3
1002428	4
1002429	4
1002430	3
1002431	3
1002432	3
1002433	3
1002434	4
1002435	5
1002436	5
1002437	4
1002438	2
1002439	3
1002440	3
1002441	3
1002442	3
1002443	3
1002444	3
1002445	4
1002446	4
1002447	4
1002448	4
1002449	4
1002450	5
1002451	5
1002452	5
1002453	5
1002454	5
1002455	5
1002456	5
1002457	4
1002458	5
1002459	4
1002460	4
1002461	4
1002462	4
1002463	4
1002464	4
1002465	4
1002466	5
1002467	5
1002468	4
1002469	4
1002470	4
1002471	4
1002472	3
1002473	3
1002474	3
1002475	3
1002476	3
1002477	3
1002478	3
1002479	3
1002480	3
1002481	3
1002482	3
1002483	3
1002484	2
1002485	2
1002486	2
1002487	2
1002488	2
1002489	2
1002490	2
1002491	2
1002492	2
1002493	2
1002494	2
1002495	2
1002496	4
1002497	4
1002498	3
1002499	2
1002500	2
1002501	2
1002502	2
1002503	3
1002504	3
1002505	3
1002506	3
1002507	3
1002508	2
1002509	2
1002510	3
1002511	3
1002512	3
1002513	3
1002514	3
1002515	3
1002516	3
1002517	3
1002518	2
1002519	2
1002520	2
1002521	2
1002522	2
1002523	2
1002524	3
1002525	3
1002526	3
1002527	2
1002528	2
1002529	2
1002530	2
1002531	3
1002532	3
1002533	4
1002534	4
1002535	5
1002536	5
1002537	5
1002538	5
1002539	5
1002540	5
1002541	5
1002542	5
1002543	5
1002544	5
1002545	5
1002546	5
1002547	5
1002548	5
1002549	4
1002550	3
1002551	2
1002552	2
1002553	2
1002554	3
1002555	3
1002556	6
1002557	6
1002558	6
1002559	6
1002560	7
1002561	7
1002562	7
1002563	7
1002564	7
1002565	7
1002566	7
1002567	7
1002568	8
1002569	6
1002570	6
1002571	6
1002572	6
1002573	7
1002574	7
1002575	7
1002576	6
1002577	6
1002578	7
1002579	7
1002580	7
1002581	7
1002582	8
1002583	8
1002584	8
1002585	7
1002586	7
1002587	6
1002588	6
1002589	6
1002590	6
1002591	6
1002592	7
1002593	7
1002594	8
1002595	8
1002596	8
1002597	8
1002598	9
1002599	9
1002600	8
1002601	9
1002602	8
1002603	7
1002604	6
1002605	6
1002606	6
1002607	6
1002608	6
1002609	6
1002610	6
1002611	6
1002612	6
1002613	5
1002614	4
1002615	4
1002616	5
1002617	5
1002618	6
1002619	6
1002620	6
1002621	6
1002622	6
1002623	6
1002624	6
1002625	7
1002626	7
1002627	7
1002628	7
1002629	7
1002630	7
1002631	8
1002632	8
1002633	8
1002634	8
1002635	7
1002636	7
1002637	6
1002638	5
1002639	5
1002640	5
1002641	5
1002642	4
1002643	4
1002644	5
1002645	5
1002646	5
1002647	5
1002648	5
1002649	5
1002650	7
1002651	7
1002652	6
1002653	6
1002654	6
1002655	5
1002656	5
1002657	5
1002658	5
1002659	5
1002660	6
1002661	6
1002662	5
1002663	5
1002664	6
1002665	6
1002666	6
1002667	5
1002668	4
1002669	4
1002670	3
1002671	3
1002672	3
1002673	3
1002674	3
1002675	3
1002676	2
1002677	3
1002678	3
1002679	3
1002680	3
1002681	3
1002682	3
1002683	2
1002684	2
1002685	2
1002686	2
1002687	2
1002688	2
1002689	2
1002690	2
1002691	1
1002692	1
1002693	1
1002694	1
1002695	0
1002696	0
1002697	0
1002698	0
1002699	1
1002700	1
1002701	1
1002702	1
1002703	2
1002704	2
1002705	2
1002706	2
1002707	2
1002708	3
1002709	3
1002710	4
1002711	4
1002712	4
1002713	4
1002714	3
1002715	2
1002716	2
1002717	2
1002718	2
1002719	2
1002720	2
1002721	2
1002722	2
1002723	2
1002724	2
1002725	2
1002726	2
1002727	2
1002728	2
1002729	3
1002730	3
1002731	3
1002732	3
1002733	2
1002734	2
1002735	2
1002736	2
1002737	2
1002738	2
1002739	2
1002740	2
1002741	2
1002742	2
1002743	2
1002744	2
1002745	2
1002746	2
1002747	2
1002748	2
1002749	2
1002750	2
1002751	3
1002752	3
1002753	3
1002754	3
1002755	3
1002756	3
1002757	3
1002758	3
1002759	3
1002760	3
1002761	3
1002762	4
1002763	4
1002764	5
1002765	5
1002766	5
1002767	5
1002768	5
1002769	5
1002770	5
1002771	5
1002772	5
1002773	5
1002774	5
1002775	5
1002776	5
1002777	4
1002778	4
1002779	4
1002780	4
1002781	4
1002782	5
1002783	4
1002784	4
1002785	4
1002786	4
1002787	4
1002788	4
1002789	4
1002790	4
1002791	4
1002792	4
1002793	4
1002794	4
1002795	4
1002796	4
1002797	4
1002798	5
1002799	5
1002800	5
1002801	4
1002802	4
1002803	4
1002804	4
1002805	4
1002806	4
1002807	4
1002808	4
1002809	4
1002810	4
1002811	4
1002812	4
1002813	4
1002814	4
1002815	4
1002816	4
1002817	4
1002818	3
1002819	3
1002820	3
1002821	2
1002822	2
1002823	2
1002824	2
1002825	2
1002826	3
1002827	3
1002828	3
1002829	3
1002830	3
1002831	3
1002832	4
1002833	4
1002834	4
1002835	4
1002836	4
1002837	4
1002838	4
1002839	4
1002840	4
1002841	4
1002842	3
1002843	3
1002844	3
1002845	3
1002846	3
1002847	3
1002848	3
1002849	5
1002850	5
1002851	5
1002852	5
1002853	4
1002854	2
1002855	2
1002856	4
1002857	4
1002858	4
1002859	4
1002860	4
1002861	4
1002862	4
1002863	4
1002864	3
1002865	3
1002866	3
1002867	2
1002868	2
1002869	2
1002870	2
1002871	3
1002872	3
1002873	3
1002874	3
1002875	3
1002876	4
1002877	4
1002878	4
1002879	4
1002880	4
1002881	3
1002882	3
1002883	3
1002884	3
1002885	5
1002886	4
1002887	5
1002888	5
1002889	5
1002890	6
1002891	6
1002892	5
1002893	4
1002894	4
1002895	4
1002896	5
1002897	5
1002898	5
1002899	5
1002900	5
1002901	5
1002902	6
1002903	6
1002904	6
1002905	7
1002906	8
1002907	7
1002908	7
1002909	7
1002910	7
1002911	7
1002912	7
1002913	7
1002914	7
1002915	7
1002916	11
1002917	12
1002918	12
1002919	12
1002920	11
1002921	11
1002922	10
1002923	10
1002924	9
1002925	9
1002926	9
1002927	9
1002928	9
1002929	9
1002930	9
1002931	10
1002932	8
1002933	8
1002934	8
1002935	6
1002936	4
1002937	4
1002938	4
1002939	4
1002940	4
1002941	5
1002942	5
1002943	5
1002944	4
1002945	4
1002946	5
1002947	5
1002948	5
1002949	5
1002950	5
1002951	5
1002952	5
1002953	5
1002954	5
1002955	5
1002956	5
1002957	5
1002958	5
1002959	5
1002960	5
1002961	5
1002962	6
1002963	5
1002964	5
1002965	5
1002966	5
1002967	5
1002968	5
1002969	4
1002970	4
1002971	4
1002972	4
1002973	4
1002974	3
1002975	3
1002976	4
1002977	4
1002978	5
1002979	5
1002980	5
1002981	5
1002982	5
1002983	5
1002984	5
1002985	5
1002986	5
1002987	5
1002988	6
1002989	7
1002990	7
1002991	7
1002992	7
1002993	6
1002994	6
1002995	6
1002996	6
1002997	7
1002998	8
1002999	7
1003000	6
1003001	6
1003002	6
1003003	5
1003004	4
1003005	4
1003006	6
1003007	6
1003008	5
1003009	5
1003010	6
1003011	6
1003012	6
1003013	6
1003014	6
1003015	6
1003016	6
1003017	5
1003018	5
1003019	5
1003020	5
1003021	5
1003022	5
1003023	3
1003024	3
1003025	3
1003026	3
1003027	3
1003028	3
1003029	3
1003030	4
1003031	4
1003032	3
1003033	3
1003034	3
1003035	4
1003036	4
1003037	4
1003038	4
1003039	4
1003040	4
1003041	4
1003042	4
1003043	2
1003044	2
1003045	2
1003046	2
1003047	2
1003048	2
1003049	3
1003050	3
1003051	3
1003052	4
1003053	4
1003054	4
1003055	4
1003056	3
1003057	3
1003058	3
1003059	3
1003060	2
1003061	2
1003062	2
1003063	2
1003064	2
1003065	3
1003066	3
1003067	3
1003068	3
1003069	3
1003070	3
1003071	3
1003072	3
1003073	4
1003074	4
1003075	4
1003076	4
1003077	3
1003078	3
1003079	2
1003080	2
1003081	2
1003082	2
1003083	2
1003084	1
1003085	1
1003086	2
1003087	3
1003088	3
1003089	4
1003090	4
1003091	4
1003092	4
1003093	4
1003094	4
1003095	4
1003096	4
1003097	4
1003098	4
1003099	4
1003100	4
1003101	3
1003102	3
1003103	3
1003104	4
1003105	4
1003106	4
1003107	5
1003108	5
1003109	5
1003110	5
1003111	5
1003112	6
1003113	6
1003114	6
1003115	7
1003116	7
1003117	7
1003118	7
1003119	7
1003120	8
1003121	7
1003122	7
1003123	7
1003124	7
1003125	7
1003126	8
1003127	8
1003128	8
1003129	7
1003130	7
1003131	7
1003132	6
1003133	6
1003134	6
1003135	5
1003136	5
1003137	5
1003138	5
1003139	3
1003140	3
1003141	4
1003142	4
1003143	4
1003144	4
1003145	4
1003146	4
1003147	4
1003148	4
1003149	5
1003150	6
1003151	6
1003152	6
1003153	5
1003154	5
1003155	5
1003156	5
1003157	5
1003158	5
1003159	6
1003160	6
1003161	6
1003162	6
1003163	6
1003164	6
1003165	7
1003166	6
1003167	6
1003168	6
1003169	6
1003170	6
1003171	6
1003172	6
1003173	6
1003174	6
1003175	6
1003176	6
1003177	6
1003178	5
1003179	6
1003180	6
1003181	6
1003182	7
1003183	7
1003184	6
1003185	6
1003186	5
1003187	5
1003188	5
1003189	5
1003190	5
1003191	5
1003192	5
1003193	5
1003194	5
1003195	5
1003196	5
1003197	5
1003198	5
1003199	5
1003200	5
1003201	6
1003202	6
1003203	6
1003204	6
1003205	6
1003206	6
1003207	5
1003208	5
1003209	6
1003210	7
1003211	7
1003212	7
1003213	8
1003214	8
1003215	8
1003216	10
1003217	11
1003218	9
1003219	8
1003220	8
1003221	8
1003222	9
1003223	9
1003224	10
1003225	10
1003226	10
1003227	10
1003228	9
1003229	8
1003230	8
1003231	7
1003232	7
1003233	7
1003234	6
1003235	7
1003236	7
1003237	6
1003238	5
1003239	3
1003240	3
1003241	3
1003242	3
1003243	4
1003244	4
1003245	6
1003246	7
1003247	7
1003248	6
1003249	6
1003250	6
1003251	6
1003252	7
1003253	7
1003254	7
1003255	7
1003256	7
1003257	7
1003258	6
1003259	7
1003260	7
1003261	7
1003262	7
1003263	7
1003264	7
1003265	7
1003266	7
1003267	7
1003268	6
1003269	8
1003270	9
1003271	9
1003272	9
1003273	9
1003274	10
1003275	10
1003276	8
1003277	8
1003278	7
1003279	6
1003280	6
1003281	6
1003282	6
1003283	6
1003284	6
1003285	6
1003286	6
1003287	6
1003288	6
1003289	5
1003290	5
1003291	5
1003292	5
1003293	5
1003294	4
1003295	4
1003296	5
1003297	5
1003298	5
1003299	5
1003300	5
1003301	5
1003302	5
1003303	5
1003304	6
1003305	6
1003306	8
1003307	8
1003308	7
1003309	6
1003310	7
1003311	7
1003312	6
1003313	6
1003314	7
1003315	7
1003316	7
1003317	6
1003318	6
1003319	6
1003320	6
1003321	7
1003322	7
1003323	7
1003324	7
1003325	6
1003326	6
1003327	6
1003328	6
1003329	6
1003330	3
1003331	3
1003332	3
1003333	3
1003334	3
1003335	4
1003336	5
1003337	5
1003338	5
1003339	5
1003340	5
1003341	5
1003342	5
1003343	4
1003344	4
1003345	4
1003346	4
1003347	4
1003348	4
1003349	4
1003350	4
1003351	4
1003352	4
1003353	3
1003354	3
1003355	2
1003356	2
1003357	2
1003358	2
1003359	2
1003360	1
1003361	1
1003362	1
1003363	1
1003364	1
1003365	1
1003366	1
1003367	1
1003368	2
1003369	2
1003370	2
1003371	2
1003372	1
1003373	1
1003374	1
1003375	1
1003376	1
1003377	1
1003378	1
1003379	1
1003380	1
1003381	1
1003382	1
1003383	1
1003384	1
1003385	1
1003386	1
1003387	0
1003388	1
1003389	2
1003390	2
1003391	2
1003392	2
1003393	2
1003394	2
1003395	2
1003396	2
1003397	2
1003398	2
1003399	2
1003400	2
1003401	2
1003402	2
1003403	2
1003404	2
1003405	1
1003406	1
1003407	1
1003408	0
1003409	0
1003410	0
1003411	1
1003412	1
1003413	1
1003414	1
1003415	1
1003416	1
1003417	1
1003418	1
1003419	1
1003420	1
1003421	1
1003422	1
1003423	1
1003424	1
1003425	1
1003426	1
1003427	1
1003428	1
1003429	1
1003430	1
1003431	1
1003432	1
1003433	1
1003434	1
1003435	1
1003436	1
1003437	1
1003438	1
1003439	1
1003440	1
1003441	1
1003442	1
1003443	1
1003444	1
1003445	2
1003446	2
1003447	2
1003448	2
1003449	2
1003450	2
1003451	3
1003452	3
1003453	3
1003454	3
1003455	3
1003456	3
1003457	3
1003458	3
1003459	3
1003460	3
1003461	3
1003462	3
1003463	3
1003464	3
1003465	3
1003466	4
1003467	4
1003468	3
1003469	3
1003470	3
1003471	3
1003472	3
1003473	2
1003474	2
1003475	1
1003476	1
1003477	1
1003478	1
1003479	1
1003480	1
1003481	2
1003482	2
1003483	2
1003484	2
1003485	2
1003486	3
1003487	4
1003488	4
1003489	4
1003490	4
1003491	4
1003492	4
1003493	4
1003494	4
1003495	4
1003496	3
1003497	3
1003498	3
1003499	3
1003500	3
1003501	3
1003502	3
1003503	3
1003504	3
1003505	3
1003506	3
1003507	3
1003508	3
1003509	3
1003510	3
1003511	3
1003512	3
1003513	3
1003514	1
1003515	1
1003516	4
1003517	4
1003518	4
1003519	4
1003520	4
1003521	4
1003522	4
1003523	4
1003524	4
1003525	3
1003526	3
1003527	3
1003528	2
1003529	2
1003530	2
1003531	2
1003532	2
1003533	3
1003534	3
1003535	3
1003536	3
1003537	3
1003538	3
1003539	3
1003540	3
1003541	2
1003542	2
1003543	2
1003544	2
1003545	2
1003546	3
1003547	3
1003548	3
1003549	3
1003550	3
1003551	3
1003552	3
1003553	3
1003554	3
1003555	3
1003556	3
1003557	3
1003558	3
1003559	3
1003560	3
1003561	4
1003562	4
1003563	4
1003564	4
1003565	4
1003566	4
1003567	4
1003568	4
1003569	4
1003570	4
1003571	4
1003572	4
1003573	4
1003574	4
1003575	4
1003576	3
1003577	3
1003578	3
1003579	3
1003580	3
1003581	3
1003582	3
1003583	3
1003584	3
1003585	2
1003586	3
1003587	3
1003588	3
1003589	3
1003590	3
1003591	3
1003592	3
1003593	3
1003594	3
1003595	3
1003596	2
1003597	2
1003598	1
1003599	2
1003600	2
1003601	2
1003602	3
1003603	3
1003604	3
1003605	3
1003606	3
1003607	3
1003608	3
1003609	3
1003610	3
1003611	3
1003612	3
1003613	2
1003614	1
1003615	1
1003616	2
1003617	1
1003618	1
1003619	1
1003620	1
1003621	1
1003622	2
1003623	1
1003624	1
1003625	2
1003626	2
1003627	2
1003628	2
1003629	2
1003630	3
1003631	3
1003632	3
1003633	3
1003634	3
1003635	3
1003636	3
1003637	3
1003638	3
1003639	3
1003640	3
1003641	3
1003642	3
1003643	3
1003644	3
1003645	3
1003646	3
1003647	3
1003648	3
1003649	3
1003650	3
1003651	4
1003652	4
1003653	4
1003654	4
1003655	4
1003656	4
1003657	4
1003658	4
1003659	4
1003660	3
1003661	3
1003662	3
1003663	3
1003664	2
1003665	2
1003666	3
1003667	3
1003668	3
1003669	3
1003670	3
1003671	3
1003672	3
1003673	4
1003674	4
1003675	4
1003676	4
1003677	2
1003678	2
1003679	1
1003680	1
1003681	1
1003682	1
1003683	2
1003684	2
1003685	2
1003686	2
1003687	2
1003688	2
1003689	3
1003690	3
1003691	3
1003692	3
1003693	3
1003694	3
1003695	2
1003696	2
1003697	2
1003698	2
1003699	3
1003700	3
1003701	3
1003702	2
1003703	2
1003704	2
1003705	2
1003706	2
1003707	2
1003708	2
1003709	2
1003710	2
1003711	2
1003712	2
1003713	2
1003714	1
1003715	1
1003716	1
1003717	1
1003718	1
1003719	2
1003720	1
1003721	2
1003722	2
1003723	2
1003724	2
1003725	2
1003726	2
1003727	2
1003728	2
1003729	2
1003730	2
1003731	3
1003732	2
1003733	2
1003734	2
1003735	2
1003736	2
1003737	2
1003738	2
1003739	2
1003740	2
1003741	2
1003742	2
1003743	2
1003744	2
1003745	2
1003746	1
1003747	1
1003748	1
1003749	1
1003750	1
1003751	0
1003752	0
1003753	0
1003754	0
1003755	0
1003756	0
1003757	1
1003758	1
1003759	1
1003760	1
1003761	1
1003762	1
1003763	1
1003764	1
1003765	1
1003766	1
1003767	1
1003768	1
1003769	1
1003770	1
1003771	1
1003772	1
1003773	1
1003774	1
1003775	1
1003776	0
1003777	0
1003778	0
1003779	1
1003780	1
1003781	1
1003782	2
1003783	2
1003784	2
1003785	3
1003786	3
1003787	3
1003788	3
1003789	3
1003790	3
1003791	3
1003792	3
1003793	3
1003794	3
1003795	3
1003796	2
1003797	2
1003798	2
1003799	2
1003800	2
1003801	2
1003802	2
1003803	2
1003804	2
1003805	2
1003806	2
1003807	1
1003808	1
1003809	2
1003810	2
1003811	2
1003812	2
1003813	2
1003814	2
1003815	2
1003816	2
1003817	2
1003818	2
1003819	2
1003820	2
1003821	2
1003822	2
1003823	2
1003824	2
1003825	1
1003826	1
1003827	1
1003828	1
1003829	1
1003830	1
1003831	1
1003832	1
1003833	1
1003834	1
1003835	1
1003836	1
1003837	1
1003838	1
1003839	1
1003840	0
1003841	0
1003842	0
1003843	0
1003844	1
1003845	1
1003846	1
1003847	1
1003848	1
1003849	1
1003850	1
1003851	1
1003852	1
1003853	1
1003854	1
1003855	1
1003856	1
1003857	1
1003858	1
1003859	1
1003860	1
1003861	2
1003862	2
1003863	2
1003864	2
1003865	2
1003866	3
1003867	3
1003868	3
1003869	3
1003870	3
1003871	3
1003872	3
1003873	3
1003874	2
1003875	2
1003876	2
1003877	2
1003878	3
1003879	3
1003880	3
1003881	3
1003882	3
1003883	3
1003884	4
1003885	4
1003886	5
1003887	4
1003888	4
1003889	4
1003890	4
1003891	4
1003892	4
1003893	3
1003894	3
1003895	3
1003896	3
1003897	3
1003898	3
1003899	3
1003900	3
1003901	3
1003902	3
1003903	3
1003904	3
1003905	3
1003906	3
1003907	3
1003908	3
1003909	3
1003910	3
1003911	2
1003912	2
1003913	2
1003914	2
1003915	2
1003916	2
1003917	2
1003918	2
1003919	2
1003920	2
1003921	2
1003922	2
1003923	2
1003924	2
1003925	1
1003926	1
1003927	2
1003928	2
1003929	2
1003930	2
1003931	2
1003932	2
1003933	3
1003934	3
1003935	3
1003936	3
1003937	3
1003938	4
1003939	4
1003940	4
1003941	4
1003942	4
1003943	4
1003944	4
1003945	4
1003946	4
1003947	4
1003948	4
1003949	4
1003950	4
1003951	4
1003952	4
1003953	4
1003954	4
1003955	4
1003956	4
1003957	4
1003958	4
1003959	4
1003960	4
1003961	4
1003962	5
1003963	5
1003964	5
1003965	5
1003966	5
1003967	5
1003968	5
1003969	5
1003970	5
1003971	6
1003972	6
1003973	6
1003974	6
1003975	6
1003976	7
1003977	7
1003978	6
1003979	6
1003980	6
1003981	6
1003982	5
1003983	5
1003984	5
1003985	5
1003986	3
1003987	4
1003988	4
1003989	4
1003990	4
1003991	4
1003992	4
1003993	4
1003994	4
1003995	4
1003996	4
1003997	4
1003998	4
1003999	4
1004000	4
1004001	4
1004002	4
1004003	4
1004004	4
1004005	4
1004006	4
1004007	4
1004008	4
1004009	4
1004010	4
1004011	4
1004012	4
1004013	4
1004014	4
1004015	4
1004016	4
1004017	4
1004018	4
1004019	4
1004020	5
1004021	5
1004022	5
1004023	6
1004024	4
1004025	3
1004026	4
1004027	4
1004028	3
1004029	3
1004030	5
1004031	6
1004032	5
1004033	6
1004034	6
1004035	7
1004036	7
1004037	6
1004038	5
1004039	4
1004040	3
1004041	3
1004042	3
1004043	3
1004044	3
1004045	3
1004046	3
1004047	2
1004048	1
1004049	1
1004050	1
1004051	1
1004052	1
1004053	2
1004054	2
1004055	2
1004056	2
1004057	3
1004058	3
1004059	3
1004060	3
1004061	3
1004062	3
1004063	3
1004064	2
1004065	2
1004066	2
1004067	2
1004068	2
1004069	2
1004070	2
1004071	2
1004072	2
1004073	2
1004074	2
1004075	2
1004076	2
1004077	2
1004078	3
1004079	3
1004080	2
1004081	2
1004082	2
1004083	1
1004084	1
1004085	1
1004086	1
1004087	1
1004088	1
1004089	1
1004090	1
1004091	1
1004092	1
1004093	1
1004094	1
1004095	1
1004096	1
1004097	1
1004098	1
1004099	2
1004100	2
1004101	2
1004102	2
1004103	2
1004104	2
1004105	2
1004106	2
1004107	2
1004108	2
1004109	2
1004110	1
1004111	1
1004112	1
1004113	1
1004114	1
1004115	2
1004116	2
1004117	3
1004118	3
1004119	3
1004120	3
1004121	3
1004122	3
1004123	3
1004124	3
1004125	3
1004126	3
1004127	2
1004128	2
1004129	2
1004130	2
1004131	2
1004132	2
1004133	2
1004134	1
1004135	1
1004136	1
1004137	1
1004138	2
1004139	2
1004140	2
1004141	2
1004142	2
1004143	2
1004144	2
1004145	2
1004146	4
1004147	4
1004148	4
1004149	4
1004150	4
1004151	4
1004152	4
1004153	4
1004154	4
1004155	4
1004156	4
1004157	4
1004158	4
1004159	4
1004160	4
1004161	3
1004162	2
1004163	2
1004164	2
1004165	2
1004166	2
1004167	3
1004168	3
1004169	2
1004170	2
1004171	2
1004172	2
1004173	3
1004174	3
1004175	4
1004176	4
1004177	3
1004178	3
1004179	3
1004180	3
1004181	3
1004182	3
1004183	3
1004184	3
1004185	3
1004186	4
1004187	4
1004188	4
1004189	4
1004190	4
1004191	4
1004192	4
1004193	5
1004194	5
1004195	5
1004196	4
1004197	4
1004198	4
1004199	4
1004200	4
1004201	4
1004202	4
1004203	4
1004204	5
1004205	5
1004206	5
1004207	5
1004208	5
1004209	4
1004210	4
1004211	3
1004212	3
1004213	3
1004214	3
1004215	2
1004216	2
1004217	2
1004218	2
1004219	2
1004220	2
1004221	2
1004222	2
1004223	2
1004224	2
1004225	2
1004226	2
1004227	2
1004228	2
1004229	2
1004230	2
1004231	3
1004232	3
1004233	3
1004234	3
1004235	3
1004236	3
1004237	3
1004238	3
1004239	3
1004240	3
1004241	2
1004242	2
1004243	2
1004244	2
1004245	2
1004246	1
1004247	1
1004248	1
1004249	1
1004250	2
1004251	3
1004252	3
1004253	3
1004254	3
1004255	3
1004256	3
1004257	2
1004258	2
1004259	2
1004260	1
1004261	1
1004262	1
1004263	1
1004264	2
1004265	2
1004266	4
1004267	4
1004268	4
1004269	3
1004270	3
1004271	3
1004272	3
1004273	3
1004274	3
1004275	3
1004276	4
1004277	4
1004278	4
1004279	4
1004280	4
1004281	5
1004282	5
1004283	4
1004284	4
1004285	3
1004286	3
1004287	3
1004288	3
1004289	3
1004290	5
1004291	6
1004292	6
1004293	6
1004294	5
1004295	5
1004296	5
1004297	5
1004298	4
1004299	4
1004300	4
1004301	4
1004302	4
1004303	4
1004304	4
1004305	4
1004306	4
1004307	4
1004308	4
1004309	4
1004310	5
1004311	5
1004312	5
1004313	5
1004314	6
1004315	7
1004316	7
1004317	7
1004318	5
1004319	5
1004320	5
1004321	5
1004322	5
1004323	6
1004324	6
1004325	6
1004326	6
1004327	6
1004328	6
1004329	6
1004330	4
1004331	4
1004332	4
1004333	4
1004334	3
1004335	3
1004336	3
1004337	3
1004338	3
1004339	3
1004340	3
1004341	3
1004342	3
1004343	4
1004344	4
1004345	3
1004346	3
1004347	3
1004348	3
1004349	3
1004350	5
1004351	6
1004352	6
1004353	7
1004354	7
1004355	8
1004356	9
1004357	9
1004358	8
1004359	8
1004360	7
1004361	7
1004362	7
1004363	7
1004364	7
1004365	7
1004366	6
1004367	6
1004368	6
1004369	6
1004370	6
1004371	6
1004372	6
1004373	6
1004374	6
1004375	6
1004376	6
1004377	6
1004378	6
1004379	6
1004380	4
1004381	4
1004382	3
1004383	4
1004384	4
1004385	4
1004386	3
1004387	3
1004388	4
1004389	5
1004390	5
1004391	5
1004392	5
1004393	5
1004394	6
1004395	6
1004396	6
1004397	6
1004398	6
1004399	6
1004400	5
1004401	5
1004402	6
1004403	6
1004404	6
1004405	6
1004406	7
1004407	7
1004408	6
1004409	7
1004410	7
1004411	7
1004412	7
1004413	6
1004414	6
1004415	7
1004416	6
1004417	7
1004418	7
1004419	6
1004420	6
1004421	6
1004422	6
1004423	6
1004424	5
1004425	5
1004426	5
1004427	4
1004428	3
1004429	3
1004430	2
1004431	1
1004432	1
1004433	1
1004434	1
1004435	1
1004436	1
1004437	1
1004438	0
1004439	0
1004440	0
1004441	0
1004442	0
1004443	0
1004444	0
1004445	0
1004446	0
1004447	0
1004448	0
1004449	0
1004450	2
1004451	2
1004452	3
1004453	3
1004454	3
1004455	3
1004456	3
1004457	4
1004458	4
1004459	4
1004460	4
1004461	5
1004462	5
1004463	6
1004464	6
1004465	6
1004466	6
1004467	6
1004468	5
1004469	5
1004470	5
1004471	4
1004472	4
1004473	5
1004474	6
1004475	6
1004476	7
1004477	8
1004478	8
1004479	8
1004480	7
1004481	6
1004482	6
1004483	6
1004484	6
1004485	5
1004486	5
1004487	5
1004488	4
1004489	4
1004490	5
1004491	7
1004492	7
1004493	7
1004494	7
1004495	7
1004496	7
1004497	7
1004498	7
1004499	7
1004500	7
1004501	7
1004502	7
1004503	7
1004504	7
1004505	7
1004506	7
1004507	7
1004508	7
1004509	7
1004510	7
1004511	7
1004512	6
1004513	5
1004514	6
1004515	5
1004516	5
1004517	5
1004518	5
1004519	4
1004520	4
1004521	4
1004522	4
1004523	3
1004524	3
1004525	3
1004526	3
1004527	3
1004528	3
1004529	3
1004530	3
1004531	3
1004532	4
1004533	4
1004534	4
1004535	4
1004536	3
1004537	2
1004538	2
1004539	3
1004540	3
1004541	4
1004542	4
1004543	4
1004544	5
1004545	5
1004546	6
1004547	5
1004548	4
1004549	4
1004550	4
1004551	4
1004552	4
1004553	4
1004554	4
1004555	4
1004556	4
1004557	4
1004558	3
1004559	3
1004560	3
1004561	2
1004562	2
1004563	2
1004564	3
1004565	4
1004566	4
1004567	5
1004568	5
1004569	4
1004570	4
1004571	5
1004572	5
1004573	5
1004574	5
1004575	5
1004576	5
1004577	6
1004578	6
1004579	6
1004580	6
1004581	6
1004582	6
1004583	6
1004584	6
1004585	6
1004586	6
1004587	6
1004588	7
1004589	7
1004590	7
1004591	7
1004592	7
1004593	6
1004594	6
1004595	4
1004596	5
1004597	5
1004598	5
1004599	5
1004600	5
1004601	5
1004602	5
1004603	5
1004604	5
1004605	5
1004606	5
1004607	5
1004608	4
1004609	4
1004610	5
1004611	6
1004612	6
1004613	7
1004614	7
1004615	7
1004616	6
1004617	6
1004618	6
1004619	6
1004620	6
1004621	5
1004622	5
1004623	4
1004624	4
1004625	5
1004626	5
1004627	4
1004628	5
1004629	5
1004630	5
1004631	5
1004632	4
1004633	4
1004634	4
1004635	5
1004636	5
1004637	5
1004638	5
1004639	6
1004640	5
1004641	4
1004642	4
1004643	4
1004644	4
1004645	4
1004646	4
1004647	3
1004648	3
1004649	3
1004650	3
1004651	3
1004652	3
1004653	3
1004654	4
1004655	3
1004656	3
1004657	3
1004658	4
1004659	4
1004660	5
1004661	4
1004662	4
1004663	4
1004664	4
1004665	5
1004666	5
1004667	5
1004668	5
1004669	5
1004670	5
1004671	5
1004672	6
1004673	6
1004674	5
1004675	5
1004676	4
1004677	5
1004678	5
1004679	4
1004680	4
1004681	3
1004682	3
1004683	3
1004684	3
1004685	3
1004686	3
1004687	3
1004688	2
1004689	2
1004690	2
1004691	2
1004692	2
1004693	2
1004694	2
1004695	2
1004696	2
1004697	2
1004698	2
1004699	2
1004700	2
1004701	2
1004702	2
1004703	2
1004704	2
1004705	2
1004706	2
1004707	1
1004708	1
1004709	1
1004710	1
1004711	1
1004712	1
1004713	1
1004714	1
1004715	1
1004716	1
1004717	2
1004718	2
1004719	2
1004720	3
1004721	2
1004722	2
1004723	2
1004724	2
1004725	2
1004726	2
1004727	2
1004728	2
1004729	2
1004730	2
1004731	2
1004732	2
1004733	2
1004734	2
1004735	2
1004736	1
1004737	0
1004738	0
1004739	0
1004740	0
1004741	1
1004742	1
1004743	1
1004744	1
1004745	1
1004746	2
1004747	2
1004748	2
1004749	2
1004750	2
1004751	2
1004752	2
1004753	2
1004754	2
1004755	2
1004756	2
1004757	1
1004758	1
1004759	1
1004760	1
1004761	1
1004762	1
1004763	1
1004764	1
1004765	1
1004766	1
1004767	1
1004768	1
1004769	1
1004770	0
1004771	1
1004772	1
1004773	1
1004774	1
1004775	1
1004776	3
1004777	3
1004778	3
1004779	3
1004780	3
1004781	4
1004782	5
1004783	5
1004784	6
1004785	6
1004786	6
1004787	4
1004788	4
1004789	4
1004790	3
1004791	4
1004792	4
1004793	4
1004794	4
1004795	5
1004796	5
1004797	5
1004798	5
1004799	5
1004800	4
1004801	4
1004802	4
1004803	4
1004804	4
1004805	4
1004806	4
1004807	3
1004808	3
1004809	4
1004810	3
1004811	3
1004812	3
1004813	3
1004814	3
1004815	3
1004816	2
1004817	2
1004818	2
1004819	3
1004820	3
1004821	2
1004822	2
1004823	2
1004824	2
1004825	3
1004826	3
1004827	3
1004828	3
1004829	3
1004830	3
1004831	3
1004832	3
1004833	3
1004834	2
1004835	2
1004836	1
1004837	2
1004838	2
1004839	2
1004840	2
1004841	2
1004842	2
1004843	2
1004844	3
1004845	3
1004846	3
1004847	3
1004848	2
1004849	2
1004850	2
1004851	2
1004852	3
1004853	3
1004854	3
1004855	3
1004856	3
1004857	3
1004858	3
1004859	3
1004860	3
1004861	3
1004862	3
1004863	3
1004864	4
1004865	5
1004866	4
1004867	4
1004868	4
1004869	4
1004870	5
1004871	5
1004872	5
1004873	5
1004874	7
1004875	7
1004876	7
1004877	7
1004878	6
1004879	6
1004880	6
1004881	6
1004882	6
1004883	6
1004884	6
1004885	6
1004886	6
1004887	6
1004888	6
1004889	5
1004890	5
1004891	4
1004892	4
1004893	4
1004894	4
1004895	4
1004896	4
1004897	4
1004898	4
1004899	4
1004900	5
1004901	5
1004902	5
1004903	5
1004904	7
1004905	6
1004906	6
1004907	6
1004908	6
1004909	6
1004910	6
1004911	6
1004912	6
1004913	6
1004914	7
1004915	7
1004916	7
1004917	7
1004918	7
1004919	7
1004920	8
1004921	7
1004922	7
1004923	4
1004924	4
1004925	4
1004926	4
1004927	4
1004928	4
1004929	4
1004930	2
1004931	2
1004932	2
1004933	2
1004934	2
1004935	2
1004936	2
1004937	2
1004938	1
1004939	1
1004940	1
1004941	2
1004942	2
1004943	2
1004944	2
1004945	2
1004946	2
1004947	2
1004948	2
1004949	2
1004950	1
1004951	0
1004952	0
1004953	0
1004954	0
1004955	0
1004956	0
1004957	0
1004958	0
1004959	0
1004960	0
1004961	0
1004962	0
1004963	1
1004964	1
1004965	1
1004966	1
1004967	1
1004968	1
1004969	1
1004970	1
1004971	2
1004972	2
1004973	2
1004974	2
1004975	2
1004976	2
1004977	2
1004978	2
1004979	2
1004980	2
1004981	2
1004982	3
1004983	3
1004984	3
1004985	3
1004986	2
1004987	2
1004988	2
1004989	2
1004990	2
1004991	2
1004992	3
1004993	3
1004994	3
1004995	2
1004996	2
1004997	1
1004998	1
1004999	1
1005000	2
1005001	2
1005002	2
1005003	2
1005004	2
1005005	2
1005006	2
1005007	2
1005008	3
1005009	2
1005010	2
1005011	2
1005012	2
1005013	2
1005014	2
1005015	3
1005016	3
1005017	3
1005018	3
1005019	3
1005020	3
1005021	3
1005022	3
1005023	3
1005024	2
1005025	2
1005026	2
1005027	2
1005028	2
1005029	2
1005030	2
1005031	2
1005032	2
1005033	2
1005034	2
1005035	2
1005036	1
1005037	2
1005038	2
1005039	2
1005040	2
1005041	2
1005042	2
1005043	2
1005044	2
1005045	2
1005046	3
1005047	3
1005048	3
1005049	2
1005050	2
1005051	3
1005052	3
1005053	3
1005054	3
1005055	3
1005056	3
1005057	3
1005058	3
1005059	3
1005060	3
1005061	4
1005062	4
1005063	3
1005064	3
1005065	3
1005066	3
1005067	3
1005068	3
1005069	3
1005070	3
1005071	2
1005072	2
1005073	2
1005074	2
1005075	2
1005076	2
1005077	2
1005078	2
1005079	2
1005080	2
1005081	2
1005082	2
1005083	2
1005084	2
1005085	2
1005086	2
1005087	2
1005088	2
1005089	2
1005090	2
1005091	2
1005092	2
1005093	1
1005094	1
1005095	1
1005096	1
1005097	1
1005098	1
1005099	1
1005100	1
1005101	1
1005102	1
1005103	1
1005104	1
1005105	1
1005106	1
1005107	1
1005108	0
1005109	0
1005110	0
1005111	1
