1001110	0
1001111	0
1001112	0
1001113	0
1001114	0
1001115	0
1001116	0
1001117	0
1001118	0
1001119	0
1001120	0
1001121	0
1001122	0
1001123	0
1001124	0
1001125	0
1001126	0
1001127	0
1001128	0
1001129	0
1001130	0
1001131	0
1001132	0
1001133	0
1001134	0
1001135	0
1001136	0
1001137	0
1001138	0
1001139	0
1001140	0
1001141	0
1001142	0
1001143	0
1001144	0
1001145	0
1001146	0
1001147	0
1001148	0
1001149	0
1001150	0
1001151	0
1001152	0
1001153	0
1001154	0
1001155	0
1001156	0
1001157	0
1001158	0
1001159	0
1001160	0
1001161	0
1001162	0
1001163	0
1001164	0
1001165	0
1001166	0
1001167	0
1001168	0
1001169	0
1001170	0
1001171	0
1001172	0
1001173	0
1001174	0
1001175	0
1001176	0
1001177	0
1001178	0
1001179	0
1001180	0
1001181	0
1001182	0
1001183	0
1001184	0
1001185	0
1001186	0
1001187	0
1001188	0
1001189	0
1001190	0
1001191	0
1001192	0
1001193	0
1001194	0
1001195	0
1001196	0
1001197	0
1001198	0
1001199	0
1001200	0
1001201	0
1001202	0
1001203	0
1001204	0
1001205	0
1001206	0
1001207	0
1001208	0
1001209	0
1001210	0
1001211	0
1001212	0
1001213	0
1001214	0
1001215	0
1001216	0
1001217	0
1001218	0
1001219	0
1001220	0
1001221	0
1001222	0
1001223	0
1001224	0
1001225	0
1001226	0
1001227	0
1001228	0
1001229	0
1001230	0
1001231	0
1001232	0
1001233	0
1001234	0
1001235	0
1001236	0
1001237	0
1001238	0
1001239	0
1001240	0
1001241	0
1001242	0
1001243	0
1001244	0
1001245	0
1001246	0
1001247	0
1001248	0
1001249	0
1001250	0
1001251	0
1001252	0
1001253	0
1001254	0
1001255	0
1001256	0
1001257	0
1001258	0
1001259	0
1001260	0
1001261	0
1001262	0
1001263	0
1001264	0
1001265	0
1001266	0
1001267	0
1001268	0
1001269	0
1001270	0
1001271	0
1001272	0
1001273	0
1001274	0
1001275	0
1001276	0
1001277	0
1001278	0
1001279	0
1001280	0
1001281	0
1001282	0
1001283	0
1001284	1
1001285	1
1001286	1
1001287	1
1001288	1
1001289	1
1001290	1
1001291	1
1001292	1
1001293	1
1001294	1
1001295	1
1001296	1
1001297	1
1001298	0
1001299	0
1001300	0
1001301	0
1001302	0
1001303	0
1001304	0
1001305	0
1001306	0
1001307	0
1001308	0
1001309	0
1001310	0
1001311	0
1001312	0
1001313	0
1001314	0
1001315	0
1001316	0
1001317	0
1001318	0
1001319	0
1001320	0
1001321	0
1001322	0
1001323	0
1001324	0
1001325	0
1001326	0
1001327	0
1001328	0
1001329	0
1001330	0
1001331	1
1001332	1
1001333	1
1001334	1
1001335	2
1001336	2
1001337	2
1001338	2
1001339	2
1001340	2
1001341	2
1001342	2
1001343	2
1001344	2
1001345	1
1001346	1
1001347	1
1001348	1
1001349	1
1001350	1
1001351	1
1001352	1
1001353	1
1001354	1
1001355	1
1001356	1
1001357	1
1001358	1
1001359	1
1001360	2
1001361	2
1001362	3
1001363	2
1001364	2
1001365	2
1001366	2
1001367	2
1001368	2
1001369	2
1001370	2
1001371	2
1001372	1
1001373	1
1001374	1
1001375	1
1001376	1
1001377	1
1001378	0
1001379	0
1001380	1
1001381	1
1001382	1
1001383	2
1001384	2
1001385	2
1001386	2
1001387	2
1001388	3
1001389	3
1001390	3
1001391	3
1001392	1
1001393	1
1001394	1
1001395	1
1001396	1
1001397	1
1001398	1
1001399	1
1001400	1
1001401	1
1001402	1
1001403	1
1001404	1
1001405	1
1001406	1
1001407	1
1001408	1
1001409	1
1001410	0
1001411	0
1001412	0
1001413	0
1001414	0
1001415	0
1001416	0
1001417	0
1001418	0
1001419	0
1001420	0
1001421	0
1001422	0
1001423	0
1001424	0
1001425	0
1001426	0
1001427	0
1001428	0
1001429	0
1001430	0
1001431	0
1001432	0
1001433	0
1001434	0
1001435	1
1001436	1
1001437	1
1001438	1
1001439	1
1001440	1
1001441	1
1001442	1
1001443	1
1001444	1
1001445	1
1001446	1
1001447	1
1001448	1
1001449	1
1001450	1
1001451	1
1001452	1
1001453	1
1001454	1
1001455	1
1001456	2
1001457	2
1001458	2
1001459	2
1001460	2
1001461	1
1001462	1
1001463	1
1001464	1
1001465	1
1001466	1
1001467	1
1001468	1
1001469	1
1001470	1
1001471	1
1001472	1
1001473	1
1001474	1
1001475	1
1001476	1
1001477	1
1001478	1
1001479	1
1001480	1
1001481	1
1001482	1
1001483	1
1001484	1
1001485	1
1001486	1
1001487	1
1001488	1
1001489	1
1001490	1
1001491	1
1001492	2
1001493	1
1001494	1
1001495	1
1001496	1
1001497	1
1001498	1
1001499	1
1001500	1
1001501	1
1001502	1
1001503	1
1001504	1
1001505	1
1001506	1
1001507	1
1001508	1
1001509	1
1001510	1
1001511	1
1001512	1
1001513	2
1001514	2
1001515	2
1001516	2
1001517	2
1001518	2
1001519	2
1001520	2
1001521	2
1001522	2
1001523	2
1001524	2
1001525	2
1001526	2
1001527	2
1001528	1
1001529	1
1001530	1
1001531	1
1001532	1
1001533	1
1001534	1
1001535	1
1001536	2
1001537	2
1001538	2
1001539	2
1001540	2
1001541	2
1001542	2
1001543	2
1001544	2
1001545	2
1001546	2
1001547	2
1001548	2
1001549	2
1001550	2
1001551	2
1001552	1
1001553	1
1001554	1
1001555	1
1001556	1
1001557	1
1001558	1
1001559	0
1001560	0
1001561	0
1001562	0
1001563	0
1001564	0
1001565	0
1001566	0
1001567	0
1001568	0
1001569	0
1001570	0
1001571	0
1001572	0
1001573	0
1001574	0
1001575	1
1001576	1
1001577	1
1001578	1
1001579	1
1001580	1
1001581	0
1001582	0
1001583	0
1001584	0
1001585	0
1001586	1
1001587	1
1001588	1
1001589	1
1001590	1
1001591	1
1001592	1
1001593	2
1001594	2
1001595	2
1001596	2
1001597	1
1001598	1
1001599	0
1001600	0
1001601	0
1001602	0
1001603	0
1001604	0
1001605	0
1001606	0
1001607	1
1001608	2
1001609	2
1001610	2
1001611	2
1001612	2
1001613	2
1001614	2
1001615	2
1001616	3
1001617	3
1001618	3
1001619	2
1001620	2
1001621	3
1001622	3
1001623	3
1001624	2
1001625	2
1001626	2
1001627	2
1001628	2
1001629	2
1001630	2
1001631	2
1001632	2
1001633	2
1001634	1
1001635	1
1001636	1
1001637	1
1001638	1
1001639	1
1001640	1
1001641	1
1001642	1
1001643	1
1001644	1
1001645	1
1001646	1
1001647	1
1001648	1
1001649	1
1001650	1
1001651	1
1001652	1
1001653	1
1001654	1
1001655	1
1001656	2
1001657	2
1001658	2
1001659	2
1001660	1
1001661	1
1001662	1
1001663	1
1001664	1
1001665	1
1001666	1
1001667	2
1001668	2
1001669	2
1001670	2
1001671	1
1001672	1
1001673	1
1001674	1
1001675	1
1001676	1
1001677	1
1001678	1
1001679	1
1001680	1
1001681	1
1001682	1
1001683	1
1001684	1
1001685	1
1001686	1
1001687	1
1001688	1
1001689	1
1001690	1
1001691	1
1001692	1
1001693	1
1001694	1
1001695	1
1001696	2
1001697	1
1001698	1
1001699	1
1001700	1
1001701	1
1001702	1
1001703	1
1001704	1
1001705	1
1001706	1
1001707	2
1001708	2
1001709	2
1001710	2
1001711	2
1001712	2
1001713	2
1001714	2
1001715	2
1001716	2
1001717	2
1001718	2
1001719	1
1001720	1
1001721	1
1001722	1
1001723	0
1001724	0
1001725	0
1001726	0
1001727	0
1001728	0
1001729	0
1001730	0
1001731	0
1001732	0
1001733	0
1001734	0
1001735	0
1001736	0
1001737	0
1001738	0
1001739	0
1001740	1
1001741	1
1001742	1
1001743	1
1001744	0
1001745	0
1001746	0
1001747	0
1001748	0
1001749	0
1001750	0
1001751	0
1001752	0
1001753	0
1001754	0
1001755	0
1001756	0
1001757	0
1001758	0
1001759	0
1001760	0
1001761	0
1001762	0
1001763	0
1001764	0
1001765	0
1001766	0
1001767	0
1001768	0
1001769	0
1001770	0
1001771	0
1001772	0
1001773	0
1001774	0
1001775	0
1001776	0
1001777	0
1001778	0
1001779	0
1001780	0
1001781	0
1001782	0
1001783	0
1001784	0
1001785	0
1001786	0
1001787	0
1001788	0
1001789	0
1001790	0
1001791	0
1001792	0
1001793	0
1001794	0
1001795	0
1001796	0
1001797	0
1001798	0
1001799	0
1001800	0
1001801	0
1001802	0
1001803	1
1001804	1
1001805	1
1001806	1
1001807	0
1001808	0
1001809	0
1001810	0
1001811	0
1001812	0
1001813	0
1001814	0
1001815	0
1001816	0
1001817	0
1001818	0
1001819	0
1001820	0
1001821	0
1001822	0
1001823	1
1001824	1
1001825	1
1001826	1
1001827	1
1001828	1
1001829	1
1001830	1
1001831	0
1001832	0
1001833	0
1001834	0
1001835	0
1001836	0
1001837	0
1001838	0
1001839	0
1001840	0
1001841	0
1001842	0
1001843	0
1001844	0
1001845	0
1001846	0
1001847	0
1001848	0
1001849	0
1001850	0
1001851	0
1001852	0
1001853	0
1001854	1
1001855	1
1001856	1
1001857	1
1001858	1
1001859	1
1001860	1
1001861	0
1001862	0
1001863	0
1001864	0
1001865	0
1001866	0
1001867	0
1001868	0
1001869	0
1001870	1
1001871	1
1001872	1
1001873	1
1001874	1
1001875	1
1001876	1
1001877	1
1001878	1
1001879	1
1001880	1
1001881	1
1001882	1
1001883	1
1001884	1
1001885	1
1001886	1
1001887	1
1001888	2
1001889	2
1001890	2
1001891	2
1001892	3
1001893	3
1001894	2
1001895	2
1001896	2
1001897	2
1001898	2
1001899	2
1001900	2
1001901	3
1001902	3
1001903	3
1001904	1
1001905	1
1001906	1
1001907	1
1001908	2
1001909	2
1001910	2
1001911	2
1001912	2
1001913	2
1001914	2
1001915	1
1001916	1
1001917	1
1001918	1
1001919	1
1001920	1
1001921	1
1001922	1
1001923	1
1001924	1
1001925	1
1001926	1
1001927	1
1001928	1
1001929	1
1001930	1
1001931	1
1001932	1
1001933	1
1001934	1
1001935	1
1001936	1
1001937	1
1001938	1
1001939	1
1001940	1
1001941	1
1001942	1
1001943	1
1001944	1
1001945	1
1001946	1
1001947	1
1001948	0
1001949	0
1001950	0
1001951	1
1001952	1
1001953	0
1001954	0
1001955	0
1001956	0
1001957	0
1001958	0
1001959	0
1001960	0
1001961	0
1001962	1
1001963	1
1001964	1
1001965	1
1001966	1
1001967	1
1001968	1
1001969	1
1001970	1
1001971	1
1001972	1
1001973	0
1001974	0
1001975	0
1001976	0
1001977	0
1001978	0
1001979	0
1001980	0
1001981	0
1001982	1
1001983	1
1001984	1
1001985	1
1001986	1
1001987	0
1001988	0
1001989	0
1001990	0
1001991	0
1001992	0
1001993	0
1001994	0
1001995	0
1001996	0
1001997	0
1001998	0
1001999	0
1002000	0
1002001	0
1002002	0
1002003	0
1002004	0
1002005	0
1002006	0
1002007	0
1002008	0
1002009	0
1002010	0
1002011	0
1002012	0
1002013	0
1002014	0
1002015	0
1002016	0
1002017	0
1002018	0
1002019	0
1002020	0
1002021	0
1002022	0
1002023	0
1002024	0
1002025	0
1002026	0
1002027	0
1002028	0
1002029	0
1002030	0
1002031	0
1002032	0
1002033	0
1002034	0
1002035	0
1002036	0
1002037	0
1002038	0
1002039	0
1002040	0
1002041	0
1002042	0
1002043	0
1002044	0
1002045	0
1002046	0
1002047	0
1002048	0
1002049	0
1002050	0
1002051	0
1002052	0
1002053	0
1002054	0
1002055	1
1002056	1
1002057	1
1002058	1
1002059	1
1002060	1
1002061	1
1002062	1
1002063	1
1002064	2
1002065	1
1002066	1
1002067	0
1002068	0
1002069	0
1002070	0
1002071	0
1002072	0
1002073	0
1002074	0
1002075	0
1002076	0
1002077	0
1002078	0
1002079	0
1002080	0
1002081	0
1002082	0
1002083	0
1002084	0
1002085	0
1002086	0
1002087	0
1002088	0
1002089	0
1002090	1
1002091	1
1002092	1
1002093	1
1002094	1
1002095	1
1002096	0
1002097	0
1002098	0
1002099	0
1002100	0
1002101	0
1002102	0
1002103	0
1002104	0
1002105	0
1002106	0
1002107	0
1002108	0
1002109	0
1002110	0
1002111	0
1002112	0
1002113	0
1002114	0
1002115	0
1002116	0
1002117	0
1002118	0
1002119	0
1002120	0
1002121	0
1002122	0
1002123	0
1002124	1
1002125	1
1002126	1
1002127	1
1002128	1
1002129	1
1002130	1
1002131	1
1002132	1
1002133	1
1002134	1
1002135	1
1002136	1
1002137	1
1002138	1
1002139	1
1002140	1
1002141	1
1002142	1
1002143	1
1002144	1
1002145	1
1002146	1
1002147	1
1002148	1
1002149	0
1002150	0
1002151	1
1002152	1
1002153	1
1002154	1
1002155	0
1002156	0
1002157	0
1002158	0
1002159	1
1002160	1
1002161	1
1002162	1
1002163	1
1002164	1
1002165	1
1002166	1
1002167	1
1002168	1
1002169	2
1002170	2
1002171	2
1002172	2
1002173	2
1002174	2
1002175	2
1002176	2
1002177	2
1002178	2
1002179	2
1002180	2
1002181	2
1002182	2
1002183	2
1002184	2
1002185	2
1002186	2
1002187	2
1002188	2
1002189	2
1002190	2
1002191	2
1002192	2
1002193	2
1002194	2
1002195	2
1002196	2
1002197	2
1002198	2
1002199	2
1002200	2
1002201	2
1002202	2
1002203	2
1002204	2
1002205	2
1002206	2
1002207	2
1002208	1
1002209	1
1002210	1
1002211	1
1002212	1
1002213	1
1002214	1
1002215	1
1002216	1
1002217	1
1002218	1
1002219	1
1002220	1
1002221	1
1002222	1
1002223	1
1002224	1
1002225	1
1002226	1
1002227	1
1002228	1
1002229	1
1002230	1
1002231	1
1002232	1
1002233	1
1002234	1
1002235	1
1002236	1
1002237	1
1002238	1
1002239	1
1002240	1
1002241	1
1002242	1
1002243	1
1002244	1
1002245	1
1002246	1
1002247	1
1002248	1
1002249	1
1002250	1
1002251	1
1002252	1
1002253	1
1002254	1
1002255	2
1002256	2
1002257	2
1002258	2
1002259	2
1002260	2
1002261	2
1002262	1
1002263	1
1002264	1
1002265	1
1002266	1
1002267	1
1002268	1
1002269	1
1002270	1
1002271	1
1002272	1
1002273	1
1002274	1
1002275	1
1002276	2
1002277	2
1002278	2
1002279	2
1002280	2
1002281	2
1002282	2
1002283	2
1002284	2
1002285	2
1002286	1
1002287	1
1002288	1
1002289	1
1002290	1
1002291	1
1002292	1
1002293	1
1002294	1
1002295	1
1002296	1
1002297	3
1002298	2
1002299	2
1002300	2
1002301	2
1002302	1
1002303	1
1002304	1
1002305	0
1002306	0
1002307	0
1002308	0
1002309	0
1002310	0
1002311	0
1002312	0
1002313	0
1002314	0
1002315	0
1002316	0
1002317	0
1002318	0
1002319	0
1002320	0
1002321	0
1002322	0
1002323	0
1002324	0
1002325	0
1002326	1
1002327	1
1002328	1
1002329	1
1002330	1
1002331	2
1002332	2
1002333	1
1002334	2
1002335	2
1002336	2
1002337	2
1002338	3
1002339	3
1002340	3
1002341	3
1002342	3
1002343	3
1002344	3
1002345	3
1002346	3
1002347	2
1002348	2
1002349	2
1002350	1
1002351	1
1002352	1
1002353	1
1002354	1
1002355	1
1002356	1
1002357	1
1002358	1
1002359	1
1002360	1
1002361	1
1002362	1
1002363	1
1002364	1
1002365	1
1002366	1
1002367	1
1002368	1
1002369	1
1002370	1
1002371	2
1002372	2
1002373	2
1002374	2
1002375	1
1002376	1
1002377	1
1002378	1
1002379	1
1002380	1
1002381	1
1002382	1
1002383	1
1002384	1
1002385	2
1002386	3
1002387	3
1002388	3
1002389	3
1002390	3
1002391	3
1002392	2
1002393	2
1002394	2
1002395	1
1002396	1
1002397	1
1002398	1
1002399	0
1002400	0
1002401	0
1002402	0
1002403	0
1002404	0
1002405	0
1002406	0
1002407	0
1002408	0
1002409	0
1002410	0
1002411	0
1002412	0
1002413	0
1002414	0
1002415	0
1002416	0
1002417	0
1002418	0
1002419	0
1002420	0
1002421	0
1002422	0
1002423	0
1002424	0
1002425	0
1002426	1
1002427	1
1002428	1
1002429	1
1002430	1
1002431	1
1002432	1
1002433	1
1002434	1
1002435	1
1002436	1
1002437	1
1002438	0
1002439	0
1002440	0
1002441	0
1002442	0
1002443	0
1002444	0
1002445	0
1002446	0
1002447	0
1002448	0
1002449	0
1002450	0
1002451	0
1002452	0
1002453	0
1002454	0
1002455	0
1002456	0
1002457	0
1002458	0
1002459	0
1002460	0
1002461	0
1002462	0
1002463	0
1002464	0
1002465	0
1002466	0
1002467	0
1002468	0
1002469	0
1002470	0
1002471	0
1002472	0
1002473	0
1002474	0
1002475	0
1002476	0
1002477	0
1002478	0
1002479	0
1002480	0
1002481	0
1002482	0
1002483	0
1002484	0
1002485	0
1002486	0
1002487	0
1002488	0
1002489	0
1002490	0
1002491	0
1002492	0
1002493	0
1002494	0
1002495	0
1002496	0
1002497	0
1002498	0
1002499	0
1002500	0
1002501	1
1002502	1
1002503	1
1002504	1
1002505	1
1002506	1
1002507	1
1002508	1
1002509	1
1002510	1
1002511	1
1002512	1
1002513	1
1002514	0
1002515	0
1002516	0
1002517	0
1002518	0
1002519	0
1002520	0
1002521	0
1002522	0
1002523	0
1002524	0
1002525	0
1002526	0
1002527	0
1002528	0
1002529	0
1002530	0
1002531	0
1002532	0
1002533	0
1002534	0
1002535	0
1002536	0
1002537	0
1002538	0
1002539	0
1002540	0
1002541	0
1002542	0
1002543	0
1002544	1
1002545	1
1002546	1
1002547	1
1002548	0
1002549	0
1002550	0
1002551	0
1002552	0
1002553	0
1002554	0
1002555	0
1002556	0
1002557	0
1002558	0
1002559	0
1002560	0
1002561	0
1002562	0
1002563	0
1002564	0
1002565	0
1002566	0
1002567	0
1002568	0
1002569	0
1002570	0
1002571	0
1002572	0
1002573	0
1002574	0
1002575	0
1002576	0
1002577	0
1002578	0
1002579	0
1002580	0
1002581	0
1002582	0
1002583	0
1002584	0
1002585	0
1002586	0
1002587	0
1002588	0
1002589	0
1002590	0
1002591	0
1002592	0
1002593	0
1002594	0
1002595	0
1002596	0
1002597	0
1002598	0
1002599	0
1002600	0
1002601	0
1002602	0
1002603	1
1002604	1
1002605	1
1002606	1
1002607	1
1002608	1
1002609	1
1002610	1
1002611	1
1002612	1
1002613	1
1002614	1
1002615	1
1002616	1
1002617	1
1002618	1
1002619	1
1002620	1
1002621	1
1002622	1
1002623	1
1002624	1
1002625	1
1002626	1
1002627	1
1002628	1
1002629	1
1002630	1
1002631	1
1002632	1
1002633	1
1002634	1
1002635	1
1002636	1
1002637	0
1002638	0
1002639	0
1002640	0
1002641	0
1002642	0
1002643	0
1002644	0
1002645	0
1002646	1
1002647	1
1002648	1
1002649	1
1002650	1
1002651	1
1002652	1
1002653	2
1002654	2
1002655	3
1002656	3
1002657	3
1002658	3
1002659	3
1002660	3
1002661	3
1002662	3
1002663	3
1002664	3
1002665	3
1002666	2
1002667	2
1002668	1
1002669	1
1002670	1
1002671	1
1002672	1
1002673	1
1002674	1
1002675	1
1002676	1
1002677	1
1002678	1
1002679	1
1002680	1
1002681	1
1002682	2
1002683	2
1002684	2
1002685	1
1002686	1
1002687	1
1002688	1
1002689	1
1002690	1
1002691	1
1002692	1
1002693	1
1002694	1
1002695	1
1002696	1
1002697	1
1002698	1
1002699	1
1002700	1
1002701	1
1002702	1
1002703	1
1002704	1
1002705	1
1002706	2
1002707	2
1002708	3
1002709	3
1002710	3
1002711	3
1002712	1
1002713	1
1002714	1
1002715	0
1002716	0
1002717	0
1002718	0
1002719	0
1002720	0
1002721	0
1002722	0
1002723	0
1002724	0
1002725	0
1002726	0
1002727	0
1002728	1
1002729	1
1002730	2
1002731	2
1002732	3
1002733	3
1002734	3
1002735	3
1002736	3
1002737	3
1002738	2
1002739	2
1002740	2
1002741	2
1002742	1
1002743	1
1002744	2
1002745	2
1002746	1
1002747	1
1002748	1
1002749	1
1002750	1
1002751	2
1002752	2
1002753	2
1002754	2
1002755	2
1002756	3
1002757	3
1002758	3
1002759	3
1002760	3
1002761	3
1002762	3
1002763	3
1002764	3
1002765	3
1002766	3
1002767	3
1002768	2
1002769	1
1002770	2
1002771	2
1002772	2
1002773	2
1002774	2
1002775	1
1002776	1
1002777	1
1002778	2
1002779	1
1002780	2
1002781	1
1002782	1
1002783	1
1002784	1
1002785	1
1002786	1
1002787	1
1002788	1
1002789	1
1002790	1
1002791	1
1002792	1
1002793	1
1002794	1
1002795	1
1002796	1
1002797	1
1002798	1
1002799	1
1002800	1
1002801	1
1002802	1
1002803	1
1002804	1
1002805	2
1002806	2
1002807	3
1002808	3
1002809	3
1002810	3
1002811	3
1002812	3
1002813	3
1002814	3
1002815	3
1002816	3
1002817	3
1002818	4
1002819	3
1002820	3
1002821	3
1002822	3
1002823	3
1002824	3
1002825	3
1002826	3
1002827	3
1002828	3
1002829	3
1002830	3
1002831	3
1002832	3
1002833	3
1002834	3
1002835	3
1002836	3
1002837	3
1002838	3
1002839	2
1002840	2
1002841	2
1002842	2
1002843	3
1002844	3
1002845	3
1002846	3
1002847	3
1002848	3
1002849	3
1002850	3
1002851	3
1002852	3
1002853	3
1002854	3
1002855	3
1002856	3
1002857	3
1002858	2
1002859	2
1002860	2
1002861	2
1002862	2
1002863	1
1002864	1
1002865	1
1002866	1
1002867	1
1002868	1
1002869	1
1002870	1
1002871	1
1002872	1
1002873	1
1002874	1
1002875	1
1002876	1
1002877	1
1002878	1
1002879	1
1002880	1
1002881	1
1002882	1
1002883	0
1002884	1
1002885	1
1002886	1
1002887	1
1002888	1
1002889	1
1002890	1
1002891	1
1002892	1
1002893	1
1002894	1
1002895	1
1002896	1
1002897	1
1002898	1
1002899	1
1002900	1
1002901	0
1002902	0
1002903	0
1002904	0
1002905	0
1002906	0
1002907	0
1002908	0
1002909	0
1002910	0
1002911	0
1002912	0
1002913	0
1002914	0
1002915	0
1002916	0
1002917	0
1002918	1
1002919	1
1002920	1
1002921	0
1002922	0
1002923	0
1002924	0
1002925	0
1002926	0
1002927	0
1002928	0
1002929	0
1002930	0
1002931	0
1002932	1
1002933	1
1002934	1
1002935	1
1002936	0
1002937	0
1002938	0
1002939	0
1002940	0
1002941	0
1002942	0
1002943	0
1002944	0
1002945	0
1002946	0
1002947	0
1002948	0
1002949	0
1002950	0
1002951	0
1002952	0
1002953	0
1002954	0
1002955	0
1002956	0
1002957	0
1002958	0
1002959	0
1002960	0
1002961	0
1002962	0
1002963	0
1002964	0
1002965	0
1002966	0
1002967	0
1002968	0
1002969	0
1002970	0
1002971	0
1002972	0
1002973	0
1002974	0
1002975	0
1002976	0
1002977	0
1002978	0
1002979	0
1002980	0
1002981	0
1002982	0
1002983	0
1002984	0
1002985	0
1002986	0
1002987	0
1002988	0
1002989	0
1002990	0
1002991	0
1002992	0
1002993	0
1002994	0
1002995	0
1002996	0
1002997	0
1002998	0
1002999	1
1003000	1
1003001	1
1003002	1
1003003	1
1003004	1
1003005	2
1003006	2
1003007	2
1003008	2
1003009	2
1003010	2
1003011	2
1003012	2
1003013	2
1003014	1
1003015	1
1003016	1
1003017	0
1003018	0
1003019	0
1003020	0
1003021	0
1003022	0
1003023	0
1003024	0
1003025	0
1003026	0
1003027	0
1003028	0
1003029	0
1003030	0
1003031	0
1003032	0
1003033	0
1003034	0
1003035	1
1003036	1
1003037	1
1003038	1
1003039	2
1003040	1
1003041	1
1003042	1
1003043	1
1003044	1
1003045	1
1003046	0
1003047	0
1003048	0
1003049	0
1003050	0
1003051	0
1003052	0
1003053	0
1003054	0
1003055	0
1003056	0
1003057	0
1003058	0
1003059	0
1003060	0
1003061	0
1003062	0
1003063	0
1003064	0
1003065	1
1003066	1
1003067	1
1003068	1
1003069	1
1003070	1
1003071	0
1003072	0
1003073	0
1003074	0
1003075	0
1003076	0
1003077	0
1003078	0
1003079	0
1003080	0
1003081	0
1003082	0
1003083	0
1003084	0
1003085	0
1003086	0
1003087	0
1003088	0
1003089	0
1003090	0
1003091	0
1003092	0
1003093	0
1003094	0
1003095	0
1003096	0
1003097	0
1003098	0
1003099	0
1003100	1
1003101	1
1003102	1
1003103	1
1003104	1
1003105	1
1003106	1
1003107	1
1003108	1
1003109	2
1003110	2
1003111	2
1003112	2
1003113	2
1003114	2
1003115	2
1003116	1
1003117	1
1003118	1
1003119	2
1003120	1
1003121	1
1003122	1
1003123	1
1003124	2
1003125	2
1003126	2
1003127	2
1003128	2
1003129	2
1003130	2
1003131	1
1003132	0
1003133	0
1003134	0
1003135	0
1003136	0
1003137	0
1003138	0
1003139	0
1003140	0
1003141	0
1003142	0
1003143	0
1003144	0
1003145	1
1003146	1
1003147	1
1003148	1
1003149	1
1003150	1
1003151	1
1003152	1
1003153	1
1003154	1
1003155	1
1003156	1
1003157	1
1003158	0
1003159	0
1003160	0
1003161	0
1003162	0
1003163	0
1003164	0
1003165	0
1003166	0
1003167	0
1003168	0
1003169	0
1003170	0
1003171	0
1003172	0
1003173	0
1003174	0
1003175	0
1003176	0
1003177	0
1003178	0
1003179	0
1003180	0
1003181	0
1003182	0
1003183	0
1003184	0
1003185	1
1003186	1
1003187	1
1003188	1
1003189	1
1003190	1
1003191	1
1003192	1
1003193	1
1003194	1
1003195	1
1003196	1
1003197	1
1003198	2
1003199	1
1003200	1
1003201	1
1003202	1
1003203	0
1003204	0
1003205	0
1003206	0
1003207	0
1003208	0
1003209	0
1003210	0
1003211	0
1003212	0
1003213	0
1003214	0
1003215	0
1003216	0
1003217	0
1003218	0
1003219	0
1003220	0
1003221	0
1003222	0
1003223	0
1003224	0
1003225	0
1003226	0
1003227	0
1003228	0
1003229	0
1003230	0
1003231	0
1003232	0
1003233	0
1003234	0
1003235	0
1003236	0
1003237	0
1003238	0
1003239	0
1003240	0
1003241	0
1003242	0
1003243	0
1003244	0
1003245	0
1003246	0
1003247	0
1003248	0
1003249	0
1003250	0
1003251	0
1003252	0
1003253	0
1003254	0
1003255	0
1003256	0
1003257	0
1003258	0
1003259	0
1003260	0
1003261	0
1003262	0
1003263	0
1003264	0
1003265	0
1003266	0
1003267	0
1003268	0
1003269	0
1003270	0
1003271	0
1003272	0
1003273	0
1003274	0
1003275	0
1003276	0
1003277	0
1003278	0
1003279	0
1003280	0
1003281	0
1003282	0
1003283	0
1003284	0
1003285	0
1003286	0
1003287	0
1003288	0
1003289	0
1003290	0
1003291	0
1003292	0
1003293	0
1003294	0
1003295	0
1003296	0
1003297	0
1003298	0
1003299	0
1003300	0
1003301	1
1003302	1
1003303	1
1003304	1
1003305	2
1003306	2
1003307	1
1003308	1
1003309	1
1003310	1
1003311	1
1003312	1
1003313	1
1003314	1
1003315	1
1003316	1
1003317	2
1003318	2
1003319	2
1003320	2
1003321	2
1003322	3
1003323	3
1003324	3
1003325	3
1003326	3
1003327	3
1003328	3
1003329	2
1003330	2
1003331	2
1003332	2
1003333	3
1003334	3
1003335	3
1003336	3
1003337	2
1003338	1
1003339	1
1003340	1
1003341	1
1003342	1
1003343	1
1003344	1
1003345	1
1003346	0
1003347	0
1003348	0
1003349	0
1003350	0
1003351	0
1003352	0
1003353	0
1003354	0
1003355	0
1003356	0
1003357	0
1003358	0
1003359	0
1003360	0
1003361	0
1003362	0
1003363	0
1003364	0
1003365	0
1003366	0
1003367	0
1003368	0
1003369	0
1003370	0
1003371	1
1003372	1
1003373	1
1003374	1
1003375	0
1003376	0
1003377	0
1003378	0
1003379	0
1003380	0
1003381	0
1003382	0
1003383	0
1003384	0
1003385	0
1003386	0
1003387	0
1003388	0
1003389	0
1003390	0
1003391	0
1003392	0
1003393	0
1003394	0
1003395	0
1003396	0
1003397	0
1003398	0
1003399	0
1003400	0
1003401	0
1003402	0
1003403	0
1003404	0
1003405	0
1003406	0
1003407	0
1003408	0
1003409	0
1003410	0
1003411	0
1003412	0
1003413	0
1003414	0
1003415	0
1003416	0
1003417	0
1003418	0
1003419	0
1003420	0
1003421	0
1003422	0
1003423	1
1003424	1
1003425	2
1003426	2
1003427	2
1003428	2
1003429	2
1003430	2
1003431	2
1003432	2
1003433	2
1003434	1
1003435	1
1003436	1
1003437	1
1003438	1
1003439	1
1003440	1
1003441	1
1003442	1
1003443	1
1003444	1
1003445	1
1003446	1
1003447	1
1003448	1
1003449	1
1003450	1
1003451	1
1003452	1
1003453	1
1003454	1
1003455	1
1003456	1
1003457	1
1003458	1
1003459	1
1003460	1
1003461	1
1003462	1
1003463	1
1003464	2
1003465	2
1003466	2
1003467	2
1003468	2
1003469	2
1003470	2
1003471	2
1003472	2
1003473	2
1003474	2
1003475	2
1003476	2
1003477	1
1003478	1
1003479	1
1003480	1
1003481	1
1003482	1
1003483	1
1003484	1
1003485	1
1003486	1
1003487	1
1003488	1
1003489	1
1003490	1
1003491	1
1003492	1
1003493	1
1003494	1
1003495	1
1003496	1
1003497	0
1003498	0
1003499	0
1003500	0
1003501	0
1003502	0
1003503	1
1003504	1
1003505	1
1003506	1
1003507	2
1003508	2
1003509	2
1003510	2
1003511	1
1003512	1
1003513	1
1003514	1
1003515	1
1003516	1
1003517	1
1003518	1
1003519	1
1003520	1
1003521	1
1003522	1
1003523	1
1003524	1
1003525	1
1003526	1
1003527	1
1003528	1
1003529	1
1003530	1
1003531	1
1003532	1
1003533	0
1003534	0
1003535	0
1003536	0
1003537	0
1003538	0
1003539	0
1003540	0
1003541	1
1003542	1
1003543	1
1003544	1
1003545	0
1003546	0
1003547	0
1003548	0
1003549	0
1003550	0
1003551	0
1003552	0
1003553	0
1003554	0
1003555	0
1003556	0
1003557	0
1003558	0
1003559	0
1003560	0
1003561	0
1003562	0
1003563	0
1003564	0
1003565	0
1003566	1
1003567	1
1003568	1
1003569	1
1003570	1
1003571	1
1003572	1
1003573	1
1003574	1
1003575	1
1003576	1
1003577	1
1003578	1
1003579	1
1003580	1
1003581	0
1003582	2
1003583	2
1003584	2
1003585	2
1003586	2
1003587	2
1003588	1
1003589	1
1003590	1
1003591	1
1003592	1
1003593	1
1003594	1
1003595	0
1003596	0
1003597	0
1003598	0
1003599	0
1003600	0
1003601	0
1003602	0
1003603	0
1003604	0
1003605	0
1003606	0
1003607	0
1003608	0
1003609	0
1003610	0
1003611	0
1003612	0
1003613	0
1003614	1
1003615	1
1003616	1
1003617	2
1003618	2
1003619	2
1003620	2
1003621	2
1003622	2
1003623	2
1003624	2
1003625	2
1003626	2
1003627	1
1003628	1
1003629	1
1003630	1
1003631	2
1003632	2
1003633	2
1003634	1
1003635	1
1003636	1
1003637	1
1003638	1
1003639	1
1003640	1
1003641	1
1003642	1
1003643	1
1003644	1
1003645	0
1003646	0
1003647	0
1003648	0
1003649	0
1003650	0
1003651	0
1003652	0
1003653	0
1003654	0
1003655	0
1003656	0
1003657	0
1003658	0
1003659	0
1003660	0
1003661	1
1003662	1
1003663	1
1003664	1
1003665	1
1003666	1
1003667	1
1003668	0
1003669	0
1003670	0
1003671	0
1003672	0
1003673	0
1003674	0
1003675	0
1003676	0
1003677	0
1003678	0
1003679	0
1003680	0
1003681	0
1003682	0
1003683	0
1003684	0
1003685	0
1003686	0
1003687	0
1003688	0
1003689	0
1003690	0
1003691	0
1003692	1
1003693	1
1003694	1
1003695	1
1003696	1
1003697	1
1003698	1
1003699	1
1003700	1
1003701	1
1003702	1
1003703	0
1003704	0
1003705	0
1003706	0
1003707	0
1003708	0
1003709	0
1003710	1
1003711	1
1003712	1
1003713	1
1003714	1
1003715	1
1003716	0
1003717	0
1003718	0
1003719	0
1003720	0
1003721	0
1003722	0
1003723	0
1003724	0
1003725	0
1003726	0
1003727	0
1003728	0
1003729	0
1003730	0
1003731	0
1003732	0
1003733	1
1003734	1
1003735	1
1003736	1
1003737	1
1003738	2
1003739	1
1003740	1
1003741	1
1003742	1
1003743	1
1003744	1
1003745	1
1003746	0
1003747	0
1003748	0
1003749	0
1003750	0
1003751	0
1003752	0
1003753	0
1003754	0
1003755	0
1003756	0
1003757	0
1003758	0
1003759	0
1003760	0
1003761	0
1003762	0
1003763	0
1003764	1
1003765	1
1003766	1
1003767	1
1003768	0
1003769	0
1003770	0
1003771	0
1003772	0
1003773	0
1003774	0
1003775	0
1003776	0
1003777	1
1003778	1
1003779	1
1003780	1
1003781	1
1003782	1
1003783	1
1003784	1
1003785	1
1003786	1
1003787	1
1003788	1
1003789	1
1003790	1
1003791	1
1003792	1
1003793	1
1003794	1
1003795	1
1003796	1
1003797	1
1003798	1
1003799	1
1003800	1
1003801	1
1003802	1
1003803	1
1003804	1
1003805	1
1003806	1
1003807	1
1003808	1
1003809	1
1003810	1
1003811	1
1003812	1
1003813	1
1003814	1
1003815	1
1003816	1
1003817	1
1003818	1
1003819	1
1003820	1
1003821	1
1003822	1
1003823	1
1003824	1
1003825	1
1003826	1
1003827	1
1003828	1
1003829	1
1003830	1
1003831	0
1003832	0
1003833	0
1003834	0
1003835	0
1003836	0
1003837	0
1003838	0
1003839	0
1003840	0
1003841	0
1003842	0
1003843	0
1003844	0
1003845	1
1003846	1
1003847	1
1003848	2
1003849	2
1003850	2
1003851	2
1003852	2
1003853	2
1003854	2
1003855	2
1003856	1
1003857	1
1003858	1
1003859	1
1003860	1
1003861	1
1003862	1
1003863	1
1003864	1
1003865	1
1003866	1
1003867	1
1003868	1
1003869	1
1003870	2
1003871	2
1003872	2
1003873	2
1003874	2
1003875	1
1003876	1
1003877	1
1003878	1
1003879	1
1003880	1
1003881	1
1003882	2
1003883	2
1003884	1
1003885	2
1003886	2
1003887	2
1003888	2
1003889	1
1003890	1
1003891	1
1003892	1
1003893	1
1003894	1
1003895	1
1003896	1
1003897	1
1003898	1
1003899	2
1003900	2
1003901	2
1003902	2
1003903	2
1003904	2
1003905	1
1003906	1
1003907	1
1003908	1
1003909	0
1003910	0
1003911	0
1003912	0
1003913	0
1003914	0
1003915	0
1003916	0
1003917	0
1003918	0
1003919	0
1003920	0
1003921	0
1003922	0
1003923	0
1003924	0
1003925	0
1003926	0
1003927	0
1003928	0
1003929	0
1003930	0
1003931	0
1003932	0
1003933	0
1003934	0
1003935	0
1003936	0
1003937	0
1003938	0
1003939	0
1003940	0
1003941	0
1003942	0
1003943	0
1003944	0
1003945	0
1003946	0
1003947	0
1003948	0
1003949	1
1003950	1
1003951	1
1003952	1
1003953	2
1003954	2
1003955	2
1003956	2
1003957	2
1003958	2
1003959	1
1003960	1
1003961	1
1003962	1
1003963	1
1003964	1
1003965	2
1003966	2
1003967	1
1003968	1
1003969	1
1003970	1
1003971	1
1003972	1
1003973	1
1003974	1
1003975	0
1003976	0
1003977	0
1003978	0
1003979	0
1003980	0
1003981	0
1003982	0
1003983	0
1003984	0
1003985	0
1003986	0
1003987	0
1003988	0
1003989	0
1003990	0
1003991	0
1003992	0
1003993	0
1003994	1
1003995	1
1003996	1
1003997	1
1003998	0
1003999	0
1004000	0
1004001	0
1004002	0
1004003	1
1004004	0
1004005	0
1004006	0
1004007	0
1004008	0
1004009	0
1004010	0
1004011	0
1004012	0
1004013	0
1004014	0
1004015	0
1004016	0
1004017	0
1004018	0
1004019	0
1004020	0
1004021	0
1004022	1
1004023	1
1004024	1
1004025	1
1004026	1
1004027	1
1004028	1
1004029	1
1004030	1
1004031	1
1004032	1
1004033	1
1004034	1
1004035	1
1004036	1
1004037	1
1004038	0
1004039	0
1004040	0
1004041	0
1004042	0
1004043	0
1004044	0
1004045	0
1004046	0
1004047	0
1004048	0
1004049	1
1004050	1
1004051	1
1004052	1
1004053	1
1004054	1
1004055	1
1004056	1
1004057	1
1004058	0
1004059	0
1004060	0
1004061	0
1004062	0
1004063	1
1004064	1
1004065	1
1004066	1
1004067	1
1004068	0
1004069	0
1004070	0
1004071	0
1004072	0
1004073	0
1004074	0
1004075	0
1004076	0
1004077	0
1004078	0
1004079	0
1004080	0
1004081	0
1004082	0
1004083	0
1004084	0
1004085	0
1004086	0
1004087	0
1004088	0
1004089	0
1004090	0
1004091	0
1004092	0
1004093	0
1004094	1
1004095	1
1004096	1
1004097	1
1004098	1
1004099	1
1004100	1
1004101	1
1004102	1
1004103	1
1004104	1
1004105	1
1004106	1
1004107	1
1004108	1
1004109	1
1004110	1
1004111	1
1004112	1
1004113	1
1004114	1
1004115	1
1004116	1
1004117	1
1004118	1
1004119	1
1004120	1
1004121	1
1004122	1
1004123	1
1004124	1
1004125	1
1004126	1
1004127	1
1004128	1
1004129	1
1004130	1
1004131	1
1004132	1
1004133	1
1004134	1
1004135	1
1004136	1
1004137	2
1004138	2
1004139	2
1004140	2
1004141	2
1004142	1
1004143	1
1004144	1
1004145	1
1004146	1
1004147	1
1004148	1
1004149	1
1004150	1
1004151	1
1004152	1
1004153	1
1004154	1
1004155	1
1004156	2
1004157	2
1004158	2
1004159	2
1004160	2
1004161	2
1004162	2
1004163	2
1004164	2
1004165	2
1004166	1
1004167	1
1004168	1
1004169	1
1004170	1
1004171	1
1004172	1
1004173	1
1004174	1
1004175	1
1004176	1
1004177	1
1004178	1
1004179	1
1004180	1
1004181	1
1004182	1
1004183	1
1004184	1
1004185	1
1004186	1
1004187	1
1004188	1
1004189	1
1004190	1
1004191	1
1004192	1
1004193	1
1004194	1
1004195	1
1004196	1
1004197	1
1004198	1
1004199	1
1004200	1
1004201	2
1004202	2
1004203	2
1004204	3
1004205	3
1004206	3
1004207	3
1004208	3
1004209	3
1004210	3
1004211	3
1004212	1
1004213	1
1004214	1
1004215	1
1004216	1
1004217	1
1004218	1
1004219	1
1004220	1
1004221	1
1004222	1
1004223	0
1004224	0
1004225	0
1004226	0
1004227	0
1004228	0
1004229	0
1004230	0
1004231	0
1004232	0
1004233	0
1004234	0
1004235	0
1004236	0
1004237	0
1004238	0
1004239	0
1004240	0
1004241	0
1004242	1
1004243	1
1004244	1
1004245	1
1004246	1
1004247	1
1004248	1
1004249	1
1004250	1
1004251	2
1004252	2
1004253	2
1004254	2
1004255	2
1004256	2
1004257	2
1004258	2
1004259	2
1004260	2
1004261	2
1004262	2
1004263	2
1004264	1
1004265	1
1004266	1
1004267	1
1004268	1
1004269	1
1004270	1
1004271	1
1004272	1
1004273	1
1004274	1
1004275	1
1004276	1
1004277	1
1004278	1
1004279	1
1004280	1
1004281	1
1004282	1
1004283	1
1004284	1
1004285	1
1004286	1
1004287	1
1004288	2
1004289	2
1004290	2
1004291	2
1004292	2
1004293	2
1004294	2
1004295	2
1004296	1
1004297	1
1004298	1
1004299	1
1004300	1
1004301	1
1004302	1
1004303	2
1004304	2
1004305	2
1004306	2
1004307	2
1004308	2
1004309	1
1004310	1
1004311	1
1004312	1
1004313	1
1004314	1
1004315	1
1004316	1
1004317	1
1004318	1
1004319	1
1004320	1
1004321	1
1004322	1
1004323	1
1004324	1
1004325	1
1004326	1
1004327	1
1004328	1
1004329	1
1004330	2
1004331	2
1004332	2
1004333	2
1004334	1
1004335	1
1004336	1
1004337	1
1004338	1
1004339	1
1004340	1
1004341	1
1004342	1
1004343	1
1004344	0
1004345	0
1004346	0
1004347	0
1004348	0
1004349	0
1004350	0
1004351	0
1004352	0
1004353	0
1004354	0
1004355	0
1004356	0
1004357	0
1004358	0
1004359	0
1004360	0
1004361	0
1004362	0
1004363	0
1004364	0
1004365	0
1004366	0
1004367	0
1004368	0
1004369	0
1004370	0
1004371	0
1004372	0
1004373	0
1004374	0
1004375	0
1004376	0
1004377	0
1004378	0
1004379	0
1004380	0
1004381	0
1004382	0
1004383	0
1004384	0
1004385	0
1004386	0
1004387	0
1004388	0
1004389	0
1004390	0
1004391	0
1004392	0
1004393	0
1004394	0
1004395	0
1004396	0
1004397	0
1004398	0
1004399	0
1004400	0
1004401	0
1004402	0
1004403	0
1004404	0
1004405	0
1004406	0
1004407	0
1004408	0
1004409	0
1004410	0
1004411	0
1004412	0
1004413	0
1004414	0
1004415	0
1004416	0
1004417	0
1004418	0
1004419	0
1004420	0
1004421	0
1004422	0
1004423	0
1004424	0
1004425	0
1004426	0
1004427	0
1004428	0
1004429	0
1004430	0
1004431	0
1004432	0
1004433	0
1004434	0
1004435	0
1004436	1
1004437	1
1004438	0
1004439	0
1004440	0
1004441	0
1004442	0
1004443	0
1004444	0
1004445	0
1004446	0
1004447	0
1004448	0
1004449	0
1004450	0
1004451	0
1004452	0
1004453	0
1004454	0
1004455	0
1004456	0
1004457	0
1004458	0
1004459	0
1004460	0
1004461	0
1004462	0
1004463	0
1004464	0
1004465	0
1004466	0
1004467	0
1004468	0
1004469	0
1004470	0
1004471	0
1004472	0
1004473	0
1004474	0
1004475	0
1004476	0
1004477	1
1004478	1
1004479	1
1004480	1
1004481	1
1004482	1
1004483	0
1004484	0
1004485	0
1004486	0
1004487	0
1004488	0
1004489	0
1004490	0
1004491	0
1004492	0
1004493	0
1004494	0
1004495	0
1004496	0
1004497	0
1004498	0
1004499	0
1004500	0
1004501	0
1004502	0
1004503	0
1004504	0
1004505	0
1004506	0
1004507	0
1004508	0
1004509	0
1004510	0
1004511	0
1004512	0
1004513	0
1004514	0
1004515	0
1004516	0
1004517	0
1004518	0
1004519	0
1004520	0
1004521	0
1004522	0
1004523	0
1004524	0
1004525	0
1004526	0
1004527	0
1004528	0
1004529	0
1004530	1
1004531	1
1004532	1
1004533	1
1004534	1
1004535	1
1004536	1
1004537	1
1004538	1
1004539	1
1004540	1
1004541	1
1004542	1
1004543	1
1004544	1
1004545	1
1004546	1
1004547	1
1004548	1
1004549	1
1004550	1
1004551	1
1004552	1
1004553	1
1004554	1
1004555	0
1004556	0
1004557	1
1004558	1
1004559	1
1004560	1
1004561	1
1004562	1
1004563	1
1004564	1
1004565	1
1004566	1
1004567	1
1004568	1
1004569	1
1004570	1
1004571	0
1004572	0
1004573	0
1004574	0
1004575	0
1004576	0
1004577	0
1004578	0
1004579	0
1004580	0
1004581	1
1004582	1
1004583	1
1004584	1
1004585	1
1004586	1
1004587	1
1004588	1
1004589	1
1004590	1
1004591	1
1004592	1
1004593	1
1004594	1
1004595	1
1004596	1
1004597	1
1004598	1
1004599	1
1004600	2
1004601	2
1004602	2
1004603	2
1004604	2
1004605	2
1004606	2
1004607	2
1004608	3
1004609	3
1004610	3
1004611	1
1004612	1
1004613	1
1004614	1
1004615	1
1004616	2
1004617	2
1004618	2
1004619	1
1004620	1
1004621	1
1004622	1
1004623	2
1004624	2
1004625	2
1004626	2
1004627	2
1004628	2
1004629	2
1004630	2
1004631	2
1004632	2
1004633	2
1004634	2
1004635	1
1004636	1
1004637	1
1004638	1
1004639	1
1004640	1
1004641	1
1004642	0
1004643	0
1004644	0
1004645	0
1004646	0
1004647	0
1004648	0
1004649	0
1004650	0
1004651	0
1004652	0
1004653	0
1004654	0
1004655	0
1004656	1
1004657	2
1004658	2
1004659	1
1004660	1
1004661	1
1004662	1
1004663	1
1004664	1
1004665	0
1004666	0
1004667	0
1004668	0
1004669	1
1004670	1
1004671	1
1004672	1
1004673	1
1004674	1
1004675	1
1004676	1
1004677	0
1004678	0
1004679	0
1004680	0
1004681	0
1004682	0
1004683	0
1004684	0
1004685	0
1004686	0
1004687	0
1004688	0
1004689	0
1004690	0
1004691	0
1004692	0
1004693	0
1004694	0
1004695	0
1004696	0
1004697	0
1004698	0
1004699	0
1004700	1
1004701	1
1004702	0
1004703	0
1004704	0
1004705	0
1004706	0
1004707	0
1004708	0
1004709	0
1004710	0
1004711	1
1004712	0
1004713	0
1004714	0
1004715	0
1004716	0
1004717	0
1004718	0
1004719	0
1004720	0
1004721	0
1004722	0
1004723	0
1004724	0
1004725	0
1004726	0
1004727	0
1004728	0
1004729	0
1004730	0
1004731	0
1004732	0
1004733	0
1004734	0
1004735	0
1004736	1
1004737	1
1004738	1
1004739	0
1004740	0
1004741	0
1004742	0
1004743	0
1004744	0
1004745	0
1004746	0
1004747	0
1004748	0
1004749	0
1004750	0
1004751	0
1004752	0
1004753	0
1004754	0
1004755	0
1004756	0
1004757	0
1004758	0
1004759	0
1004760	0
1004761	0
1004762	0
1004763	0
1004764	0
1004765	0
1004766	0
1004767	0
1004768	0
1004769	0
1004770	0
1004771	0
1004772	0
1004773	0
1004774	0
1004775	0
1004776	0
1004777	0
1004778	0
1004779	0
1004780	0
1004781	0
1004782	0
1004783	0
1004784	0
1004785	0
1004786	0
1004787	0
1004788	0
1004789	0
1004790	0
1004791	0
1004792	0
1004793	0
1004794	0
1004795	0
1004796	0
1004797	0
1004798	0
1004799	0
1004800	0
1004801	0
1004802	0
1004803	0
1004804	0
1004805	0
1004806	0
1004807	0
1004808	0
1004809	0
1004810	0
1004811	0
1004812	0
1004813	0
1004814	0
1004815	0
1004816	0
1004817	0
1004818	0
1004819	0
1004820	0
1004821	0
1004822	0
1004823	0
1004824	0
1004825	0
1004826	0
1004827	0
1004828	0
1004829	0
1004830	0
1004831	0
1004832	0
1004833	0
1004834	0
1004835	0
1004836	0
1004837	0
1004838	0
1004839	0
1004840	0
1004841	0
1004842	0
1004843	0
1004844	0
1004845	0
1004846	1
1004847	1
1004848	1
1004849	1
1004850	1
1004851	1
1004852	1
1004853	1
1004854	1
1004855	1
1004856	1
1004857	0
1004858	1
1004859	2
1004860	2
1004861	2
1004862	2
1004863	2
1004864	1
1004865	1
1004866	1
1004867	1
1004868	2
1004869	2
1004870	2
1004871	1
1004872	1
1004873	1
1004874	1
1004875	1
1004876	1
1004877	1
1004878	1
1004879	1
1004880	1
1004881	1
1004882	1
1004883	1
1004884	1
1004885	1
1004886	1
1004887	1
1004888	1
1004889	1
1004890	1
1004891	1
1004892	1
1004893	1
1004894	1
1004895	1
1004896	2
1004897	2
1004898	2
1004899	2
1004900	2
1004901	2
1004902	2
1004903	2
1004904	1
1004905	1
1004906	1
1004907	1
1004908	1
1004909	0
1004910	0
1004911	0
1004912	0
1004913	0
1004914	0
1004915	1
1004916	2
1004917	2
1004918	2
1004919	2
1004920	2
1004921	2
1004922	2
1004923	3
1004924	3
1004925	3
1004926	3
1004927	1
1004928	1
1004929	1
1004930	0
1004931	0
1004932	0
1004933	0
1004934	0
1004935	0
1004936	0
1004937	0
1004938	0
1004939	0
1004940	0
1004941	0
1004942	0
1004943	0
1004944	1
1004945	1
1004946	1
1004947	0
1004948	0
1004949	0
1004950	0
1004951	0
1004952	0
1004953	0
1004954	0
1004955	0
1004956	0
1004957	0
1004958	0
1004959	0
1004960	0
1004961	0
1004962	0
1004963	0
1004964	1
1004965	1
1004966	1
1004967	2
1004968	2
1004969	1
1004970	1
1004971	1
1004972	1
1004973	1
1004974	1
1004975	1
1004976	1
1004977	1
1004978	1
1004979	1
1004980	1
1004981	1
1004982	1
1004983	1
1004984	1
1004985	1
1004986	1
1004987	1
1004988	1
1004989	1
1004990	1
1004991	1
1004992	1
1004993	1
1004994	0
1004995	1
1004996	1
1004997	1
1004998	1
1004999	1
1005000	1
1005001	1
1005002	1
1005003	1
1005004	1
1005005	0
1005006	0
1005007	0
1005008	0
1005009	1
1005010	1
1005011	1
1005012	1
1005013	1
1005014	1
1005015	1
1005016	1
1005017	1
1005018	1
1005019	1
1005020	1
1005021	1
1005022	1
1005023	1
1005024	1
1005025	1
1005026	1
1005027	1
1005028	1
1005029	1
1005030	1
1005031	1
1005032	1
1005033	1
1005034	1
1005035	1
1005036	0
1005037	0
1005038	1
1005039	1
1005040	1
1005041	1
1005042	1
1005043	1
1005044	1
1005045	1
1005046	1
1005047	1
1005048	0
1005049	0
1005050	0
1005051	0
1005052	0
1005053	0
1005054	0
1005055	0
1005056	1
1005057	0
1005058	0
1005059	0
1005060	0
1005061	0
1005062	0
1005063	0
1005064	0
1005065	0
1005066	0
1005067	0
1005068	0
1005069	0
1005070	0
1005071	0
1005072	0
1005073	0
1005074	0
1005075	0
1005076	0
1005077	0
1005078	0
1005079	0
1005080	0
1005081	0
1005082	0
1005083	0
1005084	0
1005085	0
1005086	0
1005087	0
1005088	0
1005089	0
1005090	0
1005091	0
1005092	0
1005093	0
1005094	1
1005095	1
1005096	1
1005097	1
1005098	1
1005099	1
1005100	1
1005101	1
1005102	1
1005103	1
1005104	1
1005105	1
1005106	1
1005107	0
1005108	0
1005109	0
1005110	0
1005111	0
