untrusted: [20000260 20000247 20000252 20000381 20000463 20000022 20000151 20000436
 20000138 20000116 20000010 20000216 20000626 20000081 20000242 20000285
 20000154 20000678 20000612 20000665 20000353 20000002 20000664 20000112
 20000514 20000618 20000446 20000492 20000271 20000525 20000595 20000686
 20000409 20000640 20000403 20000391] 

36 = whole number

trusted: [20000476 20000184 20000360 20000307 20000108 20000198 20000077 20000472
 20000207 20000440 20000324 20000058 20000515 20000653 20000554 20000042
 20000400 20000173 20000674 20000502 20000137 20000632 20000600 20000611
 20000325 20000617 20000594 20000364 20000031 20000541] 

30 = Whole number for trusted