4	1	0
4	1	0
4	2	0
4	3	0
4	4	0
4	5	0
4	6	0
4	7	0
4	8	0
4	9	0
4	10	0
4	11	0
4	12	0
4	13	0
4	14	0
4	15	0
4	16	0
4	17	0
4	18	0
4	19	0
4	20	0
4	21	0
4	22	0
4	23	0
4	24	0
4	25	0
4	26	0
4	27	0
4	28	0
4	29	0
4	30	0
4	31	0
4	32	0
4	33	0
4	34	0
4	35	0
4	36	0
4	37	0
4	38	0
4	39	0
4	40	0
4	41	0
4	42	0
4	43	0
4	44	1
4	45	1
4	46	2
4	47	2
4	48	2
4	49	2
4	50	2
4	51	2
4	52	2
4	53	2
4	54	2
4	55	2
4	56	2
4	57	2
4	58	2
4	59	2
4	60	2
4	61	2
4	62	2
4	63	2
4	64	2
4	65	2
4	66	2
4	67	2
4	68	2
4	69	2
4	70	2
4	71	2
4	72	2
4	73	2
4	74	2
4	75	3
4	76	3
4	77	3
4	78	2
4	79	2
4	80	2
4	81	2
4	82	2
4	83	2
4	84	2
4	85	2
4	86	2
4	87	2
4	88	2
4	89	2
4	90	2
4	91	2
4	92	2
4	93	2
4	94	2
4	95	3
4	96	3
4	97	3
4	98	3
4	99	3
4	100	3
4	101	3
4	102	3
4	103	3
4	104	3
4	105	3
4	106	3
4	107	3
4	108	3
4	109	3
4	110	3
4	111	2
4	112	2
4	113	2
4	114	2
4	115	2
4	116	2
4	117	2
4	118	2
4	119	2
4	120	2
4	121	2
4	122	2
4	123	2
4	124	2
4	125	2
4	126	2
4	127	2
4	128	2
4	129	2
4	130	2
4	131	2
4	132	2
4	133	2
4	134	2
4	135	2
4	136	2
4	137	2
4	138	2
4	139	2
4	140	2
4	141	2
4	142	2
4	143	2
4	144	2
4	145	2
4	146	2
4	147	2
4	148	2
4	149	3
4	150	3
4	151	3
4	152	3
4	153	3
4	154	3
4	155	3
4	156	3
4	157	3
4	158	3
4	159	3
4	160	3
4	161	3
4	162	3
4	163	3
4	164	3
4	165	4
4	166	4
4	167	4
4	168	4
4	169	5
4	170	5
4	171	5
4	172	5
4	173	5
4	174	5
4	175	5
4	176	5
4	177	5
4	178	5
4	179	5
4	180	5
4	181	5
4	182	6
4	183	6
4	184	6
4	185	6
4	186	5
4	187	5
4	188	5
4	189	6
4	190	6
4	191	5
4	192	5
4	193	5
4	194	5
4	195	6
4	196	6
4	197	6
4	198	6
4	199	6
4	200	6
4	201	6
4	202	6
4	203	6
4	204	7
4	205	7
4	206	7
4	207	7
4	208	7
4	209	7
4	210	7
4	211	7
4	212	7
4	213	7
4	214	7
4	215	7
4	216	7
4	217	6
4	218	6
4	219	6
4	220	6
4	221	6
4	222	6
4	223	6
4	224	7
4	225	7
4	226	7
4	227	7
4	228	7
4	229	7
4	230	7
4	231	8
4	232	9
4	233	9
4	234	10
4	235	10
4	236	10
4	237	10
4	238	10
4	239	10
4	240	10
4	241	10
4	242	10
4	243	10
4	244	10
4	245	10
4	246	10
4	247	10
4	248	10
4	249	10
4	250	10
4	251	10
4	252	10
4	253	10
4	254	10
4	255	10
4	256	10
4	257	10
4	258	10
4	259	10
4	260	10
4	261	10
4	262	9
4	263	9
4	264	9
4	265	9
4	266	9
4	267	9
4	268	9
4	269	9
4	270	9
4	271	9
4	272	9
4	273	9
4	274	9
4	275	9
4	276	9
4	277	9
4	278	9
4	279	9
4	280	9
4	281	8
4	282	8
4	283	8
4	284	8
4	285	8
4	286	8
4	287	8
4	288	8
4	289	7
4	290	7
4	291	7
4	292	7
4	293	7
4	294	7
4	295	7
4	296	7
4	297	6
4	298	6
4	299	6
4	300	6
4	301	5
4	302	5
4	303	5
4	304	6
4	305	6
4	306	6
4	307	6
4	308	6
4	309	7
4	310	7
4	311	7
4	312	7
4	313	8
4	314	8
4	315	8
4	316	8
4	317	8
4	318	8
4	319	8
4	320	8
4	321	8
4	322	8
4	323	8
4	324	8
4	325	8
4	326	8
4	327	8
4	328	9
4	329	9
4	330	9
4	331	9
4	332	9
4	333	8
4	334	8
4	335	8
4	336	8
4	337	8
4	338	8
4	339	8
4	340	8
4	341	8
4	342	8
4	343	9
4	344	9
4	345	8
4	346	8
4	347	8
4	348	8
4	349	8
4	350	8
4	351	8
4	352	7
4	353	7
4	354	7
4	355	7
4	356	8
4	357	8
4	358	9
4	359	9
4	360	9
4	361	9
4	362	9
4	363	9
4	364	9
4	365	9
4	366	9
4	367	9
4	368	9
4	369	9
4	370	9
4	371	9
4	372	9
4	373	9
4	374	9
4	375	9
4	376	9
4	377	9
4	378	9
4	379	9
4	380	9
4	381	9
4	382	9
4	383	9
4	384	9
4	385	9
4	386	9
4	387	9
4	388	9
4	389	9
4	390	9
4	391	9
4	392	9
4	393	9
4	394	9
4	395	9
4	396	9
4	397	9
4	398	9
4	399	9
4	400	9
4	401	9
4	402	8
4	403	8
4	404	7
4	405	7
4	406	7
4	407	7
4	408	7
4	409	6
4	410	6
4	411	7
4	412	7
4	413	7
4	414	7
4	415	7
4	416	7
4	417	7
4	418	7
4	419	7
4	420	7
4	421	7
4	422	8
4	423	8
4	424	8
4	425	8
4	426	8
4	427	8
4	428	8
4	429	8
4	430	8
4	431	8
4	432	8
4	433	8
4	434	8
4	435	8
4	436	8
4	437	8
4	438	8
4	439	8
4	440	8
4	441	8
4	442	8
4	443	8
4	444	7
4	445	7
4	446	7
4	447	7
4	448	7
4	449	7
4	450	6
4	451	6
4	452	6
4	453	6
4	454	6
4	455	5
4	456	6
4	457	6
4	458	6
4	459	6
4	460	6
4	461	6
4	462	7
4	463	7
4	464	7
4	465	7
4	466	7
4	467	7
4	468	7
4	469	7
4	470	7
4	471	7
4	472	7
4	473	6
4	474	5
4	475	5
4	476	5
4	477	6
4	478	6
4	479	6
4	480	6
4	481	6
4	482	6
4	483	6
4	484	6
4	485	6
4	486	6
4	487	6
4	488	6
4	489	6
4	490	6
4	491	6
4	492	7
4	493	7
4	494	7
4	495	7
4	496	7
4	497	7
4	498	7
4	499	7
4	500	8
4	501	8
4	502	8
4	503	8
4	504	8
4	505	8
4	506	8
4	507	8
4	508	8
4	509	8
4	510	8
4	511	8
4	512	8
4	513	8
4	514	8
4	515	8
4	516	8
4	517	8
4	518	9
4	519	10
4	520	10
4	521	10
4	522	10
4	523	10
4	524	10
4	525	10
4	526	10
4	527	10
4	528	10
4	529	10
4	530	10
4	531	10
4	532	10
4	533	10
4	534	10
4	535	10
4	536	10
4	537	10
4	538	10
4	539	10
4	540	10
4	541	10
4	542	10
4	543	10
4	544	10
4	545	11
4	546	11
4	547	11
4	548	11
4	549	11
4	550	11
4	551	11
4	552	12
4	553	12
4	554	12
4	555	12
4	556	11
4	557	12
4	558	12
4	559	12
4	560	12
4	561	12
4	562	12
4	563	13
4	564	13
4	565	13
4	566	13
4	567	13
4	568	13
4	569	13
4	570	13
4	571	13
4	572	13
4	573	14
4	574	14
4	575	14
4	576	14
4	577	14
4	578	14
4	579	14
4	580	14
4	581	14
4	582	14
4	583	13
4	584	13
4	585	13
4	586	13
4	587	12
4	588	12
4	589	12
4	590	12
4	591	12
4	592	12
4	593	12
4	594	12
4	595	13
4	596	13
4	597	13
4	598	14
4	599	14
4	600	14
4	601	14
4	602	14
4	603	15
4	604	15
4	605	16
4	606	16
4	607	16
4	608	16
4	609	16
4	610	15
4	611	15
4	612	15
4	613	15
4	614	15
4	615	15
4	616	15
4	617	15
4	618	15
4	619	15
4	620	15
4	621	15
4	622	15
4	623	15
4	624	15
4	625	15
4	626	15
4	627	15
4	628	15
4	629	15
4	630	15
4	631	14
4	632	14
4	633	14
4	634	14
4	635	14
4	636	14
4	637	14
4	638	14
4	639	14
4	640	13
4	641	13
4	642	13
4	643	13
4	644	13
4	645	14
4	646	14
4	647	14
4	648	14
4	649	14
4	650	13
4	651	13
4	652	13
4	653	14
4	654	12
4	655	13
4	656	13
4	657	13
4	658	13
4	659	13
4	660	13
4	661	13
4	662	13
4	663	13
4	664	13
4	665	13
4	666	12
4	667	12
4	668	12
4	669	12
4	670	12
4	671	12
4	672	12
4	673	12
4	674	12
4	675	12
4	676	12
4	677	12
4	678	13
4	679	13
4	680	13
4	681	13
4	682	13
4	683	12
4	684	12
4	685	13
4	686	12
4	687	11
4	688	11
4	689	11
4	690	11
4	691	11
4	692	11
4	693	11
4	694	11
4	695	11
4	696	11
4	697	11
4	698	11
4	699	11
4	700	11
4	701	12
4	702	12
4	703	12
4	704	12
4	705	12
4	706	12
4	707	12
4	708	11
4	709	11
4	710	11
4	711	11
4	712	12
4	713	11
4	714	11
4	715	10
4	716	9
4	717	9
4	718	9
4	719	9
4	720	9
4	721	9
4	722	9
4	723	9
4	724	9
4	725	9
4	726	9
4	727	9
4	728	10
4	729	9
4	730	10
4	731	10
4	732	11
4	733	11
4	734	11
4	735	11
4	736	11
4	737	11
4	738	11
4	739	11
4	740	11
4	741	11
4	742	11
4	743	12
4	744	12
4	745	12
4	746	12
4	747	12
4	748	12
4	749	12
4	750	12
4	751	12
4	752	12
4	753	12
4	754	12
4	755	12
4	756	12
4	757	12
4	758	12
4	759	12
4	760	12
4	761	12
4	762	13
4	763	13
4	764	13
4	765	14
4	766	15
4	767	15
4	768	15
4	769	15
4	770	15
4	771	15
4	772	15
4	773	15
4	774	15
4	775	15
4	776	15
4	777	15
4	778	15
4	779	15
4	780	15
4	781	16
4	782	16
4	783	16
4	784	16
4	785	16
4	786	16
4	787	16
4	788	16
4	789	16
4	790	16
4	791	16
4	792	16
4	793	16
4	794	16
4	795	16
4	796	16
4	797	15
4	798	15
4	799	15
4	800	15
4	801	15
4	802	15
4	803	14
4	804	14
4	805	14
4	806	14
4	807	14
4	808	14
4	809	14
4	810	15
4	811	15
4	812	15
4	813	15
4	814	15
4	815	15
4	816	15
4	817	15
4	818	15
4	819	15
4	820	15
4	821	15
4	822	15
4	823	15
4	824	16
4	825	16
4	826	16
4	827	16
4	828	16
4	829	16
4	830	16
4	831	17
4	832	18
4	833	18
4	834	17
4	835	17
4	836	17
4	837	17
4	838	17
4	839	17
4	840	17
4	841	17
4	842	17
4	843	17
4	844	17
4	845	17
4	846	17
4	847	16
4	848	17
4	849	16
4	850	16
4	851	16
4	852	16
4	853	15
4	854	15
4	855	15
4	856	15
4	857	15
4	858	15
4	859	15
4	860	15
4	861	15
4	862	15
4	863	15
4	864	15
4	865	15
4	866	15
4	867	15
4	868	15
4	869	15
4	870	15
4	871	15
4	872	15
4	873	16
4	874	16
4	875	16
4	876	16
4	877	17
4	878	17
4	879	17
4	880	17
4	881	17
4	882	16
4	883	16
4	884	16
4	885	17
4	886	17
4	887	17
4	888	17
4	889	17
4	890	17
4	891	17
4	892	17
4	893	16
4	894	16
4	895	16
4	896	16
4	897	16
4	898	15
4	899	15
4	900	15
4	901	15
4	902	15
4	903	15
4	904	16
4	905	16
4	906	16
4	907	16
4	908	16
4	909	16
4	910	16
4	911	16
4	912	16
4	913	16
4	914	16
4	915	16
4	916	16
4	917	16
4	918	16
4	919	16
4	920	16
4	921	16
4	922	16
4	923	16
4	924	16
4	925	16
4	926	16
4	927	15
4	928	15
4	929	15
4	930	15
4	931	15
4	932	15
4	933	15
4	934	15
4	935	15
4	936	15
4	937	15
4	938	15
4	939	15
4	940	15
4	941	15
4	942	14
4	943	14
4	944	14
4	945	13
4	946	12
4	947	12
4	948	12
4	949	12
4	950	12
4	951	12
4	952	12
4	953	12
4	954	11
4	955	11
4	956	11
4	957	11
4	958	11
4	959	11
4	960	11
4	961	11
4	962	11
4	963	11
4	964	11
4	965	11
4	966	11
4	967	11
4	968	11
4	969	10
4	970	10
4	971	10
4	972	10
4	973	10
4	974	10
4	975	10
4	976	10
4	977	9
4	978	10
4	979	10
4	980	10
4	981	10
4	982	10
4	983	10
4	984	10
4	985	10
4	986	10
4	987	10
4	988	10
4	989	10
4	990	10
4	991	10
4	992	11
4	993	11
4	994	11
4	995	11
4	996	11
4	997	11
4	998	11
4	999	11
4	1000	11
4	1001	11
4	1002	11
4	1003	11
4	1004	11
4	1005	11
4	1006	11
4	1007	11
4	1008	10
4	1009	10
4	1010	10
4	1011	9
4	1012	9
4	1013	9
4	1014	9
4	1015	8
4	1016	8
4	1017	8
4	1018	8
4	1019	7
4	1020	7
4	1021	7
4	1022	7
4	1023	7
4	1024	7
4	1025	7
4	1026	7
4	1027	7
4	1028	7
4	1029	7
4	1030	7
4	1031	7
4	1032	7
4	1033	7
4	1034	7
4	1035	7
4	1036	7
4	1037	7
4	1038	6
4	1039	6
4	1040	5
4	1041	5
4	1042	5
4	1043	5
4	1044	5
4	1045	5
4	1046	5
4	1047	5
4	1048	5
4	1049	5
4	1050	5
4	1051	5
4	1052	5
4	1053	5
4	1054	5
4	1055	5
4	1056	5
4	1057	5
4	1058	5
4	1059	5
4	1060	5
4	1061	5
4	1062	5
4	1063	6
4	1064	6
4	1065	6
4	1066	5
4	1067	5
4	1068	5
4	1069	5
4	1070	6
4	1071	6
4	1072	6
4	1073	6
4	1074	6
4	1075	6
4	1076	6
4	1077	7
4	1078	7
4	1079	7
4	1080	7
4	1081	6
4	1082	7
4	1083	7
4	1084	8
4	1085	8
4	1086	8
4	1087	8
4	1088	8
4	1089	8
4	1090	8
4	1091	8
4	1092	8
4	1093	8
4	1094	8
4	1095	8
4	1096	8
4	1097	8
4	1098	8
4	1099	8
4	1100	8
4	1101	8
4	1102	7
4	1103	7
4	1104	7
4	1105	7
4	1106	7
4	1107	7
4	1108	7
4	1109	6
4	1110	6
4	1111	6
4	1112	6
4	1113	6
4	1114	6
4	1115	6
4	1116	6
4	1117	6
4	1118	6
4	1119	6
4	1120	5
4	1121	5
4	1122	5
4	1123	6
4	1124	6
4	1125	7
4	1126	7
4	1127	7
4	1128	7
4	1129	7
4	1130	7
4	1131	7
4	1132	7
4	1133	7
4	1134	7
4	1135	7
4	1136	7
4	1137	7
4	1138	7
4	1139	7
4	1140	7
4	1141	7
4	1142	7
4	1143	7
4	1144	7
4	1145	6
4	1146	6
4	1147	6
4	1148	7
4	1149	8
4	1150	8
4	1151	9
4	1152	9
4	1153	9
4	1154	9
4	1155	9
4	1156	9
4	1157	9
4	1158	9
4	1159	9
4	1160	9
4	1161	9
4	1162	9
4	1163	9
4	1164	9
4	1165	9
4	1166	9
4	1167	9
4	1168	9
4	1169	9
4	1170	9
4	1171	10
4	1172	10
4	1173	10
4	1174	10
4	1175	10
4	1176	10
4	1177	10
4	1178	10
4	1179	10
4	1180	9
4	1181	9
4	1182	9
4	1183	9
4	1184	9
4	1185	9
4	1186	9
4	1187	9
4	1188	9
4	1189	9
4	1190	9
4	1191	9
4	1192	9
4	1193	9
4	1194	8
4	1195	8
4	1196	8
4	1197	8
4	1198	7
4	1199	7
4	1200	7
4	1201	7
4	1202	7
4	1203	7
4	1204	7
4	1205	7
4	1206	7
4	1207	7
4	1208	7
4	1209	7
4	1210	7
4	1211	7
4	1212	7
4	1213	7
4	1214	7
4	1215	7
4	1216	7
4	1217	7
4	1218	7
4	1219	7
4	1220	7
4	1221	7
4	1222	7
4	1223	7
4	1224	7
4	1225	7
4	1226	7
4	1227	7
4	1228	7
4	1229	6
4	1230	6
4	1231	6
4	1232	6
4	1233	6
4	1234	6
4	1235	6
4	1236	6
4	1237	7
4	1238	7
4	1239	7
4	1240	7
4	1241	7
4	1242	7
4	1243	8
4	1244	9
4	1245	9
4	1246	9
4	1247	9
4	1248	9
4	1249	9
4	1250	9
4	1251	9
4	1252	8
4	1253	8
4	1254	8
4	1255	8
4	1256	8
4	1257	8
4	1258	8
4	1259	8
4	1260	8
4	1261	8
4	1262	8
4	1263	9
4	1264	9
4	1265	10
4	1266	10
4	1267	10
4	1268	10
4	1269	10
4	1270	10
4	1271	9
4	1272	9
4	1273	10
4	1274	10
4	1275	10
4	1276	10
4	1277	10
4	1278	10
4	1279	10
4	1280	10
4	1281	10
4	1282	10
4	1283	10
4	1284	10
4	1285	10
4	1286	10
4	1287	10
4	1288	11
4	1289	11
4	1290	11
4	1291	11
4	1292	11
4	1293	11
4	1294	11
4	1295	11
4	1296	11
4	1297	11
4	1298	10
4	1299	10
4	1300	10
4	1301	11
4	1302	11
4	1303	11
4	1304	11
4	1305	11
4	1306	11
4	1307	11
4	1308	11
4	1309	11
4	1310	11
4	1311	11
4	1312	11
4	1313	10
4	1314	10
4	1315	10
4	1316	10
4	1317	10
4	1318	10
4	1319	11
4	1320	11
4	1321	11
4	1322	11
4	1323	11
4	1324	11
4	1325	11
4	1326	11
4	1327	11
4	1328	11
4	1329	11
4	1330	11
4	1331	11
4	1332	11
4	1333	12
4	1334	12
4	1335	12
4	1336	12
4	1337	12
4	1338	12
4	1339	12
4	1340	12
4	1341	12
4	1342	12
4	1343	12
4	1344	13
4	1345	13
4	1346	13
4	1347	13
4	1348	13
4	1349	13
4	1350	13
4	1351	13
4	1352	13
4	1353	13
4	1354	13
4	1355	13
4	1356	13
4	1357	13
4	1358	13
4	1359	13
4	1360	13
4	1361	13
4	1362	13
4	1363	13
4	1364	13
4	1365	13
4	1366	13
4	1367	13
4	1368	13
4	1369	13
4	1370	13
4	1371	13
4	1372	13
4	1373	13
4	1374	13
4	1375	13
4	1376	13
4	1377	13
4	1378	13
4	1379	13
4	1380	13
4	1381	13
4	1382	13
4	1383	13
4	1384	13
4	1385	14
4	1386	14
4	1387	15
4	1388	15
4	1389	15
4	1390	15
4	1391	14
4	1392	14
4	1393	14
4	1394	14
4	1395	14
4	1396	14
4	1397	14
4	1398	14
4	1399	14
4	1400	14
4	1401	15
4	1402	14
4	1403	13
4	1404	13
4	1405	12
4	1406	12
4	1407	12
4	1408	12
4	1409	12
4	1410	12
4	1411	12
4	1412	13
4	1413	13
4	1414	13
4	1415	13
4	1416	13
4	1417	13
4	1418	13
4	1419	12
4	1420	12
4	1421	12
4	1422	12
4	1423	12
4	1424	12
4	1425	12
4	1426	12
4	1427	12
4	1428	12
4	1429	12
4	1430	12
4	1431	12
4	1432	12
4	1433	12
4	1434	12
4	1435	12
4	1436	11
4	1437	11
4	1438	11
4	1439	11
4	1440	11
4	1441	12
4	1442	12
4	1443	12
4	1444	13
4	1445	13
4	1446	14
4	1447	14
4	1448	14
4	1449	14
4	1450	14
4	1451	14
4	1452	14
4	1453	14
4	1454	14
4	1455	14
4	1456	14
4	1457	15
4	1458	15
4	1459	15
4	1460	16
4	1461	16
4	1462	16
4	1463	16
4	1464	16
4	1465	16
4	1466	17
4	1467	17
4	1468	17
4	1469	17
4	1470	18
4	1471	18
4	1472	18
4	1473	19
4	1474	19
4	1475	19
4	1476	19
4	1477	19
4	1478	18
4	1479	17
4	1480	17
4	1481	17
4	1482	17
4	1483	17
4	1484	17
4	1485	17
4	1486	18
4	1487	18
4	1488	18
4	1489	18
4	1490	18
4	1491	18
4	1492	18
4	1493	18
4	1494	18
4	1495	18
4	1496	18
4	1497	18
4	1498	18
4	1499	18
4	1500	18
4	1501	18
4	1502	18
4	1503	18
4	1504	18
4	1505	18
4	1506	18
4	1507	18
4	1508	18
4	1509	18
4	1510	18
4	1511	18
4	1512	17
4	1513	17
4	1514	17
4	1515	17
4	1516	17
4	1517	17
4	1518	17
4	1519	17
4	1520	17
4	1521	17
4	1522	17
4	1523	17
4	1524	17
4	1525	17
4	1526	17
4	1527	16
4	1528	17
4	1529	17
4	1530	17
4	1531	17
4	1532	16
4	1533	16
4	1534	16
4	1535	15
4	1536	14
4	1537	14
4	1538	13
4	1539	13
4	1540	13
4	1541	13
4	1542	13
4	1543	12
4	1544	12
4	1545	12
4	1546	12
4	1547	13
4	1548	13
4	1549	13
4	1550	14
4	1551	14
4	1552	14
4	1553	15
4	1554	15
4	1555	15
4	1556	15
4	1557	15
4	1558	15
4	1559	15
4	1560	15
4	1561	15
4	1562	15
4	1563	15
4	1564	15
4	1565	15
4	1566	14
4	1567	14
4	1568	14
4	1569	14
4	1570	14
4	1571	14
4	1572	14
4	1573	14
4	1574	14
4	1575	14
4	1576	13
4	1577	13
4	1578	13
4	1579	12
4	1580	12
4	1581	12
4	1582	12
4	1583	13
4	1584	14
4	1585	14
4	1586	13
4	1587	13
4	1588	13
4	1589	13
4	1590	13
4	1591	13
4	1592	13
4	1593	13
4	1594	13
4	1595	13
4	1596	13
4	1597	13
4	1598	13
4	1599	13
4	1600	13
4	1601	13
4	1602	13
4	1603	12
4	1604	12
4	1605	12
4	1606	12
4	1607	12
4	1608	12
4	1609	12
4	1610	12
4	1611	12
4	1612	12
4	1613	11
4	1614	11
4	1615	11
4	1616	11
4	1617	11
4	1618	11
4	1619	11
4	1620	11
4	1621	11
4	1622	13
4	1623	13
4	1624	13
4	1625	13
4	1626	13
4	1627	11
4	1628	11
4	1629	11
4	1630	11
4	1631	11
4	1632	11
4	1633	11
4	1634	11
4	1635	11
4	1636	11
4	1637	11
4	1638	11
4	1639	11
4	1640	11
4	1641	11
4	1642	11
4	1643	12
4	1644	12
4	1645	12
4	1646	12
4	1647	12
4	1648	12
4	1649	12
4	1650	12
4	1651	12
4	1652	12
4	1653	12
4	1654	12
4	1655	12
4	1656	12
4	1657	12
4	1658	12
4	1659	12
4	1660	12
4	1661	12
4	1662	12
4	1663	12
4	1664	12
4	1665	12
4	1666	13
4	1667	12
4	1668	12
4	1669	12
4	1670	12
4	1671	12
4	1672	12
4	1673	12
4	1674	12
4	1675	13
4	1676	12
4	1677	10
4	1678	9
4	1679	9
4	1680	9
4	1681	9
4	1682	9
4	1683	9
4	1684	9
4	1685	10
4	1686	10
4	1687	10
4	1688	10
4	1689	8
4	1690	8
4	1691	8
4	1692	8
4	1693	8
4	1694	8
4	1695	8
4	1696	8
4	1697	7
4	1698	7
4	1699	7
4	1700	7
4	1701	7
4	1702	7
4	1703	7
4	1704	7
4	1705	7
4	1706	7
4	1707	7
4	1708	7
4	1709	7
4	1710	7
4	1711	7
4	1712	7
4	1713	7
4	1714	7
4	1715	8
4	1716	8
4	1717	8
4	1718	8
4	1719	8
4	1720	8
4	1721	8
4	1722	8
4	1723	8
4	1724	8
4	1725	8
4	1726	8
4	1727	8
4	1728	8
4	1729	8
4	1730	8
4	1731	9
4	1732	9
4	1733	9
4	1734	9
4	1735	9
4	1736	9
4	1737	9
4	1738	9
4	1739	9
4	1740	9
4	1741	8
4	1742	8
4	1743	8
4	1744	8
4	1745	8
4	1746	8
4	1747	8
4	1748	8
4	1749	8
4	1750	8
4	1751	8
4	1752	8
4	1753	8
4	1754	8
4	1755	8
4	1756	8
4	1757	8
4	1758	8
4	1759	8
4	1760	8
4	1761	9
4	1762	9
4	1763	9
4	1764	8
4	1765	8
4	1766	9
4	1767	9
4	1768	9
4	1769	9
4	1770	9
4	1771	9
4	1772	9
4	1773	9
4	1774	9
4	1775	9
4	1776	9
4	1777	7
4	1778	8
4	1779	8
4	1780	9
4	1781	8
4	1782	8
4	1783	9
4	1784	9
4	1785	10
4	1786	10
4	1787	10
4	1788	11
4	1789	11
4	1790	12
4	1791	12
4	1792	12
4	1793	12
4	1794	12
4	1795	13
4	1796	13
4	1797	13
4	1798	13
4	1799	13
4	1800	13
4	1801	13
4	1802	13
4	1803	13
4	1804	13
4	1805	13
4	1806	13
4	1807	13
4	1808	13
4	1809	13
4	1810	13
4	1811	14
4	1812	14
4	1813	14
4	1814	14
4	1815	14
4	1816	14
4	1817	14
4	1818	14
4	1819	14
4	1820	14
4	1821	14
4	1822	14
4	1823	14
4	1824	14
4	1825	14
4	1826	14
4	1827	14
4	1828	14
4	1829	14
4	1830	14
4	1831	14
4	1832	15
4	1833	15
4	1834	15
4	1835	15
4	1836	15
4	1837	15
4	1838	15
4	1839	15
4	1840	15
4	1841	15
4	1842	15
4	1843	15
4	1844	15
4	1845	15
4	1846	15
4	1847	15
4	1848	15
4	1849	15
4	1850	15
4	1851	15
4	1852	15
4	1853	15
4	1854	14
4	1855	14
4	1856	14
4	1857	14
4	1858	13
4	1859	13
4	1860	14
4	1861	14
4	1862	15
4	1863	15
4	1864	15
4	1865	15
4	1866	15
4	1867	15
4	1868	15
4	1869	15
4	1870	16
4	1871	16
4	1872	16
4	1873	17
4	1874	17
4	1875	17
4	1876	16
4	1877	16
4	1878	16
4	1879	17
4	1880	17
4	1881	17
4	1882	16
4	1883	16
4	1884	16
4	1885	16
4	1886	16
4	1887	16
4	1888	16
4	1889	16
4	1890	17
4	1891	17
4	1892	17
4	1893	17
4	1894	17
4	1895	17
4	1896	17
4	1897	17
4	1898	18
4	1899	18
4	1900	18
4	1901	18
4	1902	18
4	1903	18
4	1904	18
4	1905	18
4	1906	18
4	1907	18
4	1908	18
4	1909	18
4	1910	18
4	1911	19
4	1912	18
4	1913	18
4	1914	18
4	1915	18
4	1916	18
4	1917	17
4	1918	18
4	1919	17
4	1920	18
4	1921	18
4	1922	18
4	1923	18
4	1924	18
4	1925	18
4	1926	18
4	1927	18
4	1928	19
4	1929	19
4	1930	19
4	1931	20
4	1932	20
4	1933	20
4	1934	20
4	1935	20
4	1936	20
4	1937	20
4	1938	20
4	1939	19
4	1940	19
4	1941	19
4	1942	19
4	1943	19
4	1944	18
4	1945	18
4	1946	18
4	1947	18
4	1948	18
4	1949	18
4	1950	17
4	1951	17
4	1952	16
4	1953	16
4	1954	16
4	1955	16
4	1956	16
4	1957	16
4	1958	16
4	1959	15
4	1960	14
4	1961	14
4	1962	14
4	1963	15
4	1964	14
4	1965	15
4	1966	15
4	1967	15
4	1968	15
4	1969	15
4	1970	15
4	1971	16
4	1972	16
4	1973	16
4	1974	16
4	1975	15
4	1976	15
4	1977	15
4	1978	15
4	1979	15
4	1980	15
4	1981	15
4	1982	15
4	1983	15
4	1984	15
4	1985	15
4	1986	15
4	1987	15
4	1988	15
4	1989	15
4	1990	16
4	1991	16
4	1992	16
4	1993	16
4	1994	16
4	1995	17
4	1996	17
4	1997	17
4	1998	17
4	1999	17
4	2000	16
4	2001	16
4	2002	16
4	2003	17
4	2004	18
4	2005	19
4	2006	19
4	2007	20
4	2008	21
4	2009	21
4	2010	21
4	2011	21
4	2012	21
4	2013	20
4	2014	21
4	2015	22
4	2016	22
4	2017	22
4	2018	22
4	2019	22
4	2020	22
4	2021	22
4	2022	22
4	2023	21
4	2024	21
4	2025	21
4	2026	21
4	2027	22
4	2028	22
4	2029	22
4	2030	22
4	2031	22
4	2032	22
4	2033	22
4	2034	22
4	2035	23
4	2036	23
4	2037	23
4	2038	22
4	2039	20
4	2040	19
4	2041	18
4	2042	18
4	2043	17
4	2044	18
4	2045	18
4	2046	17
4	2047	17
4	2048	17
4	2049	17
4	2050	17
4	2051	17
4	2052	17
4	2053	17
4	2054	17
4	2055	17
4	2056	17
4	2057	17
4	2058	18
4	2059	18
4	2060	18
4	2061	17
4	2062	17
4	2063	16
4	2064	16
4	2065	16
4	2066	16
4	2067	16
4	2068	16
4	2069	17
4	2070	17
4	2071	17
4	2072	17
4	2073	17
4	2074	17
4	2075	17
4	2076	17
4	2077	17
4	2078	17
4	2079	16
4	2080	15
4	2081	15
4	2082	16
4	2083	16
4	2084	16
4	2085	16
4	2086	16
4	2087	17
4	2088	18
4	2089	19
4	2090	18
4	2091	18
4	2092	18
4	2093	18
4	2094	18
4	2095	18
4	2096	18
4	2097	18
4	2098	18
4	2099	18
4	2100	18
4	2101	18
4	2102	18
4	2103	18
4	2104	18
4	2105	18
4	2106	18
4	2107	18
4	2108	19
4	2109	19
4	2110	18
4	2111	18
4	2112	18
4	2113	19
4	2114	20
4	2115	20
4	2116	20
4	2117	20
4	2118	20
4	2119	19
4	2120	19
4	2121	21
4	2122	21
4	2123	21
4	2124	21
4	2125	21
4	2126	20
4	2127	20
4	2128	19
4	2129	19
4	2130	19
4	2131	20
4	2132	20
4	2133	21
4	2134	21
4	2135	21
4	2136	21
4	2137	21
4	2138	21
4	2139	21
4	2140	21
4	2141	21
4	2142	21
4	2143	21
4	2144	21
4	2145	21
4	2146	20
4	2147	20
4	2148	20
4	2149	21
4	2150	20
4	2151	20
4	2152	20
4	2153	20
4	2154	20
4	2155	21
4	2156	21
4	2157	21
4	2158	21
4	2159	21
4	2160	21
4	2161	21
4	2162	20
4	2163	21
4	2164	21
4	2165	21
4	2166	21
4	2167	22
4	2168	22
4	2169	22
4	2170	23
4	2171	23
4	2172	23
4	2173	23
4	2174	23
4	2175	23
4	2176	23
4	2177	22
4	2178	22
4	2179	22
4	2180	22
4	2181	22
4	2182	22
4	2183	22
4	2184	23
4	2185	23
4	2186	23
4	2187	23
4	2188	23
4	2189	23
4	2190	23
4	2191	23
4	2192	23
4	2193	24
4	2194	24
4	2195	24
4	2196	25
4	2197	25
4	2198	24
4	2199	24
4	2200	24
4	2201	24
4	2202	23
4	2203	23
4	2204	23
4	2205	23
4	2206	23
4	2207	22
4	2208	22
4	2209	22
4	2210	22
4	2211	22
4	2212	23
4	2213	23
4	2214	23
4	2215	23
4	2216	23
4	2217	24
4	2218	24
4	2219	24
4	2220	24
4	2221	24
4	2222	24
4	2223	24
4	2224	25
4	2225	25
4	2226	25
4	2227	24
4	2228	24
4	2229	23
4	2230	23
4	2231	22
4	2232	21
4	2233	21
4	2234	21
4	2235	21
4	2236	21
4	2237	21
4	2238	21
4	2239	21
4	2240	21
4	2241	21
4	2242	21
4	2243	20
4	2244	20
4	2245	20
4	2246	20
4	2247	19
4	2248	19
4	2249	19
4	2250	19
4	2251	20
4	2252	19
4	2253	20
4	2254	21
4	2255	20
4	2256	20
4	2257	20
4	2258	20
4	2259	22
4	2260	22
4	2261	22
4	2262	22
4	2263	21
4	2264	21
4	2265	21
4	2266	21
4	2267	20
4	2268	20
4	2269	19
4	2270	18
4	2271	18
4	2272	18
4	2273	19
4	2274	18
4	2275	18
4	2276	18
4	2277	18
4	2278	18
4	2279	19
4	2280	19
4	2281	19
4	2282	19
4	2283	19
4	2284	19
4	2285	19
4	2286	19
4	2287	19
4	2288	19
4	2289	20
4	2290	20
4	2291	20
4	2292	20
4	2293	19
4	2294	19
4	2295	19
4	2296	19
4	2297	19
4	2298	19
4	2299	19
4	2300	19
4	2301	19
4	2302	19
4	2303	19
4	2304	19
4	2305	19
4	2306	19
4	2307	19
4	2308	19
4	2309	19
4	2310	19
4	2311	19
4	2312	18
4	2313	18
4	2314	18
4	2315	18
4	2316	18
4	2317	18
4	2318	18
4	2319	18
4	2320	19
4	2321	19
4	2322	18
4	2323	18
4	2324	18
4	2325	17
4	2326	17
4	2327	17
4	2328	17
4	2329	17
4	2330	17
4	2331	16
4	2332	16
4	2333	16
4	2334	16
4	2335	17
4	2336	17
4	2337	18
4	2338	18
4	2339	18
4	2340	18
4	2341	18
4	2342	18
4	2343	18
4	2344	18
4	2345	18
4	2346	18
4	2347	17
4	2348	17
4	2349	17
4	2350	17
4	2351	17
4	2352	17
4	2353	18
4	2354	18
4	2355	20
4	2356	20
4	2357	20
4	2358	20
4	2359	20
4	2360	20
4	2361	20
4	2362	20
4	2363	20
4	2364	20
4	2365	20
4	2366	21
4	2367	20
4	2368	20
4	2369	20
4	2370	21
4	2371	21
4	2372	20
4	2373	20
4	2374	19
4	2375	19
4	2376	19
4	2377	19
4	2378	20
4	2379	20
4	2380	20
4	2381	19
4	2382	19
4	2383	19
4	2384	19
4	2385	19
4	2386	19
4	2387	19
4	2388	19
4	2389	18
4	2390	18
4	2391	18
4	2392	19
4	2393	19
4	2394	18
4	2395	18
4	2396	19
4	2397	19
4	2398	19
4	2399	18
4	2400	18
4	2401	18
4	2402	18
4	2403	18
4	2404	18
4	2405	19
4	2406	20
4	2407	19
4	2408	19
4	2409	19
4	2410	19
4	2411	19
4	2412	18
4	2413	18
4	2414	18
4	2415	18
4	2416	18
4	2417	18
4	2418	18
4	2419	18
4	2420	18
4	2421	18
4	2422	18
4	2423	17
4	2424	17
4	2425	16
4	2426	16
4	2427	16
4	2428	15
4	2429	15
4	2430	15
4	2431	15
4	2432	15
4	2433	15
4	2434	15
4	2435	15
4	2436	16
4	2437	18
4	2438	19
4	2439	20
4	2440	20
4	2441	21
4	2442	21
4	2443	22
4	2444	22
4	2445	22
4	2446	23
4	2447	23
4	2448	23
4	2449	22
4	2450	22
4	2451	22
4	2452	21
4	2453	21
4	2454	21
4	2455	20
4	2456	21
4	2457	21
4	2458	21
4	2459	21
4	2460	20
4	2461	21
4	2462	22
4	2463	22
4	2464	22
4	2465	22
4	2466	22
4	2467	22
4	2468	21
4	2469	21
4	2470	21
4	2471	21
4	2472	21
4	2473	21
4	2474	21
4	2475	21
4	2476	21
4	2477	21
4	2478	21
4	2479	21
4	2480	21
4	2481	21
4	2482	21
4	2483	21
4	2484	21
4	2485	21
4	2486	21
4	2487	21
4	2488	21
4	2489	21
4	2490	21
4	2491	21
4	2492	21
4	2493	21
4	2494	20
4	2495	20
4	2496	19
4	2497	19
4	2498	19
4	2499	19
4	2500	19
4	2501	19
4	2502	19
4	2503	19
4	2504	18
4	2505	17
4	2506	17
4	2507	17
4	2508	17
4	2509	17
4	2510	18
4	2511	18
4	2512	18
4	2513	17
4	2514	18
4	2515	18
4	2516	18
4	2517	18
4	2518	19
4	2519	20
4	2520	20
4	2521	20
4	2522	20
4	2523	21
4	2524	21
4	2525	21
4	2526	21
4	2527	21
4	2528	21
4	2529	21
4	2530	21
4	2531	20
4	2532	20
4	2533	20
4	2534	20
4	2535	20
4	2536	21
4	2537	22
4	2538	21
4	2539	21
4	2540	21
4	2541	21
4	2542	21
4	2543	22
4	2544	22
4	2545	22
4	2546	22
4	2547	22
4	2548	23
4	2549	23
4	2550	23
4	2551	23
4	2552	23
4	2553	23
4	2554	23
4	2555	23
4	2556	23
4	2557	23
4	2558	23
4	2559	24
4	2560	24
4	2561	24
4	2562	24
4	2563	24
4	2564	23
4	2565	23
4	2566	25
4	2567	25
4	2568	25
4	2569	25
4	2570	26
4	2571	26
4	2572	26
4	2573	25
4	2574	26
4	2575	26
4	2576	25
4	2577	25
4	2578	25
4	2579	25
4	2580	25
4	2581	25
4	2582	24
4	2583	23
4	2584	24
4	2585	23
4	2586	23
4	2587	23
4	2588	23
4	2589	23
4	2590	24
4	2591	23
4	2592	23
4	2593	24
4	2594	25
4	2595	24
4	2596	25
4	2597	25
4	2598	25
4	2599	25
4	2600	25
4	2601	26
4	2602	26
4	2603	25
4	2604	27
4	2605	27
4	2606	27
4	2607	27
4	2608	27
4	2609	27
4	2610	27
4	2611	27
4	2612	27
4	2613	27
4	2614	27
4	2615	26
4	2616	26
4	2617	27
4	2618	27
4	2619	28
4	2620	28
4	2621	28
4	2622	28
4	2623	28
4	2624	28
4	2625	28
4	2626	28
4	2627	28
4	2628	28
4	2629	28
4	2630	28
4	2631	28
4	2632	27
4	2633	27
4	2634	28
4	2635	28
4	2636	28
4	2637	29
4	2638	30
4	2639	30
4	2640	30
4	2641	30
4	2642	30
4	2643	30
4	2644	31
4	2645	31
4	2646	31
4	2647	30
4	2648	31
4	2649	32
4	2650	32
4	2651	33
4	2652	33
4	2653	33
4	2654	33
4	2655	33
4	2656	33
4	2657	33
4	2658	33
4	2659	33
4	2660	33
4	2661	34
4	2662	34
4	2663	34
4	2664	34
4	2665	34
4	2666	34
4	2667	33
4	2668	33
4	2669	32
4	2670	32
4	2671	31
4	2672	31
4	2673	31
4	2674	31
4	2675	31
4	2676	31
4	2677	31
4	2678	31
4	2679	31
4	2680	31
4	2681	32
4	2682	31
4	2683	31
4	2684	31
4	2685	31
4	2686	31
4	2687	31
4	2688	31
4	2689	31
4	2690	31
4	2691	31
4	2692	31
4	2693	31
4	2694	31
4	2695	31
4	2696	31
4	2697	31
4	2698	31
4	2699	31
4	2700	32
4	2701	32
4	2702	32
4	2703	32
4	2704	32
4	2705	32
4	2706	32
4	2707	33
4	2708	33
4	2709	33
4	2710	33
4	2711	33
4	2712	33
4	2713	33
4	2714	32
4	2715	32
4	2716	33
4	2717	33
4	2718	32
4	2719	32
4	2720	31
4	2721	33
4	2722	32
4	2723	32
4	2724	32
4	2725	32
4	2726	32
4	2727	31
4	2728	31
4	2729	31
4	2730	31
4	2731	32
4	2732	32
4	2733	32
4	2734	32
4	2735	32
4	2736	32
4	2737	32
4	2738	33
4	2739	33
4	2740	33
4	2741	33
4	2742	35
4	2743	35
4	2744	35
4	2745	34
4	2746	33
4	2747	32
4	2748	32
4	2749	31
4	2750	30
4	2751	29
4	2752	29
4	2753	29
4	2754	29
4	2755	29
4	2756	28
4	2757	28
4	2758	28
4	2759	28
4	2760	28
4	2761	28
4	2762	29
4	2763	29
4	2764	29
4	2765	29
4	2766	29
4	2767	29
4	2768	29
4	2769	28
4	2770	28
4	2771	27
4	2772	27
4	2773	27
4	2774	27
4	2775	27
4	2776	27
4	2777	28
4	2778	28
4	2779	29
4	2780	28
4	2781	28
4	2782	28
4	2783	28
4	2784	28
4	2785	28
4	2786	27
4	2787	27
4	2788	27
4	2789	27
4	2790	27
4	2791	27
4	2792	27
4	2793	27
4	2794	27
4	2795	27
4	2796	26
4	2797	26
4	2798	26
4	2799	26
4	2800	26
4	2801	26
4	2802	26
4	2803	26
4	2804	26
4	2805	27
4	2806	27
4	2807	27
4	2808	27
4	2809	28
4	2810	28
4	2811	28
4	2812	27
4	2813	27
4	2814	27
4	2815	27
4	2816	27
4	2817	26
4	2818	28
4	2819	27
4	2820	28
4	2821	28
4	2822	28
4	2823	28
4	2824	26
4	2825	26
4	2826	25
4	2827	25
4	2828	25
4	2829	24
4	2830	24
4	2831	23
4	2832	23
4	2833	23
4	2834	23
4	2835	22
4	2836	22
4	2837	23
4	2838	23
4	2839	22
4	2840	22
4	2841	23
4	2842	23
4	2843	23
4	2844	24
4	2845	24
4	2846	24
4	2847	24
4	2848	24
4	2849	24
4	2850	24
4	2851	25
4	2852	25
4	2853	26
4	2854	26
4	2855	26
4	2856	26
4	2857	26
4	2858	24
4	2859	23
4	2860	23
4	2861	23
4	2862	22
4	2863	22
4	2864	22
4	2865	23
4	2866	24
4	2867	24
4	2868	25
4	2869	26
4	2870	25
4	2871	25
4	2872	25
4	2873	25
4	2874	25
4	2875	26
4	2876	26
4	2877	26
4	2878	26
4	2879	26
4	2880	26
4	2881	26
4	2882	25
4	2883	25
4	2884	25
4	2885	25
4	2886	26
4	2887	26
4	2888	26
4	2889	26
4	2890	26
4	2891	26
4	2892	26
4	2893	26
4	2894	26
4	2895	26
4	2896	26
4	2897	26
4	2898	26
4	2899	26
4	2900	26
4	2901	26
4	2902	27
4	2903	26
4	2904	27
4	2905	26
4	2906	26
4	2907	26
4	2908	25
4	2909	26
4	2910	26
4	2911	26
4	2912	26
4	2913	26
4	2914	25
4	2915	25
4	2916	26
4	2917	26
4	2918	26
4	2919	25
4	2920	25
4	2921	25
4	2922	26
4	2923	26
4	2924	27
4	2925	27
4	2926	26
4	2927	26
4	2928	26
4	2929	26
4	2930	27
4	2931	28
4	2932	28
4	2933	28
4	2934	28
4	2935	28
4	2936	28
4	2937	28
4	2938	28
4	2939	28
4	2940	28
4	2941	28
4	2942	28
4	2943	28
4	2944	29
4	2945	29
4	2946	29
4	2947	29
4	2948	29
4	2949	29
4	2950	29
4	2951	29
4	2952	31
4	2953	31
4	2954	31
4	2955	30
4	2956	30
4	2957	30
4	2958	30
4	2959	30
4	2960	30
4	2961	30
4	2962	30
4	2963	30
4	2964	30
4	2965	30
4	2966	30
4	2967	30
4	2968	30
4	2969	30
4	2970	30
4	2971	30
4	2972	30
4	2973	31
4	2974	31
4	2975	31
4	2976	31
4	2977	31
4	2978	31
4	2979	32
4	2980	32
4	2981	31
4	2982	30
4	2983	30
4	2984	29
4	2985	30
4	2986	29
4	2987	29
4	2988	28
4	2989	28
4	2990	28
4	2991	28
4	2992	28
4	2993	28
4	2994	28
4	2995	28
4	2996	26
4	2997	26
4	2998	27
4	2999	27
4	3000	26
4	3001	26
4	3002	26
4	3003	26
4	3004	26
4	3005	25
4	3006	25
4	3007	26
4	3008	26
4	3009	26
4	3010	26
4	3011	25
4	3012	25
4	3013	26
4	3014	26
4	3015	26
4	3016	26
4	3017	26
4	3018	26
4	3019	26
4	3020	26
4	3021	26
4	3022	26
4	3023	27
4	3024	27
4	3025	27
4	3026	27
4	3027	27
4	3028	27
4	3029	27
4	3030	27
4	3031	27
4	3032	27
4	3033	27
4	3034	26
4	3035	26
4	3036	26
4	3037	26
4	3038	26
4	3039	26
4	3040	26
4	3041	25
4	3042	25
4	3043	25
4	3044	25
4	3045	25
4	3046	25
4	3047	25
4	3048	25
4	3049	24
4	3050	24
4	3051	24
4	3052	24
4	3053	24
4	3054	24
4	3055	24
4	3056	25
4	3057	26
4	3058	26
4	3059	26
4	3060	26
4	3061	26
4	3062	26
4	3063	26
4	3064	26
4	3065	27
4	3066	27
4	3067	27
4	3068	27
4	3069	26
4	3070	24
4	3071	23
4	3072	23
4	3073	22
4	3074	22
4	3075	22
4	3076	22
4	3077	22
4	3078	23
4	3079	24
4	3080	24
4	3081	23
4	3082	24
4	3083	25
4	3084	25
4	3085	25
4	3086	25
4	3087	24
4	3088	23
4	3089	23
4	3090	23
4	3091	23
4	3092	23
4	3093	24
4	3094	24
4	3095	23
4	3096	22
4	3097	22
4	3098	21
4	3099	20
4	3100	21
4	3101	21
4	3102	21
4	3103	21
4	3104	22
4	3105	22
4	3106	22
4	3107	23
4	3108	23
4	3109	24
4	3110	25
4	3111	25
4	3112	25
4	3113	25
4	3114	26
4	3115	26
4	3116	25
4	3117	25
4	3118	25
4	3119	25
4	3120	24
4	3121	24
4	3122	24
4	3123	24
4	3124	24
4	3125	25
4	3126	25
4	3127	25
4	3128	25
4	3129	25
4	3130	25
4	3131	25
4	3132	25
4	3133	25
4	3134	25
4	3135	26
4	3136	26
4	3137	26
4	3138	26
4	3139	26
4	3140	26
4	3141	26
4	3142	26
4	3143	27
4	3144	26
4	3145	26
4	3146	26
4	3147	26
4	3148	25
4	3149	25
4	3150	25
4	3151	26
4	3152	26
4	3153	26
4	3154	26
4	3155	26
4	3156	27
4	3157	27
4	3158	27
4	3159	27
4	3160	26
4	3161	26
4	3162	26
4	3163	27
4	3164	27
4	3165	27
4	3166	27
4	3167	27
4	3168	27
4	3169	27
4	3170	27
4	3171	28
4	3172	28
4	3173	28
4	3174	29
4	3175	29
4	3176	29
4	3177	29
4	3178	27
4	3179	28
4	3180	28
4	3181	28
4	3182	30
4	3183	30
4	3184	32
4	3185	32
4	3186	32
4	3187	32
4	3188	32
4	3189	32
4	3190	32
4	3191	32
4	3192	32
4	3193	32
4	3194	32
4	3195	32
4	3196	32
4	3197	32
4	3198	32
4	3199	32
4	3200	32
4	3201	33
4	3202	33
4	3203	35
4	3204	35
4	3205	35
4	3206	35
4	3207	36
4	3208	36
4	3209	35
4	3210	35
4	3211	34
4	3212	34
4	3213	34
4	3214	34
4	3215	34
4	3216	34
4	3217	34
4	3218	34
4	3219	34
4	3220	34
4	3221	34
4	3222	34
4	3223	34
4	3224	34
4	3225	33
4	3226	32
4	3227	30
4	3228	31
4	3229	31
4	3230	30
4	3231	30
4	3232	31
4	3233	31
4	3234	29
4	3235	29
4	3236	29
4	3237	29
4	3238	29
4	3239	29
4	3240	29
4	3241	30
4	3242	30
4	3243	30
4	3244	30
4	3245	30
4	3246	30
4	3247	29
4	3248	29
4	3249	30
4	3250	30
4	3251	30
4	3252	30
4	3253	30
4	3254	30
4	3255	30
4	3256	30
4	3257	30
4	3258	31
4	3259	31
4	3260	31
4	3261	31
4	3262	32
4	3263	32
4	3264	33
4	3265	32
4	3266	32
4	3267	32
4	3268	31
4	3269	32
4	3270	33
4	3271	34
4	3272	34
4	3273	34
4	3274	34
4	3275	34
4	3276	34
4	3277	35
4	3278	35
4	3279	36
4	3280	36
4	3281	36
4	3282	37
4	3283	36
4	3284	36
4	3285	37
4	3286	36
4	3287	36
4	3288	36
4	3289	36
4	3290	37
4	3291	38
4	3292	38
4	3293	38
4	3294	38
4	3295	39
4	3296	39
4	3297	39
4	3298	40
4	3299	41
4	3300	41
4	3301	41
4	3302	42
4	3303	41
4	3304	41
4	3305	40
4	3306	40
4	3307	40
4	3308	40
4	3309	39
4	3310	38
4	3311	38
4	3312	38
4	3313	38
4	3314	37
4	3315	38
4	3316	38
4	3317	37
4	3318	37
4	3319	37
4	3320	36
4	3321	36
4	3322	36
4	3323	36
4	3324	36
4	3325	36
4	3326	36
4	3327	36
4	3328	37
4	3329	38
4	3330	38
4	3331	39
4	3332	39
4	3333	39
4	3334	38
4	3335	38
4	3336	37
4	3337	38
4	3338	38
4	3339	38
4	3340	38
4	3341	38
4	3342	38
4	3343	39
4	3344	39
4	3345	39
4	3346	39
4	3347	39
4	3348	38
4	3349	38
4	3350	39
4	3351	41
4	3352	41
4	3353	42
4	3354	42
4	3355	42
4	3356	43
4	3357	44
4	3358	44
4	3359	44
4	3360	43
4	3361	43
4	3362	43
4	3363	43
4	3364	43
4	3365	43
4	3366	43
4	3367	44
4	3368	44
4	3369	44
4	3370	43
4	3371	44
4	3372	47
4	3373	47
4	3374	47
4	3375	47
4	3376	47
4	3377	48
4	3378	48
4	3379	48
4	3380	48
4	3381	49
4	3382	49
4	3383	49
4	3384	48
4	3385	48
4	3386	47
4	3387	46
4	3388	46
4	3389	46
4	3390	46
4	3391	46
4	3392	44
4	3393	42
4	3394	42
4	3395	42
4	3396	42
4	3397	41
4	3398	40
4	3399	40
4	3400	40
4	3401	40
4	3402	40
4	3403	40
4	3404	39
4	3405	39
4	3406	39
4	3407	39
4	3408	39
4	3409	39
4	3410	40
4	3411	41
4	3412	41
4	3413	41
4	3414	41
4	3415	41
4	3416	41
4	3417	42
4	3418	42
4	3419	42
4	3420	42
4	3421	41
4	3422	43
4	3423	42
4	3424	41
4	3425	41
4	3426	40
4	3427	41
4	3428	40
4	3429	41
4	3430	41
4	3431	41
4	3432	41
4	3433	42
4	3434	42
4	3435	41
4	3436	41
4	3437	41
4	3438	41
4	3439	44
4	3440	44
4	3441	44
4	3442	44
4	3443	44
4	3444	46
4	3445	46
4	3446	46
4	3447	47
4	3448	47
4	3449	47
4	3450	48
4	3451	47
4	3452	47
4	3453	47
4	3454	47
4	3455	47
4	3456	47
4	3457	47
4	3458	48
4	3459	48
4	3460	48
4	3461	48
4	3462	48
4	3463	48
4	3464	48
4	3465	48
4	3466	48
4	3467	48
4	3468	46
4	3469	45
4	3470	45
4	3471	44
4	3472	44
4	3473	43
4	3474	43
4	3475	42
4	3476	42
4	3477	41
4	3478	40
4	3479	40
4	3480	39
4	3481	39
4	3482	39
4	3483	40
4	3484	40
4	3485	40
4	3486	40
4	3487	41
4	3488	42
4	3489	42
4	3490	41
4	3491	40
4	3492	40
4	3493	40
4	3494	40
4	3495	40
4	3496	40
4	3497	40
4	3498	40
4	3499	40
4	3500	40
4	3501	40
4	3502	40
4	3503	40
4	3504	39
4	3505	39
4	3506	40
4	3507	39
4	3508	39
4	3509	39
4	3510	40
4	3511	41
4	3512	44
4	3513	44
4	3514	44
4	3515	45
4	3516	45
4	3517	45
4	3518	45
4	3519	45
4	3520	44
4	3521	43
4	3522	43
4	3523	43
4	3524	44
4	3525	44
4	3526	44
4	3527	45
4	3528	45
4	3529	46
4	3530	46
4	3531	46
4	3532	45
4	3533	45
4	3534	45
4	3535	45
4	3536	46
4	3537	48
4	3538	48
4	3539	49
4	3540	50
4	3541	51
4	3542	51
4	3543	51
4	3544	51
4	3545	53
4	3546	52
4	3547	53
4	3548	53
4	3549	53
4	3550	52
4	3551	52
4	3552	51
4	3553	51
4	3554	50
4	3555	49
4	3556	49
4	3557	47
4	3558	46
4	3559	46
4	3560	45
4	3561	45
4	3562	45
4	3563	45
4	3564	45
4	3565	46
4	3566	46
4	3567	46
4	3568	47
4	3569	47
4	3570	47
4	3571	47
4	3572	47
4	3573	48
4	3574	48
4	3575	47
4	3576	47
4	3577	48
4	3578	48
4	3579	48
4	3580	48
4	3581	48
4	3582	49
4	3583	50
4	3584	49
4	3585	49
4	3586	49
4	3587	49
4	3588	50
4	3589	48
4	3590	48
4	3591	48
4	3592	48
4	3593	48
4	3594	49
4	3595	49
4	3596	50
4	3597	50
4	3598	50
4	3599	50
4	3600	50
4	3601	50
4	3602	51
4	3603	51
4	3604	51
4	3605	51
4	3606	51
4	3607	51
4	3608	51
4	3609	51
4	3610	51
4	3611	51
4	3612	51
4	3613	51
4	3614	52
4	3615	53
4	3616	53
4	3617	55
4	3618	55
4	3619	55
4	3620	55
4	3621	57
4	3622	57
4	3623	58
4	3624	58
4	3625	60
4	3626	59
4	3627	59
4	3628	59
4	3629	59
4	3630	59
4	3631	59
4	3632	58
4	3633	58
4	3634	59
4	3635	58
4	3636	58
4	3637	58
4	3638	56
4	3639	56
4	3640	55
4	3641	55
4	3642	55
4	3643	56
4	3644	56
4	3645	56
4	3646	56
4	3647	57
4	3648	57
4	3649	57
4	3650	58
4	3651	58
4	3652	58
4	3653	58
4	3654	58
4	3655	57
4	3656	57
4	3657	58
4	3658	56
4	3659	56
4	3660	56
4	3661	56
4	3662	56
4	3663	55
4	3664	55
4	3665	55
4	3666	55
4	3667	55
4	3668	55
4	3669	55
4	3670	55
4	3671	54
4	3672	54
4	3673	54
4	3674	55
4	3675	55
4	3676	55
4	3677	55
4	3678	55
4	3679	54
4	3680	54
4	3681	54
4	3682	54
4	3683	54
4	3684	54
4	3685	54
4	3686	54
4	3687	54
4	3688	54
4	3689	55
4	3690	55
4	3691	55
4	3692	55
4	3693	55
4	3694	55
4	3695	55
4	3696	55
4	3697	55
4	3698	55
4	3699	55
4	3700	55
4	3701	55
4	3702	55
4	3703	54
4	3704	52
4	3705	52
4	3706	52
4	3707	51
4	3708	50
4	3709	50
4	3710	50
4	3711	50
4	3712	51
4	3713	50
4	3714	49
4	3715	48
4	3716	46
4	3717	45
4	3718	45
4	3719	45
4	3720	45
4	3721	44
4	3722	45
4	3723	45
4	3724	44
4	3725	44
4	3726	43
4	3727	42
4	3728	42
4	3729	40
4	3730	39
4	3731	38
4	3732	38
4	3733	38
4	3734	37
4	3735	37
4	3736	36
4	3737	36
4	3738	36
4	3739	37
4	3740	35
4	3741	35
4	3742	34
4	3743	34
4	3744	34
4	3745	35
4	3746	34
4	3747	34
4	3748	35
4	3749	35
4	3750	35
4	3751	36
4	3752	36
4	3753	35
4	3754	35
4	3755	35
4	3756	35
4	3757	35
4	3758	35
4	3759	35
4	3760	35
4	3761	35
4	3762	35
4	3763	37
4	3764	37
4	3765	38
4	3766	38
4	3767	38
4	3768	39
4	3769	39
4	3770	39
4	3771	39
4	3772	40
4	3773	40
4	3774	40
4	3775	40
4	3776	40
4	3777	40
4	3778	40
4	3779	40
4	3780	41
4	3781	41
4	3782	41
4	3783	42
4	3784	43
4	3785	42
4	3786	40
4	3787	40
4	3788	39
4	3789	39
4	3790	39
4	3791	37
4	3792	37
4	3793	37
4	3794	37
4	3795	39
4	3796	38
4	3797	40
4	3798	40
4	3799	40
4	3800	39
4	3801	39
4	3802	38
4	3803	38
4	3804	38
4	3805	37
4	3806	36
4	3807	35
4	3808	35
4	3809	34
4	3810	34
4	3811	34
4	3812	34
4	3813	34
4	3814	35
4	3815	36
4	3816	36
4	3817	37
4	3818	37
4	3819	37
4	3820	36
4	3821	36
4	3822	36
4	3823	36
4	3824	36
4	3825	36
4	3826	37
4	3827	37
4	3828	37
4	3829	37
4	3830	37
4	3831	37
4	3832	37
4	3833	37
4	3834	36
4	3835	36
4	3836	37
4	3837	37
4	3838	37
4	3839	37
4	3840	37
4	3841	37
4	3842	37
4	3843	37
4	3844	36
4	3845	36
4	3846	35
4	3847	34
4	3848	34
4	3849	34
4	3850	35
4	3851	34
4	3852	35
4	3853	35
4	3854	35
4	3855	35
4	3856	34
4	3857	34
4	3858	34
4	3859	34
4	3860	33
4	3861	33
4	3862	33
4	3863	34
4	3864	34
4	3865	34
4	3866	34
4	3867	33
4	3868	33
4	3869	33
4	3870	34
4	3871	34
4	3872	33
4	3873	33
4	3874	33
4	3875	32
4	3876	32
4	3877	32
4	3878	32
4	3879	32
4	3880	32
4	3881	32
4	3882	33
4	3883	33
4	3884	33
4	3885	33
4	3886	32
4	3887	32
4	3888	33
4	3889	34
4	3890	34
4	3891	34
4	3892	35
4	3893	36
4	3894	36
4	3895	37
4	3896	35
4	3897	35
4	3898	35
4	3899	35
4	3900	35
4	3901	35
4	3902	35
4	3903	35
4	3904	35
4	3905	35
4	3906	35
4	3907	34
4	3908	34
4	3909	33
4	3910	33
4	3911	32
4	3912	32
4	3913	32
4	3914	32
4	3915	32
4	3916	32
4	3917	31
4	3918	31
4	3919	30
4	3920	30
4	3921	30
4	3922	30
4	3923	30
4	3924	30
4	3925	30
4	3926	30
4	3927	28
4	3928	29
4	3929	29
4	3930	28
4	3931	27
4	3932	29
4	3933	29
4	3934	29
4	3935	29
4	3936	28
4	3937	27
4	3938	27
4	3939	27
4	3940	27
4	3941	27
4	3942	26
4	3943	26
4	3944	24
4	3945	23
4	3946	22
4	3947	20
4	3948	20
4	3949	21
4	3950	22
4	3951	22
4	3952	22
4	3953	23
4	3954	23
4	3955	23
4	3956	23
4	3957	23
4	3958	22
4	3959	22
4	3960	22
4	3961	22
4	3962	23
4	3963	23
4	3964	23
4	3965	23
4	3966	23
4	3967	23
4	3968	23
4	3969	23
4	3970	23
4	3971	23
4	3972	23
4	3973	23
4	3974	22
4	3975	22
4	3976	22
4	3977	22
4	3978	21
4	3979	21
4	3980	21
4	3981	22
4	3982	22
4	3983	22
4	3984	22
4	3985	22
4	3986	22
4	3987	22
4	3988	22
4	3989	22
4	3990	21
4	3991	21
4	3992	21
4	3993	20
4	3994	20
4	3995	20
4	3996	20
4	3997	19
4	3998	19
4	3999	20
4	4000	21
4	4001	21
4	4002	21
4	4003	22
4	4004	22
4	4005	24
4	4006	24
4	4007	24
4	4008	24
4	4009	24
4	4010	24
4	4011	24
4	4012	24
4	4013	23
4	4014	23
4	4015	23
4	4016	22
4	4017	22
4	4018	22
4	4019	22
4	4020	22
4	4021	22
4	4022	21
4	4023	21
4	4024	21
4	4025	21
4	4026	21
4	4027	21
4	4028	20
4	4029	20
4	4030	20
4	4031	21
4	4032	20
4	4033	19
4	4034	19
4	4035	19
4	4036	19
4	4037	19
4	4038	19
4	4039	19
4	4040	19
4	4041	20
4	4042	20
4	4043	20
4	4044	20
4	4045	20
4	4046	20
4	4047	20
4	4048	20
4	4049	19
4	4050	19
4	4051	19
4	4052	19
4	4053	19
4	4054	18
4	4055	19
4	4056	19
4	4057	18
4	4058	17
4	4059	16
4	4060	16
4	4061	16
4	4062	16
4	4063	17
4	4064	17
4	4065	17
4	4066	17
4	4067	17
4	4068	17
4	4069	17
4	4070	17
4	4071	18
4	4072	19
4	4073	19
4	4074	19
4	4075	19
4	4076	19
4	4077	19
4	4078	19
4	4079	20
4	4080	20
4	4081	20
4	4082	20
4	4083	20
4	4084	20
4	4085	20
4	4086	21
4	4087	21
4	4088	20
4	4089	20
4	4090	20
4	4091	19
4	4092	19
4	4093	19
4	4094	19
4	4095	19
4	4096	19
4	4097	19
4	4098	19
4	4099	19
4	4100	20
4	4101	19
4	4102	19
4	4103	19
4	4104	18
4	4105	18
4	4106	18
4	4107	18
4	4108	18
4	4109	18
4	4110	18
4	4111	19
4	4112	19
4	4113	19
4	4114	19
4	4115	19
4	4116	19
4	4117	19
4	4118	19
4	4119	19
4	4120	19
4	4121	19
4	4122	19
4	4123	19
4	4124	19
4	4125	19
4	4126	18
4	4127	19
4	4128	19
4	4129	19
4	4130	19
4	4131	19
4	4132	18
4	4133	18
4	4134	18
4	4135	18
4	4136	18
4	4137	18
4	4138	18
4	4139	18
4	4140	18
4	4141	19
4	4142	19
4	4143	20
4	4144	20
4	4145	20
4	4146	20
4	4147	21
4	4148	21
4	4149	21
4	4150	22
4	4151	22
4	4152	23
4	4153	23
4	4154	23
4	4155	23
4	4156	23
4	4157	23
4	4158	23
4	4159	23
4	4160	23
4	4161	23
4	4162	23
4	4163	24
4	4164	24
4	4165	25
4	4166	25
4	4167	24
4	4168	25
4	4169	25
4	4170	25
4	4171	25
4	4172	26
4	4173	26
4	4174	26
4	4175	26
4	4176	26
4	4177	26
4	4178	26
4	4179	26
4	4180	26
4	4181	27
4	4182	27
4	4183	27
4	4184	27
4	4185	26
4	4186	26
4	4187	26
4	4188	25
4	4189	25
4	4190	25
4	4191	25
4	4192	26
4	4193	26
4	4194	26
4	4195	26
4	4196	26
4	4197	25
4	4198	25
4	4199	25
4	4200	25
4	4201	23
4	4202	23
4	4203	23
4	4204	23
4	4205	23
4	4206	23
4	4207	22
4	4208	22
4	4209	22
4	4210	22
4	4211	22
4	4212	23
4	4213	23
4	4214	23
4	4215	23
4	4216	24
4	4217	24
4	4218	24
4	4219	24
4	4220	25
4	4221	25
4	4222	25
4	4223	26
4	4224	26
4	4225	26
4	4226	26
4	4227	26
4	4228	26
4	4229	27
4	4230	27
4	4231	26
4	4232	27
4	4233	27
4	4234	27
4	4235	27
4	4236	27
4	4237	27
4	4238	27
4	4239	27
4	4240	28
4	4241	29
4	4242	29
4	4243	29
4	4244	29
4	4245	29
4	4246	31
4	4247	31
4	4248	31
4	4249	31
4	4250	30
4	4251	30
4	4252	30
4	4253	30
4	4254	30
4	4255	30
4	4256	30
4	4257	30
4	4258	30
4	4259	30
4	4260	29
4	4261	29
4	4262	28
4	4263	28
4	4264	28
4	4265	28
4	4266	29
4	4267	29
4	4268	29
4	4269	29
4	4270	29
4	4271	29
4	4272	29
4	4273	28
4	4274	28
4	4275	28
4	4276	28
4	4277	27
4	4278	27
4	4279	28
4	4280	28
4	4281	28
4	4282	28
4	4283	29
4	4284	28
4	4285	28
4	4286	28
4	4287	28
4	4288	27
4	4289	27
4	4290	26
4	4291	26
4	4292	26
4	4293	26
4	4294	26
4	4295	25
4	4296	24
4	4297	24
4	4298	24
4	4299	23
4	4300	22
4	4301	22
4	4302	22
4	4303	23
4	4304	23
4	4305	23
4	4306	23
4	4307	23
4	4308	24
4	4309	23
4	4310	23
4	4311	24
4	4312	24
4	4313	24
4	4314	24
4	4315	24
4	4316	24
4	4317	24
4	4318	24
4	4319	26
4	4320	26
4	4321	26
4	4322	26
4	4323	26
4	4324	26
4	4325	25
4	4326	25
4	4327	24
4	4328	24
4	4329	24
4	4330	24
4	4331	24
4	4332	24
4	4333	24
4	4334	24
4	4335	25
4	4336	24
4	4337	24
4	4338	24
4	4339	24
4	4340	24
4	4341	24
4	4342	23
4	4343	23
4	4344	24
4	4345	24
4	4346	24
4	4347	24
4	4348	24
4	4349	23
4	4350	23
4	4351	23
4	4352	23
4	4353	23
4	4354	23
4	4355	23
4	4356	23
4	4357	23
4	4358	23
4	4359	23
4	4360	23
4	4361	23
4	4362	23
4	4363	23
4	4364	23
4	4365	23
4	4366	23
4	4367	22
4	4368	22
4	4369	22
4	4370	22
4	4371	23
4	4372	22
4	4373	22
4	4374	22
4	4375	21
4	4376	21
4	4377	21
4	4378	22
4	4379	21
4	4380	21
4	4381	22
4	4382	21
4	4383	21
4	4384	21
4	4385	20
4	4386	21
4	4387	22
4	4388	22
4	4389	22
4	4390	22
4	4391	22
4	4392	22
4	4393	22
4	4394	23
4	4395	24
4	4396	24
4	4397	24
4	4398	25
4	4399	24
4	4400	24
4	4401	24
4	4402	24
4	4403	24
4	4404	24
4	4405	24
4	4406	24
4	4407	24
4	4408	24
4	4409	24
4	4410	24
4	4411	23
4	4412	23
4	4413	23
4	4414	23
4	4415	23
4	4416	23
4	4417	23
4	4418	23
4	4419	24
4	4420	24
4	4421	24
4	4422	24
4	4423	24
4	4424	27
4	4425	27
4	4426	27
4	4427	26
4	4428	26
4	4429	25
4	4430	25
4	4431	25
4	4432	26
4	4433	26
4	4434	26
4	4435	26
4	4436	26
4	4437	26
4	4438	26
4	4439	27
4	4440	26
4	4441	26
4	4442	26
4	4443	26
4	4444	26
4	4445	26
4	4446	26
4	4447	26
4	4448	25
4	4449	25
4	4450	24
4	4451	24
4	4452	24
4	4453	26
4	4454	26
4	4455	26
4	4456	26
4	4457	26
4	4458	26
4	4459	26
4	4460	26
4	4461	26
4	4462	26
4	4463	27
4	4464	26
4	4465	26
4	4466	26
4	4467	26
4	4468	26
4	4469	26
4	4470	26
4	4471	26
4	4472	26
4	4473	26
4	4474	28
4	4475	28
4	4476	28
4	4477	27
4	4478	27
4	4479	28
4	4480	28
4	4481	28
4	4482	28
4	4483	28
4	4484	28
4	4485	28
4	4486	27
4	4487	27
4	4488	27
4	4489	27
4	4490	27
4	4491	27
4	4492	27
4	4493	29
4	4494	29
4	4495	29
4	4496	29
4	4497	29
4	4498	29
4	4499	28
4	4500	29
4	4501	28
4	4502	28
4	4503	28
4	4504	29
4	4505	29
4	4506	29
4	4507	29
4	4508	30
4	4509	30
4	4510	30
4	4511	30
4	4512	30
4	4513	30
4	4514	29
4	4515	29
4	4516	29
4	4517	30
4	4518	29
4	4519	29
4	4520	29
4	4521	29
4	4522	30
4	4523	30
4	4524	30
4	4525	30
4	4526	30
4	4527	30
4	4528	30
4	4529	30
4	4530	30
4	4531	30
4	4532	30
4	4533	29
4	4534	29
4	4535	28
4	4536	28
4	4537	28
4	4538	28
4	4539	28
4	4540	28
4	4541	28
4	4542	27
4	4543	27
4	4544	27
4	4545	27
4	4546	27
4	4547	27
4	4548	26
4	4549	25
4	4550	25
4	4551	24
4	4552	24
4	4553	24
4	4554	23
4	4555	23
4	4556	23
4	4557	23
4	4558	23
4	4559	23
4	4560	24
4	4561	25
4	4562	25
4	4563	24
4	4564	23
4	4565	23
4	4566	23
4	4567	23
4	4568	23
4	4569	23
4	4570	23
4	4571	23
4	4572	23
4	4573	22
4	4574	22
4	4575	22
4	4576	21
4	4577	21
4	4578	21
4	4579	20
4	4580	20
4	4581	20
4	4582	20
4	4583	21
4	4584	21
4	4585	21
4	4586	21
4	4587	21
4	4588	21
4	4589	20
4	4590	20
4	4591	19
4	4592	20
4	4593	20
4	4594	20
4	4595	20
4	4596	20
4	4597	19
4	4598	19
4	4599	19
4	4600	19
4	4601	19
4	4602	19
4	4603	19
4	4604	19
4	4605	19
4	4606	19
4	4607	19
4	4608	18
4	4609	18
4	4610	18
4	4611	18
4	4612	18
4	4613	18
4	4614	19
4	4615	19
4	4616	19
4	4617	19
4	4618	17
4	4619	16
4	4620	16
4	4621	16
4	4622	16
4	4623	16
4	4624	16
4	4625	15
4	4626	15
4	4627	15
4	4628	14
4	4629	14
4	4630	14
4	4631	15
4	4632	15
4	4633	15
4	4634	15
4	4635	15
4	4636	15
4	4637	15
4	4638	15
4	4639	14
4	4640	14
4	4641	14
4	4642	14
4	4643	14
4	4644	14
4	4645	14
4	4646	14
4	4647	14
4	4648	14
4	4649	14
4	4650	14
4	4651	15
4	4652	15
4	4653	16
4	4654	16
4	4655	16
4	4656	16
4	4657	15
4	4658	15
4	4659	15
4	4660	15
4	4661	15
4	4662	15
4	4663	15
4	4664	17
4	4665	16
4	4666	17
4	4667	17
4	4668	17
4	4669	18
4	4670	19
4	4671	19
4	4672	18
4	4673	18
4	4674	19
4	4675	18
4	4676	17
4	4677	17
4	4678	17
4	4679	17
4	4680	17
4	4681	17
4	4682	17
4	4683	18
4	4684	18
4	4685	18
4	4686	18
4	4687	18
4	4688	18
4	4689	18
4	4690	18
4	4691	18
4	4692	17
4	4693	17
4	4694	16
4	4695	16
4	4696	16
4	4697	16
4	4698	15
4	4699	16
4	4700	16
4	4701	16
4	4702	17
4	4703	17
4	4704	16
4	4705	16
4	4706	16
4	4707	17
4	4708	17
4	4709	17
4	4710	17
4	4711	17
4	4712	17
4	4713	17
4	4714	17
4	4715	17
4	4716	17
4	4717	17
4	4718	17
4	4719	19
4	4720	20
4	4721	20
4	4722	19
4	4723	19
4	4724	20
4	4725	20
4	4726	20
4	4727	20
4	4728	20
4	4729	19
4	4730	19
4	4731	20
4	4732	19
4	4733	18
4	4734	18
4	4735	18
4	4736	18
4	4737	18
4	4738	18
4	4739	18
4	4740	18
4	4741	18
4	4742	18
4	4743	19
4	4744	19
4	4745	20
4	4746	20
4	4747	20
4	4748	20
4	4749	21
4	4750	21
4	4751	21
4	4752	21
4	4753	20
4	4754	20
4	4755	20
4	4756	20
4	4757	20
4	4758	20
4	4759	20
4	4760	21
4	4761	21
4	4762	21
4	4763	20
4	4764	19
4	4765	19
4	4766	19
4	4767	19
4	4768	19
4	4769	20
4	4770	20
4	4771	20
4	4772	20
4	4773	21
4	4774	21
4	4775	21
4	4776	21
4	4777	21
4	4778	22
4	4779	21
4	4780	21
4	4781	22
4	4782	22
4	4783	22
4	4784	21
4	4785	21
4	4786	21
4	4787	20
4	4788	20
4	4789	20
4	4790	20
4	4791	20
4	4792	20
4	4793	20
4	4794	20
4	4795	21
4	4796	22
4	4797	22
4	4798	22
4	4799	22
4	4800	22
4	4801	22
4	4802	22
4	4803	22
4	4804	22
4	4805	21
4	4806	22
4	4807	22
4	4808	21
4	4809	21
4	4810	20
4	4811	20
4	4812	20
4	4813	20
4	4814	20
4	4815	20
4	4816	20
4	4817	20
4	4818	20
4	4819	20
4	4820	20
4	4821	20
4	4822	20
4	4823	19
4	4824	19
4	4825	18
4	4826	18
4	4827	18
4	4828	19
4	4829	19
4	4830	19
4	4831	18
4	4832	18
4	4833	18
4	4834	18
4	4835	18
4	4836	17
4	4837	16
4	4838	16
4	4839	16
4	4840	16
4	4841	16
4	4842	16
4	4843	18
4	4844	18
4	4845	18
4	4846	19
4	4847	19
4	4848	22
4	4849	22
4	4850	23
4	4851	24
4	4852	24
4	4853	25
4	4854	27
4	4855	27
4	4856	27
4	4857	27
4	4858	27
4	4859	27
4	4860	27
4	4861	27
4	4862	28
4	4863	28
4	4864	28
4	4865	29
4	4866	29
4	4867	29
4	4868	29
4	4869	29
4	4870	29
4	4871	28
4	4872	28
4	4873	28
4	4874	28
4	4875	28
4	4876	28
4	4877	28
4	4878	28
4	4879	28
4	4880	28
4	4881	29
4	4882	29
4	4883	29
4	4884	29
4	4885	29
4	4886	29
4	4887	29
4	4888	28
4	4889	28
4	4890	28
4	4891	28
4	4892	28
4	4893	28
4	4894	28
4	4895	28
4	4896	28
4	4897	28
4	4898	28
4	4899	28
4	4900	28
4	4901	28
4	4902	29
4	4903	29
4	4904	29
4	4905	30
4	4906	31
4	4907	31
4	4908	31
4	4909	32
4	4910	32
4	4911	31
4	4912	32
4	4913	32
4	4914	32
4	4915	33
4	4916	33
4	4917	33
4	4918	33
4	4919	34
4	4920	34
4	4921	34
4	4922	34
4	4923	35
4	4924	36
4	4925	36
4	4926	36
4	4927	36
4	4928	35
4	4929	35
4	4930	34
4	4931	34
4	4932	35
4	4933	33
4	4934	33
4	4935	33
4	4936	33
4	4937	33
4	4938	33
4	4939	34
4	4940	33
4	4941	33
4	4942	33
4	4943	33
4	4944	33
4	4945	33
4	4946	34
4	4947	34
4	4948	34
4	4949	35
4	4950	36
4	4951	35
4	4952	36
4	4953	36
4	4954	36
4	4955	37
4	4956	37
4	4957	37
4	4958	37
4	4959	37
4	4960	37
4	4961	37
4	4962	37
4	4963	37
4	4964	36
4	4965	36
4	4966	35
4	4967	35
4	4968	35
4	4969	35
4	4970	34
4	4971	34
4	4972	34
4	4973	34
4	4974	34
4	4975	34
4	4976	35
4	4977	35
4	4978	35
4	4979	35
4	4980	35
4	4981	35
4	4982	35
4	4983	35
4	4984	34
4	4985	35
4	4986	35
4	4987	35
4	4988	35
4	4989	36
4	4990	36
4	4991	36
4	4992	36
4	4993	36
4	4994	36
4	4995	36
4	4996	36
4	4997	36
4	4998	38
4	4999	38
4	5000	38
4	5001	38
4	5002	40
4	5003	40
4	5004	40
4	5005	42
4	5006	42
4	5007	42
4	5008	42
4	5009	42
4	5010	42
4	5011	42
4	5012	43
4	5013	43
4	5014	43
4	5015	43
4	5016	43
4	5017	44
4	5018	46
4	5019	46
4	5020	45
4	5021	45
4	5022	44
4	5023	43
4	5024	43
4	5025	43
4	5026	43
4	5027	43
4	5028	43
4	5029	43
4	5030	44
4	5031	44
4	5032	44
4	5033	43
4	5034	42
4	5035	43
4	5036	41
4	5037	43
4	5038	43
4	5039	44
4	5040	43
4	5041	43
4	5042	43
4	5043	44
4	5044	44
4	5045	45
4	5046	45
4	5047	45
4	5048	46
4	5049	46
4	5050	46
4	5051	47
4	5052	47
4	5053	47
4	5054	47
4	5055	47
4	5056	47
4	5057	47
4	5058	47
4	5059	47
4	5060	48
4	5061	48
4	5062	49
4	5063	49
4	5064	49
4	5065	49
4	5066	50
4	5067	49
4	5068	49
4	5069	46
4	5070	47
4	5071	47
4	5072	45
4	5073	46
4	5074	47
4	5075	48
4	5076	49
4	5077	50
4	5078	49
4	5079	50
4	5080	50
4	5081	51
4	5082	51
4	5083	51
4	5084	49
4	5085	49
4	5086	49
4	5087	48
4	5088	48
4	5089	48
4	5090	48
4	5091	48
4	5092	48
4	5093	48
4	5094	48
4	5095	48
4	5096	49
4	5097	49
4	5098	50
4	5099	49
