0.001837015151977539
0.002141714096069336
0.0014081001281738281
0.0009350776672363281
0.0014541149139404297
0.0009453296661376953
0.0009274482727050781
0.0008118152618408203
0.0009784698486328125
0.0017423629760742188
0.0008063316345214844
0.0014495849609375
0.0007390975952148438
0.0009059906005859375
0.002179861068725586
0.0007190704345703125
0.0018978118896484375
0.0028314590454101562
0.0019757747650146484
0.0009241104125976562
0.0007882118225097656
0.0009584426879882812
0.0007250308990478516
0.0007193088531494141
0.0012249946594238281
0.0008327960968017578
0.0019137859344482422
0.002295255661010742
0.0016322135925292969
0.0007777214050292969
0.0014085769653320312
0.001603841781616211
0.0013227462768554688
0.002149820327758789
0.0008132457733154297
0.002481222152709961
0.0006301403045654297
0.0017044544219970703
0.0008187294006347656
0.0016591548919677734
0.0010471343994140625
0.0029685497283935547
0.0008296966552734375
0.0008416175842285156
0.0009717941284179688
0.0008885860443115234
0.0008721351623535156
0.0026862621307373047
0.0014526844024658203
0.0006988048553466797
0.0016613006591796875
0.0010445117950439453
0.0007004737854003906
0.0013701915740966797
0.0006849765777587891
0.0008594989776611328
0.0018463134765625
0.0014498233795166016
0.0007731914520263672
0.0008471012115478516
0.0007126331329345703
0.001367807388305664
0.0025577545166015625
0.0010306835174560547
0.0009603500366210938
0.0008120536804199219
0.000858306884765625
0.0007429122924804688
0.0024385452270507812
0.0011680126190185547
0.001972198486328125
0.0013113021850585938
0.0017118453979492188
0.0013077259063720703
0.0012438297271728516
0.0014133453369140625
0.0008196830749511719
0.0007822513580322266
0.0007293224334716797
0.0014357566833496094
0.0008454322814941406
0.0006563663482666016
0.0009417533874511719
0.0006766319274902344
0.0018532276153564453
0.0006632804870605469
0.0013463497161865234
0.0013818740844726562
0.0012545585632324219
0.0013833045959472656
0.0011227130889892578
0.0006158351898193359
0.0011105537414550781
0.0014224052429199219
0.00095367431640625
0.002817392349243164
0.002529144287109375
0.0025420188903808594
0.0007584095001220703
0.0022156238555908203
0.0011425018310546875
0.0018227100372314453
0.001104593276977539
0.0011086463928222656
0.0009906291961669922
0.0015647411346435547
0.0010051727294921875
0.0009922981262207031
0.0011925697326660156
0.0009849071502685547
0.001691579818725586
0.0007829666137695312
0.0026488304138183594
0.0009887218475341797
0.0008893013000488281
0.0007665157318115234
0.0013813972473144531
0.0008604526519775391
0.0011255741119384766
0.0008308887481689453
0.0013380050659179688
0.0011949539184570312
0.0010001659393310547
0.0009734630584716797
0.0016565322875976562
0.002407550811767578
0.0012831687927246094
0.0007846355438232422
0.0009148120880126953
0.0023887157440185547
0.0015544891357421875
0.0009171962738037109
0.001554250717163086
0.0009140968322753906
0.0007643699645996094
0.0009288787841796875
0.002076387405395508
0.0011434555053710938
0.0010364055633544922
0.002339601516723633
0.0020503997802734375
0.0009393692016601562
0.0017063617706298828
0.000965118408203125
0.001901388168334961
0.0028810501098632812
0.0008442401885986328
0.0011987686157226562
0.0020377635955810547
0.001001596450805664
0.0018036365509033203
0.0018279552459716797
0.0017046928405761719
0.0006773471832275391
0.0013682842254638672
0.0007739067077636719
0.0011487007141113281
0.0019271373748779297
0.0009050369262695312
0.0009205341339111328
0.0007846355438232422
0.0009760856628417969
0.0008687973022460938
0.0009136199951171875
0.0009951591491699219
0.0008523464202880859
0.0010101795196533203
0.0009212493896484375
0.0015156269073486328
0.0015990734100341797
0.0008938312530517578
0.0011603832244873047
0.001987457275390625
0.0011551380157470703
0.0016455650329589844
0.001678466796875
0.0011014938354492188
0.0008747577667236328
0.0007159709930419922
0.0007297992706298828
0.0013492107391357422
0.0011789798736572266
0.0006546974182128906
0.0006864070892333984
0.0006237030029296875
0.0007789134979248047
0.0010225772857666016
0.0007233619689941406
0.0013294219970703125
0.0008764266967773438
0.0009477138519287109
0.0007696151733398438
0.0017848014831542969
0.0007035732269287109
