0.0019295215606689453
0.0017380714416503906
0.002012491226196289
0.0016832351684570312
0.0018062591552734375
0.0009021759033203125
0.0008983612060546875
0.0006880760192871094
0.0009598731994628906
0.0018849372863769531
0.0008335113525390625
0.0008499622344970703
0.0014913082122802734
0.0007517337799072266
0.0011413097381591797
0.0008025169372558594
0.0013613700866699219
0.002540111541748047
0.002488851547241211
0.0009551048278808594
0.0007894039154052734
0.000949859619140625
0.0008041858673095703
0.0007796287536621094
0.0008990764617919922
0.0008745193481445312
0.002035379409790039
0.0013985633850097656
0.0014889240264892578
0.0008628368377685547
0.0013689994812011719
0.0013272762298583984
0.0013163089752197266
0.0023076534271240234
0.0008084774017333984
0.001931905746459961
0.0006957054138183594
0.0016453266143798828
0.0007224082946777344
0.0013275146484375
0.0007679462432861328
0.0020432472229003906
0.0007812976837158203
0.0014917850494384766
0.0009124279022216797
0.0010776519775390625
0.001737356185913086
0.003101825714111328
0.0013434886932373047
0.0006580352783203125
0.0017807483673095703
0.0007333755493164062
0.0007541179656982422
0.002053499221801758
0.0006725788116455078
0.0007104873657226562
0.0013856887817382812
0.001056671142578125
0.0010204315185546875
0.0009698867797851562
0.0005946159362792969
0.0011818408966064453
0.0027844905853271484
0.000990152359008789
0.0009033679962158203
0.0008025169372558594
0.0008294582366943359
0.0007848739624023438
0.002997875213623047
0.0008041858673095703
0.0013136863708496094
0.0006814002990722656
0.0015158653259277344
0.0016894340515136719
0.0008928775787353516
0.00147247314453125
0.0008320808410644531
0.0008244514465332031
0.0009837150573730469
0.0014605522155761719
0.0008580684661865234
0.0006852149963378906
0.00075531005859375
0.000701904296875
0.002045869827270508
0.0009741783142089844
0.0023093223571777344
0.001722574234008789
0.001425027847290039
0.0018839836120605469
0.0011446475982666016
0.0006234645843505859
0.0014739036560058594
0.0018725395202636719
0.0007152557373046875
0.001834869384765625
0.002147674560546875
0.001603841781616211
0.0011200904846191406
0.002286195755004883
0.001081228256225586
0.0017521381378173828
0.000965118408203125
0.0008897781372070312
0.0006837844848632812
0.0012941360473632812
0.0009260177612304688
0.0008058547973632812
0.0007863044738769531
0.00086212158203125
0.0014276504516601562
0.0006616115570068359
0.0023720264434814453
0.0009799003601074219
0.0008957386016845703
0.0008001327514648438
0.001383066177368164
0.0007729530334472656
0.0008790493011474609
0.0008208751678466797
0.0013065338134765625
0.0007750988006591797
0.0006649494171142578
0.0006945133209228516
0.0017120838165283203
0.0015523433685302734
0.0011167526245117188
0.0010483264923095703
0.0010170936584472656
0.0025980472564697266
0.0016074180603027344
0.0015807151794433594
0.002716541290283203
0.0008919239044189453
0.0008957386016845703
0.0015940666198730469
0.001992940902709961
0.0011909008026123047
0.0008475780487060547
0.0016741752624511719
0.001735687255859375
0.0009694099426269531
0.0009434223175048828
0.0010237693786621094
0.0021660327911376953
0.0023632049560546875
0.0008516311645507812
0.0008606910705566406
0.0011801719665527344
0.0011670589447021484
0.0014781951904296875
0.0014240741729736328
0.0007035732269287109
0.0009441375732421875
0.0013763904571533203
0.0007779598236083984
0.001318216323852539
0.0017344951629638672
0.0009014606475830078
0.000904083251953125
0.0007715225219726562
0.0009427070617675781
0.0009219646453857422
0.0010051727294921875
0.0010807514190673828
0.0009236335754394531
0.0009541511535644531
0.0008053779602050781
0.001447439193725586
0.0014579296112060547
0.0008873939514160156
0.0007946491241455078
0.0014109611511230469
0.0010151863098144531
0.0013885498046875
0.0007302761077880859
0.0013544559478759766
0.0008633136749267578
0.0007479190826416016
0.0008981227874755859
0.0013387203216552734
0.0011527538299560547
0.001201629638671875
0.0006620883941650391
0.001068115234375
0.0007512569427490234
0.0007231235504150391
0.0007047653198242188
0.0010578632354736328
0.0010647773742675781
0.0007381439208984375
0.0006499290466308594
0.0017242431640625
0.0007157325744628906
