303	id-00000	8	10	1	3	1700.0	1700.0	1700.04	1700.3371	1703.0	3.434	COMPLETED
303	id-00001	10	12	1	1	1700.0	1700.0	1700.04	1701.0	1701.0	4.292	EXPIRED
303	id-00002	6	11	1	5	1702.0	1702.0	1702.04	1702.2952	1707.0	1.821	COMPLETED
303	id-00003	9	15	1	3	1703.0	1703.0	1703.08	1703.3002	1706.0	7.348	COMPLETED
303	id-00004	4	2	2	1	1703.0	1703.0	1703.16	1704.0	1704.0	9.884	EXPIRED
303	id-00005	5	9	7	2	1703.0	1703.0	1703.29	1703.7524	1705.0	11.457	COMPLETED
303	id-00006	9	4	6	2	1705.0	1705.0	1705.25	1705.415	1707.0	25.321	COMPLETED
303	id-00007	5	8	4	3	1706.0	1706.0	1706.17	1706.4963	1709.0	6.716	COMPLETED
303	id-00008	4	7	10	1	1709.0	1709.0	1709.42	1710.0	1710.0	10.107	EXPIRED
303	id-00009	3	6	9	1	1711.0	1711.0	1711.75	1712.0	1712.0	13.536	EXPIRED
303	id-00010	8	2	5	4	1711.0	1711.0	1711.42	1711.9149	1715.0	47.932	COMPLETED
303	id-00011	4	6	2	2	1712.0	1712.0	1712.08	1712.3148	1714.0	1.925	COMPLETED
303	id-00012	7	6	5	5	1714.0	1714.0	1714.21	1714.6408	1719.0	14.783	COMPLETED
303	id-00013	3	5	9	3	1715.0	1715.0	1715.36	1715.7823	1718.0	6.497	COMPLETED
303	id-00014	2	3	9	4	1715.0	1715.0	1715.38	1715.717	1719.0	4.572	COMPLETED
303	id-00015	1	2	10	1	1717.0	1717.0	1717.4	1718.0	1718.0	2.406	EXPIRED
303	id-00016	6	10	4	4	1719.0	1719.0	1719.16	1719.6489	1723.0	7.284	COMPLETED
303	id-00017	10	5	4	1	1720.0	1720.0	1720.17	1721.0	1721.0	19.844	EXPIRED
303	id-00018	5	4	10	3	1720.0	1720.0	1720.43	1720.7315	1723.0	21.042	COMPLETED
303	id-00019	7	8	8	1	1722.0	1722.0	1722.35	1723.0	1723.0	27.938	EXPIRED
303	id-00020	2	2	1	4	1722.0	1722.0	1722.08	1722.256	1726.0	0.963	COMPLETED
303	id-00021	8	11	3	1	1722.0	1722.0	1722.25	1723.0	1723.0	26.174	EXPIRED
303	id-00022	5	9	4	5	1724.0	1724.0	1724.17	1724.4069	1729.0	6.716	COMPLETED
303	id-00023	5	2	6	5	1725.0	1725.0	1725.25	1725.7126	1730.0	9.877	COMPLETED
303	id-00024	10	7	7	2	1726.0	1726.0	1726.29	1726.4913	1728.0	33.851	COMPLETED
303	id-00025	2	4	10	5	1726.0	1726.0	1726.42	1726.8389	1731.0	5.053	COMPLETED
303	id-00026	3	5	3	1	1726.0	1726.0	1726.12	1727.0	1727.0	2.166	EXPIRED
303	id-00027	9	7	6	2	1728.0	1728.0	1728.25	1728.3841	1730.0	25.321	COMPLETED
303	id-00028	5	4	1	4	1728.0	1728.0	1728.04	1728.2053	1732.0	1.58	COMPLETED
303	id-00029	10	17	1	1	1729.0	1729.0	1729.04	1730.0	1730.0	4.669	EXPIRED
303	id-00030	5	2	5	3	1732.0	1732.0	1732.21	1732.6779	1735.0	8.297	COMPLETED
303	id-00031	9	11	9	1	1732.0	1732.0	1732.75	1733.0	1733.0	75.963	EXPIRED
303	id-00032	4	4	7	5	1732.0	1732.0	1732.58	1732.8848	1737.0	35.83	COMPLETED
303	id-00033	8	9	2	5	1733.0	1733.0	1733.08	1733.3439	1738.0	6.867	COMPLETED
303	id-00034	7	2	4	2	1735.0	1735.0	1735.32	1735.7634	1737.0	19.51	COMPLETED
303	id-00035	3	5	3	3	1735.0	1735.0	1735.24	1735.5251	1738.0	11.12	COMPLETED
303	id-00036	3	4	7	3	1736.0	1736.0	1736.28	1736.4144	1739.0	5.053	COMPLETED
303	id-00037	10	16	2	5	1739.0	1739.0	1739.08	1739.4958	1744.0	8.584	COMPLETED
303	id-00038	10	11	5	1	1740.0	1740.0	1740.4	1741.0	1741.0	42.92	EXPIRED
303	id-00039	3	3	4	2	1740.0	1740.0	1740.32	1740.6927	1742.0	14.826	COMPLETED
303	id-00040	6	7	9	4	1740.0	1740.0	1740.39	1740.767	1744.0	25.108	COMPLETED
303	id-00041	9	10	6	1	1741.0	1741.0	1741.24	1742.0	1742.0	22.045	EXPIRED
303	id-00042	1	2	3	3	1743.0	1743.0	1743.24	1743.3752	1746.0	1.444	COMPLETED
303	id-00043	2	3	6	2	1743.0	1743.0	1743.48	1743.6236	1745.0	5.775	COMPLETED
303	id-00044	9	11	2	4	1747.0	1747.0	1747.08	1747.2	1751.0	8.103	COMPLETED
303	id-00045	10	15	7	1	1748.0	1748.0	1748.29	1749.0	1749.0	33.851	EXPIRED
303	id-00046	7	12	9	1	1748.0	1748.0	1748.39	1749.0	1749.0	31.131	EXPIRED
303	id-00047	3	5	7	4	1750.0	1750.0	1750.29	1750.6164	1754.0	5.234	COMPLETED
303	id-00048	3	2	10	2	1753.0	1753.0	1753.42	1753.5467	1755.0	7.58	COMPLETED
303	id-00049	4	3	7	1	1754.0	1754.0	1754.29	1755.0	1755.0	6.979	EXPIRED
303	id-00050	9	17	2	2	1754.0	1754.0	1754.09	1754.4216	1756.0	9.964	COMPLETED
303	id-00051	1	2	10	4	1755.0	1755.0	1755.83	1756.3262	1759.0	4.993	COMPLETED
303	id-00052	9	4	9	5	1755.0	1755.0	1755.75	1755.922	1760.0	83.034	COMPLETED
303	id-00053	9	12	4	1	1757.0	1757.0	1757.17	1758.0	1758.0	17.218	EXPIRED
303	id-00054	9	2	10	4	1757.0	1757.0	1757.42	1757.5223	1761.0	42.539	COMPLETED
303	id-00055	6	8	7	1	1759.0	1759.0	1759.29	1760.0	1760.0	15.936	EXPIRED
303	id-00056	3	6	10	5	1759.0	1759.0	1759.42	1759.8517	1764.0	7.58	COMPLETED
303	id-00057	1	2	8	1	1760.0	1760.0	1760.67	1761.0	1761.0	4.031	EXPIRED
303	id-00058	3	5	6	3	1760.0	1760.0	1760.5	1760.953	1763.0	9.024	COMPLETED
303	id-00059	5	5	3	5	1763.0	1763.0	1763.12	1763.394	1768.0	4.741	COMPLETED
303	id-00060	10	11	10	3	1764.0	1764.0	1764.42	1764.6011	1767.0	49.026	COMPLETED
303	id-00061	5	5	1	1	1765.0	1765.0	1765.04	1766.0	1766.0	1.957	EXPIRED
303	id-00062	2	3	2	3	1767.0	1767.0	1767.09	1767.2875	1770.0	1.083	COMPLETED
303	id-00063	10	6	9	5	1768.0	1768.0	1768.39	1768.789	1773.0	49.201	COMPLETED
303	id-00064	4	4	2	4	1768.0	1768.0	1768.09	1768.409	1772.0	3.014	COMPLETED
303	id-00065	5	6	3	4	1769.0	1769.0	1769.13	1769.4274	1773.0	6.362	COMPLETED
303	id-00066	1	2	10	5	1770.0	1770.0	1770.42	1770.8759	1775.0	2.527	COMPLETED
303	id-00067	7	4	6	4	1773.0	1773.0	1773.25	1773.6742	1777.0	17.599	COMPLETED
303	id-00068	4	7	3	2	1774.0	1774.0	1774.12	1774.5732	1776.0	2.888	COMPLETED
303	id-00069	4	6	10	4	1774.0	1774.0	1774.43	1774.8524	1778.0	14.402	COMPLETED
303	id-00070	3	4	5	5	1775.0	1775.0	1775.2	1775.6651	1780.0	3.61	COMPLETED
303	id-00071	5	4	10	2	1777.0	1777.0	1777.4	1777.6577	1779.0	12.032	COMPLETED
303	id-00072	5	6	10	1	1778.0	1778.0	1778.4	1779.0	1779.0	12.032	EXPIRED
303	id-00073	10	6	7	2	1779.0	1779.0	1779.28	1779.6491	1781.0	30.044	COMPLETED
303	id-00074	9	6	7	3	1780.0	1780.0	1780.27	1780.6715	1783.0	22.256	COMPLETED
303	id-00075	9	15	1	4	1780.0	1780.0	1780.04	1780.221	1784.0	4.051	COMPLETED
303	id-00076	3	6	6	4	1780.0	1780.0	1780.26	1780.7431	1784.0	4.692	COMPLETED
303	id-00077	10	9	7	3	1782.0	1782.0	1782.29	1782.4706	1785.0	33.851	COMPLETED
303	id-00078	6	3	5	4	1783.0	1783.0	1783.19	1783.6871	1787.0	6.858	COMPLETED
303	id-00079	3	3	8	5	1783.0	1783.0	1783.67	1784.1076	1788.0	12.092	COMPLETED
303	id-00080	7	13	10	4	1783.0	1783.0	1783.83	1784.2184	1787.0	81.904	COMPLETED
303	id-00081	9	10	7	2	1785.0	1785.0	1785.28	1785.7692	1787.0	25.72	COMPLETED
303	id-00082	5	2	9	1	1787.0	1787.0	1787.72	1788.0	1788.0	21.658	EXPIRED
303	id-00083	8	15	1	2	1787.0	1787.0	1787.08	1787.4653	1789.0	9.884	COMPLETED
303	id-00084	2	2	5	1	1788.0	1788.0	1788.21	1789.0	1789.0	2.527	EXPIRED
303	id-00085	1	2	3	1	1788.0	1788.0	1788.12	1789.0	1789.0	0.722	EXPIRED
303	id-00086	1	2	9	4	1792.0	1792.0	1792.36	1792.8424	1796.0	2.166	COMPLETED
303	id-00087	8	12	9	4	1792.0	1792.0	1792.36	1792.7188	1796.0	27.508	COMPLETED
303	id-00088	6	12	9	1	1792.0	1792.0	1792.35	1793.0	1793.0	12.634	EXPIRED
303	id-00089	10	3	9	2	1794.0	1794.0	1794.35	1794.6945	1796.0	34.255	COMPLETED
303	id-00090	10	14	6	1	1795.0	1795.0	1795.24	1796.0	1796.0	25.752	EXPIRED
303	id-00091	8	10	8	3	1795.0	1795.0	1795.33	1795.7967	1798.0	28.327	COMPLETED
303	id-00092	6	3	7	1	1796.0	1796.0	1796.52	1797.0	1797.0	18.77	EXPIRED
303	id-00093	1	2	1	5	1796.0	1796.0	1796.07	1796.281	1801.0	0.421	COMPLETED
303	id-00094	9	2	6	1	1798.0	1798.0	1798.22	1799.0	1799.0	16.06	EXPIRED
303	id-00095	9	9	5	1	1799.0	1799.0	1799.19	1800.0	1800.0	13.87	EXPIRED
303	id-00096	3	6	7	5	1802.0	1802.0	1802.27	1802.6418	1807.0	4.873	COMPLETED
303	id-00097	4	5	5	4	1802.0	1802.0	1802.19	1802.5975	1806.0	4.572	COMPLETED
303	id-00098	6	10	5	2	1803.0	1803.0	1803.37	1803.6931	1805.0	13.356	COMPLETED
303	id-00099	2	2	1	5	1803.0	1803.0	1803.07	1803.3978	1808.0	1.502	COMPLETED
303	id-00100	9	12	5	1	1805.0	1805.0	1805.19	1806.0	1806.0	13.87	EXPIRED
303	id-00101	10	9	8	4	1806.0	1806.0	1806.32	1806.5024	1810.0	34.336	COMPLETED
303	id-00102	3	3	4	5	1807.0	1807.0	1807.15	1807.3433	1812.0	2.707	COMPLETED
303	id-00103	5	3	5	4	1808.0	1808.0	1808.19	1808.5923	1812.0	5.715	COMPLETED
303	id-00104	5	3	7	5	1808.0	1808.0	1808.28	1808.7414	1813.0	8.422	COMPLETED
303	id-00105	2	2	7	3	1813.0	1813.0	1813.45	1813.8876	1816.0	5.414	COMPLETED
303	id-00106	2	4	3	4	1813.0	1813.0	1813.19	1813.3053	1817.0	2.286	COMPLETED
303	id-00107	10	2	1	2	1814.0	1814.0	1814.04	1814.2026	1816.0	3.915	COMPLETED
303	id-00108	10	14	8	3	1822.0	1822.0	1822.3	1822.7488	1825.0	26.533	COMPLETED
303	id-00109	8	3	7	3	1824.0	1824.0	1824.26	1824.6021	1827.0	14.965	COMPLETED
303	id-00110	7	11	4	2	1824.0	1824.0	1824.14	1824.3967	1826.0	5.896	COMPLETED
303	id-00111	5	9	9	4	1824.0	1824.0	1824.35	1824.4702	1828.0	10.528	COMPLETED
303	id-00112	7	5	6	2	1827.0	1827.0	1827.23	1827.5224	1829.0	11.854	COMPLETED
303	id-00113	5	10	3	3	1827.0	1827.0	1827.12	1827.5358	1830.0	3.61	COMPLETED
303	id-00114	10	9	10	5	1827.0	1827.0	1827.38	1827.6331	1832.0	37.191	COMPLETED
303	id-00115	3	3	10	2	1828.0	1828.0	1828.38	1828.8457	1830.0	6.858	COMPLETED
303	id-00116	7	2	9	1	1828.0	1828.0	1828.35	1829.0	1829.0	18.039	EXPIRED
303	id-00117	10	13	6	1	1829.0	1829.0	1829.23	1830.0	1830.0	22.511	EXPIRED
303	id-00118	8	14	6	2	1829.0	1829.0	1829.46	1829.6118	1831.0	30.813	COMPLETED
303	id-00119	8	7	1	5	1829.0	1829.0	1829.08	1829.3812	1834.0	9.884	COMPLETED
303	id-00120	3	5	5	5	1830.0	1830.0	1830.19	1830.6527	1835.0	3.429	COMPLETED
303	id-00121	7	7	1	1	1830.0	1830.0	1830.04	1831.0	1831.0	1.684	EXPIRED
303	id-00122	7	7	4	2	1831.0	1831.0	1831.15	1831.3075	1833.0	6.317	COMPLETED
303	id-00123	10	8	10	3	1832.0	1832.0	1832.37	1832.8595	1835.0	32.724	COMPLETED
303	id-00124	5	2	10	5	1832.0	1832.0	1832.38	1832.644	1837.0	11.43	COMPLETED
303	id-00125	3	3	8	3	1833.0	1833.0	1833.31	1833.5582	1836.0	5.595	COMPLETED
303	id-00126	3	2	10	4	1833.0	1833.0	1833.42	1833.8262	1837.0	7.58	COMPLETED
303	id-00127	3	2	1	1	1833.0	1833.0	1833.04	1834.0	1834.0	0.722	EXPIRED
303	id-00128	9	10	10	5	1835.0	1835.0	1835.37	1835.579	1840.0	27.01	COMPLETED
303	id-00129	2	3	5	3	1836.0	1836.0	1836.19	1836.6884	1839.0	2.286	COMPLETED
303	id-00130	2	2	1	2	1837.0	1837.0	1837.04	1837.4254	1839.0	0.481	COMPLETED
303	id-00131	1	2	8	2	1837.0	1837.0	1837.31	1837.7528	1839.0	1.865	COMPLETED
303	id-00132	6	11	7	2	1838.0	1838.0	1838.26	1838.392	1840.0	9.385	COMPLETED
303	id-00133	9	16	7	3	1839.0	1839.0	1839.26	1839.6351	1842.0	18.98	COMPLETED
303	id-00134	5	7	5	5	1841.0	1841.0	1841.19	1841.5242	1846.0	5.715	COMPLETED
303	id-00135	5	6	5	3	1842.0	1842.0	1842.19	1842.4142	1845.0	5.715	COMPLETED
303	id-00136	10	19	3	3	1845.0	1845.0	1845.11	1845.5731	1848.0	9.729	COMPLETED
303	id-00137	2	2	4	4	1845.0	1845.0	1845.32	1845.7206	1849.0	3.85	COMPLETED
303	id-00138	10	16	7	4	1845.0	1845.0	1845.29	1845.4887	1849.0	33.851	COMPLETED
303	id-00139	7	11	1	4	1845.0	1845.0	1845.04	1845.3795	1849.0	2.439	COMPLETED
303	id-00140	6	3	5	1	1845.0	1845.0	1845.4	1846.0	1846.0	25.752	EXPIRED
303	id-00141	3	4	10	1	1846.0	1846.0	1846.37	1847.0	1847.0	6.678	EXPIRED
303	id-00142	9	12	3	1	1848.0	1848.0	1848.11	1849.0	1849.0	8.03	EXPIRED
303	id-00143	2	3	9	2	1849.0	1849.0	1849.33	1849.7033	1851.0	3.971	COMPLETED
303	id-00144	4	4	10	1	1850.0	1850.0	1850.4	1851.0	1851.0	9.626	EXPIRED
303	id-00145	4	3	9	1	1850.0	1850.0	1850.36	1851.0	1851.0	8.663	EXPIRED
303	id-00146	9	8	8	3	1851.0	1851.0	1851.32	1851.4315	1854.0	29.394	COMPLETED
303	id-00147	2	2	3	2	1852.0	1852.0	1852.12	1852.3776	1854.0	1.444	COMPLETED
303	id-00148	10	7	9	4	1852.0	1852.0	1852.38	1852.7338	1856.0	44.357	COMPLETED
303	id-00149	7	5	9	3	1852.0	1852.0	1852.36	1852.5876	1855.0	21.948	COMPLETED
303	id-00150	8	8	8	3	1853.0	1853.0	1853.32	1853.5899	1856.0	24.452	COMPLETED
303	id-00151	5	8	5	1	1855.0	1855.0	1855.2	1856.0	1856.0	6.016	EXPIRED
303	id-00152	3	3	3	5	1856.0	1856.0	1856.12	1856.5354	1861.0	2.166	COMPLETED
303	id-00153	5	3	7	2	1858.0	1858.0	1858.28	1858.7124	1860.0	8.422	COMPLETED
303	id-00154	3	2	1	5	1861.0	1861.0	1861.08	1861.1869	1866.0	1.444	COMPLETED
303	id-00155	8	5	10	2	1861.0	1861.0	1861.77	1862.1249	1863.0	73.356	COMPLETED
303	id-00156	8	11	2	5	1861.0	1861.0	1861.08	1861.2847	1866.0	6.113	COMPLETED
303	id-00157	8	16	7	5	1861.0	1861.0	1861.29	1861.4359	1866.0	24.894	COMPLETED
303	id-00158	9	2	4	2	1862.0	1862.0	1862.15	1862.6476	1864.0	12.364	COMPLETED
303	id-00159	8	5	1	5	1863.0	1863.0	1863.04	1863.208	1868.0	2.679	COMPLETED
303	id-00160	10	9	5	1	1865.0	1865.0	1865.2	1866.0	1866.0	21.46	EXPIRED
303	id-00161	5	9	2	3	1866.0	1866.0	1866.08	1866.1855	1869.0	2.406	COMPLETED
303	id-00162	9	2	7	3	1866.0	1866.0	1866.28	1866.4005	1869.0	25.72	COMPLETED
303	id-00163	9	4	10	2	1868.0	1868.0	1868.4	1868.582	1870.0	36.742	COMPLETED
303	id-00164	2	2	1	3	1871.0	1871.0	1871.08	1871.2504	1874.0	0.963	COMPLETED
303	id-00165	1	2	7	2	1871.0	1871.0	1871.54	1871.8127	1873.0	3.249	COMPLETED
303	id-00166	4	6	6	2	1872.0	1872.0	1872.23	1872.4285	1874.0	5.535	COMPLETED
303	id-00167	9	12	5	1	1874.0	1874.0	1874.19	1875.0	1875.0	15.661	EXPIRED
303	id-00168	9	15	6	3	1874.0	1874.0	1874.23	1874.7168	1877.0	18.958	COMPLETED
303	id-00169	7	9	9	3	1875.0	1875.0	1875.33	1875.7179	1878.0	13.897	COMPLETED
303	id-00170	6	11	8	2	1876.0	1876.0	1876.3	1876.6595	1878.0	10.829	COMPLETED
303	id-00171	7	10	4	5	1878.0	1878.0	1878.31	1878.5325	1883.0	15.977	COMPLETED
303	id-00172	2	2	9	3	1878.0	1878.0	1878.69	1879.0226	1881.0	21.313	COMPLETED
303	id-00173	10	13	4	3	1878.0	1878.0	1878.15	1878.4095	1881.0	13.267	COMPLETED
303	id-00174	2	3	8	5	1878.0	1878.0	1878.32	1878.6755	1883.0	3.85	COMPLETED
303	id-00175	9	2	1	2	1880.0	1880.0	1880.04	1880.1447	1882.0	2.92	COMPLETED
303	id-00176	1	2	7	1	1880.0	1880.0	1880.54	1881.0	1881.0	3.249	EXPIRED
303	id-00177	9	11	3	4	1880.0	1880.0	1880.23	1880.712	1884.0	21.127	COMPLETED
303	id-00178	1	2	1	5	1881.0	1881.0	1881.07	1881.3574	1886.0	0.421	COMPLETED
303	id-00179	4	2	8	5	1881.0	1881.0	1881.31	1881.7658	1886.0	7.46	COMPLETED
303	id-00180	3	2	10	4	1881.0	1881.0	1881.74	1882.0367	1885.0	13.356	COMPLETED
303	id-00181	7	8	2	4	1885.0	1885.0	1885.15	1885.6458	1889.0	7.731	COMPLETED
303	id-00182	1	2	8	2	1885.0	1885.0	1885.62	1885.7299	1887.0	9.575	COMPLETED
303	id-00183	4	5	6	4	1886.0	1886.0	1886.23	1886.6537	1890.0	5.535	COMPLETED
303	id-00184	1	2	1	4	1887.0	1887.0	1887.08	1887.2589	1891.0	0.481	COMPLETED
303	id-00185	2	3	6	2	1887.0	1887.0	1887.46	1887.6053	1889.0	5.535	COMPLETED
303	id-00186	3	5	3	1	1888.0	1888.0	1888.12	1889.0	1889.0	2.166	EXPIRED
303	id-00187	4	8	7	3	1890.0	1890.0	1890.29	1890.5458	1893.0	6.979	COMPLETED
303	id-00188	1	2	4	2	1890.0	1890.0	1890.15	1890.3369	1892.0	0.902	COMPLETED
303	id-00189	8	10	2	5	1893.0	1893.0	1893.08	1893.4244	1898.0	5.359	COMPLETED
303	id-00190	1	2	9	4	1895.0	1895.0	1895.36	1895.6209	1899.0	2.166	COMPLETED
303	id-00191	8	14	5	4	1895.0	1895.0	1895.38	1895.6432	1899.0	25.454	COMPLETED
303	id-00192	1	2	10	1	1895.0	1895.0	1895.77	1896.0	1896.0	11.892	EXPIRED
303	id-00193	9	9	1	4	1896.0	1896.0	1896.04	1896.3013	1900.0	3.297	COMPLETED
303	id-00194	1	2	2	5	1898.0	1898.0	1898.08	1898.2413	1903.0	0.481	COMPLETED
303	id-00195	10	17	9	5	1898.0	1898.0	1898.36	1898.7688	1903.0	38.628	COMPLETED
303	id-00196	9	7	6	2	1899.0	1899.0	1899.23	1899.6879	1901.0	18.958	COMPLETED
303	id-00197	3	6	9	1	1900.0	1900.0	1900.35	1901.0	1901.0	6.317	EXPIRED
303	id-00198	8	3	5	1	1900.0	1900.0	1900.19	1901.0	1901.0	12.727	EXPIRED
303	id-00199	1	2	5	4	1901.0	1901.0	1901.19	1901.6174	1905.0	1.143	COMPLETED
303	id-00200	1	2	1	4	1903.0	1903.0	1903.04	1903.4124	1907.0	0.241	COMPLETED
303	id-00201	7	13	7	5	1903.0	1903.0	1903.27	1903.5796	1908.0	13.916	COMPLETED
303	id-00202	1	2	4	1	1904.0	1904.0	1904.15	1905.0	1905.0	0.902	EXPIRED
303	id-00203	1	2	1	1	1905.0	1905.0	1905.04	1906.0	1906.0	0.241	EXPIRED
303	id-00204	9	11	5	5	1906.0	1906.0	1906.19	1906.5394	1911.0	13.87	COMPLETED
303	id-00205	10	16	7	3	1906.0	1906.0	1906.28	1906.4514	1909.0	30.044	COMPLETED
303	id-00206	8	6	3	4	1909.0	1909.0	1909.11	1909.375	1913.0	6.331	COMPLETED
303	id-00207	8	9	5	4	1910.0	1910.0	1910.2	1910.6229	1914.0	15.282	COMPLETED
303	id-00208	9	2	2	3	1913.0	1913.0	1913.08	1913.1814	1916.0	7.348	COMPLETED
303	id-00209	4	7	8	3	1914.0	1914.0	1914.32	1914.7333	1917.0	7.7	COMPLETED
303	id-00210	5	9	10	5	1917.0	1917.0	1917.38	1917.5617	1922.0	11.43	COMPLETED
303	id-00211	3	6	6	1	1918.0	1918.0	1918.23	1919.0	1919.0	4.151	EXPIRED
303	id-00212	7	2	2	1	1918.0	1918.0	1918.08	1919.0	1919.0	4.123	EXPIRED
303	id-00213	8	9	7	4	1919.0	1919.0	1919.27	1919.7431	1923.0	18.086	COMPLETED
303	id-00214	8	6	1	4	1920.0	1920.0	1920.04	1920.4258	1924.0	2.302	COMPLETED
303	id-00215	6	10	5	5	1920.0	1920.0	1920.19	1920.4425	1925.0	6.858	COMPLETED
303	id-00216	3	6	3	5	1922.0	1922.0	1922.11	1922.374	1927.0	1.985	COMPLETED
303	id-00217	7	13	8	2	1923.0	1923.0	1923.3	1923.5792	1925.0	12.634	COMPLETED
303	id-00218	9	9	1	3	1923.0	1923.0	1923.04	1923.1784	1926.0	3.297	COMPLETED
303	id-00219	8	7	3	2	1925.0	1925.0	1925.12	1925.5366	1927.0	8.038	COMPLETED
303	id-00220	3	3	10	1	1926.0	1926.0	1926.38	1927.0	1927.0	6.858	EXPIRED
303	id-00221	7	13	6	3	1927.0	1927.0	1927.25	1927.5857	1930.0	17.599	COMPLETED
303	id-00222	7	2	4	4	1927.0	1927.0	1927.17	1927.3253	1931.0	11.967	COMPLETED
303	id-00223	8	10	4	4	1927.0	1927.0	1927.17	1927.5297	1931.0	14.593	COMPLETED
303	id-00224	6	10	9	5	1927.0	1927.0	1927.39	1927.7944	1932.0	25.108	COMPLETED
303	id-00225	8	8	3	1	1927.0	1927.0	1927.12	1928.0	1928.0	8.038	EXPIRED
303	id-00226	3	3	9	5	1928.0	1928.0	1928.75	1929.2138	1933.0	13.536	COMPLETED
303	id-00227	5	10	1	4	1928.0	1928.0	1928.04	1928.5107	1932.0	1.203	COMPLETED
303	id-00228	3	6	10	4	1928.0	1928.0	1928.83	1929.2944	1932.0	30.63	COMPLETED
303	id-00229	2	2	10	2	1929.0	1929.0	1929.77	1930.053	1931.0	9.265	COMPLETED
303	id-00230	5	8	9	4	1929.0	1929.0	1929.69	1929.8363	1933.0	27.261	COMPLETED
303	id-00231	1	2	5	5	1930.0	1930.0	1930.18	1930.614	1935.0	1.083	COMPLETED
303	id-00232	2	2	3	4	1934.0	1934.0	1934.11	1934.5452	1938.0	1.324	COMPLETED
303	id-00233	10	15	7	4	1935.0	1935.0	1935.24	1935.3917	1939.0	16.701	COMPLETED
303	id-00234	8	4	10	2	1937.0	1937.0	1937.34	1937.6939	1939.0	16.364	COMPLETED
303	id-00235	9	12	4	4	1938.0	1938.0	1938.28	1938.6437	1942.0	15.16	COMPLETED
303	id-00236	2	2	6	3	1938.0	1938.0	1938.41	1938.7342	1941.0	12.664	COMPLETED
303	id-00237	3	3	4	4	1941.0	1941.0	1941.14	1941.5819	1945.0	2.527	COMPLETED
303	id-00238	10	15	1	4	1943.0	1943.0	1943.07	1943.2876	1947.0	4.871	COMPLETED
303	id-00239	10	3	7	3	1943.0	1943.0	1943.48	1943.6454	1946.0	74.131	COMPLETED
303	id-00240	1	2	1	5	1944.0	1944.0	1944.07	1944.1716	1949.0	0.421	COMPLETED
303	id-00241	10	20	8	1	1944.0	1944.0	1944.55	1945.0	1945.0	43.459	EXPIRED
303	id-00242	9	11	5	4	1945.0	1945.0	1945.16	1945.3828	1949.0	8.663	COMPLETED
303	id-00243	2	4	3	4	1946.0	1946.0	1946.09	1946.2688	1950.0	1.083	COMPLETED
303	id-00244	7	13	9	2	1948.0	1948.0	1948.28	1948.4311	1950.0	11.791	COMPLETED
303	id-00245	3	4	8	1	1949.0	1949.0	1949.5	1950.0	1950.0	9.024	EXPIRED
303	id-00246	2	4	2	2	1949.0	1949.0	1949.12	1949.3629	1951.0	1.444	COMPLETED
303	id-00247	5	8	3	3	1949.0	1949.0	1949.12	1949.2521	1952.0	3.61	COMPLETED
303	id-00248	8	14	10	4	1950.0	1950.0	1950.33	1950.5055	1954.0	15.882	COMPLETED
303	id-00249	1	2	5	5	1951.0	1951.0	1951.17	1951.6185	1956.0	1.023	COMPLETED
303	id-00250	9	10	5	3	1953.0	1953.0	1953.17	1953.5531	1956.0	9.204	COMPLETED
303	id-00251	6	7	6	3	1953.0	1953.0	1953.24	1953.714	1956.0	10.926	COMPLETED
303	id-00252	2	4	5	1	1956.0	1956.0	1956.19	1957.0	1957.0	2.286	EXPIRED
303	id-00253	1	2	4	1	1958.0	1958.0	1958.15	1959.0	1959.0	0.902	EXPIRED
303	id-00254	3	5	9	5	1960.0	1960.0	1960.33	1960.8099	1965.0	5.956	COMPLETED
303	id-00255	5	8	4	2	1960.0	1960.0	1960.15	1960.366	1962.0	4.512	COMPLETED
303	id-00256	1	2	7	5	1962.0	1962.0	1962.52	1962.8494	1967.0	3.128	COMPLETED
303	id-00257	2	3	8	3	1962.0	1962.0	1962.59	1963.0129	1965.0	7.099	COMPLETED
303	id-00258	6	8	8	2	1963.0	1963.0	1963.59	1964.0378	1965.0	21.297	COMPLETED
303	id-00259	4	3	3	4	1963.0	1963.0	1963.22	1963.5738	1967.0	11.517	COMPLETED
303	id-00260	7	2	8	3	1965.0	1965.0	1965.31	1965.4724	1968.0	15.977	COMPLETED
303	id-00261	6	9	2	2	1965.0	1965.0	1965.07	1965.2149	1967.0	2.527	COMPLETED
303	id-00262	1	2	2	2	1966.0	1966.0	1966.07	1966.5029	1968.0	0.421	COMPLETED
303	id-00263	3	2	6	3	1967.0	1967.0	1967.22	1967.5149	1970.0	3.971	COMPLETED
303	id-00264	7	2	5	3	1969.0	1969.0	1969.19	1969.5873	1972.0	8.001	COMPLETED
303	id-00265	8	13	6	5	1969.0	1969.0	1969.23	1969.5761	1974.0	15.406	COMPLETED
303	id-00266	9	4	9	5	1970.0	1970.0	1970.33	1970.5452	1975.0	24.09	COMPLETED
303	id-00267	7	14	7	2	1973.0	1973.0	1973.26	1973.4942	1975.0	10.949	COMPLETED
303	id-00268	6	8	7	5	1973.0	1973.0	1973.56	1973.9526	1978.0	25.493	COMPLETED
303	id-00269	4	4	8	2	1973.0	1973.0	1973.64	1973.9874	1975.0	39.537	COMPLETED
303	id-00270	9	7	9	3	1974.0	1974.0	1974.33	1974.7815	1977.0	24.09	COMPLETED
303	id-00271	2	3	7	2	1975.0	1975.0	1975.56	1975.7115	1977.0	6.738	COMPLETED
303	id-00272	4	2	4	4	1975.0	1975.0	1975.32	1975.7511	1979.0	10.717	COMPLETED
303	id-00273	6	4	10	5	1976.0	1976.0	1976.4	1976.6608	1981.0	18.21	COMPLETED
303	id-00274	7	5	6	5	1976.0	1976.0	1976.24	1976.3702	1981.0	14.632	COMPLETED
303	id-00275	10	5	10	4	1977.0	1977.0	1977.4	1977.6949	1981.0	42.92	COMPLETED
303	id-00276	5	5	10	5	1979.0	1979.0	1979.4	1979.7092	1984.0	12.032	COMPLETED
303	id-00277	6	9	1	1	1979.0	1979.0	1979.04	1980.0	1980.0	1.821	EXPIRED
303	id-00278	5	10	3	5	1979.0	1979.0	1979.12	1979.2316	1984.0	3.61	COMPLETED
303	id-00279	3	6	1	3	1980.0	1980.0	1980.04	1980.475	1983.0	0.722	COMPLETED
303	id-00280	4	6	10	2	1981.0	1981.0	1981.38	1981.7426	1983.0	9.144	COMPLETED
303	id-00281	7	12	6	1	1981.0	1981.0	1981.22	1982.0	1982.0	9.265	EXPIRED
303	id-00282	3	2	8	3	1984.0	1984.0	1984.31	1984.6628	1987.0	5.595	COMPLETED
303	id-00283	10	9	8	2	1984.0	1984.0	1984.3	1984.6199	1986.0	26.533	COMPLETED
303	id-00284	10	18	10	5	1984.0	1984.0	1984.4	1984.8124	1989.0	42.92	COMPLETED
303	id-00285	9	7	3	4	1988.0	1988.0	1988.12	1988.2961	1992.0	9.891	COMPLETED
303	id-00286	6	11	10	4	1990.0	1990.0	1990.4	1990.7683	1994.0	18.21	COMPLETED
303	id-00287	7	10	2	3	1990.0	1990.0	1990.07	1990.445	1993.0	2.948	COMPLETED
303	id-00288	7	6	3	4	1990.0	1990.0	1990.11	1990.452	1994.0	4.632	COMPLETED
303	id-00289	8	6	6	2	1991.0	1991.0	1991.44	1991.7278	1993.0	25.325	COMPLETED
303	id-00290	8	10	10	1	1991.0	1991.0	1991.74	1992.0	1992.0	91.428	EXPIRED
303	id-00291	2	3	2	3	1992.0	1992.0	1992.07	1992.2514	1995.0	0.842	COMPLETED
303	id-00292	8	5	1	1	1993.0	1993.0	1993.04	1994.0	1994.0	2.302	EXPIRED
303	id-00293	8	14	1	4	1997.0	1997.0	1997.07	1997.2055	2001.0	3.369	COMPLETED
303	id-00294	5	6	7	2	1997.0	1997.0	1997.48	1997.6189	1999.0	32.54	COMPLETED
303	id-00295	1	2	1	5	1998.0	1998.0	1998.07	1998.4818	2003.0	0.421	COMPLETED
303	id-00296	4	7	9	5	1998.0	1998.0	1998.36	1998.8372	2003.0	8.663	COMPLETED
303	id-00297	8	9	6	3	1998.0	1998.0	1998.41	1998.7407	2001.0	19.732	COMPLETED
303	id-00298	6	10	2	3	1999.0	1999.0	1999.07	1999.4772	2002.0	2.527	COMPLETED
303	id-00299	9	8	4	3	1999.0	1999.0	1999.16	1999.4327	2002.0	14.697	COMPLETED
303	id-00300	8	12	5	1	2000.0	2000.0	2000.32	2001.0	2001.0	15.401	EXPIRED
303	id-00301	1	2	1	5	2000.0	2000.0	2000.06	2000.3677	2005.0	0.361	COMPLETED
303	id-00302	8	3	8	2	2001.0	2001.0	2001.26	2003.0	2003.0	None	SUBMITTED
