0.0017120838165283203
0.0007584095001220703
0.0008301734924316406
0.002048969268798828
0.0008852481842041016
0.0010821819305419922
0.0009243488311767578
0.000820159912109375
0.0025610923767089844
0.0009131431579589844
0.0010318756103515625
0.0019316673278808594
0.002009153366088867
0.0008945465087890625
0.0014951229095458984
0.0009953975677490234
0.0009610652923583984
0.001566171646118164
0.0014178752899169922
0.0021677017211914062
0.002428770065307617
0.004094123840332031
0.0012407302856445312
0.002280712127685547
0.0007812976837158203
0.0008974075317382812
0.0013918876647949219
0.0016140937805175781
0.0015680789947509766
0.0015451908111572266
0.0019757747650146484
0.0008940696716308594
0.0019767284393310547
0.0007951259613037109
0.0007598400115966797
0.0019199848175048828
0.002521991729736328
0.0015861988067626953
0.0014176368713378906
0.0008335113525390625
0.0017461776733398438
0.0007872581481933594
0.0021495819091796875
0.0014376640319824219
0.0013713836669921875
0.0014340877532958984
0.004299640655517578
0.0007317066192626953
0.0006959438323974609
0.0007357597351074219
0.0013191699981689453
0.0007615089416503906
0.001585245132446289
0.0008697509765625
0.0006258487701416016
0.0013289451599121094
0.0012938976287841797
0.0006160736083984375
0.0007152557373046875
0.001018524169921875
0.0016703605651855469
0.0013179779052734375
0.001988649368286133
0.0007576942443847656
0.0012118816375732422
0.0014331340789794922
0.0012862682342529297
0.0006244182586669922
0.0008528232574462891
0.001192331314086914
0.0012891292572021484
0.0007410049438476562
0.0009601116180419922
0.0007655620574951172
0.0007731914520263672
0.0016984939575195312
0.0012395381927490234
0.0019330978393554688
0.00160980224609375
0.0018620491027832031
0.0012369155883789062
0.00136566162109375
0.000986337661743164
0.000789642333984375
0.0017123222351074219
0.0009698867797851562
0.0019431114196777344
0.0006830692291259766
0.0006644725799560547
0.0006566047668457031
0.0011544227600097656
0.0018935203552246094
0.0007772445678710938
0.0006613731384277344
0.0008702278137207031
0.0008273124694824219
0.0009899139404296875
0.0008139610290527344
0.0019130706787109375
0.0013074874877929688
0.001277923583984375
0.0012009143829345703
0.0008709430694580078
0.0007760524749755859
0.0007081031799316406
0.00086212158203125
0.0015380382537841797
0.001010894775390625
0.0010433197021484375
0.0014085769653320312
0.0008959770202636719
0.0019478797912597656
0.0020782947540283203
0.0008509159088134766
0.0013782978057861328
0.0025076866149902344
0.003219127655029297
0.0013380050659179688
0.001993894577026367
0.0017879009246826172
0.002503633499145508
0.0006384849548339844
0.0011909008026123047
0.0018699169158935547
0.0009567737579345703
0.0016782283782958984
0.0015988349914550781
0.0010268688201904297
0.0034906864166259766
0.003319978713989258
0.0010082721710205078
0.0008034706115722656
0.0020601749420166016
0.001107931137084961
0.0011799335479736328
0.0023703575134277344
0.001840353012084961
0.0009403228759765625
0.0011301040649414062
0.0009834766387939453
0.0017626285552978516
0.0017304420471191406
0.0008566379547119141
0.0017421245574951172
0.001016855239868164
0.001102447509765625
0.002530336380004883
0.002653360366821289
0.0009908676147460938
0.0017733573913574219
0.0008347034454345703
0.0008540153503417969
0.0020148754119873047
0.0010955333709716797
0.0010786056518554688
0.00244140625
0.001718282699584961
0.002003192901611328
0.001039266586303711
0.002180814743041992
0.0011792182922363281
0.002537965774536133
0.0018572807312011719
0.0010151863098144531
0.0016713142395019531
0.0009658336639404297
0.0008106231689453125
0.002007007598876953
0.0009922981262207031
0.0007379055023193359
0.0010666847229003906
0.0013167858123779297
0.0008027553558349609
0.0009419918060302734
0.0012192726135253906
0.0021979808807373047
0.0021016597747802734
0.0008285045623779297
0.000827789306640625
0.001463174819946289
0.0007925033569335938
0.002433300018310547
0.0007557868957519531
0.0011408329010009766
0.0009403228759765625
0.0019447803497314453
