303	id-00000	8	2	10	2	1700.0	1700.0	1700.8	1701.2286	1702.0	61.13	COMPLETED
303	id-00001	3	2	2	6	1700.0	1700.0	1700.16	1700.2945	1706.0	7.413	COMPLETED
303	id-00002	1	2	6	11	1702.0	1702.0	1702.24	1702.6827	1713.0	1.444	COMPLETED
303	id-00003	9	4	2	3	1703.0	1703.0	1703.16	1703.6233	1706.0	14.697	COMPLETED
303	id-00004	1	2	9	8	1703.0	1703.0	1703.38	1703.5403	1711.0	2.286	COMPLETED
303	id-00005	7	10	1	5	1703.0	1703.0	1703.08	1703.5213	1708.0	8.649	COMPLETED
303	id-00006	4	4	3	13	1705.0	1705.0	1705.12	1705.5819	1718.0	2.888	COMPLETED
303	id-00007	9	11	2	12	1706.0	1706.0	1706.08	1706.224	1718.0	8.103	COMPLETED
303	id-00008	9	16	3	12	1709.0	1709.0	1709.12	1709.3881	1721.0	12.154	COMPLETED
303	id-00009	7	10	5	4	1711.0	1711.0	1711.21	1711.3659	1715.0	14.783	COMPLETED
303	id-00010	7	3	9	5	1711.0	1711.0	1711.38	1711.851	1716.0	26.75	COMPLETED
303	id-00011	7	4	1	4	1712.0	1712.0	1712.04	1712.3183	1716.0	2.816	COMPLETED
303	id-00012	6	2	4	5	1714.0	1714.0	1714.17	1714.3243	1719.0	9.342	COMPLETED
303	id-00013	1	2	7	9	1715.0	1715.0	1715.28	1715.6052	1724.0	1.684	COMPLETED
303	id-00014	7	4	9	15	1715.0	1715.0	1715.38	1715.8441	1730.0	26.75	COMPLETED
303	id-00015	10	11	3	13	1717.0	1717.0	1717.12	1717.4113	1730.0	12.876	COMPLETED
303	id-00016	7	6	8	15	1719.0	1719.0	1719.32	1719.5424	1734.0	19.51	COMPLETED
303	id-00017	8	5	1	15	1720.0	1720.0	1720.08	1720.5257	1735.0	6.867	COMPLETED
303	id-00018	7	10	9	6	1720.0	1720.0	1720.75	1720.9333	1726.0	81.081	COMPLETED
303	id-00019	5	7	1	13	1722.0	1722.0	1722.08	1722.4998	1735.0	3.161	COMPLETED
303	id-00020	3	2	8	10	1722.0	1722.0	1722.67	1722.8523	1732.0	31.042	COMPLETED
303	id-00021	3	5	8	10	1722.0	1722.0	1722.35	1722.658	1732.0	6.317	COMPLETED
303	id-00022	8	8	7	1	1724.0	1724.0	1724.29	1725.0	1725.0	24.894	EXPIRED
303	id-00023	3	2	10	14	1725.0	1725.0	1725.42	1725.5559	1739.0	7.58	COMPLETED
303	id-00024	9	13	3	9	1726.0	1726.0	1726.12	1726.6079	1735.0	12.154	COMPLETED
303	id-00025	9	2	9	15	1726.0	1726.0	1726.75	1726.8765	1741.0	75.963	COMPLETED
303	id-00026	3	2	10	8	1726.0	1726.0	1726.83	1727.0339	1734.0	38.456	COMPLETED
303	id-00027	3	2	3	13	1728.0	1728.0	1728.12	1728.6171	1741.0	2.166	COMPLETED
303	id-00028	9	4	6	14	1728.0	1728.0	1728.25	1728.5548	1742.0	25.321	COMPLETED
303	id-00029	7	4	8	4	1729.0	1729.0	1729.33	1729.5997	1733.0	23.231	COMPLETED
303	id-00030	6	6	9	5	1732.0	1732.0	1732.75	1733.1902	1737.0	41.214	COMPLETED
303	id-00031	3	6	7	10	1732.0	1732.0	1732.58	1733.0399	1742.0	26.873	COMPLETED
303	id-00032	7	3	10	11	1732.0	1732.0	1732.42	1732.8552	1743.0	29.566	COMPLETED
303	id-00033	8	3	7	10	1733.0	1733.0	1733.29	1733.7628	1743.0	24.894	COMPLETED
303	id-00034	4	6	7	11	1735.0	1735.0	1735.3	1735.6282	1746.0	10.048	COMPLETED
303	id-00035	5	8	2	7	1735.0	1735.0	1735.08	1735.3873	1742.0	2.406	COMPLETED
303	id-00036	9	16	2	7	1736.0	1736.0	1736.08	1736.4789	1743.0	7.348	COMPLETED
303	id-00037	6	12	3	6	1739.0	1739.0	1739.12	1739.4993	1745.0	5.463	COMPLETED
303	id-00038	4	4	10	11	1740.0	1740.0	1740.43	1740.9271	1751.0	14.402	COMPLETED
303	id-00039	6	3	3	6	1740.0	1740.0	1740.12	1740.2259	1746.0	5.463	COMPLETED
303	id-00040	3	6	3	1	1740.0	1740.0	1740.12	1741.0	1741.0	2.166	EXPIRED
303	id-00041	1	2	8	11	1741.0	1741.0	1741.32	1741.4453	1752.0	1.925	COMPLETED
303	id-00042	2	3	2	6	1743.0	1743.0	1743.16	1743.5387	1749.0	1.925	COMPLETED
303	id-00043	6	10	5	4	1743.0	1743.0	1743.4	1743.5045	1747.0	25.752	COMPLETED
303	id-00044	10	18	3	14	1747.0	1747.0	1747.12	1747.403	1761.0	14.007	COMPLETED
303	id-00045	8	3	1	13	1748.0	1748.0	1748.04	1748.3586	1761.0	3.434	COMPLETED
303	id-00046	3	5	9	15	1748.0	1748.0	1748.39	1748.756	1763.0	7.039	COMPLETED
303	id-00047	2	4	5	14	1750.0	1750.0	1750.21	1750.5151	1764.0	2.527	COMPLETED
303	id-00048	9	9	5	9	1753.0	1753.0	1753.21	1753.6555	1762.0	21.27	COMPLETED
303	id-00049	1	2	8	10	1754.0	1754.0	1754.33	1754.4797	1764.0	1.985	COMPLETED
303	id-00050	3	2	10	11	1754.0	1754.0	1754.43	1754.5469	1765.0	7.761	COMPLETED
303	id-00051	6	3	1	7	1755.0	1755.0	1755.04	1755.3167	1762.0	2.198	COMPLETED
303	id-00052	2	3	1	9	1755.0	1755.0	1755.04	1755.4413	1764.0	0.481	COMPLETED
303	id-00053	8	2	8	7	1757.0	1757.0	1757.33	1757.4728	1764.0	28.327	COMPLETED
303	id-00054	5	7	3	3	1757.0	1757.0	1757.12	1757.5168	1760.0	4.741	COMPLETED
303	id-00055	4	5	5	11	1759.0	1759.0	1759.42	1759.6811	1770.0	10.107	COMPLETED
303	id-00056	2	3	6	9	1759.0	1759.0	1759.5	1759.7464	1768.0	15.444	COMPLETED
303	id-00057	9	9	3	9	1760.0	1760.0	1760.12	1760.5617	1769.0	12.154	COMPLETED
303	id-00058	5	9	3	1	1760.0	1760.0	1760.12	1761.0	1761.0	4.741	EXPIRED
303	id-00059	9	9	2	8	1763.0	1763.0	1763.08	1763.4314	1771.0	8.103	COMPLETED
303	id-00060	10	15	10	9	1764.0	1764.0	1764.42	1764.8171	1773.0	49.026	COMPLETED
303	id-00061	7	5	4	1	1765.0	1765.0	1765.17	1766.0	1766.0	13.57	EXPIRED
303	id-00062	10	3	5	12	1767.0	1767.0	1767.22	1767.7053	1779.0	27.754	COMPLETED
303	id-00063	5	9	5	5	1768.0	1768.0	1768.43	1768.6853	1773.0	21.042	COMPLETED
303	id-00064	2	2	3	13	1768.0	1768.0	1768.26	1768.4961	1781.0	8.031	COMPLETED
303	id-00065	6	3	7	3	1769.0	1769.0	1769.3	1769.4705	1772.0	19.314	COMPLETED
303	id-00066	2	2	3	14	1770.0	1770.0	1770.12	1770.326	1784.0	1.444	COMPLETED
303	id-00067	9	17	6	13	1773.0	1773.0	1773.25	1773.6363	1786.0	25.321	COMPLETED
303	id-00068	7	11	10	15	1774.0	1774.0	1774.43	1774.7014	1789.0	34.324	COMPLETED
303	id-00069	4	6	3	14	1774.0	1774.0	1774.12	1774.3837	1788.0	2.888	COMPLETED
303	id-00070	2	3	1	8	1775.0	1775.0	1775.04	1775.4039	1783.0	0.481	COMPLETED
303	id-00071	9	5	1	1	1777.0	1777.0	1777.04	1778.0	1778.0	3.674	EXPIRED
303	id-00072	4	7	3	14	1778.0	1778.0	1778.12	1778.4038	1792.0	2.888	COMPLETED
303	id-00073	2	4	3	11	1779.0	1779.0	1779.12	1779.2699	1790.0	1.444	COMPLETED
303	id-00074	9	3	3	7	1780.0	1780.0	1780.25	1780.7123	1787.0	25.321	COMPLETED
303	id-00075	3	2	2	9	1780.0	1780.0	1780.17	1780.3576	1789.0	7.876	COMPLETED
303	id-00076	6	12	1	6	1780.0	1780.0	1780.04	1780.3764	1786.0	1.444	COMPLETED
303	id-00077	2	2	6	15	1782.0	1782.0	1782.23	1782.7079	1797.0	2.767	COMPLETED
303	id-00078	10	8	5	11	1783.0	1783.0	1783.42	1783.896	1794.0	49.026	COMPLETED
303	id-00079	9	18	3	10	1783.0	1783.0	1783.12	1783.4291	1793.0	9.891	COMPLETED
303	id-00080	3	5	4	15	1783.0	1783.0	1783.33	1783.5303	1798.0	15.29	COMPLETED
303	id-00081	7	3	1	6	1785.0	1785.0	1785.04	1785.5384	1791.0	2.439	COMPLETED
303	id-00082	5	9	8	5	1787.0	1787.0	1787.64	1787.9611	1792.0	19.251	COMPLETED
303	id-00083	10	14	9	2	1787.0	1787.0	1787.72	1787.837	1789.0	111.197	COMPLETED
303	id-00084	3	5	4	4	1788.0	1788.0	1788.16	1788.3843	1792.0	2.888	COMPLETED
303	id-00085	8	10	10	5	1788.0	1788.0	1788.42	1788.7615	1793.0	36.053	COMPLETED
303	id-00086	2	2	9	2	1792.0	1792.0	1792.36	1792.6391	1794.0	4.332	COMPLETED
303	id-00087	4	6	7	2	1792.0	1792.0	1792.54	1792.8729	1794.0	12.995	COMPLETED
303	id-00088	5	10	5	10	1792.0	1792.0	1792.38	1792.6523	1802.0	22.178	COMPLETED
303	id-00089	3	6	10	2	1794.0	1794.0	1794.38	1794.5245	1796.0	6.858	COMPLETED
303	id-00090	5	7	3	12	1795.0	1795.0	1795.11	1795.3468	1807.0	3.309	COMPLETED
303	id-00091	8	10	5	15	1795.0	1795.0	1795.2	1795.3816	1810.0	15.282	COMPLETED
303	id-00092	5	6	9	14	1796.0	1796.0	1796.33	1796.7608	1810.0	9.926	COMPLETED
303	id-00093	8	8	7	15	1796.0	1796.0	1796.28	1796.4796	1811.0	21.395	COMPLETED
303	id-00094	7	10	9	8	1798.0	1798.0	1798.33	1798.5633	1806.0	13.897	COMPLETED
303	id-00095	2	2	1	10	1799.0	1799.0	1799.04	1799.4837	1809.0	0.481	COMPLETED
303	id-00096	5	9	8	9	1802.0	1802.0	1802.31	1802.4493	1811.0	9.325	COMPLETED
303	id-00097	1	2	6	5	1802.0	1802.0	1802.22	1802.5844	1807.0	1.324	COMPLETED
303	id-00098	3	2	8	15	1803.0	1803.0	1803.59	1804.0016	1818.0	10.648	COMPLETED
303	id-00099	5	4	9	13	1803.0	1803.0	1803.67	1804.0938	1816.0	26.47	COMPLETED
303	id-00100	5	10	8	12	1805.0	1805.0	1805.3	1805.4596	1817.0	9.024	COMPLETED
303	id-00101	2	2	8	9	1806.0	1806.0	1806.3	1806.7638	1815.0	3.61	COMPLETED
303	id-00102	7	6	3	7	1807.0	1807.0	1807.11	1807.4399	1814.0	4.632	COMPLETED
303	id-00103	3	3	4	9	1808.0	1808.0	1808.16	1808.4173	1817.0	2.888	COMPLETED
303	id-00104	1	2	4	4	1808.0	1808.0	1808.15	1808.5138	1812.0	0.902	COMPLETED
303	id-00105	9	18	1	12	1813.0	1813.0	1813.03	1813.527	1825.0	1.624	COMPLETED
303	id-00106	3	3	4	9	1813.0	1813.0	1813.15	1813.6338	1822.0	2.707	COMPLETED
303	id-00107	6	11	10	12	1814.0	1814.0	1814.32	1814.4624	1826.0	11.551	COMPLETED
303	id-00108	8	12	6	7	1822.0	1822.0	1822.21	1822.6244	1829.0	10.107	COMPLETED
303	id-00109	9	12	4	14	1824.0	1824.0	1824.14	1824.3938	1838.0	7.58	COMPLETED
303	id-00110	4	2	6	4	1824.0	1824.0	1824.22	1824.5195	1828.0	5.294	COMPLETED
303	id-00111	3	3	6	15	1824.0	1824.0	1824.23	1824.5289	1839.0	4.151	COMPLETED
303	id-00112	9	8	9	1	1827.0	1827.0	1827.35	1828.0	1828.0	28.85	EXPIRED
303	id-00113	3	6	2	13	1827.0	1827.0	1827.15	1827.4571	1840.0	2.707	COMPLETED
303	id-00114	4	4	9	6	1827.0	1827.0	1827.69	1828.1741	1833.0	23.109	COMPLETED
303	id-00115	3	5	4	14	1828.0	1828.0	1828.15	1828.5585	1842.0	2.707	COMPLETED
303	id-00116	7	13	1	15	1828.0	1828.0	1828.04	1828.4826	1843.0	2.062	COMPLETED
303	id-00117	10	14	2	8	1829.0	1829.0	1829.08	1829.2845	1837.0	7.83	COMPLETED
303	id-00118	1	2	2	2	1829.0	1829.0	1829.08	1829.2107	1831.0	0.481	COMPLETED
303	id-00119	8	9	7	6	1829.0	1829.0	1829.27	1829.7332	1835.0	18.086	COMPLETED
303	id-00120	7	11	10	12	1830.0	1830.0	1830.38	1830.6261	1842.0	19.585	COMPLETED
303	id-00121	8	10	6	5	1830.0	1830.0	1830.22	1830.6012	1835.0	12.662	COMPLETED
303	id-00122	8	2	1	9	1831.0	1831.0	1831.04	1831.1632	1840.0	2.302	COMPLETED
303	id-00123	3	6	5	11	1832.0	1832.0	1832.37	1832.5745	1843.0	6.678	COMPLETED
303	id-00124	8	16	9	3	1832.0	1832.0	1832.67	1832.9439	1835.0	57.513	COMPLETED
303	id-00125	8	16	4	3	1833.0	1833.0	1833.15	1833.4044	1836.0	10.048	COMPLETED
303	id-00126	5	9	2	1	1833.0	1833.0	1833.07	1834.0	1834.0	2.106	EXPIRED
303	id-00127	10	16	8	4	1833.0	1833.0	1833.35	1833.4752	1837.0	44.155	COMPLETED
303	id-00128	4	5	9	14	1835.0	1835.0	1835.33	1835.7202	1849.0	7.941	COMPLETED
303	id-00129	7	12	8	11	1836.0	1836.0	1836.3	1836.5075	1847.0	12.634	COMPLETED
303	id-00130	9	9	8	4	1837.0	1837.0	1837.3	1837.4349	1841.0	21.9	COMPLETED
303	id-00131	5	9	8	11	1837.0	1837.0	1837.31	1837.5947	1848.0	9.325	COMPLETED
303	id-00132	10	20	5	4	1838.0	1838.0	1838.19	1838.3378	1842.0	16.804	COMPLETED
303	id-00133	5	6	10	4	1839.0	1839.0	1839.37	1839.5776	1843.0	11.13	COMPLETED
303	id-00134	7	3	4	7	1841.0	1841.0	1841.15	1841.6089	1848.0	6.317	COMPLETED
303	id-00135	6	8	5	11	1842.0	1842.0	1842.19	1842.3515	1853.0	6.858	COMPLETED
303	id-00136	3	5	5	6	1845.0	1845.0	1845.2	1845.6624	1851.0	3.61	COMPLETED
303	id-00137	4	3	10	9	1845.0	1845.0	1845.43	1845.782	1854.0	14.402	COMPLETED
303	id-00138	10	7	5	1	1845.0	1845.0	1845.19	1846.0	1846.0	16.804	EXPIRED
303	id-00139	3	5	5	5	1845.0	1845.0	1845.2	1845.4835	1850.0	3.61	COMPLETED
303	id-00140	5	7	7	8	1845.0	1845.0	1845.29	1845.7452	1853.0	11.457	COMPLETED
303	id-00141	9	8	10	2	1846.0	1846.0	1846.37	1846.8287	1848.0	27.01	COMPLETED
303	id-00142	7	11	2	12	1848.0	1848.0	1848.07	1848.2432	1860.0	2.948	COMPLETED
303	id-00143	1	2	2	13	1849.0	1849.0	1849.07	1849.3932	1862.0	0.421	COMPLETED
303	id-00144	7	3	1	3	1850.0	1850.0	1850.04	1850.4143	1853.0	2.439	COMPLETED
303	id-00145	8	14	6	13	1850.0	1850.0	1850.24	1850.4152	1863.0	18.339	COMPLETED
303	id-00146	8	4	3	1	1851.0	1851.0	1851.12	1852.0	1852.0	9.169	EXPIRED
303	id-00147	7	2	4	5	1852.0	1852.0	1852.32	1852.4271	1857.0	19.51	COMPLETED
303	id-00148	3	3	2	10	1852.0	1852.0	1852.16	1852.3809	1862.0	7.413	COMPLETED
303	id-00149	1	2	2	3	1852.0	1852.0	1852.08	1852.3973	1855.0	0.481	COMPLETED
303	id-00150	8	2	5	7	1853.0	1853.0	1853.2	1853.3278	1860.0	15.282	COMPLETED
303	id-00151	2	3	5	1	1855.0	1855.0	1855.2	1856.0	1856.0	2.406	EXPIRED
303	id-00152	3	6	4	1	1856.0	1856.0	1856.16	1857.0	1857.0	2.888	EXPIRED
303	id-00153	1	2	9	13	1858.0	1858.0	1858.36	1858.696	1871.0	2.166	COMPLETED
303	id-00154	1	2	2	4	1861.0	1861.0	1861.08	1861.28	1865.0	0.481	COMPLETED
303	id-00155	10	17	9	8	1861.0	1861.0	1861.36	1861.6511	1869.0	38.628	COMPLETED
303	id-00156	7	11	7	11	1861.0	1861.0	1861.29	1861.4577	1872.0	20.415	COMPLETED
303	id-00157	10	14	10	7	1861.0	1861.0	1861.43	1861.9063	1868.0	54.247	COMPLETED
303	id-00158	1	2	4	9	1862.0	1862.0	1862.15	1862.4877	1871.0	0.902	COMPLETED
303	id-00159	1	2	5	4	1863.0	1863.0	1863.19	1863.5974	1867.0	1.143	COMPLETED
303	id-00160	6	10	5	4	1865.0	1865.0	1865.2	1865.3105	1869.0	9.105	COMPLETED
303	id-00161	4	4	7	4	1866.0	1866.0	1866.56	1866.8842	1870.0	13.476	COMPLETED
303	id-00162	1	2	3	13	1866.0	1866.0	1866.24	1866.7384	1879.0	1.444	COMPLETED
303	id-00163	1	2	10	5	1868.0	1868.0	1868.4	1868.6741	1873.0	2.406	COMPLETED
303	id-00164	10	19	8	2	1871.0	1871.0	1871.31	1871.5518	1873.0	30.34	COMPLETED
303	id-00165	7	4	10	8	1871.0	1871.0	1871.38	1871.5	1879.0	19.585	COMPLETED
303	id-00166	7	6	9	14	1872.0	1872.0	1872.35	1872.8075	1886.0	18.039	COMPLETED
303	id-00167	7	10	4	9	1874.0	1874.0	1874.31	1874.7854	1883.0	15.977	COMPLETED
303	id-00168	3	4	6	2	1874.0	1874.0	1874.46	1874.8251	1876.0	21.313	COMPLETED
303	id-00169	8	12	8	11	1875.0	1875.0	1875.3	1875.5526	1886.0	17.267	COMPLETED
303	id-00170	9	12	8	2	1876.0	1876.0	1876.3	1876.7482	1878.0	21.9	COMPLETED
303	id-00171	7	10	10	5	1878.0	1878.0	1878.77	1879.0365	1883.0	39.686	COMPLETED
303	id-00172	1	2	4	13	1878.0	1878.0	1878.3	1878.7615	1891.0	1.805	COMPLETED
303	id-00173	1	2	8	10	1878.0	1878.0	1878.62	1879.0935	1888.0	9.575	COMPLETED
303	id-00174	9	15	6	4	1878.0	1878.0	1878.44	1878.8489	1882.0	36.268	COMPLETED
303	id-00175	5	10	5	4	1880.0	1880.0	1880.37	1880.5746	1884.0	11.13	COMPLETED
303	id-00176	3	5	3	14	1880.0	1880.0	1880.22	1880.6803	1894.0	6.045	COMPLETED
303	id-00177	3	2	5	10	1880.0	1880.0	1880.19	1880.6848	1890.0	3.429	COMPLETED
303	id-00178	1	2	1	4	1881.0	1881.0	1881.04	1881.5101	1885.0	0.241	COMPLETED
303	id-00179	10	18	4	8	1881.0	1881.0	1881.16	1881.3119	1889.0	17.168	COMPLETED
303	id-00180	2	4	1	4	1881.0	1881.0	1881.04	1881.2402	1885.0	0.481	COMPLETED
303	id-00181	9	13	8	8	1885.0	1885.0	1885.31	1885.5999	1893.0	25.553	COMPLETED
303	id-00182	8	5	3	13	1885.0	1885.0	1885.12	1885.5451	1898.0	9.169	COMPLETED
303	id-00183	6	7	8	13	1886.0	1886.0	1886.31	1886.5025	1899.0	11.19	COMPLETED
303	id-00184	2	4	5	3	1887.0	1887.0	1887.38	1887.6929	1890.0	4.572	COMPLETED
303	id-00185	4	6	2	7	1887.0	1887.0	1887.15	1887.613	1894.0	3.61	COMPLETED
303	id-00186	10	12	4	1	1888.0	1888.0	1888.16	1889.0	1889.0	17.168	EXPIRED
303	id-00187	7	13	7	2	1890.0	1890.0	1890.27	1890.703	1892.0	13.916	COMPLETED
303	id-00188	8	9	7	3	1890.0	1890.0	1890.29	1890.655	1893.0	24.894	COMPLETED
303	id-00189	3	6	10	6	1893.0	1893.0	1893.38	1893.5307	1899.0	6.858	COMPLETED
303	id-00190	3	2	7	4	1895.0	1895.0	1895.54	1895.7369	1899.0	9.746	COMPLETED
303	id-00191	2	3	7	6	1895.0	1895.0	1895.28	1895.4906	1901.0	3.369	COMPLETED
303	id-00192	4	7	2	5	1895.0	1895.0	1895.15	1895.2785	1900.0	5.024	COMPLETED
303	id-00193	2	3	1	8	1896.0	1896.0	1896.04	1896.1529	1904.0	0.481	COMPLETED
303	id-00194	8	3	9	3	1898.0	1898.0	1898.35	1898.8393	1901.0	23.444	COMPLETED
303	id-00195	10	9	9	14	1898.0	1898.0	1898.36	1898.6247	1912.0	38.628	COMPLETED
303	id-00196	8	3	4	8	1899.0	1899.0	1899.15	1899.592	1907.0	10.048	COMPLETED
303	id-00197	5	6	9	11	1900.0	1900.0	1900.35	1900.8202	1911.0	10.528	COMPLETED
303	id-00198	8	9	2	3	1900.0	1900.0	1900.08	1900.1999	1903.0	5.359	COMPLETED
303	id-00199	8	7	5	9	1901.0	1901.0	1901.19	1901.6226	1910.0	12.727	COMPLETED
303	id-00200	6	3	8	3	1903.0	1903.0	1903.31	1903.5919	1906.0	11.19	COMPLETED
303	id-00201	4	8	1	9	1903.0	1903.0	1903.04	1903.4748	1912.0	0.963	COMPLETED
303	id-00202	6	3	9	4	1904.0	1904.0	1904.35	1904.6645	1908.0	12.634	COMPLETED
303	id-00203	7	8	6	13	1905.0	1905.0	1905.22	1905.58	1918.0	9.265	COMPLETED
303	id-00204	1	2	5	2	1906.0	1906.0	1906.19	1906.4189	1908.0	1.143	COMPLETED
303	id-00205	8	15	8	14	1906.0	1906.0	1906.31	1906.4467	1920.0	20.765	COMPLETED
303	id-00206	1	2	10	1	1909.0	1909.0	1909.37	1910.0	1910.0	2.226	EXPIRED
303	id-00207	1	2	8	15	1910.0	1910.0	1910.32	1910.7287	1925.0	1.925	COMPLETED
303	id-00208	8	9	8	7	1913.0	1913.0	1913.32	1913.5245	1920.0	24.452	COMPLETED
303	id-00209	1	2	10	6	1914.0	1914.0	1914.4	1914.7544	1920.0	2.406	COMPLETED
303	id-00210	7	9	5	6	1917.0	1917.0	1917.19	1917.493	1923.0	9.793	COMPLETED
303	id-00211	7	3	4	15	1918.0	1918.0	1918.15	1918.4225	1933.0	7.731	COMPLETED
303	id-00212	7	9	3	10	1918.0	1918.0	1918.12	1918.4428	1928.0	6.185	COMPLETED
303	id-00213	2	2	9	1	1919.0	1919.0	1919.35	1920.0	1920.0	4.211	EXPIRED
303	id-00214	4	6	8	13	1920.0	1920.0	1920.31	1920.6814	1933.0	7.46	COMPLETED
303	id-00215	4	7	3	9	1920.0	1920.0	1920.11	1920.4879	1929.0	2.647	COMPLETED
303	id-00216	4	8	3	13	1922.0	1922.0	1922.11	1922.5391	1935.0	2.647	COMPLETED
303	id-00217	2	2	10	2	1923.0	1923.0	1923.74	1924.0804	1925.0	8.904	COMPLETED
303	id-00218	4	4	6	12	1923.0	1923.0	1923.44	1923.5776	1935.0	10.588	COMPLETED
303	id-00219	8	2	8	5	1925.0	1925.0	1925.31	1925.6078	1930.0	20.765	COMPLETED
303	id-00220	1	2	9	10	1926.0	1926.0	1926.35	1926.5137	1936.0	2.106	COMPLETED
303	id-00221	3	5	10	7	1927.0	1927.0	1927.83	1928.0314	1934.0	14.98	COMPLETED
303	id-00222	5	10	6	9	1927.0	1927.0	1927.69	1928.1777	1936.0	20.755	COMPLETED
303	id-00223	8	7	9	7	1927.0	1927.0	1928.04	1928.3319	1934.0	118.689	COMPLETED
303	id-00224	5	2	9	13	1927.0	1927.0	1927.75	1927.9551	1940.0	50.844	COMPLETED
303	id-00225	2	2	3	11	1927.0	1927.0	1927.35	1927.5345	1938.0	10.811	COMPLETED
303	id-00226	7	13	9	15	1928.0	1928.0	1928.38	1928.6447	1943.0	26.75	COMPLETED
303	id-00227	3	2	10	15	1928.0	1928.0	1928.42	1928.8054	1943.0	7.58	COMPLETED
303	id-00228	8	7	10	7	1928.0	1928.0	1928.42	1928.7295	1935.0	36.053	COMPLETED
303	id-00229	6	4	7	7	1929.0	1929.0	1929.29	1929.5614	1936.0	15.936	COMPLETED
303	id-00230	3	6	4	3	1929.0	1929.0	1929.15	1929.3165	1932.0	2.707	COMPLETED
303	id-00231	9	14	5	15	1930.0	1930.0	1930.18	1930.6152	1945.0	11.443	COMPLETED
303	id-00232	6	11	8	13	1934.0	1934.0	1934.29	1934.5222	1947.0	10.468	COMPLETED
303	id-00233	6	9	5	14	1935.0	1935.0	1935.17	1935.5609	1949.0	6.136	COMPLETED
303	id-00234	2	4	5	1	1937.0	1937.0	1937.17	1938.0	1938.0	2.045	EXPIRED
303	id-00235	7	3	9	2	1938.0	1938.0	1938.62	1938.9206	1940.0	26.109	COMPLETED
303	id-00236	1	2	8	13	1938.0	1938.0	1938.55	1938.7911	1951.0	3.309	COMPLETED
303	id-00237	9	6	4	4	1941.0	1941.0	1941.14	1941.3033	1945.0	7.58	COMPLETED
303	id-00238	6	10	6	7	1943.0	1943.0	1943.21	1943.4928	1950.0	7.58	COMPLETED
303	id-00239	10	5	6	11	1943.0	1943.0	1943.23	1943.4711	1954.0	22.511	COMPLETED
303	id-00240	3	3	6	4	1944.0	1944.0	1944.23	1944.5454	1948.0	4.151	COMPLETED
303	id-00241	4	2	3	1	1944.0	1944.0	1944.1	1945.0	1945.0	2.406	EXPIRED
303	id-00242	10	13	3	1	1945.0	1945.0	1945.09	1946.0	1946.0	5.414	EXPIRED
303	id-00243	4	6	10	7	1946.0	1946.0	1946.31	1946.4308	1953.0	7.46	COMPLETED
303	id-00244	8	16	6	12	1948.0	1948.0	1948.19	1948.3932	1960.0	9.144	COMPLETED
303	id-00245	6	3	4	9	1949.0	1949.0	1949.16	1949.3653	1958.0	7.284	COMPLETED
303	id-00246	7	2	9	15	1949.0	1949.0	1949.38	1949.579	1964.0	26.75	COMPLETED
303	id-00247	7	4	2	5	1949.0	1949.0	1949.06	1949.3613	1954.0	2.527	COMPLETED
303	id-00248	2	3	2	3	1950.0	1950.0	1950.07	1950.5573	1953.0	0.842	COMPLETED
303	id-00249	7	7	9	6	1951.0	1951.0	1951.3	1951.5582	1957.0	12.634	COMPLETED
303	id-00250	3	4	3	7	1953.0	1953.0	1953.2	1953.5318	1960.0	3.61	COMPLETED
303	id-00251	6	6	2	8	1953.0	1953.0	1953.13	1953.308	1961.0	4.692	COMPLETED
303	id-00252	10	10	1	14	1956.0	1956.0	1956.04	1956.1787	1970.0	3.538	COMPLETED
303	id-00253	8	8	1	5	1958.0	1958.0	1958.04	1958.4794	1963.0	2.302	COMPLETED
303	id-00254	1	2	10	14	1960.0	1960.0	1960.37	1960.5413	1974.0	2.226	COMPLETED
303	id-00255	10	4	9	9	1960.0	1960.0	1960.33	1960.5237	1969.0	29.187	COMPLETED
303	id-00256	9	17	3	1	1962.0	1962.0	1962.11	1963.0	1963.0	8.03	EXPIRED
303	id-00257	3	6	10	15	1962.0	1962.0	1962.37	1962.5204	1977.0	6.678	COMPLETED
303	id-00258	9	2	9	10	1963.0	1963.0	1963.33	1963.7823	1973.0	24.09	COMPLETED
303	id-00259	8	14	7	11	1963.0	1963.0	1963.26	1963.5219	1974.0	14.965	COMPLETED
303	id-00260	6	12	8	14	1965.0	1965.0	1965.31	1965.6704	1979.0	11.19	COMPLETED
303	id-00261	5	7	4	6	1965.0	1965.0	1965.15	1965.5587	1971.0	4.512	COMPLETED
303	id-00262	10	19	7	1	1966.0	1966.0	1966.26	1967.0	1967.0	22.995	EXPIRED
303	id-00263	9	15	1	13	1967.0	1967.0	1967.04	1967.2077	1980.0	2.92	COMPLETED
303	id-00264	10	7	5	7	1969.0	1969.0	1969.19	1969.4607	1976.0	16.804	COMPLETED
303	id-00265	10	3	2	8	1969.0	1969.0	1969.08	1969.2345	1977.0	7.83	COMPLETED
303	id-00266	7	7	7	6	1970.0	1970.0	1970.26	1970.5461	1976.0	10.949	COMPLETED
303	id-00267	4	8	1	7	1973.0	1973.0	1973.07	1973.3684	1980.0	1.684	COMPLETED
303	id-00268	5	3	6	4	1973.0	1973.0	1973.44	1973.6842	1977.0	21.532	COMPLETED
303	id-00269	8	12	4	15	1973.0	1973.0	1973.16	1973.4422	1988.0	12.226	COMPLETED
303	id-00270	3	4	1	7	1974.0	1974.0	1974.04	1974.2043	1981.0	0.722	COMPLETED
303	id-00271	2	2	7	4	1975.0	1975.0	1975.56	1975.8298	1979.0	6.738	COMPLETED
303	id-00272	3	3	5	5	1975.0	1975.0	1975.4	1975.8029	1980.0	7.219	COMPLETED
303	id-00273	7	13	2	2	1976.0	1976.0	1976.08	1976.4827	1978.0	4.877	COMPLETED
303	id-00274	3	5	9	13	1976.0	1976.0	1976.36	1976.7393	1989.0	6.497	COMPLETED
303	id-00275	10	11	10	2	1977.0	1977.0	1977.4	1977.6555	1979.0	42.92	COMPLETED
303	id-00276	7	2	8	15	1979.0	1979.0	1979.64	1980.0361	1994.0	39.02	COMPLETED
303	id-00277	8	7	9	11	1979.0	1979.0	1979.72	1979.9937	1990.0	88.957	COMPLETED
303	id-00278	10	8	2	3	1979.0	1979.0	1979.08	1979.1836	1982.0	8.584	COMPLETED
303	id-00279	8	5	7	1	1980.0	1980.0	1980.26	1981.0	1981.0	14.965	EXPIRED
303	id-00280	1	2	6	11	1981.0	1981.0	1981.22	1981.6535	1992.0	1.324	COMPLETED
303	id-00281	6	2	7	14	1981.0	1981.0	1981.27	1981.6087	1995.0	9.746	COMPLETED
303	id-00282	1	2	8	13	1984.0	1984.0	1984.31	1984.413	1997.0	1.865	COMPLETED
303	id-00283	8	9	9	6	1984.0	1984.0	1984.67	1984.8447	1990.0	38.563	COMPLETED
303	id-00284	3	4	4	8	1984.0	1984.0	1984.3	1984.4407	1992.0	13.9	COMPLETED
303	id-00285	8	10	3	6	1988.0	1988.0	1988.12	1988.5277	1994.0	8.038	COMPLETED
303	id-00286	4	3	5	5	1990.0	1990.0	1990.19	1990.3875	1995.0	4.572	COMPLETED
303	id-00287	9	13	5	7	1990.0	1990.0	1990.19	1990.6746	1997.0	13.87	COMPLETED
303	id-00288	8	12	8	11	1990.0	1990.0	1990.32	1990.6198	2001.0	24.452	COMPLETED
303	id-00289	9	9	4	14	1991.0	1991.0	1991.15	1991.5485	2005.0	10.95	COMPLETED
303	id-00290	4	4	2	13	1991.0	1991.0	1991.07	1991.1876	2004.0	1.684	COMPLETED
303	id-00291	9	4	6	2	1992.0	1992.0	1992.22	1992.5953	1994.0	16.06	COMPLETED
303	id-00292	8	15	6	2	1993.0	1993.0	1993.22	1993.7135	1995.0	12.662	COMPLETED
303	id-00293	3	4	9	5	1997.0	1997.0	1997.62	1997.7552	2002.0	11.19	COMPLETED
303	id-00294	6	3	1	14	1997.0	1997.0	1997.07	1997.3845	2011.0	2.527	COMPLETED
303	id-00295	7	14	8	9	1998.0	1998.0	1998.32	1998.8176	2007.0	19.51	COMPLETED
303	id-00296	3	5	10	10	1998.0	1998.0	1998.4	1998.811	2008.0	7.219	COMPLETED
303	id-00297	6	5	5	6	1998.0	1998.0	1998.17	1998.3034	2004.0	6.136	COMPLETED
303	id-00298	3	3	9	6	1999.0	1999.0	1999.62	1999.8355	2005.0	11.19	COMPLETED
303	id-00299	8	15	3	9	1999.0	1999.0	1999.21	1999.3913	2008.0	14.067	COMPLETED
303	id-00300	1	2	9	12	2000.0	2000.0	2000.35	2000.4738	2012.0	2.106	COMPLETED
303	id-00301	1	2	4	6	2000.0	2000.0	2000.13	2000.3257	2006.0	0.782	COMPLETED
303	id-00302	10	7	4	13	2001.0	2001.0	2001.13	2014.0	2014.0	None	SUBMITTED
