0.001924276351928711
0.002372264862060547
0.00189208984375
0.0009908676147460938
0.0011246204376220703
0.0011417865753173828
0.0010077953338623047
0.0008223056793212891
0.0012602806091308594
0.0017971992492675781
0.0016105175018310547
0.0008404254913330078
0.0015342235565185547
0.0007810592651367188
0.002296924591064453
0.0010623931884765625
0.0017876625061035156
0.002382993698120117
0.002192258834838867
0.0012006759643554688
0.0010383129119873047
0.0009572505950927734
0.0009715557098388672
0.0009436607360839844
0.0011539459228515625
0.0008692741394042969
0.001333475112915039
0.001073598861694336
0.002166271209716797
0.0008518695831298828
0.0018389225006103516
0.000980377197265625
0.0017027854919433594
0.0023345947265625
0.0008063316345214844
0.001262664794921875
0.0008225440979003906
0.003086566925048828
0.0008187294006347656
0.001394033432006836
0.0008864402770996094
0.0015139579772949219
0.0008950233459472656
0.0015020370483398438
0.0009467601776123047
0.0009281635284423828
0.0009119510650634766
0.002116680145263672
0.0014526844024658203
0.0006580352783203125
0.0016512870788574219
0.0010917186737060547
0.00078582763671875
0.0014047622680664062
0.0006947517395019531
0.0008234977722167969
0.0020952224731445312
0.0015249252319335938
0.0009541511535644531
0.0009000301361083984
0.0007991790771484375
0.001476287841796875
0.0014171600341796875
0.000949859619140625
0.0008893013000488281
0.0008094310760498047
0.0008416175842285156
0.0008339881896972656
0.002900362014770508
0.0008075237274169922
0.0014243125915527344
0.0014653205871582031
0.0019676685333251953
0.0013408660888671875
0.0010514259338378906
0.0015115737915039062
0.000978231430053711
0.0007290840148925781
0.0010750293731689453
0.0015523433685302734
0.0017173290252685547
0.0008833408355712891
0.0008003711700439453
0.0007157325744628906
0.001959085464477539
0.0008463859558105469
0.0019526481628417969
0.0008730888366699219
0.001645803451538086
0.0014142990112304688
0.0012700557708740234
0.0007534027099609375
0.0011909008026123047
0.0014197826385498047
0.0007574558258056641
0.003284454345703125
0.0013654232025146484
0.0018024444580078125
0.0008540153503417969
0.0018723011016845703
0.0009679794311523438
0.0013768672943115234
0.0009264945983886719
0.0007612705230712891
0.00110626220703125
0.0014681816101074219
0.0007150173187255859
0.0007529258728027344
0.0011301040649414062
0.0008871555328369141
0.001821279525756836
0.0009634494781494141
0.002135038375854492
0.0009703636169433594
0.0008673667907714844
0.0008108615875244141
0.002584695816040039
0.0009529590606689453
0.0008516311645507812
0.0009708404541015625
0.001581430435180664
0.0007483959197998047
0.0007240772247314453
0.0009829998016357422
0.0019075870513916016
0.0017964839935302734
0.0010161399841308594
0.001096963882446289
0.0008637905120849609
0.0009970664978027344
0.000919342041015625
0.0019083023071289062
0.0029296875
0.0009131431579589844
0.0007374286651611328
0.0015347003936767578
0.0013740062713623047
0.0007791519165039062
0.0007154941558837891
0.002046346664428711
0.0013780593872070312
0.0009028911590576172
0.001379251480102539
0.0007154941558837891
0.0019409656524658203
0.0014209747314453125
0.0008597373962402344
0.00092315673828125
0.0008759498596191406
0.0007781982421875
0.0013568401336669922
0.0014622211456298828
0.0013799667358398438
0.0008976459503173828
0.001483917236328125
0.0007748603820800781
0.0012924671173095703
0.0012810230255126953
0.0008363723754882812
0.0009539127349853516
0.0009286403656005859
0.0009007453918457031
0.0011806488037109375
0.0009453296661376953
0.0008728504180908203
0.0007901191711425781
0.0009922981262207031
0.0007634162902832031
0.0008242130279541016
0.0009150505065917969
0.0008792877197265625
0.0007903575897216797
0.0014336109161376953
0.0008945465087890625
0.0008783340454101562
0.0013477802276611328
0.0014226436614990234
0.0009086132049560547
0.000720977783203125
0.0007259845733642578
0.0008513927459716797
0.0014302730560302734
0.0008716583251953125
0.0007152557373046875
0.0007205009460449219
0.0008285045623779297
0.0007846355438232422
0.0008149147033691406
0.0009067058563232422
0.0008211135864257812
0.0009191036224365234
0.0007781982421875
0.0016901493072509766
0.0009074211120605469
