322	id-00000	2	4	2	2	1700.0	1700.0	1700.08	1700.2127	1702.0	0.963	COMPLETED
322	id-00001	8	13	8	15	1701.0	1701.0	1701.32	1701.4745	1716.0	24.452	COMPLETED
322	id-00002	6	5	5	4	1702.0	1702.0	1702.2	1702.444	1706.0	9.105	COMPLETED
322	id-00003	1	2	7	4	1704.0	1704.0	1704.58	1705.0526	1708.0	3.489	COMPLETED
322	id-00004	8	9	3	2	1704.0	1704.0	1704.12	1704.5109	1706.0	9.169	COMPLETED
322	id-00005	3	2	8	3	1704.0	1704.0	1704.67	1704.9984	1707.0	12.092	COMPLETED
322	id-00006	5	2	7	5	1705.0	1705.0	1705.29	1705.6891	1710.0	11.457	COMPLETED
322	id-00007	6	4	1	4	1708.0	1708.0	1708.04	1708.3925	1712.0	2.198	COMPLETED
322	id-00008	9	9	6	15	1712.0	1712.0	1712.25	1712.4627	1727.0	25.321	COMPLETED
322	id-00009	9	18	10	5	1714.0	1714.0	1714.42	1714.7553	1719.0	42.539	COMPLETED
322	id-00010	5	3	1	7	1715.0	1715.0	1715.08	1715.4826	1722.0	2.406	COMPLETED
322	id-00011	8	7	4	3	1715.0	1715.0	1715.32	1715.5032	1718.0	39.537	COMPLETED
322	id-00012	3	3	2	7	1715.0	1715.0	1715.08	1715.2742	1722.0	1.444	COMPLETED
322	id-00013	6	12	4	10	1715.0	1715.0	1715.17	1715.6526	1725.0	10.945	COMPLETED
322	id-00014	7	4	8	14	1717.0	1717.0	1717.32	1717.695	1731.0	19.51	COMPLETED
322	id-00015	9	14	1	7	1718.0	1718.0	1718.04	1718.4953	1725.0	3.674	COMPLETED
322	id-00016	8	15	5	5	1719.0	1719.0	1719.21	1719.4789	1724.0	18.026	COMPLETED
322	id-00017	10	11	3	2	1719.0	1719.0	1719.12	1719.2979	1721.0	12.876	COMPLETED
322	id-00018	8	11	1	9	1720.0	1720.0	1720.08	1720.3029	1729.0	6.867	COMPLETED
322	id-00019	3	3	8	11	1720.0	1720.0	1720.35	1720.5485	1731.0	6.317	COMPLETED
322	id-00020	3	6	2	3	1720.0	1720.0	1720.17	1720.4236	1723.0	7.876	COMPLETED
322	id-00021	9	16	3	3	1722.0	1722.0	1722.12	1722.5693	1725.0	12.154	COMPLETED
322	id-00022	10	8	9	7	1725.0	1725.0	1725.38	1725.6785	1732.0	44.357	COMPLETED
322	id-00023	4	5	2	2	1725.0	1725.0	1725.08	1725.2076	1727.0	1.925	COMPLETED
322	id-00024	10	17	4	7	1727.0	1727.0	1727.17	1727.2942	1734.0	19.844	COMPLETED
322	id-00025	7	7	10	14	1730.0	1730.0	1730.42	1730.7113	1744.0	29.566	COMPLETED
322	id-00026	1	2	4	3	1732.0	1732.0	1732.17	1732.6077	1735.0	1.023	COMPLETED
322	id-00027	3	3	4	11	1732.0	1732.0	1732.17	1732.2999	1743.0	3.068	COMPLETED
322	id-00028	7	10	1	9	1733.0	1733.0	1733.04	1733.2034	1742.0	2.816	COMPLETED
322	id-00029	5	5	3	15	1733.0	1733.0	1733.12	1733.5562	1748.0	4.741	COMPLETED
322	id-00030	3	3	9	10	1735.0	1735.0	1735.39	1735.5902	1745.0	7.039	COMPLETED
322	id-00031	5	8	8	4	1735.0	1735.0	1735.32	1735.7405	1739.0	9.626	COMPLETED
322	id-00032	7	4	8	6	1736.0	1736.0	1736.96	1737.1913	1742.0	58.529	COMPLETED
322	id-00033	3	3	7	7	1736.0	1736.0	1736.84	1737.0609	1743.0	38.919	COMPLETED
322	id-00034	3	5	4	12	1736.0	1736.0	1736.48	1736.7333	1748.0	22.239	COMPLETED
322	id-00035	1	2	2	4	1737.0	1737.0	1737.16	1737.3516	1741.0	0.963	COMPLETED
322	id-00036	5	2	2	7	1737.0	1737.0	1737.09	1737.5801	1744.0	4.404	COMPLETED
322	id-00037	6	3	6	9	1737.0	1737.0	1737.52	1737.9991	1746.0	33.478	COMPLETED
322	id-00038	8	3	10	1	1737.0	1737.0	1737.87	1738.0	1738.0	107.49	EXPIRED
322	id-00039	6	3	10	6	1737.0	1737.0	1737.43	1737.8292	1743.0	27.683	COMPLETED
322	id-00040	4	8	6	1	1737.0	1737.0	1737.48	1738.0	1738.0	11.551	EXPIRED
322	id-00041	5	5	5	8	1738.0	1738.0	1738.2	1738.326	1746.0	6.016	COMPLETED
322	id-00042	5	10	6	14	1738.0	1738.0	1738.26	1738.5013	1752.0	12.723	COMPLETED
322	id-00043	1	2	2	1	1739.0	1739.0	1739.08	1740.0	1740.0	0.481	EXPIRED
322	id-00044	6	9	8	11	1739.0	1739.0	1739.35	1739.5863	1750.0	22.533	COMPLETED
322	id-00045	4	3	7	1	1739.0	1739.0	1739.3	1740.0	1740.0	10.048	EXPIRED
322	id-00046	7	4	7	3	1739.0	1739.0	1739.3	1739.7295	1742.0	23.947	COMPLETED
322	id-00047	3	2	5	3	1740.0	1740.0	1740.2	1740.4839	1743.0	3.61	COMPLETED
322	id-00048	9	13	9	9	1741.0	1741.0	1741.36	1741.5611	1750.0	33.068	COMPLETED
322	id-00049	5	4	6	4	1742.0	1742.0	1742.48	1742.7244	1746.0	14.438	COMPLETED
322	id-00050	4	6	5	10	1742.0	1742.0	1742.4	1742.6742	1752.0	24.71	COMPLETED
322	id-00051	7	4	9	6	1743.0	1743.0	1743.36	1743.698	1749.0	21.948	COMPLETED
322	id-00052	2	3	5	10	1744.0	1744.0	1744.2	1744.5697	1754.0	2.406	COMPLETED
322	id-00053	2	4	9	10	1744.0	1744.0	1744.36	1744.685	1754.0	4.332	COMPLETED
322	id-00054	2	4	8	6	1746.0	1746.0	1746.67	1746.9334	1752.0	8.061	COMPLETED
322	id-00055	4	4	2	15	1746.0	1746.0	1746.17	1746.4537	1761.0	7.296	COMPLETED
322	id-00056	1	2	1	9	1750.0	1750.0	1750.04	1750.1948	1759.0	0.241	COMPLETED
322	id-00057	10	18	9	5	1750.0	1750.0	1750.39	1750.5496	1755.0	49.201	COMPLETED
322	id-00058	8	16	5	10	1750.0	1750.0	1750.22	1750.4307	1760.0	20.959	COMPLETED
322	id-00059	3	5	6	4	1753.0	1753.0	1753.25	1753.5529	1757.0	4.512	COMPLETED
322	id-00060	1	2	4	2	1754.0	1754.0	1754.33	1754.6892	1756.0	1.985	COMPLETED
322	id-00061	4	5	6	1	1754.0	1754.0	1754.5	1755.0	1755.0	16.746	EXPIRED
322	id-00062	10	2	2	6	1754.0	1754.0	1754.09	1754.4188	1760.0	11.354	COMPLETED
322	id-00063	10	17	8	2	1755.0	1755.0	1755.33	1755.8107	1757.0	38.52	COMPLETED
322	id-00064	9	17	5	5	1756.0	1756.0	1756.21	1756.4567	1761.0	21.27	COMPLETED
322	id-00065	9	6	1	2	1757.0	1757.0	1757.04	1757.1738	1759.0	4.051	COMPLETED
322	id-00066	8	7	2	9	1757.0	1757.0	1757.17	1757.571	1766.0	14.593	COMPLETED
322	id-00067	10	6	3	2	1757.0	1757.0	1757.25	1757.5826	1759.0	38.61	COMPLETED
322	id-00068	10	20	10	1	1758.0	1758.0	1758.42	1759.0	1759.0	49.026	EXPIRED
322	id-00069	8	8	5	8	1758.0	1758.0	1758.21	1758.4063	1766.0	18.026	COMPLETED
322	id-00070	5	2	10	11	1758.0	1758.0	1758.43	1758.8642	1769.0	21.042	COMPLETED
322	id-00071	1	2	5	7	1759.0	1759.0	1759.42	1759.9152	1766.0	2.527	COMPLETED
322	id-00072	7	13	4	8	1759.0	1759.0	1759.33	1759.4531	1767.0	26.342	COMPLETED
322	id-00073	5	3	1	11	1760.0	1760.0	1760.08	1760.214	1771.0	3.161	COMPLETED
322	id-00074	10	15	5	10	1760.0	1760.0	1760.42	1760.6893	1770.0	64.865	COMPLETED
322	id-00075	1	2	4	1	1766.0	1766.0	1766.17	1767.0	1767.0	1.023	EXPIRED
322	id-00076	5	6	6	14	1768.0	1768.0	1768.26	1768.4959	1782.0	12.723	COMPLETED
322	id-00077	9	7	5	7	1770.0	1770.0	1770.21	1770.3238	1777.0	21.27	COMPLETED
322	id-00078	9	12	9	15	1772.0	1772.0	1772.39	1772.5184	1787.0	43.178	COMPLETED
322	id-00079	7	14	9	6	1772.0	1772.0	1772.39	1772.8346	1778.0	31.131	COMPLETED
322	id-00080	9	17	4	6	1772.0	1772.0	1772.17	1772.5744	1778.0	17.218	COMPLETED
322	id-00081	8	10	4	8	1773.0	1773.0	1773.17	1773.6388	1781.0	16.196	COMPLETED
322	id-00082	4	3	4	6	1773.0	1773.0	1773.17	1773.5903	1779.0	4.091	COMPLETED
322	id-00083	2	2	7	11	1774.0	1774.0	1774.29	1774.3941	1785.0	3.489	COMPLETED
322	id-00084	9	15	8	7	1775.0	1775.0	1775.32	1775.5212	1782.0	29.394	COMPLETED
322	id-00085	2	2	9	13	1775.0	1775.0	1775.36	1775.8059	1788.0	4.332	COMPLETED
322	id-00086	9	2	7	12	1776.0	1776.0	1776.64	1776.9847	1788.0	76.89	COMPLETED
322	id-00087	2	2	7	6	1776.0	1776.0	1776.56	1776.8075	1782.0	6.738	COMPLETED
322	id-00088	9	15	8	5	1776.0	1776.0	1776.64	1776.8807	1781.0	70.856	COMPLETED
322	id-00089	2	3	7	10	1776.0	1776.0	1776.29	1776.5361	1786.0	3.489	COMPLETED
322	id-00090	1	2	8	11	1776.0	1776.0	1776.73	1776.9322	1787.0	11.274	COMPLETED
322	id-00091	2	4	5	4	1776.0	1776.0	1776.4	1776.8975	1780.0	4.813	COMPLETED
322	id-00092	3	2	2	5	1776.0	1776.0	1776.16	1776.2944	1781.0	2.888	COMPLETED
322	id-00093	10	8	6	2	1777.0	1777.0	1777.24	1777.4422	1779.0	25.752	COMPLETED
322	id-00094	8	13	2	14	1778.0	1778.0	1778.08	1778.4992	1792.0	6.113	COMPLETED
322	id-00095	2	3	3	11	1779.0	1779.0	1779.12	1779.568	1790.0	1.444	COMPLETED
322	id-00096	1	2	2	11	1780.0	1780.0	1780.08	1780.3526	1791.0	0.481	COMPLETED
322	id-00097	9	10	10	4	1780.0	1780.0	1780.42	1780.7709	1784.0	42.539	COMPLETED
322	id-00098	4	6	7	5	1781.0	1781.0	1781.27	1781.3843	1786.0	6.497	COMPLETED
322	id-00099	2	4	1	9	1784.0	1784.0	1784.08	1784.3658	1793.0	0.963	COMPLETED
322	id-00100	6	3	9	3	1784.0	1784.0	1784.69	1785.0483	1787.0	37.917	COMPLETED
322	id-00101	10	15	10	12	1788.0	1788.0	1788.4	1788.8002	1800.0	42.92	COMPLETED
322	id-00102	5	10	1	9	1789.0	1789.0	1789.04	1789.2456	1798.0	1.203	COMPLETED
322	id-00103	1	2	8	4	1791.0	1791.0	1791.62	1791.8487	1795.0	3.73	COMPLETED
322	id-00104	7	4	7	9	1791.0	1791.0	1791.54	1791.8956	1800.0	32.923	COMPLETED
322	id-00105	4	8	8	5	1795.0	1795.0	1795.3	1795.6675	1800.0	7.219	COMPLETED
322	id-00106	7	3	6	11	1795.0	1795.0	1795.24	1795.3544	1806.0	14.632	COMPLETED
322	id-00107	6	7	5	11	1796.0	1796.0	1796.19	1796.2972	1807.0	6.858	COMPLETED
322	id-00108	8	9	6	13	1797.0	1797.0	1797.22	1797.5683	1810.0	12.662	COMPLETED
322	id-00109	9	17	10	13	1798.0	1798.0	1798.37	1798.5117	1811.0	27.01	COMPLETED
322	id-00110	3	2	9	1	1799.0	1799.0	1799.33	1800.0	1800.0	5.956	EXPIRED
322	id-00111	8	11	6	4	1799.0	1799.0	1799.24	1799.4238	1803.0	18.339	COMPLETED
322	id-00112	9	3	9	1	1800.0	1800.0	1800.33	1801.0	1801.0	24.09	EXPIRED
322	id-00113	2	3	2	9	1800.0	1800.0	1800.08	1800.5247	1809.0	0.963	COMPLETED
322	id-00114	5	5	6	1	1806.0	1806.0	1806.44	1807.0	1807.0	13.235	EXPIRED
322	id-00115	4	8	8	10	1806.0	1806.0	1806.32	1806.8048	1816.0	7.7	COMPLETED
322	id-00116	1	2	2	5	1806.0	1806.0	1806.15	1806.5066	1811.0	0.902	COMPLETED
322	id-00117	8	16	6	7	1812.0	1812.0	1812.19	1812.4886	1819.0	9.144	COMPLETED
322	id-00118	2	2	5	13	1813.0	1813.0	1813.16	1813.2715	1826.0	1.925	COMPLETED
322	id-00119	9	15	9	10	1813.0	1813.0	1813.35	1813.6089	1823.0	28.85	COMPLETED
322	id-00120	6	3	4	8	1814.0	1814.0	1814.13	1814.4756	1822.0	4.692	COMPLETED
322	id-00121	2	4	4	9	1814.0	1814.0	1814.15	1814.3232	1823.0	1.805	COMPLETED
322	id-00122	10	15	9	2	1815.0	1815.0	1815.35	1815.6383	1817.0	34.255	COMPLETED
322	id-00123	9	12	4	2	1815.0	1815.0	1815.14	1815.4559	1817.0	7.58	COMPLETED
322	id-00124	10	4	7	6	1816.0	1816.0	1816.27	1816.5108	1822.0	26.425	COMPLETED
322	id-00125	10	15	4	11	1817.0	1817.0	1817.15	1817.5742	1828.0	14.681	COMPLETED
322	id-00126	2	3	3	15	1818.0	1818.0	1818.1	1818.5048	1833.0	1.203	COMPLETED
322	id-00127	2	2	10	12	1819.0	1819.0	1819.38	1819.7715	1831.0	4.572	COMPLETED
322	id-00128	7	9	7	3	1819.0	1819.0	1819.24	1819.5256	1822.0	10.107	COMPLETED
322	id-00129	9	8	9	5	1820.0	1820.0	1820.31	1820.4862	1825.0	16.785	COMPLETED
322	id-00130	6	5	4	12	1824.0	1824.0	1824.14	1824.6263	1836.0	5.053	COMPLETED
322	id-00131	6	12	6	2	1825.0	1825.0	1825.23	1825.4583	1827.0	8.302	COMPLETED
322	id-00132	3	5	9	3	1828.0	1828.0	1828.35	1828.491	1831.0	6.317	COMPLETED
322	id-00133	9	5	3	10	1829.0	1829.0	1829.12	1829.457	1839.0	9.891	COMPLETED
322	id-00134	10	14	3	12	1829.0	1829.0	1829.12	1829.4008	1841.0	11.745	COMPLETED
322	id-00135	8	10	5	10	1829.0	1829.0	1829.19	1829.3471	1839.0	12.727	COMPLETED
322	id-00136	9	2	4	12	1830.0	1830.0	1830.3	1830.465	1842.0	21.9	COMPLETED
322	id-00137	4	7	8	1	1830.0	1830.0	1830.59	1831.0	1831.0	36.448	EXPIRED
322	id-00138	3	3	5	12	1832.0	1832.0	1832.19	1832.3987	1844.0	3.429	COMPLETED
322	id-00139	3	6	5	4	1832.0	1832.0	1832.37	1832.8549	1836.0	6.678	COMPLETED
322	id-00140	3	6	3	10	1832.0	1832.0	1832.22	1832.6922	1842.0	3.971	COMPLETED
322	id-00141	7	3	10	4	1833.0	1833.0	1833.37	1833.6292	1837.0	15.581	COMPLETED
322	id-00142	7	8	10	11	1833.0	1833.0	1833.38	1833.6238	1844.0	19.585	COMPLETED
322	id-00143	8	4	1	15	1836.0	1836.0	1836.08	1836.4611	1851.0	5.359	COMPLETED
322	id-00144	9	6	2	8	1836.0	1836.0	1836.15	1836.3666	1844.0	20.849	COMPLETED
322	id-00145	2	4	1	4	1836.0	1836.0	1836.04	1836.152	1840.0	0.481	COMPLETED
322	id-00146	3	3	4	9	1839.0	1839.0	1839.15	1839.4995	1848.0	2.707	COMPLETED
322	id-00147	1	2	4	9	1842.0	1842.0	1842.3	1842.6497	1851.0	1.805	COMPLETED
322	id-00148	10	3	3	15	1842.0	1842.0	1842.22	1842.5847	1857.0	21.532	COMPLETED
322	id-00149	9	8	8	2	1843.0	1843.0	1843.3	1843.4798	1845.0	21.9	COMPLETED
322	id-00150	8	2	2	6	1844.0	1844.0	1844.07	1844.3442	1850.0	4.029	COMPLETED
322	id-00151	1	2	4	8	1845.0	1845.0	1845.15	1845.549	1853.0	0.902	COMPLETED
322	id-00152	3	3	5	4	1847.0	1847.0	1847.19	1847.6296	1851.0	3.429	COMPLETED
322	id-00153	8	9	2	5	1848.0	1848.0	1848.15	1848.3983	1853.0	8.633	COMPLETED
322	id-00154	3	3	8	3	1848.0	1848.0	1848.59	1848.8203	1851.0	27.336	COMPLETED
322	id-00155	1	2	2	7	1849.0	1849.0	1849.07	1849.2864	1856.0	0.421	COMPLETED
322	id-00156	2	4	5	12	1850.0	1850.0	1850.2	1850.5019	1862.0	2.406	COMPLETED
322	id-00157	5	8	4	7	1851.0	1851.0	1851.16	1851.6513	1858.0	4.813	COMPLETED
322	id-00158	1	2	3	9	1852.0	1852.0	1852.12	1852.5055	1861.0	0.722	COMPLETED
322	id-00159	9	17	6	9	1855.0	1855.0	1855.24	1855.5363	1864.0	22.045	COMPLETED
322	id-00160	1	2	6	5	1855.0	1855.0	1855.24	1855.7193	1860.0	1.444	COMPLETED
322	id-00161	10	20	3	3	1857.0	1857.0	1857.12	1857.2998	1860.0	12.876	COMPLETED
322	id-00162	3	3	8	4	1858.0	1858.0	1858.32	1858.6659	1862.0	5.775	COMPLETED
322	id-00163	9	4	10	1	1860.0	1860.0	1860.38	1861.0	1861.0	31.323	EXPIRED
322	id-00164	7	6	3	1	1861.0	1861.0	1861.12	1862.0	1862.0	6.185	EXPIRED
322	id-00165	4	8	8	9	1863.0	1863.0	1863.31	1863.4789	1872.0	7.46	COMPLETED
322	id-00166	10	8	6	11	1864.0	1864.0	1864.23	1864.3479	1875.0	22.511	COMPLETED
322	id-00167	8	5	1	4	1865.0	1865.0	1865.04	1865.2266	1869.0	3.056	COMPLETED
322	id-00168	10	15	4	13	1865.0	1865.0	1865.32	1865.7929	1878.0	34.336	COMPLETED
322	id-00169	2	3	9	7	1865.0	1865.0	1865.72	1865.9984	1872.0	22.239	COMPLETED
322	id-00170	10	2	1	11	1867.0	1867.0	1867.04	1867.4609	1878.0	4.292	COMPLETED
322	id-00171	6	11	4	5	1867.0	1867.0	1867.16	1867.371	1872.0	7.284	COMPLETED
322	id-00172	4	3	2	15	1868.0	1868.0	1868.08	1868.5118	1883.0	1.925	COMPLETED
322	id-00173	9	4	7	15	1868.0	1868.0	1868.28	1868.7103	1883.0	25.72	COMPLETED
322	id-00174	1	2	1	8	1869.0	1869.0	1869.08	1869.5078	1877.0	0.481	COMPLETED
322	id-00175	4	3	4	3	1869.0	1869.0	1869.32	1869.6034	1872.0	7.7	COMPLETED
322	id-00176	9	3	6	9	1872.0	1872.0	1872.23	1872.3951	1881.0	18.958	COMPLETED
322	id-00177	4	2	1	15	1873.0	1873.0	1873.04	1873.2165	1888.0	0.963	COMPLETED
322	id-00178	5	3	3	15	1874.0	1874.0	1874.12	1874.5804	1889.0	3.61	COMPLETED
322	id-00179	5	6	9	9	1875.0	1875.0	1875.33	1875.5915	1884.0	9.926	COMPLETED
322	id-00180	5	8	1	2	1877.0	1877.0	1877.04	1877.2546	1879.0	1.203	COMPLETED
322	id-00181	9	8	3	6	1877.0	1877.0	1877.12	1877.3994	1883.0	9.891	COMPLETED
322	id-00182	9	16	3	15	1878.0	1878.0	1878.11	1878.3999	1893.0	8.03	COMPLETED
322	id-00183	1	2	6	4	1879.0	1879.0	1879.22	1879.3567	1883.0	1.324	COMPLETED
322	id-00184	1	2	3	5	1880.0	1880.0	1880.11	1880.2502	1885.0	0.662	COMPLETED
322	id-00185	8	3	9	8	1880.0	1880.0	1880.35	1880.6765	1888.0	23.444	COMPLETED
322	id-00186	8	9	8	13	1881.0	1881.0	1881.3	1881.4124	1894.0	17.267	COMPLETED
322	id-00187	3	2	5	9	1884.0	1884.0	1884.19	1884.4904	1893.0	3.429	COMPLETED
322	id-00188	7	11	1	10	1885.0	1885.0	1885.04	1885.3832	1895.0	2.439	COMPLETED
322	id-00189	4	5	1	1	1885.0	1885.0	1885.04	1886.0	1886.0	0.963	EXPIRED
322	id-00190	10	9	9	1	1886.0	1886.0	1886.36	1887.0	1887.0	38.628	EXPIRED
322	id-00191	7	2	1	7	1887.0	1887.0	1887.04	1887.2262	1894.0	2.062	COMPLETED
322	id-00192	1	2	9	9	1887.0	1887.0	1887.36	1887.6472	1896.0	2.166	COMPLETED
322	id-00193	10	10	6	11	1888.0	1888.0	1888.24	1888.4605	1899.0	25.752	COMPLETED
322	id-00194	6	3	5	6	1888.0	1888.0	1888.19	1888.433	1894.0	6.858	COMPLETED
322	id-00195	6	9	3	13	1888.0	1888.0	1888.12	1888.408	1901.0	5.463	COMPLETED
322	id-00196	4	8	9	8	1889.0	1889.0	1889.72	1889.8448	1897.0	17.326	COMPLETED
322	id-00197	3	6	5	12	1889.0	1889.0	1889.4	1889.5704	1901.0	14.762	COMPLETED
322	id-00198	10	7	4	4	1889.0	1889.0	1889.32	1889.5398	1893.0	34.336	COMPLETED
322	id-00199	2	4	1	9	1889.0	1889.0	1889.08	1889.5113	1898.0	2.471	COMPLETED
322	id-00200	5	8	10	13	1890.0	1890.0	1890.42	1890.8704	1903.0	16.593	COMPLETED
322	id-00201	2	2	10	2	1890.0	1890.0	1890.38	1890.7375	1892.0	4.572	COMPLETED
322	id-00202	8	3	2	15	1892.0	1892.0	1892.08	1892.5453	1907.0	5.359	COMPLETED
322	id-00203	9	11	8	13	1892.0	1892.0	1892.33	1892.5938	1905.0	33.424	COMPLETED
322	id-00204	3	5	7	6	1892.0	1892.0	1892.29	1892.7376	1898.0	5.234	COMPLETED
322	id-00205	5	9	10	2	1893.0	1893.0	1893.38	1893.7223	1895.0	11.43	COMPLETED
322	id-00206	8	5	2	6	1893.0	1893.0	1893.08	1893.2714	1899.0	6.867	COMPLETED
322	id-00207	8	3	6	1	1895.0	1895.0	1895.23	1896.0	1896.0	15.406	EXPIRED
322	id-00208	9	5	7	10	1895.0	1895.0	1895.28	1895.7533	1905.0	25.72	COMPLETED
322	id-00209	10	6	9	15	1895.0	1895.0	1895.36	1895.8255	1910.0	38.628	COMPLETED
322	id-00210	9	17	7	11	1896.0	1896.0	1896.27	1896.4439	1907.0	22.256	COMPLETED
322	id-00211	8	12	3	3	1897.0	1897.0	1897.12	1897.4289	1900.0	8.038	COMPLETED
322	id-00212	4	2	9	3	1897.0	1897.0	1897.36	1897.686	1900.0	8.663	COMPLETED
322	id-00213	3	6	5	13	1899.0	1899.0	1899.2	1899.3181	1912.0	3.61	COMPLETED
322	id-00214	9	14	7	1	1899.0	1899.0	1899.54	1900.0	1900.0	44.511	EXPIRED
322	id-00215	3	5	5	8	1899.0	1899.0	1899.38	1899.7848	1907.0	17.606	COMPLETED
322	id-00216	5	9	2	8	1900.0	1900.0	1900.08	1900.2539	1908.0	2.406	COMPLETED
322	id-00217	9	13	3	4	1901.0	1901.0	1901.12	1901.344	1905.0	9.891	COMPLETED
322	id-00218	9	11	6	5	1901.0	1901.0	1901.23	1901.6965	1906.0	18.958	COMPLETED
322	id-00219	4	7	8	5	1902.0	1902.0	1902.31	1902.6808	1907.0	7.46	COMPLETED
322	id-00220	8	12	4	1	1902.0	1902.0	1902.15	1903.0	1903.0	10.048	EXPIRED
322	id-00221	6	9	10	6	1903.0	1903.0	1903.38	1903.6814	1909.0	13.716	COMPLETED
322	id-00222	5	2	5	5	1904.0	1904.0	1904.19	1904.6357	1909.0	5.715	COMPLETED
322	id-00223	5	5	6	2	1904.0	1904.0	1904.46	1904.7866	1906.0	13.837	COMPLETED
322	id-00224	3	3	8	8	1904.0	1904.0	1904.33	1904.5477	1912.0	5.956	COMPLETED
322	id-00225	2	4	5	14	1904.0	1904.0	1904.38	1904.7137	1918.0	8.155	COMPLETED
322	id-00226	3	2	4	6	1905.0	1905.0	1905.3	1905.5495	1911.0	5.414	COMPLETED
322	id-00227	3	3	5	15	1905.0	1905.0	1905.19	1905.4437	1920.0	3.429	COMPLETED
322	id-00228	9	8	3	7	1905.0	1905.0	1905.22	1905.3555	1912.0	22.282	COMPLETED
322	id-00229	8	16	8	8	1905.0	1905.0	1905.32	1905.5838	1913.0	24.452	COMPLETED
322	id-00230	1	2	8	7	1906.0	1906.0	1906.3	1906.4338	1913.0	1.805	COMPLETED
322	id-00231	10	9	10	5	1907.0	1907.0	1907.37	1907.5321	1912.0	32.724	COMPLETED
322	id-00232	6	4	7	4	1911.0	1911.0	1911.28	1911.4697	1915.0	12.747	COMPLETED
322	id-00233	5	6	4	5	1911.0	1911.0	1911.16	1911.4575	1916.0	4.813	COMPLETED
322	id-00234	2	4	9	8	1912.0	1912.0	1912.36	1912.8575	1920.0	4.332	COMPLETED
322	id-00235	4	4	2	10	1914.0	1914.0	1914.08	1914.2806	1924.0	1.925	COMPLETED
322	id-00236	3	5	2	6	1916.0	1916.0	1916.15	1916.3831	1922.0	2.707	COMPLETED
322	id-00237	6	10	5	1	1916.0	1916.0	1916.38	1917.0	1917.0	24.464	EXPIRED
322	id-00238	4	5	6	9	1916.0	1916.0	1916.23	1916.3506	1925.0	5.535	COMPLETED
322	id-00239	8	4	6	5	1917.0	1917.0	1917.23	1917.5817	1922.0	15.406	COMPLETED
322	id-00240	4	5	5	3	1917.0	1917.0	1917.19	1917.4044	1920.0	4.572	COMPLETED
322	id-00241	4	5	10	11	1918.0	1918.0	1918.38	1918.8149	1929.0	9.144	COMPLETED
322	id-00242	7	13	6	7	1922.0	1922.0	1922.22	1922.578	1929.0	9.265	COMPLETED
322	id-00243	6	7	7	13	1923.0	1923.0	1923.26	1923.4176	1936.0	9.385	COMPLETED
322	id-00244	6	11	8	14	1925.0	1925.0	1925.33	1925.5224	1939.0	18.134	COMPLETED
322	id-00245	6	3	6	10	1925.0	1925.0	1925.23	1925.6392	1935.0	8.302	COMPLETED
322	id-00246	4	8	1	11	1928.0	1928.0	1928.04	1928.4304	1939.0	0.963	COMPLETED
322	id-00247	5	10	7	13	1928.0	1928.0	1928.29	1928.6164	1941.0	11.457	COMPLETED
322	id-00248	5	6	8	12	1931.0	1931.0	1931.29	1931.6543	1943.0	8.723	COMPLETED
322	id-00249	9	6	7	4	1932.0	1932.0	1932.25	1932.6165	1936.0	15.893	COMPLETED
322	id-00250	5	5	9	11	1932.0	1932.0	1932.32	1932.5537	1943.0	9.626	COMPLETED
322	id-00251	5	10	7	15	1936.0	1936.0	1936.24	1936.4548	1951.0	7.219	COMPLETED
322	id-00252	7	6	3	10	1937.0	1937.0	1937.1	1937.3096	1947.0	4.211	COMPLETED
322	id-00253	8	9	1	6	1938.0	1938.0	1938.03	1938.3298	1944.0	1.444	COMPLETED
322	id-00254	7	7	1	15	1938.0	1938.0	1938.07	1938.3646	1953.0	2.948	COMPLETED
322	id-00255	1	2	4	12	1938.0	1938.0	1938.3	1938.7781	1950.0	4.633	COMPLETED
322	id-00256	9	8	4	7	1942.0	1942.0	1942.28	1942.5768	1949.0	15.16	COMPLETED
322	id-00257	9	10	1	9	1942.0	1942.0	1942.07	1942.291	1951.0	9.73	COMPLETED
322	id-00258	8	13	8	10	1942.0	1942.0	1942.31	1942.8081	1952.0	20.765	COMPLETED
322	id-00259	7	5	3	4	1944.0	1944.0	1944.1	1944.2881	1948.0	4.211	COMPLETED
322	id-00260	10	16	10	1	1947.0	1947.0	1947.62	1948.0	1948.0	37.299	EXPIRED
322	id-00261	8	5	6	6	1947.0	1947.0	1947.38	1947.6441	1953.0	39.784	COMPLETED
322	id-00262	4	5	10	6	1948.0	1948.0	1948.31	1948.5351	1954.0	7.46	COMPLETED
322	id-00263	7	3	2	14	1949.0	1949.0	1949.06	1949.2571	1963.0	2.527	COMPLETED
322	id-00264	9	10	7	12	1950.0	1950.0	1950.7	1950.8955	1962.0	37.901	COMPLETED
322	id-00265	6	8	9	9	1950.0	1950.0	1950.9	1951.257	1959.0	74.912	COMPLETED
322	id-00266	3	4	2	13	1950.0	1950.0	1950.2	1950.6265	1963.0	9.266	COMPLETED
322	id-00267	9	5	1	10	1951.0	1951.0	1951.03	1951.4054	1961.0	1.624	COMPLETED
322	id-00268	8	7	10	13	1954.0	1954.0	1954.33	1954.7916	1967.0	15.882	COMPLETED
322	id-00269	1	2	7	14	1956.0	1956.0	1956.78	1957.0315	1970.0	4.692	COMPLETED
322	id-00270	1	2	9	7	1956.0	1956.0	1957.0	1957.4616	1963.0	6.016	COMPLETED
322	id-00271	2	3	6	15	1956.0	1956.0	1956.67	1956.9275	1971.0	8.061	COMPLETED
322	id-00272	4	4	1	7	1957.0	1957.0	1957.04	1957.2766	1964.0	0.963	COMPLETED
322	id-00273	3	2	1	3	1957.0	1957.0	1957.04	1957.2996	1960.0	0.722	COMPLETED
322	id-00274	3	5	8	7	1958.0	1958.0	1958.3	1958.5593	1965.0	5.414	COMPLETED
322	id-00275	3	4	2	7	1958.0	1958.0	1958.07	1958.3322	1965.0	1.263	COMPLETED
322	id-00276	5	4	5	5	1959.0	1959.0	1959.19	1959.6829	1964.0	5.715	COMPLETED
322	id-00277	10	13	3	10	1962.0	1962.0	1962.11	1962.3188	1972.0	9.729	COMPLETED
322	id-00278	7	14	9	9	1962.0	1962.0	1962.33	1962.7716	1971.0	13.897	COMPLETED
322	id-00279	4	7	6	3	1964.0	1964.0	1964.22	1964.4008	1967.0	5.294	COMPLETED
322	id-00280	6	4	4	9	1965.0	1965.0	1965.17	1965.3795	1974.0	9.342	COMPLETED
322	id-00281	5	10	3	2	1965.0	1965.0	1965.12	1965.5927	1967.0	3.61	COMPLETED
322	id-00282	3	2	2	2	1965.0	1965.0	1965.07	1965.529	1967.0	1.263	COMPLETED
322	id-00283	10	12	9	10	1966.0	1966.0	1966.33	1966.7134	1976.0	29.187	COMPLETED
322	id-00284	6	2	8	15	1966.0	1966.0	1966.31	1966.436	1981.0	11.19	COMPLETED
322	id-00285	6	6	8	2	1967.0	1967.0	1967.3	1967.4572	1969.0	10.829	COMPLETED
322	id-00286	1	2	10	4	1968.0	1968.0	1968.74	1969.0263	1972.0	4.452	COMPLETED
322	id-00287	9	7	3	6	1968.0	1968.0	1968.22	1968.6609	1974.0	18.134	COMPLETED
322	id-00288	7	12	1	3	1969.0	1969.0	1969.04	1969.3019	1972.0	1.684	COMPLETED
322	id-00289	6	2	4	2	1970.0	1970.0	1970.15	1970.2568	1972.0	5.414	COMPLETED
322	id-00290	1	2	7	2	1972.0	1972.0	1972.28	1972.443	1974.0	1.684	COMPLETED
322	id-00291	3	6	3	1	1972.0	1972.0	1972.11	1973.0	1973.0	1.985	EXPIRED
322	id-00292	9	10	6	14	1973.0	1973.0	1973.22	1973.3827	1987.0	16.06	COMPLETED
322	id-00293	6	4	8	11	1974.0	1974.0	1974.3	1974.6971	1985.0	10.829	COMPLETED
322	id-00294	7	6	3	2	1978.0	1978.0	1978.12	1978.6171	1980.0	7.316	COMPLETED
322	id-00295	3	6	1	1	1979.0	1979.0	1979.04	1980.0	1980.0	0.722	EXPIRED
322	id-00296	3	5	9	9	1979.0	1979.0	1979.36	1979.7393	1988.0	6.497	COMPLETED
322	id-00297	4	3	6	4	1980.0	1980.0	1980.22	1980.3963	1984.0	5.294	COMPLETED
322	id-00298	2	4	6	9	1981.0	1981.0	1981.22	1981.5388	1990.0	2.647	COMPLETED
322	id-00299	4	5	9	15	1982.0	1982.0	1982.35	1982.8269	1997.0	8.422	COMPLETED
322	id-00300	5	2	1	10	1982.0	1982.0	1982.04	1982.5283	1992.0	1.203	COMPLETED
322	id-00301	4	6	5	2	1983.0	1983.0	1983.19	1983.4189	1985.0	4.572	COMPLETED
322	id-00302	4	4	4	1	1983.0	1983.0	1983.3	1984.0	1984.0	7.219	EXPIRED
322	id-00303	2	3	1	12	1983.0	1983.0	1983.07	1983.332	1995.0	0.842	COMPLETED
322	id-00304	6	5	1	12	1984.0	1984.0	1984.07	1984.2466	1996.0	2.527	COMPLETED
322	id-00305	10	15	3	5	1984.0	1984.0	1984.22	1984.3968	1989.0	31.903	COMPLETED
322	id-00306	7	10	1	14	1984.0	1984.0	1984.04	1984.285	1998.0	2.062	COMPLETED
322	id-00307	4	2	1	8	1985.0	1985.0	1985.04	1985.2637	1993.0	0.963	COMPLETED
322	id-00308	7	11	5	7	1986.0	1986.0	1986.19	1986.4681	1993.0	9.793	COMPLETED
322	id-00309	9	8	2	5	1990.0	1990.0	1990.07	1990.32	1995.0	5.11	COMPLETED
322	id-00310	4	3	5	13	1990.0	1990.0	1990.19	1990.3964	2003.0	4.572	COMPLETED
322	id-00311	10	19	3	3	1991.0	1991.0	1991.11	1991.4699	1994.0	9.729	COMPLETED
322	id-00312	2	2	6	9	1992.0	1992.0	1992.44	1992.9187	2001.0	5.294	COMPLETED
322	id-00313	7	13	2	9	1992.0	1992.0	1992.15	1992.2703	2001.0	6.317	COMPLETED
322	id-00314	8	3	5	11	1992.0	1992.0	1992.37	1992.8373	2003.0	28.272	COMPLETED
322	id-00315	8	10	8	8	1992.0	1992.0	1992.59	1992.8556	2000.0	72.896	COMPLETED
322	id-00316	6	8	8	9	1993.0	1993.0	1993.3	1993.7166	2002.0	10.829	COMPLETED
322	id-00317	8	11	10	13	1995.0	1995.0	1995.34	1995.5768	2008.0	16.364	COMPLETED
322	id-00318	8	15	2	15	1997.0	1997.0	1997.07	1997.2366	2012.0	3.369	COMPLETED
322	id-00319	4	8	6	5	2000.0	2000.0	2000.39	2000.5911	2005.0	9.385	COMPLETED
322	id-00320	2	2	6	6	2000.0	2000.0	2000.23	2000.7247	2006.0	2.767	COMPLETED
322	id-00321	3	6	5	15	2000.0	2000.0	2000.32	2000.7012	2015.0	5.775	COMPLETED
