326	id-00000	7	9	8	2	1703.0	1703.0	1703.32	1703.5929	1705.0	19.51	COMPLETED
326	id-00001	9	10	8	2	1704.0	1704.0	1704.35	1704.7052	1706.0	38.749	COMPLETED
326	id-00002	6	10	3	1	1704.0	1704.0	1704.12	1705.0	1705.0	5.463	EXPIRED
326	id-00003	9	10	5	2	1704.0	1704.0	1704.21	1704.4946	1706.0	21.27	COMPLETED
326	id-00004	8	11	1	1	1706.0	1706.0	1706.04	1707.0	1707.0	3.434	EXPIRED
326	id-00005	5	10	2	1	1706.0	1706.0	1706.08	1707.0	1707.0	3.161	EXPIRED
326	id-00006	9	17	5	1	1708.0	1708.0	1708.21	1709.0	1709.0	21.27	EXPIRED
326	id-00007	10	11	9	1	1709.0	1709.0	1709.38	1710.0	1710.0	44.357	EXPIRED
326	id-00008	2	4	4	3	1714.0	1714.0	1714.17	1714.4514	1717.0	2.045	COMPLETED
326	id-00009	2	2	7	3	1718.0	1718.0	1718.28	1718.4952	1721.0	3.369	COMPLETED
326	id-00010	10	9	2	2	1719.0	1719.0	1719.08	1719.202	1721.0	8.584	COMPLETED
326	id-00011	7	4	1	2	1722.0	1722.0	1722.04	1722.2606	1724.0	2.816	COMPLETED
326	id-00012	8	13	1	1	1728.0	1728.0	1728.04	1729.0	1729.0	3.434	EXPIRED
326	id-00013	2	3	3	2	1728.0	1728.0	1728.12	1728.3658	1730.0	1.444	COMPLETED
326	id-00014	7	4	7	1	1729.0	1729.0	1729.29	1730.0	1730.0	20.415	EXPIRED
326	id-00015	10	18	10	3	1730.0	1730.0	1730.42	1730.6758	1733.0	49.026	COMPLETED
326	id-00016	1	2	3	3	1731.0	1731.0	1731.25	1731.4229	1734.0	1.504	COMPLETED
326	id-00017	8	2	7	2	1731.0	1731.0	1731.58	1731.9779	1733.0	55.255	COMPLETED
326	id-00018	9	5	2	2	1732.0	1732.0	1732.08	1732.3671	1734.0	8.103	COMPLETED
326	id-00019	1	2	3	3	1736.0	1736.0	1736.24	1736.6162	1739.0	1.444	COMPLETED
326	id-00020	10	20	4	3	1736.0	1736.0	1736.17	1736.3322	1739.0	21.447	COMPLETED
326	id-00021	3	4	4	1	1736.0	1736.0	1736.32	1737.0	1737.0	5.775	EXPIRED
326	id-00022	4	4	3	1	1737.0	1737.0	1737.12	1738.0	1738.0	2.888	EXPIRED
326	id-00023	5	4	3	1	1738.0	1738.0	1738.12	1739.0	1739.0	3.61	EXPIRED
326	id-00024	10	14	10	1	1738.0	1738.0	1738.43	1739.0	1739.0	54.247	EXPIRED
326	id-00025	4	8	3	2	1739.0	1739.0	1739.13	1739.2612	1741.0	4.354	COMPLETED
326	id-00026	6	9	1	1	1739.0	1739.0	1739.04	1740.0	1740.0	1.821	EXPIRED
326	id-00027	6	11	2	1	1739.0	1739.0	1739.09	1740.0	1740.0	5.794	EXPIRED
326	id-00028	2	3	4	2	1739.0	1739.0	1739.17	1739.372	1741.0	2.045	COMPLETED
326	id-00029	9	13	7	3	1740.0	1740.0	1740.3	1740.7115	1743.0	33.214	COMPLETED
326	id-00030	8	7	2	2	1740.0	1740.0	1740.16	1740.4174	1742.0	12.226	COMPLETED
326	id-00031	10	17	4	3	1740.0	1740.0	1740.16	1740.5488	1743.0	17.168	COMPLETED
326	id-00032	1	2	10	1	1740.0	1740.0	1740.8	1741.0	1741.0	12.355	EXPIRED
326	id-00033	4	3	5	2	1741.0	1741.0	1741.2	1741.431	1743.0	4.813	COMPLETED
326	id-00034	6	9	8	3	1742.0	1742.0	1742.32	1742.6493	1745.0	14.568	COMPLETED
326	id-00035	7	11	4	1	1745.0	1745.0	1745.17	1746.0	1746.0	11.967	EXPIRED
326	id-00036	3	4	6	2	1746.0	1746.0	1746.25	1746.4143	1748.0	4.512	COMPLETED
326	id-00037	5	7	3	2	1747.0	1747.0	1747.12	1747.3043	1749.0	4.741	COMPLETED
326	id-00038	10	15	4	1	1749.0	1749.0	1749.17	1750.0	1750.0	19.844	EXPIRED
326	id-00039	4	7	5	2	1750.0	1750.0	1750.21	1750.5927	1752.0	5.053	COMPLETED
326	id-00040	10	13	7	3	1751.0	1751.0	1751.3	1751.5236	1754.0	37.847	COMPLETED
326	id-00041	7	2	8	3	1751.0	1751.0	1751.35	1751.842	1754.0	27.938	COMPLETED
326	id-00042	10	12	7	1	1752.0	1752.0	1752.3	1753.0	1753.0	37.847	EXPIRED
326	id-00043	2	3	10	2	1752.0	1752.0	1752.43	1752.8352	1754.0	5.174	COMPLETED
326	id-00044	9	17	9	2	1754.0	1754.0	1754.38	1754.6495	1756.0	38.488	COMPLETED
326	id-00045	2	2	1	3	1754.0	1754.0	1754.04	1754.2746	1757.0	0.481	COMPLETED
326	id-00046	10	5	6	2	1755.0	1755.0	1755.25	1755.4847	1757.0	29.182	COMPLETED
326	id-00047	10	15	7	1	1756.0	1756.0	1756.29	1757.0	1757.0	33.851	EXPIRED
326	id-00048	10	4	2	3	1756.0	1756.0	1756.08	1756.2412	1759.0	9.338	COMPLETED
326	id-00049	3	6	7	2	1757.0	1757.0	1757.29	1757.7517	1759.0	5.234	COMPLETED
326	id-00050	4	3	4	1	1757.0	1757.0	1757.17	1758.0	1758.0	4.091	EXPIRED
326	id-00051	10	17	6	2	1758.0	1758.0	1758.5	1758.7899	1760.0	58.364	COMPLETED
326	id-00052	4	7	2	3	1758.0	1758.0	1758.17	1758.3989	1761.0	10.502	COMPLETED
326	id-00053	10	14	2	3	1759.0	1759.0	1759.17	1759.3441	1762.0	19.844	COMPLETED
326	id-00054	5	8	7	1	1759.0	1759.0	1759.58	1760.0	1760.0	44.788	EXPIRED
326	id-00055	3	2	8	3	1759.0	1759.0	1759.33	1759.5639	1762.0	5.956	COMPLETED
326	id-00056	8	11	9	3	1760.0	1760.0	1760.38	1760.717	1763.0	32.619	COMPLETED
326	id-00057	5	5	9	2	1761.0	1761.0	1761.38	1761.5828	1763.0	15.013	COMPLETED
326	id-00058	1	2	7	2	1761.0	1761.0	1761.29	1761.4493	1763.0	1.745	COMPLETED
326	id-00059	8	16	10	3	1761.0	1761.0	1761.45	1761.8937	1764.0	47.113	COMPLETED
326	id-00060	4	3	6	1	1762.0	1762.0	1762.25	1763.0	1763.0	6.016	EXPIRED
326	id-00061	3	6	7	3	1763.0	1763.0	1763.32	1763.5927	1766.0	8.792	COMPLETED
326	id-00062	9	18	6	1	1763.0	1763.0	1763.5	1764.0	1764.0	50.642	EXPIRED
326	id-00063	5	5	6	2	1763.0	1763.0	1763.25	1763.4481	1765.0	9.877	COMPLETED
326	id-00064	2	2	2	2	1763.0	1763.0	1763.17	1763.4537	1765.0	5.251	COMPLETED
326	id-00065	8	7	10	3	1764.0	1764.0	1764.42	1764.7862	1767.0	36.053	COMPLETED
326	id-00066	9	18	9	3	1765.0	1765.0	1765.39	1765.8191	1768.0	43.178	COMPLETED
326	id-00067	1	2	5	3	1765.0	1765.0	1765.22	1765.6866	1768.0	1.324	COMPLETED
326	id-00068	6	3	3	1	1767.0	1767.0	1767.13	1768.0	1768.0	8.369	EXPIRED
326	id-00069	8	4	1	1	1768.0	1768.0	1768.04	1769.0	1769.0	3.811	EXPIRED
326	id-00070	5	10	5	2	1768.0	1768.0	1768.22	1768.5467	1770.0	10.766	COMPLETED
326	id-00071	10	15	2	2	1768.0	1768.0	1768.09	1768.3134	1770.0	11.354	COMPLETED
326	id-00072	3	3	6	2	1770.0	1770.0	1770.25	1770.5822	1772.0	4.512	COMPLETED
326	id-00073	2	2	3	2	1771.0	1771.0	1771.25	1771.4598	1773.0	3.008	COMPLETED
326	id-00074	3	4	4	1	1771.0	1771.0	1771.33	1772.0	1772.0	9.067	EXPIRED
326	id-00075	6	11	9	3	1773.0	1773.0	1773.38	1773.8118	1776.0	20.882	COMPLETED
326	id-00076	1	2	9	1	1775.0	1775.0	1775.36	1776.0	1776.0	2.166	EXPIRED
326	id-00077	7	13	1	2	1777.0	1777.0	1777.04	1777.3838	1779.0	2.439	COMPLETED
326	id-00078	10	14	10	3	1778.0	1778.0	1778.45	1778.7615	1781.0	61.013	COMPLETED
326	id-00079	2	3	8	1	1778.0	1778.0	1778.64	1779.0	1779.0	7.7	EXPIRED
326	id-00080	9	17	7	1	1778.0	1778.0	1778.28	1779.0	1779.0	25.72	EXPIRED
326	id-00081	2	2	9	1	1778.0	1778.0	1778.38	1779.0	1779.0	4.572	EXPIRED
326	id-00082	10	16	7	2	1778.0	1778.0	1778.56	1778.7329	1780.0	70.647	COMPLETED
326	id-00083	1	2	2	2	1782.0	1782.0	1782.08	1782.2594	1784.0	0.481	COMPLETED
326	id-00084	3	3	10	2	1782.0	1782.0	1782.42	1782.5455	1784.0	7.58	COMPLETED
326	id-00085	6	6	4	1	1783.0	1783.0	1783.15	1784.0	1784.0	5.414	EXPIRED
326	id-00086	7	3	7	2	1784.0	1784.0	1784.27	1784.4252	1786.0	13.916	COMPLETED
326	id-00087	5	2	9	2	1784.0	1784.0	1784.38	1784.7727	1786.0	15.013	COMPLETED
326	id-00088	1	2	8	1	1785.0	1785.0	1785.32	1786.0	1786.0	1.925	EXPIRED
326	id-00089	8	2	4	1	1786.0	1786.0	1786.16	1787.0	1787.0	12.226	EXPIRED
326	id-00090	7	11	5	1	1788.0	1788.0	1788.4	1789.0	1789.0	24.387	EXPIRED
326	id-00091	6	11	1	3	1788.0	1788.0	1788.08	1788.5215	1791.0	7.413	COMPLETED
326	id-00092	2	4	7	1	1788.0	1788.0	1788.29	1789.0	1789.0	3.489	EXPIRED
326	id-00093	8	13	10	3	1789.0	1789.0	1789.4	1789.652	1792.0	30.565	COMPLETED
326	id-00094	2	3	6	2	1790.0	1790.0	1790.23	1790.5438	1792.0	2.767	COMPLETED
326	id-00095	2	4	6	2	1791.0	1791.0	1791.24	1791.5619	1793.0	2.888	COMPLETED
326	id-00096	2	4	10	2	1791.0	1791.0	1791.4	1791.7571	1793.0	4.813	COMPLETED
326	id-00097	10	14	1	1	1791.0	1791.0	1791.04	1792.0	1792.0	3.915	EXPIRED
326	id-00098	5	2	9	2	1792.0	1792.0	1792.36	1792.7314	1794.0	10.829	COMPLETED
326	id-00099	5	9	1	1	1792.0	1792.0	1792.04	1793.0	1793.0	1.203	EXPIRED
326	id-00100	8	13	4	2	1794.0	1794.0	1794.15	1794.5964	1796.0	10.048	COMPLETED
326	id-00101	2	2	10	2	1796.0	1796.0	1796.37	1796.4893	1798.0	4.452	COMPLETED
326	id-00102	3	5	5	2	1797.0	1797.0	1797.19	1797.5182	1799.0	3.429	COMPLETED
326	id-00103	1	2	7	2	1798.0	1798.0	1798.28	1798.7654	1800.0	1.684	COMPLETED
326	id-00104	9	17	1	1	1798.0	1798.0	1798.04	1799.0	1799.0	2.92	EXPIRED
326	id-00105	4	5	6	3	1799.0	1799.0	1799.25	1799.4753	1802.0	6.016	COMPLETED
326	id-00106	6	10	8	1	1799.0	1799.0	1799.3	1800.0	1800.0	10.829	EXPIRED
326	id-00107	4	2	2	3	1799.0	1799.0	1799.08	1799.5243	1802.0	1.925	COMPLETED
326	id-00108	4	7	10	3	1799.0	1799.0	1799.43	1799.5934	1802.0	14.402	COMPLETED
326	id-00109	8	3	7	2	1800.0	1800.0	1800.26	1800.7537	1802.0	14.965	COMPLETED
326	id-00110	9	8	2	3	1802.0	1802.0	1802.07	1802.3913	1805.0	5.11	COMPLETED
326	id-00111	8	7	6	1	1804.0	1804.0	1804.22	1805.0	1805.0	12.662	EXPIRED
326	id-00112	5	6	10	1	1805.0	1805.0	1805.37	1806.0	1806.0	11.13	EXPIRED
326	id-00113	6	10	3	1	1807.0	1807.0	1807.11	1808.0	1808.0	3.971	EXPIRED
326	id-00114	6	11	2	2	1809.0	1809.0	1809.08	1809.3317	1811.0	3.642	COMPLETED
326	id-00115	4	2	1	2	1809.0	1809.0	1809.07	1809.3679	1811.0	1.684	COMPLETED
326	id-00116	1	2	5	1	1809.0	1809.0	1809.37	1810.0	1810.0	2.226	EXPIRED
326	id-00117	1	2	5	3	1809.0	1809.0	1809.22	1809.3713	1812.0	1.324	COMPLETED
326	id-00118	2	2	3	3	1809.0	1809.0	1809.12	1809.3455	1812.0	1.444	COMPLETED
326	id-00119	8	7	3	2	1810.0	1810.0	1810.1	1810.5685	1812.0	4.813	COMPLETED
326	id-00120	8	16	10	3	1813.0	1813.0	1813.4	1813.7845	1816.0	30.565	COMPLETED
326	id-00121	7	9	3	3	1813.0	1813.0	1813.12	1813.2469	1816.0	6.185	COMPLETED
326	id-00122	8	8	2	2	1813.0	1813.0	1813.06	1813.5089	1815.0	2.888	COMPLETED
326	id-00123	4	6	9	3	1814.0	1814.0	1814.35	1814.4663	1817.0	8.422	COMPLETED
326	id-00124	1	2	3	1	1814.0	1814.0	1814.1	1815.0	1815.0	0.602	EXPIRED
326	id-00125	6	6	6	1	1816.0	1816.0	1816.41	1817.0	1817.0	14.799	EXPIRED
326	id-00126	3	2	5	3	1816.0	1816.0	1816.34	1816.4749	1819.0	6.136	COMPLETED
326	id-00127	2	4	7	2	1816.0	1816.0	1816.27	1816.6944	1818.0	3.249	COMPLETED
326	id-00128	7	13	1	3	1820.0	1820.0	1820.03	1820.271	1823.0	1.263	COMPLETED
326	id-00129	5	4	5	2	1820.0	1820.0	1820.19	1820.6156	1822.0	5.715	COMPLETED
326	id-00130	10	13	4	1	1822.0	1822.0	1822.15	1823.0	1823.0	13.267	EXPIRED
326	id-00131	4	6	7	3	1823.0	1823.0	1823.26	1823.732	1826.0	6.257	COMPLETED
326	id-00132	9	2	2	3	1823.0	1823.0	1823.07	1823.2485	1826.0	3.79	COMPLETED
326	id-00133	6	4	4	1	1824.0	1824.0	1824.14	1825.0	1825.0	5.053	EXPIRED
326	id-00134	1	2	10	1	1826.0	1826.0	1826.38	1827.0	1827.0	2.286	EXPIRED
326	id-00135	3	6	4	3	1828.0	1828.0	1828.15	1828.5391	1831.0	2.707	COMPLETED
326	id-00136	5	3	1	2	1829.0	1829.0	1829.04	1829.43	1831.0	1.203	COMPLETED
326	id-00137	8	12	10	3	1829.0	1829.0	1829.38	1829.8555	1832.0	25.454	COMPLETED
326	id-00138	4	8	7	2	1833.0	1833.0	1833.52	1833.6774	1835.0	12.513	COMPLETED
326	id-00139	6	2	10	1	1833.0	1833.0	1833.74	1834.0	1834.0	47.641	EXPIRED
326	id-00140	10	4	7	2	1834.0	1834.0	1834.26	1834.4977	1836.0	22.995	COMPLETED
326	id-00141	9	5	8	1	1835.0	1835.0	1835.3	1836.0	1836.0	21.9	EXPIRED
326	id-00142	6	5	9	1	1836.0	1836.0	1836.33	1837.0	1837.0	11.912	EXPIRED
326	id-00143	2	4	2	1	1838.0	1838.0	1838.07	1839.0	1839.0	0.842	EXPIRED
326	id-00144	9	17	8	2	1838.0	1838.0	1838.31	1838.4362	1840.0	25.553	COMPLETED
326	id-00145	9	18	10	3	1838.0	1838.0	1838.42	1838.5975	1841.0	42.539	COMPLETED
326	id-00146	10	10	1	1	1839.0	1839.0	1839.04	1840.0	1840.0	3.538	EXPIRED
326	id-00147	5	7	9	2	1840.0	1840.0	1840.69	1840.8269	1842.0	20.755	COMPLETED
326	id-00148	4	8	9	1	1840.0	1840.0	1840.67	1841.0	1841.0	16.123	EXPIRED
326	id-00149	4	5	10	1	1840.0	1840.0	1840.77	1841.0	1841.0	40.308	EXPIRED
326	id-00150	3	2	2	2	1840.0	1840.0	1840.15	1840.5684	1842.0	2.707	COMPLETED
326	id-00151	10	9	10	2	1843.0	1843.0	1843.37	1843.5858	1845.0	32.724	COMPLETED
326	id-00152	5	7	10	2	1843.0	1843.0	1843.38	1843.5786	1845.0	11.43	COMPLETED
326	id-00153	7	9	1	1	1844.0	1844.0	1844.04	1845.0	1845.0	1.684	EXPIRED
326	id-00154	2	2	4	1	1844.0	1844.0	1844.15	1845.0	1845.0	1.805	EXPIRED
326	id-00155	8	4	2	3	1846.0	1846.0	1846.15	1846.4324	1849.0	8.633	COMPLETED
326	id-00156	4	5	9	2	1846.0	1846.0	1846.36	1846.5433	1848.0	8.663	COMPLETED
326	id-00157	5	9	3	1	1846.0	1846.0	1846.22	1847.0	1847.0	16.988	EXPIRED
326	id-00158	5	8	10	2	1847.0	1847.0	1847.4	1847.6962	1849.0	12.032	COMPLETED
326	id-00159	2	2	9	2	1847.0	1847.0	1847.33	1847.4544	1849.0	3.971	COMPLETED
326	id-00160	9	7	8	1	1848.0	1848.0	1848.3	1849.0	1849.0	21.9	EXPIRED
326	id-00161	5	10	8	1	1849.0	1849.0	1849.59	1850.0	1850.0	17.747	EXPIRED
326	id-00162	9	8	2	3	1849.0	1849.0	1849.15	1849.3119	1852.0	18.021	COMPLETED
326	id-00163	4	2	9	1	1850.0	1850.0	1850.72	1851.0	1851.0	17.326	EXPIRED
326	id-00164	1	2	7	3	1850.0	1850.0	1850.56	1850.8401	1853.0	3.369	COMPLETED
326	id-00165	4	7	10	2	1850.0	1850.0	1850.4	1850.8227	1852.0	9.626	COMPLETED
326	id-00166	6	3	6	3	1852.0	1852.0	1852.24	1852.5846	1855.0	10.926	COMPLETED
326	id-00167	3	4	7	3	1853.0	1853.0	1853.61	1853.8713	1856.0	11.009	COMPLETED
326	id-00168	9	8	4	3	1853.0	1853.0	1853.16	1853.5055	1856.0	14.697	COMPLETED
326	id-00169	7	11	10	1	1853.0	1853.0	1853.87	1854.0	1854.0	94.054	EXPIRED
326	id-00170	5	3	1	3	1853.0	1853.0	1853.04	1853.3659	1856.0	1.203	COMPLETED
326	id-00171	9	12	5	1	1853.0	1853.0	1853.21	1854.0	1854.0	21.27	EXPIRED
326	id-00172	8	8	6	1	1855.0	1855.0	1855.24	1856.0	1856.0	18.339	EXPIRED
326	id-00173	4	5	5	3	1855.0	1855.0	1855.4	1855.5285	1858.0	9.626	COMPLETED
326	id-00174	8	15	8	1	1855.0	1855.0	1855.64	1856.0	1856.0	73.039	EXPIRED
326	id-00175	1	2	10	3	1855.0	1855.0	1855.42	1855.7292	1858.0	2.527	COMPLETED
326	id-00176	2	2	1	1	1858.0	1858.0	1858.04	1859.0	1859.0	0.481	EXPIRED
326	id-00177	10	4	8	3	1858.0	1858.0	1858.33	1858.7402	1861.0	38.52	COMPLETED
326	id-00178	2	2	4	2	1858.0	1858.0	1858.16	1858.3355	1860.0	1.925	COMPLETED
326	id-00179	7	11	10	1	1860.0	1860.0	1860.38	1861.0	1861.0	19.585	EXPIRED
326	id-00180	8	10	9	3	1861.0	1861.0	1861.38	1861.6357	1864.0	32.619	COMPLETED
326	id-00181	10	9	5	1	1861.0	1861.0	1861.19	1862.0	1862.0	18.596	EXPIRED
326	id-00182	1	2	9	1	1861.0	1861.0	1861.36	1862.0	1862.0	2.166	EXPIRED
326	id-00183	5	3	8	1	1863.0	1863.0	1863.31	1864.0	1864.0	9.325	EXPIRED
326	id-00184	9	17	5	2	1865.0	1865.0	1865.2	1865.6384	1867.0	18.371	COMPLETED
326	id-00185	9	18	7	1	1865.0	1865.0	1865.28	1866.0	1866.0	25.72	EXPIRED
326	id-00186	9	4	10	1	1867.0	1867.0	1867.4	1868.0	1868.0	36.742	EXPIRED
326	id-00187	4	8	5	3	1868.0	1868.0	1868.2	1868.4885	1871.0	4.813	COMPLETED
326	id-00188	5	5	2	2	1869.0	1869.0	1869.08	1869.4227	1871.0	2.406	COMPLETED
326	id-00189	7	13	5	1	1870.0	1870.0	1870.19	1871.0	1871.0	9.793	EXPIRED
326	id-00190	4	8	8	2	1870.0	1870.0	1870.31	1870.6753	1872.0	7.46	COMPLETED
326	id-00191	9	10	6	1	1871.0	1871.0	1871.23	1872.0	1872.0	18.958	EXPIRED
326	id-00192	6	3	1	1	1872.0	1872.0	1872.04	1873.0	1873.0	1.444	EXPIRED
326	id-00193	7	9	1	2	1874.0	1874.0	1874.04	1874.2249	1876.0	2.062	COMPLETED
326	id-00194	6	2	5	3	1875.0	1875.0	1875.19	1875.3846	1878.0	6.858	COMPLETED
326	id-00195	10	5	7	3	1878.0	1878.0	1878.27	1878.5396	1881.0	26.425	COMPLETED
326	id-00196	10	10	4	2	1878.0	1878.0	1878.15	1878.5287	1880.0	13.267	COMPLETED
326	id-00197	3	3	1	3	1879.0	1879.0	1879.04	1879.4491	1882.0	0.722	COMPLETED
326	id-00198	10	6	4	1	1882.0	1882.0	1882.15	1883.0	1883.0	14.681	EXPIRED
326	id-00199	6	11	2	1	1882.0	1882.0	1882.07	1883.0	1883.0	2.527	EXPIRED
326	id-00200	7	5	7	3	1882.0	1882.0	1882.29	1882.4891	1885.0	20.415	COMPLETED
326	id-00201	10	20	5	3	1882.0	1882.0	1882.2	1882.4988	1885.0	21.46	COMPLETED
326	id-00202	6	2	9	2	1884.0	1884.0	1884.33	1884.7439	1886.0	11.912	COMPLETED
326	id-00203	5	4	5	2	1885.0	1885.0	1885.19	1885.336	1887.0	5.715	COMPLETED
326	id-00204	7	7	5	2	1886.0	1886.0	1886.19	1886.5992	1888.0	9.793	COMPLETED
326	id-00205	8	11	9	1	1887.0	1887.0	1887.36	1888.0	1888.0	27.508	EXPIRED
326	id-00206	3	5	8	1	1887.0	1887.0	1887.31	1888.0	1888.0	5.595	EXPIRED
326	id-00207	7	13	6	3	1889.0	1889.0	1889.23	1889.6635	1892.0	11.854	COMPLETED
326	id-00208	6	4	8	1	1891.0	1891.0	1891.31	1892.0	1892.0	11.19	EXPIRED
326	id-00209	9	9	7	1	1893.0	1893.0	1893.27	1894.0	1894.0	22.256	EXPIRED
326	id-00210	7	14	5	2	1894.0	1894.0	1894.21	1894.5172	1896.0	14.783	COMPLETED
326	id-00211	9	9	2	2	1894.0	1894.0	1894.08	1894.2139	1896.0	6.594	COMPLETED
326	id-00212	1	2	1	2	1895.0	1895.0	1895.04	1895.5319	1897.0	0.241	COMPLETED
326	id-00213	9	12	1	3	1896.0	1896.0	1896.04	1896.5296	1899.0	3.297	COMPLETED
326	id-00214	2	3	8	3	1898.0	1898.0	1898.31	1898.5215	1901.0	3.73	COMPLETED
326	id-00215	9	4	5	3	1900.0	1900.0	1900.19	1900.2939	1903.0	15.661	COMPLETED
326	id-00216	5	3	5	1	1900.0	1900.0	1900.19	1901.0	1901.0	5.715	EXPIRED
326	id-00217	5	2	6	2	1901.0	1901.0	1901.23	1901.6378	1903.0	6.918	COMPLETED
326	id-00218	2	3	8	3	1901.0	1901.0	1901.33	1901.5426	1904.0	3.971	COMPLETED
326	id-00219	7	8	6	2	1901.0	1901.0	1901.23	1901.7164	1903.0	11.854	COMPLETED
326	id-00220	7	2	6	1	1903.0	1903.0	1903.23	1904.0	1904.0	11.854	EXPIRED
326	id-00221	8	8	3	3	1904.0	1904.0	1904.12	1904.5909	1907.0	8.038	COMPLETED
326	id-00222	2	2	5	2	1905.0	1905.0	1905.19	1905.5736	1907.0	2.286	COMPLETED
326	id-00223	7	11	10	3	1908.0	1908.0	1908.4	1908.576	1911.0	24.387	COMPLETED
326	id-00224	8	9	5	2	1908.0	1908.0	1908.19	1908.3475	1910.0	12.727	COMPLETED
326	id-00225	3	6	2	2	1908.0	1908.0	1908.07	1908.1708	1910.0	1.263	COMPLETED
326	id-00226	10	18	3	3	1910.0	1910.0	1910.12	1910.6048	1913.0	12.876	COMPLETED
326	id-00227	7	3	1	3	1911.0	1911.0	1911.08	1911.5701	1914.0	4.877	COMPLETED
326	id-00228	2	3	2	2	1911.0	1911.0	1911.16	1911.5578	1913.0	4.942	COMPLETED
326	id-00229	2	2	4	3	1913.0	1913.0	1913.16	1913.3596	1916.0	1.925	COMPLETED
326	id-00230	7	2	6	1	1913.0	1913.0	1913.48	1914.0	1914.0	29.265	EXPIRED
326	id-00231	1	2	2	3	1913.0	1913.0	1913.16	1913.3287	1916.0	2.471	COMPLETED
326	id-00232	2	3	5	1	1918.0	1918.0	1918.19	1919.0	1919.0	2.286	EXPIRED
326	id-00233	4	3	3	3	1919.0	1919.0	1919.12	1919.2843	1922.0	2.888	COMPLETED
326	id-00234	6	5	2	2	1920.0	1920.0	1920.15	1920.3864	1922.0	5.414	COMPLETED
326	id-00235	7	13	7	1	1920.0	1920.0	1920.52	1921.0	1921.0	51.314	EXPIRED
326	id-00236	3	3	9	3	1921.0	1921.0	1921.38	1921.7297	1924.0	6.858	COMPLETED
326	id-00237	9	11	7	3	1921.0	1921.0	1921.27	1921.6553	1924.0	22.256	COMPLETED
326	id-00238	1	2	6	3	1921.0	1921.0	1921.22	1921.6649	1924.0	1.324	COMPLETED
326	id-00239	1	2	6	2	1923.0	1923.0	1923.22	1923.3692	1925.0	1.324	COMPLETED
326	id-00240	4	6	5	3	1924.0	1924.0	1924.19	1924.5327	1927.0	4.572	COMPLETED
326	id-00241	7	6	9	3	1926.0	1926.0	1926.38	1926.5102	1929.0	26.75	COMPLETED
326	id-00242	4	4	7	2	1926.0	1926.0	1926.27	1926.5053	1928.0	6.497	COMPLETED
326	id-00243	5	8	9	3	1926.0	1926.0	1926.38	1926.6855	1929.0	15.013	COMPLETED
326	id-00244	2	3	10	2	1928.0	1928.0	1928.42	1928.7216	1930.0	5.053	COMPLETED
326	id-00245	4	4	3	2	1928.0	1928.0	1928.12	1928.2629	1930.0	2.888	COMPLETED
326	id-00246	5	8	1	3	1930.0	1930.0	1930.04	1930.1545	1933.0	1.203	COMPLETED
326	id-00247	9	18	7	1	1931.0	1931.0	1931.25	1932.0	1932.0	15.893	EXPIRED
326	id-00248	3	4	5	1	1931.0	1931.0	1931.18	1932.0	1932.0	3.249	EXPIRED
326	id-00249	7	11	2	3	1932.0	1932.0	1932.07	1932.2249	1935.0	2.948	COMPLETED
326	id-00250	3	6	10	3	1933.0	1933.0	1933.36	1933.5827	1936.0	6.497	COMPLETED
326	id-00251	4	2	3	1	1933.0	1933.0	1933.21	1934.0	1934.0	5.053	EXPIRED
326	id-00252	7	9	2	3	1933.0	1933.0	1933.14	1933.5689	1936.0	9.855	COMPLETED
326	id-00253	9	13	6	3	1934.0	1934.0	1934.25	1934.6471	1937.0	25.321	COMPLETED
326	id-00254	5	7	2	2	1934.0	1934.0	1934.07	1934.5406	1936.0	2.106	COMPLETED
326	id-00255	9	15	4	2	1934.0	1934.0	1934.14	1934.5305	1936.0	8.9	COMPLETED
326	id-00256	7	4	7	2	1935.0	1935.0	1935.24	1935.5117	1937.0	10.107	COMPLETED
326	id-00257	9	6	1	1	1937.0	1937.0	1937.03	1938.0	1938.0	1.624	EXPIRED
326	id-00258	10	8	2	1	1938.0	1938.0	1938.07	1939.0	1939.0	4.871	EXPIRED
326	id-00259	5	4	4	2	1938.0	1938.0	1938.15	1938.4191	1940.0	4.512	COMPLETED
326	id-00260	4	6	4	3	1939.0	1939.0	1939.14	1939.5159	1942.0	3.369	COMPLETED
326	id-00261	2	3	8	1	1940.0	1940.0	1940.28	1941.0	1941.0	3.369	EXPIRED
326	id-00262	3	3	10	3	1940.0	1940.0	1940.38	1940.8716	1943.0	6.858	COMPLETED
326	id-00263	10	19	6	1	1942.0	1942.0	1942.23	1943.0	1943.0	22.511	EXPIRED
326	id-00264	7	2	3	1	1942.0	1942.0	1942.1	1943.0	1943.0	4.211	EXPIRED
326	id-00265	9	11	3	2	1943.0	1943.0	1943.1	1943.3164	1945.0	5.414	COMPLETED
326	id-00266	5	5	7	2	1943.0	1943.0	1943.27	1943.4685	1945.0	8.122	COMPLETED
326	id-00267	7	7	7	1	1944.0	1944.0	1944.24	1945.0	1945.0	10.107	EXPIRED
326	id-00268	10	10	9	2	1945.0	1945.0	1945.36	1945.5054	1947.0	38.628	COMPLETED
326	id-00269	7	14	2	3	1945.0	1945.0	1945.12	1945.4355	1948.0	5.053	COMPLETED
326	id-00270	7	14	5	1	1945.0	1945.0	1945.31	1946.0	1946.0	18.9	EXPIRED
326	id-00271	3	5	1	3	1947.0	1947.0	1947.03	1947.4022	1950.0	0.541	COMPLETED
326	id-00272	10	20	7	1	1948.0	1948.0	1948.44	1949.0	1949.0	26.47	EXPIRED
326	id-00273	1	2	4	2	1948.0	1948.0	1948.25	1948.6354	1950.0	1.504	COMPLETED
326	id-00274	5	10	9	2	1949.0	1949.0	1949.72	1950.0524	1951.0	21.658	COMPLETED
326	id-00275	1	2	6	3	1949.0	1949.0	1949.48	1949.6876	1952.0	7.413	COMPLETED
326	id-00276	10	7	5	1	1949.0	1949.0	1949.16	1950.0	1950.0	9.626	EXPIRED
326	id-00277	4	5	2	2	1950.0	1950.0	1950.07	1950.5114	1952.0	1.684	COMPLETED
326	id-00278	4	6	10	3	1952.0	1952.0	1952.33	1952.43	1955.0	7.941	COMPLETED
326	id-00279	5	4	9	3	1953.0	1953.0	1953.3	1953.4265	1956.0	9.024	COMPLETED
326	id-00280	4	3	1	3	1954.0	1954.0	1954.03	1954.442	1957.0	0.722	COMPLETED
326	id-00281	1	2	10	2	1956.0	1956.0	1956.37	1956.8199	1958.0	2.226	COMPLETED
326	id-00282	9	10	4	3	1957.0	1957.0	1957.15	1957.5408	1960.0	10.95	COMPLETED
326	id-00283	9	16	3	1	1958.0	1958.0	1958.11	1959.0	1959.0	8.03	EXPIRED
326	id-00284	8	2	9	2	1959.0	1959.0	1959.33	1959.518	1961.0	18.993	COMPLETED
326	id-00285	2	2	3	1	1961.0	1961.0	1961.11	1962.0	1962.0	1.324	EXPIRED
326	id-00286	8	13	1	2	1962.0	1962.0	1962.04	1962.2409	1964.0	2.302	COMPLETED
326	id-00287	7	5	5	2	1963.0	1963.0	1963.19	1963.4303	1965.0	8.001	COMPLETED
326	id-00288	8	15	3	1	1963.0	1963.0	1963.11	1964.0	1964.0	6.331	EXPIRED
326	id-00289	2	4	1	2	1964.0	1964.0	1964.04	1964.53	1966.0	0.481	COMPLETED
326	id-00290	10	5	8	2	1964.0	1964.0	1964.3	1964.6877	1966.0	26.533	COMPLETED
326	id-00291	8	5	2	3	1965.0	1965.0	1965.07	1965.4168	1968.0	4.029	COMPLETED
326	id-00292	9	4	7	3	1966.0	1966.0	1966.26	1966.5402	1969.0	18.98	COMPLETED
326	id-00293	3	5	5	3	1967.0	1967.0	1967.37	1967.7503	1970.0	6.678	COMPLETED
326	id-00294	7	14	7	3	1967.0	1967.0	1967.27	1967.6226	1970.0	13.916	COMPLETED
326	id-00295	7	8	8	2	1967.0	1967.0	1967.59	1967.917	1969.0	41.534	COMPLETED
326	id-00296	10	5	5	1	1969.0	1969.0	1969.19	1970.0	1970.0	16.804	EXPIRED
326	id-00297	7	11	10	2	1970.0	1970.0	1970.4	1970.8862	1972.0	24.387	COMPLETED
326	id-00298	5	4	1	1	1970.0	1970.0	1970.04	1971.0	1971.0	1.203	EXPIRED
326	id-00299	1	2	6	3	1971.0	1971.0	1971.22	1971.6862	1974.0	1.324	COMPLETED
326	id-00300	7	3	6	3	1971.0	1971.0	1971.24	1971.4553	1974.0	14.632	COMPLETED
326	id-00301	3	5	9	2	1972.0	1972.0	1972.67	1973.1535	1974.0	12.092	COMPLETED
326	id-00302	7	7	3	3	1972.0	1972.0	1972.22	1972.3351	1975.0	15.487	COMPLETED
326	id-00303	4	3	5	2	1977.0	1977.0	1977.2	1977.396	1979.0	4.813	COMPLETED
326	id-00304	1	2	1	2	1978.0	1978.0	1978.04	1978.3796	1980.0	0.241	COMPLETED
326	id-00305	7	8	9	3	1979.0	1979.0	1979.36	1979.6332	1982.0	21.948	COMPLETED
326	id-00306	1	2	2	3	1980.0	1980.0	1980.07	1980.5388	1983.0	0.421	COMPLETED
326	id-00307	10	2	9	3	1980.0	1980.0	1980.35	1980.7395	1983.0	34.255	COMPLETED
326	id-00308	7	10	3	2	1981.0	1981.0	1981.11	1981.4385	1983.0	4.632	COMPLETED
326	id-00309	8	15	8	3	1981.0	1981.0	1981.31	1981.8006	1984.0	20.765	COMPLETED
326	id-00310	7	5	10	1	1982.0	1982.0	1982.74	1983.0	1983.0	31.163	EXPIRED
326	id-00311	10	5	9	3	1982.0	1982.0	1982.67	1983.0139	1985.0	103.475	COMPLETED
326	id-00312	8	6	2	2	1983.0	1983.0	1983.07	1983.453	1985.0	4.029	COMPLETED
326	id-00313	5	10	9	2	1984.0	1984.0	1984.33	1984.7073	1986.0	9.926	COMPLETED
326	id-00314	9	10	4	1	1985.0	1985.0	1985.15	1986.0	1986.0	12.364	EXPIRED
326	id-00315	6	11	4	2	1987.0	1987.0	1987.15	1987.5552	1989.0	5.414	COMPLETED
326	id-00316	2	3	8	1	1989.0	1989.0	1989.31	1990.0	1990.0	3.73	EXPIRED
326	id-00317	2	3	4	2	1993.0	1993.0	1993.15	1993.6474	1995.0	1.805	COMPLETED
326	id-00318	3	6	9	2	1993.0	1993.0	1993.33	1993.7544	1995.0	5.956	COMPLETED
326	id-00319	8	3	7	1	1995.0	1995.0	1995.24	1996.0	1996.0	11.551	EXPIRED
326	id-00320	7	12	3	1	1997.0	1997.0	1997.1	1998.0	1998.0	4.211	EXPIRED
326	id-00321	4	3	5	3	1998.0	1998.0	1998.17	1998.6065	2001.0	4.091	COMPLETED
326	id-00322	6	9	7	3	1999.0	1999.0	1999.28	1999.728	2002.0	12.747	COMPLETED
326	id-00323	7	9	4	1	1999.0	1999.0	1999.14	2000.0	2000.0	5.896	EXPIRED
326	id-00324	2	4	4	3	1999.0	1999.0	1999.16	1999.5242	2002.0	1.925	COMPLETED
326	id-00325	9	5	6	2	2000.0	2000.0	2000.19	2000.6334	2002.0	10.287	COMPLETED
