311	id-00000	6	10	10	6	1704.0	1704.0	1704.43	1704.6205	1710.0	27.683	COMPLETED
311	id-00001	2	2	10	5	1704.0	1704.0	1704.42	1704.7337	1709.0	5.053	COMPLETED
311	id-00002	3	3	3	1	1704.0	1704.0	1704.12	1705.0	1705.0	2.166	EXPIRED
311	id-00003	6	10	5	2	1705.0	1705.0	1705.21	1705.3108	1707.0	11.54	COMPLETED
311	id-00004	3	4	10	3	1706.0	1706.0	1706.42	1706.6086	1709.0	7.58	COMPLETED
311	id-00005	10	14	5	7	1706.0	1706.0	1706.21	1706.3744	1713.0	24.513	COMPLETED
311	id-00006	3	3	6	5	1707.0	1707.0	1707.25	1707.4668	1712.0	4.512	COMPLETED
311	id-00007	1	2	1	7	1708.0	1708.0	1708.04	1708.3502	1715.0	0.241	COMPLETED
311	id-00008	5	4	7	6	1709.0	1709.0	1709.29	1709.5248	1715.0	11.457	COMPLETED
311	id-00009	5	9	4	6	1710.0	1710.0	1710.33	1710.5992	1716.0	13.038	COMPLETED
311	id-00010	5	7	9	5	1710.0	1710.0	1710.75	1711.2351	1715.0	57.915	COMPLETED
311	id-00011	7	11	8	7	1711.0	1711.0	1711.33	1711.62	1718.0	23.231	COMPLETED
311	id-00012	3	4	5	7	1711.0	1711.0	1711.21	1711.5231	1718.0	3.79	COMPLETED
311	id-00013	6	11	6	3	1712.0	1712.0	1712.25	1712.6309	1715.0	13.738	COMPLETED
311	id-00014	8	14	7	6	1713.0	1713.0	1713.29	1713.5189	1719.0	24.894	COMPLETED
311	id-00015	8	16	7	5	1713.0	1713.0	1713.29	1713.7363	1718.0	24.894	COMPLETED
311	id-00016	8	15	3	3	1717.0	1717.0	1717.12	1717.3688	1720.0	10.301	COMPLETED
311	id-00017	9	16	2	2	1717.0	1717.0	1717.08	1717.4638	1719.0	7.348	COMPLETED
311	id-00018	10	8	10	7	1718.0	1718.0	1718.4	1718.8691	1725.0	42.92	COMPLETED
311	id-00019	5	10	5	5	1719.0	1719.0	1719.2	1719.448	1724.0	6.016	COMPLETED
311	id-00020	1	2	5	3	1720.0	1720.0	1720.21	1720.6835	1723.0	1.263	COMPLETED
311	id-00021	8	4	9	4	1721.0	1721.0	1721.38	1721.7888	1725.0	32.619	COMPLETED
311	id-00022	8	16	2	4	1724.0	1724.0	1724.08	1724.2807	1728.0	6.867	COMPLETED
311	id-00023	6	4	8	5	1726.0	1726.0	1726.33	1726.546	1731.0	18.134	COMPLETED
311	id-00024	8	3	9	5	1727.0	1727.0	1727.38	1727.839	1732.0	32.619	COMPLETED
311	id-00025	1	2	8	2	1727.0	1727.0	1727.33	1727.8045	1729.0	1.985	COMPLETED
311	id-00026	8	16	7	2	1727.0	1727.0	1727.29	1727.6242	1729.0	24.894	COMPLETED
311	id-00027	5	4	1	3	1728.0	1728.0	1728.04	1728.5292	1731.0	1.58	COMPLETED
311	id-00028	10	11	8	7	1729.0	1729.0	1729.33	1729.6403	1736.0	38.52	COMPLETED
311	id-00029	5	6	8	1	1730.0	1730.0	1730.33	1731.0	1731.0	13.038	EXPIRED
311	id-00030	7	2	6	4	1732.0	1732.0	1732.25	1732.4949	1736.0	17.599	COMPLETED
311	id-00031	6	9	5	7	1734.0	1734.0	1734.21	1734.497	1741.0	11.54	COMPLETED
311	id-00032	8	2	10	2	1735.0	1735.0	1735.8	1736.2705	1737.0	61.13	COMPLETED
311	id-00033	10	12	6	4	1735.0	1735.0	1735.48	1735.7007	1739.0	74.131	COMPLETED
311	id-00034	8	11	10	7	1736.0	1736.0	1736.4	1736.7508	1743.0	30.565	COMPLETED
311	id-00035	7	9	7	5	1737.0	1737.0	1737.28	1737.6177	1742.0	17.071	COMPLETED
311	id-00036	3	6	1	6	1739.0	1739.0	1739.04	1739.2356	1745.0	0.722	COMPLETED
311	id-00037	2	3	5	4	1740.0	1740.0	1740.2	1740.6885	1744.0	2.406	COMPLETED
311	id-00038	5	2	1	5	1741.0	1741.0	1741.08	1741.5683	1746.0	2.406	COMPLETED
311	id-00039	6	3	6	2	1741.0	1741.0	1741.24	1741.7278	1743.0	10.926	COMPLETED
311	id-00040	3	2	6	1	1741.0	1741.0	1741.48	1742.0	1742.0	22.239	EXPIRED
311	id-00041	7	8	10	6	1741.0	1741.0	1741.43	1741.7997	1747.0	34.324	COMPLETED
311	id-00042	5	2	2	1	1744.0	1744.0	1744.08	1745.0	1745.0	2.406	EXPIRED
311	id-00043	5	2	10	4	1746.0	1746.0	1746.42	1746.6199	1750.0	16.593	COMPLETED
311	id-00044	6	6	6	5	1747.0	1747.0	1747.26	1747.6608	1752.0	16.739	COMPLETED
311	id-00045	7	14	10	5	1747.0	1747.0	1747.43	1747.703	1752.0	34.324	COMPLETED
311	id-00046	8	14	3	1	1747.0	1747.0	1747.12	1748.0	1748.0	10.301	EXPIRED
311	id-00047	9	2	10	6	1749.0	1749.0	1749.42	1749.8458	1755.0	42.539	COMPLETED
311	id-00048	9	11	4	5	1750.0	1750.0	1750.17	1750.453	1755.0	17.218	COMPLETED
311	id-00049	3	6	6	3	1750.0	1750.0	1750.26	1750.712	1753.0	4.692	COMPLETED
311	id-00050	9	3	2	3	1751.0	1751.0	1751.08	1751.5799	1754.0	8.103	COMPLETED
311	id-00051	7	4	4	1	1752.0	1752.0	1752.17	1753.0	1753.0	11.967	EXPIRED
311	id-00052	3	2	3	2	1752.0	1752.0	1752.13	1752.5006	1754.0	2.346	COMPLETED
311	id-00053	3	4	7	7	1752.0	1752.0	1752.3	1752.4466	1759.0	5.414	COMPLETED
311	id-00054	8	15	1	6	1753.0	1753.0	1753.04	1753.1476	1759.0	3.434	COMPLETED
311	id-00055	2	2	2	6	1753.0	1753.0	1753.17	1753.3318	1759.0	2.045	COMPLETED
311	id-00056	3	5	4	2	1753.0	1753.0	1753.35	1753.5785	1755.0	12.916	COMPLETED
311	id-00057	6	11	4	1	1755.0	1755.0	1755.17	1756.0	1756.0	9.342	EXPIRED
311	id-00058	5	9	2	2	1757.0	1757.0	1757.08	1757.2415	1759.0	3.161	COMPLETED
311	id-00059	4	6	3	6	1757.0	1757.0	1757.12	1757.3077	1763.0	2.888	COMPLETED
311	id-00060	6	5	5	2	1758.0	1758.0	1758.21	1758.489	1760.0	11.54	COMPLETED
311	id-00061	9	10	2	2	1759.0	1759.0	1759.08	1759.3594	1761.0	8.103	COMPLETED
311	id-00062	9	8	4	5	1760.0	1760.0	1760.17	1760.5677	1765.0	17.218	COMPLETED
311	id-00063	7	5	4	6	1761.0	1761.0	1761.17	1761.3514	1767.0	11.967	COMPLETED
311	id-00064	7	10	9	4	1763.0	1763.0	1763.75	1763.9178	1767.0	52.797	COMPLETED
311	id-00065	1	2	7	7	1763.0	1763.0	1763.58	1764.0731	1770.0	8.958	COMPLETED
311	id-00066	5	3	2	6	1765.0	1765.0	1765.09	1765.2732	1771.0	4.404	COMPLETED
311	id-00067	9	8	1	7	1766.0	1766.0	1766.04	1766.4346	1773.0	4.428	COMPLETED
311	id-00068	4	6	3	6	1766.0	1766.0	1766.13	1766.3953	1772.0	4.354	COMPLETED
311	id-00069	6	4	6	1	1768.0	1768.0	1768.26	1769.0	1769.0	16.739	EXPIRED
311	id-00070	10	20	6	7	1768.0	1768.0	1768.26	1768.6457	1775.0	32.801	COMPLETED
311	id-00071	6	4	3	4	1770.0	1770.0	1770.25	1770.493	1774.0	13.738	COMPLETED
311	id-00072	3	4	2	5	1770.0	1770.0	1770.17	1770.3916	1775.0	7.876	COMPLETED
311	id-00073	5	10	2	7	1771.0	1771.0	1771.08	1771.4997	1778.0	3.161	COMPLETED
311	id-00074	9	17	8	3	1772.0	1772.0	1772.33	1772.7048	1775.0	33.424	COMPLETED
311	id-00075	9	15	9	4	1774.0	1774.0	1774.39	1774.5099	1778.0	43.178	COMPLETED
311	id-00076	5	4	9	1	1774.0	1774.0	1774.38	1775.0	1775.0	15.013	EXPIRED
311	id-00077	2	3	7	1	1775.0	1775.0	1775.28	1776.0	1776.0	3.369	EXPIRED
311	id-00078	2	4	10	1	1775.0	1775.0	1775.4	1776.0	1776.0	4.813	EXPIRED
311	id-00079	2	3	7	3	1776.0	1776.0	1776.56	1777.0145	1779.0	6.738	COMPLETED
311	id-00080	7	14	8	1	1776.0	1776.0	1776.64	1777.0	1777.0	51.087	EXPIRED
311	id-00081	2	2	7	5	1776.0	1776.0	1776.28	1776.5239	1781.0	3.369	COMPLETED
311	id-00082	4	2	8	1	1779.0	1779.0	1779.32	1780.0	1780.0	7.7	EXPIRED
311	id-00083	1	2	1	1	1780.0	1780.0	1780.04	1781.0	1781.0	0.241	EXPIRED
311	id-00084	2	2	4	7	1781.0	1781.0	1781.17	1781.3347	1788.0	2.045	COMPLETED
311	id-00085	2	4	3	6	1781.0	1781.0	1781.12	1781.5935	1787.0	1.444	COMPLETED
311	id-00086	7	2	7	1	1782.0	1782.0	1782.27	1783.0	1783.0	13.916	EXPIRED
311	id-00087	2	2	2	3	1783.0	1783.0	1783.08	1783.3028	1786.0	0.963	COMPLETED
311	id-00088	9	15	6	6	1783.0	1783.0	1783.25	1783.5845	1789.0	25.321	COMPLETED
311	id-00089	6	5	9	1	1784.0	1784.0	1784.35	1785.0	1785.0	12.634	EXPIRED
311	id-00090	2	2	10	5	1785.0	1785.0	1785.4	1785.5898	1790.0	4.813	COMPLETED
311	id-00091	10	15	7	7	1786.0	1786.0	1786.29	1786.4789	1793.0	33.851	COMPLETED
311	id-00092	3	5	3	6	1786.0	1786.0	1786.24	1786.3823	1792.0	4.332	COMPLETED
311	id-00093	4	2	9	4	1786.0	1786.0	1786.72	1786.884	1790.0	30.902	COMPLETED
311	id-00094	9	15	1	5	1789.0	1789.0	1789.08	1789.3276	1794.0	7.348	COMPLETED
311	id-00095	7	9	6	1	1789.0	1789.0	1789.48	1790.0	1790.0	51.892	EXPIRED
311	id-00096	9	11	2	4	1790.0	1790.0	1790.08	1790.4814	1794.0	6.594	COMPLETED
311	id-00097	8	13	8	3	1793.0	1793.0	1793.32	1793.5406	1796.0	24.452	COMPLETED
311	id-00098	6	7	1	1	1793.0	1793.0	1793.04	1794.0	1794.0	1.444	EXPIRED
311	id-00099	3	4	9	7	1793.0	1793.0	1793.36	1793.7529	1800.0	6.497	COMPLETED
311	id-00100	8	10	9	6	1794.0	1794.0	1794.35	1794.7216	1800.0	23.444	COMPLETED
311	id-00101	1	2	7	7	1795.0	1795.0	1795.26	1795.4858	1802.0	1.564	COMPLETED
311	id-00102	1	2	7	2	1796.0	1796.0	1796.26	1796.5506	1798.0	1.564	COMPLETED
311	id-00103	6	9	5	4	1797.0	1797.0	1797.19	1797.5398	1801.0	6.858	COMPLETED
311	id-00104	4	2	4	7	1798.0	1798.0	1798.15	1798.5643	1805.0	3.61	COMPLETED
311	id-00105	10	16	3	5	1799.0	1799.0	1799.12	1799.3907	1804.0	12.876	COMPLETED
311	id-00106	6	9	7	6	1801.0	1801.0	1801.28	1801.4965	1807.0	12.747	COMPLETED
311	id-00107	10	10	6	2	1801.0	1801.0	1801.23	1801.5484	1803.0	22.511	COMPLETED
311	id-00108	8	12	9	2	1803.0	1803.0	1803.33	1803.6289	1805.0	18.993	COMPLETED
311	id-00109	3	3	5	2	1804.0	1804.0	1804.19	1804.4656	1806.0	3.429	COMPLETED
311	id-00110	4	5	4	1	1804.0	1804.0	1804.15	1805.0	1805.0	3.61	EXPIRED
311	id-00111	5	4	1	4	1807.0	1807.0	1807.04	1807.4528	1811.0	1.203	COMPLETED
311	id-00112	2	4	5	4	1809.0	1809.0	1809.19	1809.3065	1813.0	2.286	COMPLETED
311	id-00113	10	10	3	7	1809.0	1809.0	1809.12	1809.4656	1816.0	12.876	COMPLETED
311	id-00114	8	14	6	4	1811.0	1811.0	1811.19	1811.4333	1815.0	9.144	COMPLETED
311	id-00115	5	7	4	1	1812.0	1812.0	1812.13	1813.0	1813.0	3.91	EXPIRED
311	id-00116	7	4	2	1	1815.0	1815.0	1815.07	1816.0	1816.0	2.948	EXPIRED
311	id-00117	9	6	7	6	1815.0	1815.0	1815.27	1815.4543	1821.0	22.256	COMPLETED
311	id-00118	4	6	6	4	1816.0	1816.0	1816.21	1816.5041	1820.0	5.053	COMPLETED
311	id-00119	9	18	4	5	1816.0	1816.0	1816.31	1816.4963	1821.0	25.553	COMPLETED
311	id-00120	7	3	5	7	1816.0	1816.0	1816.2	1816.5123	1823.0	12.194	COMPLETED
311	id-00121	7	4	7	4	1816.0	1816.0	1816.54	1816.7199	1820.0	58.378	COMPLETED
311	id-00122	9	4	6	6	1817.0	1817.0	1817.46	1817.7205	1823.0	37.917	COMPLETED
311	id-00123	2	4	5	6	1817.0	1817.0	1817.17	1817.5478	1823.0	2.045	COMPLETED
311	id-00124	10	2	8	4	1817.0	1817.0	1817.62	1817.7222	1821.0	95.753	COMPLETED
311	id-00125	6	6	9	5	1817.0	1817.0	1817.36	1817.4679	1822.0	16.389	COMPLETED
311	id-00126	1	2	10	7	1818.0	1818.0	1818.38	1818.7312	1825.0	2.286	COMPLETED
311	id-00127	2	4	10	7	1818.0	1818.0	1818.4	1818.7658	1825.0	4.813	COMPLETED
311	id-00128	1	2	1	7	1818.0	1818.0	1818.03	1818.527	1825.0	0.18	COMPLETED
311	id-00129	6	7	1	4	1819.0	1819.0	1819.03	1819.3417	1823.0	1.083	COMPLETED
311	id-00130	9	17	5	7	1819.0	1819.0	1819.19	1819.3113	1826.0	15.661	COMPLETED
311	id-00131	2	4	4	2	1820.0	1820.0	1820.14	1820.3073	1822.0	1.684	COMPLETED
311	id-00132	2	2	8	3	1821.0	1821.0	1821.28	1821.4178	1824.0	3.369	COMPLETED
311	id-00133	8	16	9	1	1821.0	1821.0	1821.33	1822.0	1822.0	18.993	EXPIRED
311	id-00134	3	5	8	6	1822.0	1822.0	1822.28	1822.7077	1828.0	5.053	COMPLETED
311	id-00135	3	3	4	2	1824.0	1824.0	1824.14	1824.4476	1826.0	2.527	COMPLETED
311	id-00136	4	3	4	4	1824.0	1824.0	1824.15	1824.5431	1828.0	3.61	COMPLETED
311	id-00137	7	11	6	4	1824.0	1824.0	1824.23	1824.6059	1828.0	11.854	COMPLETED
311	id-00138	9	9	10	2	1826.0	1826.0	1826.38	1826.5434	1828.0	31.323	COMPLETED
311	id-00139	5	5	10	6	1827.0	1827.0	1827.38	1827.7627	1833.0	11.43	COMPLETED
311	id-00140	4	6	2	5	1827.0	1827.0	1827.08	1827.4511	1832.0	1.925	COMPLETED
311	id-00141	1	2	8	6	1827.0	1827.0	1827.31	1827.6638	1833.0	1.865	COMPLETED
311	id-00142	2	2	9	1	1827.0	1827.0	1827.69	1828.0	1828.0	8.302	EXPIRED
311	id-00143	3	6	2	3	1827.0	1827.0	1827.15	1827.4584	1830.0	2.707	COMPLETED
311	id-00144	9	4	3	3	1828.0	1828.0	1828.12	1828.549	1831.0	9.891	COMPLETED
311	id-00145	2	3	6	1	1830.0	1830.0	1830.44	1831.0	1831.0	5.294	EXPIRED
311	id-00146	3	3	9	6	1830.0	1830.0	1830.35	1830.8201	1836.0	6.317	COMPLETED
311	id-00147	8	11	3	6	1830.0	1830.0	1830.22	1830.3393	1836.0	16.811	COMPLETED
311	id-00148	1	2	7	1	1834.0	1834.0	1834.26	1835.0	1835.0	1.564	EXPIRED
311	id-00149	1	2	6	5	1836.0	1836.0	1836.22	1836.5681	1841.0	1.324	COMPLETED
311	id-00150	4	8	7	3	1837.0	1837.0	1837.26	1837.4445	1840.0	6.257	COMPLETED
311	id-00151	7	5	4	7	1838.0	1838.0	1838.15	1838.6086	1845.0	6.317	COMPLETED
311	id-00152	5	4	1	3	1839.0	1839.0	1839.07	1839.5127	1842.0	2.106	COMPLETED
311	id-00153	2	4	2	1	1839.0	1839.0	1839.15	1840.0	1840.0	1.805	EXPIRED
311	id-00154	1	2	8	7	1840.0	1840.0	1840.31	1840.7745	1847.0	1.865	COMPLETED
311	id-00155	1	2	4	2	1840.0	1840.0	1840.3	1840.4258	1842.0	1.805	COMPLETED
311	id-00156	1	2	3	6	1840.0	1840.0	1840.22	1840.3669	1846.0	1.324	COMPLETED
311	id-00157	10	16	1	2	1841.0	1841.0	1841.04	1841.4205	1843.0	3.538	COMPLETED
311	id-00158	1	2	3	7	1841.0	1841.0	1841.12	1841.2834	1848.0	0.722	COMPLETED
311	id-00159	7	14	3	4	1841.0	1841.0	1841.12	1841.2706	1845.0	6.185	COMPLETED
311	id-00160	1	2	8	6	1843.0	1843.0	1843.3	1843.6573	1849.0	1.805	COMPLETED
311	id-00161	7	7	4	6	1844.0	1844.0	1844.15	1844.4528	1850.0	6.317	COMPLETED
311	id-00162	9	7	3	4	1845.0	1845.0	1845.11	1845.4274	1849.0	8.03	COMPLETED
311	id-00163	9	18	2	6	1846.0	1846.0	1846.07	1846.3841	1852.0	5.11	COMPLETED
311	id-00164	10	3	6	6	1846.0	1846.0	1846.24	1846.3888	1852.0	25.752	COMPLETED
311	id-00165	1	2	3	3	1847.0	1847.0	1847.11	1847.4375	1850.0	0.662	COMPLETED
311	id-00166	9	14	8	7	1850.0	1850.0	1850.33	1850.6922	1857.0	33.424	COMPLETED
311	id-00167	1	2	6	1	1850.0	1850.0	1850.48	1851.0	1851.0	2.888	EXPIRED
311	id-00168	3	2	5	2	1850.0	1850.0	1850.4	1850.7365	1852.0	7.219	COMPLETED
311	id-00169	3	5	1	1	1850.0	1850.0	1850.04	1851.0	1851.0	0.722	EXPIRED
311	id-00170	1	2	9	6	1853.0	1853.0	1853.38	1853.7961	1859.0	2.286	COMPLETED
311	id-00171	6	8	6	3	1853.0	1853.0	1853.24	1853.4982	1856.0	10.926	COMPLETED
311	id-00172	9	6	6	1	1853.0	1853.0	1853.24	1854.0	1854.0	22.045	EXPIRED
311	id-00173	6	2	5	6	1855.0	1855.0	1855.2	1855.4744	1861.0	9.105	COMPLETED
311	id-00174	9	11	4	4	1857.0	1857.0	1857.16	1857.2959	1861.0	14.697	COMPLETED
311	id-00175	10	20	1	4	1858.0	1858.0	1858.04	1858.4304	1862.0	4.292	COMPLETED
311	id-00176	7	14	9	4	1859.0	1859.0	1859.36	1859.464	1863.0	21.948	COMPLETED
311	id-00177	4	2	2	3	1860.0	1860.0	1860.15	1860.6171	1863.0	3.61	COMPLETED
311	id-00178	9	11	8	7	1860.0	1860.0	1860.33	1860.489	1867.0	33.424	COMPLETED
311	id-00179	8	11	8	1	1860.0	1860.0	1860.62	1861.0	1861.0	64.912	EXPIRED
311	id-00180	8	8	4	2	1860.0	1860.0	1860.16	1860.6456	1862.0	12.226	COMPLETED
311	id-00181	7	13	9	1	1862.0	1862.0	1862.35	1863.0	1863.0	18.039	EXPIRED
311	id-00182	3	6	6	5	1863.0	1863.0	1863.46	1863.9258	1868.0	8.302	COMPLETED
311	id-00183	9	16	4	6	1863.0	1863.0	1863.31	1863.6812	1869.0	34.321	COMPLETED
311	id-00184	10	9	9	6	1865.0	1865.0	1865.36	1865.6041	1871.0	38.628	COMPLETED
311	id-00185	1	2	6	2	1867.0	1867.0	1867.24	1867.4727	1869.0	1.444	COMPLETED
311	id-00186	10	13	4	4	1868.0	1868.0	1868.32	1868.6765	1872.0	34.336	COMPLETED
311	id-00187	1	2	1	7	1868.0	1868.0	1868.08	1868.2764	1875.0	1.236	COMPLETED
311	id-00188	9	12	10	3	1869.0	1869.0	1869.4	1869.7363	1872.0	36.742	COMPLETED
311	id-00189	10	6	9	5	1869.0	1869.0	1869.36	1869.7836	1874.0	38.628	COMPLETED
311	id-00190	1	2	1	6	1870.0	1870.0	1870.12	1870.2903	1876.0	0.722	COMPLETED
311	id-00191	3	2	9	2	1870.0	1870.0	1870.35	1870.7957	1872.0	6.317	COMPLETED
311	id-00192	8	10	8	1	1870.0	1870.0	1870.92	1871.0	1871.0	70.299	EXPIRED
311	id-00193	1	2	4	5	1870.0	1870.0	1870.46	1870.9133	1875.0	7.104	COMPLETED
311	id-00194	1	2	6	5	1873.0	1873.0	1873.24	1873.6898	1878.0	1.444	COMPLETED
311	id-00195	8	6	4	1	1873.0	1873.0	1873.15	1874.0	1874.0	10.048	EXPIRED
311	id-00196	3	5	5	2	1873.0	1873.0	1873.19	1873.5844	1875.0	3.429	COMPLETED
311	id-00197	9	6	3	4	1874.0	1874.0	1874.12	1874.259	1878.0	9.891	COMPLETED
311	id-00198	6	4	8	6	1880.0	1880.0	1880.3	1880.6878	1886.0	10.829	COMPLETED
311	id-00199	4	2	7	4	1881.0	1881.0	1881.26	1881.3662	1885.0	6.257	COMPLETED
311	id-00200	8	8	5	5	1883.0	1883.0	1883.19	1883.3031	1888.0	10.936	COMPLETED
311	id-00201	6	11	4	5	1885.0	1885.0	1885.15	1885.4688	1890.0	5.414	COMPLETED
311	id-00202	10	3	10	5	1885.0	1885.0	1885.4	1885.6537	1890.0	42.92	COMPLETED
311	id-00203	7	11	1	3	1887.0	1887.0	1887.04	1887.5312	1890.0	2.062	COMPLETED
311	id-00204	4	8	1	1	1888.0	1888.0	1888.04	1889.0	1889.0	0.963	EXPIRED
311	id-00205	4	3	5	6	1889.0	1889.0	1889.19	1889.4756	1895.0	4.572	COMPLETED
311	id-00206	6	3	6	2	1890.0	1890.0	1890.23	1890.6321	1892.0	8.302	COMPLETED
311	id-00207	10	15	2	4	1891.0	1891.0	1891.08	1891.2811	1895.0	9.338	COMPLETED
311	id-00208	1	2	1	7	1894.0	1894.0	1894.04	1894.218	1901.0	0.241	COMPLETED
311	id-00209	1	2	3	3	1895.0	1895.0	1895.12	1895.4322	1898.0	0.722	COMPLETED
311	id-00210	6	5	8	6	1896.0	1896.0	1896.31	1896.4722	1902.0	11.19	COMPLETED
311	id-00211	2	2	5	1	1897.0	1897.0	1897.19	1898.0	1898.0	2.286	EXPIRED
311	id-00212	6	2	8	7	1897.0	1897.0	1897.64	1897.9656	1904.0	29.135	COMPLETED
311	id-00213	9	15	10	1	1897.0	1897.0	1897.8	1898.0	1898.0	111.197	EXPIRED
311	id-00214	10	13	7	7	1898.0	1898.0	1898.27	1898.5767	1905.0	26.425	COMPLETED
311	id-00215	1	2	5	1	1899.0	1899.0	1899.38	1900.0	1900.0	2.286	EXPIRED
311	id-00216	5	9	3	7	1899.0	1899.0	1899.23	1899.6503	1906.0	6.918	COMPLETED
311	id-00217	7	9	5	7	1901.0	1901.0	1901.19	1901.439	1908.0	9.793	COMPLETED
311	id-00218	10	20	10	5	1901.0	1901.0	1901.42	1901.8361	1906.0	49.026	COMPLETED
311	id-00219	8	3	8	3	1901.0	1901.0	1901.31	1901.5192	1904.0	20.765	COMPLETED
311	id-00220	4	5	3	5	1904.0	1904.0	1904.12	1904.4828	1909.0	2.888	COMPLETED
311	id-00221	3	3	1	6	1906.0	1906.0	1906.04	1906.2678	1912.0	0.722	COMPLETED
311	id-00222	10	14	4	4	1907.0	1907.0	1907.15	1907.5364	1911.0	13.267	COMPLETED
311	id-00223	7	10	8	1	1907.0	1907.0	1907.31	1908.0	1908.0	15.977	EXPIRED
311	id-00224	1	2	10	3	1909.0	1909.0	1909.37	1909.5486	1912.0	2.226	COMPLETED
311	id-00225	9	5	7	3	1912.0	1912.0	1912.28	1912.5301	1915.0	25.72	COMPLETED
311	id-00226	3	6	1	6	1912.0	1912.0	1912.04	1912.2647	1918.0	0.722	COMPLETED
311	id-00227	8	9	9	2	1914.0	1914.0	1914.36	1914.754	1916.0	27.508	COMPLETED
311	id-00228	9	9	5	3	1915.0	1915.0	1915.19	1915.5471	1918.0	15.661	COMPLETED
311	id-00229	9	10	6	4	1915.0	1915.0	1915.23	1915.3624	1919.0	18.958	COMPLETED
311	id-00230	7	4	7	4	1916.0	1916.0	1916.27	1916.5894	1920.0	13.916	COMPLETED
311	id-00231	10	5	6	2	1918.0	1918.0	1918.23	1918.3887	1920.0	22.511	COMPLETED
311	id-00232	6	11	10	4	1919.0	1919.0	1919.77	1919.9919	1923.0	27.794	COMPLETED
311	id-00233	9	2	2	3	1919.0	1919.0	1919.08	1919.2182	1922.0	6.594	COMPLETED
311	id-00234	8	14	1	5	1919.0	1919.0	1919.08	1919.437	1924.0	9.884	COMPLETED
311	id-00235	10	6	8	4	1921.0	1921.0	1921.3	1921.5345	1925.0	26.533	COMPLETED
311	id-00236	8	5	9	2	1923.0	1923.0	1923.33	1923.7824	1925.0	18.993	COMPLETED
311	id-00237	6	11	3	1	1925.0	1925.0	1925.12	1926.0	1926.0	4.332	EXPIRED
311	id-00238	5	4	9	1	1925.0	1925.0	1925.38	1926.0	1926.0	15.013	EXPIRED
311	id-00239	9	5	10	1	1927.0	1927.0	1927.38	1928.0	1928.0	31.323	EXPIRED
311	id-00240	6	12	3	4	1928.0	1928.0	1928.23	1928.4703	1932.0	8.302	COMPLETED
311	id-00241	7	10	2	6	1928.0	1928.0	1928.15	1928.6007	1934.0	16.216	COMPLETED
311	id-00242	1	2	9	2	1931.0	1931.0	1931.32	1931.4473	1933.0	1.925	COMPLETED
311	id-00243	7	12	5	2	1931.0	1931.0	1931.18	1931.5334	1933.0	7.58	COMPLETED
311	id-00244	4	3	9	6	1931.0	1931.0	1931.38	1931.8672	1937.0	9.144	COMPLETED
311	id-00245	8	8	3	2	1932.0	1932.0	1932.11	1932.4011	1934.0	5.294	COMPLETED
311	id-00246	4	2	2	1	1934.0	1934.0	1934.07	1935.0	1935.0	1.684	EXPIRED
311	id-00247	7	5	4	1	1936.0	1936.0	1936.14	1937.0	1937.0	5.896	EXPIRED
311	id-00248	5	2	8	2	1937.0	1937.0	1937.55	1938.0288	1939.0	16.544	COMPLETED
311	id-00249	10	15	6	4	1937.0	1937.0	1937.41	1937.5737	1941.0	47.858	COMPLETED
311	id-00250	7	10	7	7	1939.0	1939.0	1939.48	1939.9508	1946.0	20.214	COMPLETED
311	id-00251	4	3	9	2	1939.0	1939.0	1939.62	1939.785	1941.0	26.61	COMPLETED
311	id-00252	3	4	1	7	1940.0	1940.0	1940.03	1940.3869	1947.0	0.541	COMPLETED
311	id-00253	10	18	9	1	1941.0	1941.0	1941.31	1942.0	1942.0	21.572	EXPIRED
311	id-00254	8	2	4	7	1942.0	1942.0	1942.14	1942.5994	1949.0	6.738	COMPLETED
311	id-00255	4	2	8	7	1942.0	1942.0	1942.31	1942.4889	1949.0	7.46	COMPLETED
311	id-00256	2	4	10	3	1943.0	1943.0	1943.69	1943.972	1946.0	8.302	COMPLETED
311	id-00257	8	15	1	5	1943.0	1943.0	1943.07	1943.4485	1948.0	4.029	COMPLETED
311	id-00258	2	2	8	5	1943.0	1943.0	1943.31	1943.7648	1948.0	3.73	COMPLETED
311	id-00259	6	3	3	2	1944.0	1944.0	1944.12	1944.4464	1946.0	4.332	COMPLETED
311	id-00260	7	8	2	1	1944.0	1944.0	1944.07	1945.0	1945.0	2.948	EXPIRED
311	id-00261	8	3	6	5	1944.0	1944.0	1944.24	1944.3704	1949.0	18.339	COMPLETED
311	id-00262	6	8	6	6	1946.0	1946.0	1946.19	1946.6873	1952.0	6.858	COMPLETED
311	id-00263	5	10	4	1	1948.0	1948.0	1948.12	1949.0	1949.0	3.61	EXPIRED
311	id-00264	1	2	10	5	1950.0	1950.0	1950.8	1951.1612	1955.0	4.813	COMPLETED
311	id-00265	1	2	4	5	1950.0	1950.0	1950.13	1950.6232	1955.0	0.782	COMPLETED
311	id-00266	3	2	8	7	1950.0	1950.0	1950.64	1950.7734	1957.0	11.551	COMPLETED
311	id-00267	7	6	1	4	1952.0	1952.0	1952.03	1952.4625	1956.0	1.263	COMPLETED
311	id-00268	8	3	5	2	1953.0	1953.0	1953.22	1953.4579	1955.0	20.959	COMPLETED
311	id-00269	3	3	4	2	1953.0	1953.0	1953.16	1953.5469	1955.0	2.888	COMPLETED
311	id-00270	3	2	2	1	1953.0	1953.0	1953.07	1954.0	1954.0	1.263	EXPIRED
311	id-00271	1	2	9	6	1955.0	1955.0	1955.33	1955.5289	1961.0	1.985	COMPLETED
311	id-00272	9	15	9	6	1956.0	1956.0	1956.33	1956.6124	1962.0	24.09	COMPLETED
311	id-00273	6	12	4	5	1957.0	1957.0	1957.15	1957.4454	1962.0	5.414	COMPLETED
311	id-00274	10	13	7	7	1959.0	1959.0	1959.52	1959.8161	1966.0	45.991	COMPLETED
311	id-00275	5	10	10	2	1959.0	1959.0	1959.74	1960.1805	1961.0	57.143	COMPLETED
311	id-00276	1	2	4	7	1961.0	1961.0	1961.15	1961.5236	1968.0	0.902	COMPLETED
311	id-00277	7	13	6	2	1964.0	1964.0	1964.22	1964.5215	1966.0	9.265	COMPLETED
311	id-00278	9	2	5	2	1966.0	1966.0	1966.19	1966.6217	1968.0	13.87	COMPLETED
311	id-00279	2	2	9	2	1966.0	1966.0	1966.69	1967.171	1968.0	8.302	COMPLETED
311	id-00280	8	6	7	6	1966.0	1966.0	1966.54	1966.682	1972.0	46.354	COMPLETED
311	id-00281	10	17	10	5	1968.0	1968.0	1968.74	1969.1699	1973.0	65.449	COMPLETED
311	id-00282	3	2	2	7	1968.0	1968.0	1968.15	1968.5547	1975.0	6.95	COMPLETED
311	id-00283	3	2	10	6	1969.0	1969.0	1969.37	1969.6017	1975.0	6.678	COMPLETED
311	id-00284	7	11	2	2	1970.0	1970.0	1970.07	1970.4933	1972.0	2.948	COMPLETED
311	id-00285	1	2	3	2	1972.0	1972.0	1972.11	1972.3689	1974.0	0.662	COMPLETED
311	id-00286	4	8	6	6	1973.0	1973.0	1973.22	1973.3719	1979.0	5.294	COMPLETED
311	id-00287	5	9	10	5	1974.0	1974.0	1974.4	1974.7313	1979.0	12.032	COMPLETED
311	id-00288	5	5	4	2	1974.0	1974.0	1974.15	1974.3033	1976.0	4.512	COMPLETED
311	id-00289	9	16	1	2	1976.0	1976.0	1976.04	1976.3226	1978.0	3.674	COMPLETED
311	id-00290	9	2	4	6	1976.0	1976.0	1976.32	1976.581	1982.0	29.394	COMPLETED
311	id-00291	5	5	9	4	1976.0	1976.0	1976.72	1977.082	1980.0	55.598	COMPLETED
311	id-00292	6	2	3	3	1978.0	1978.0	1978.12	1978.3406	1981.0	5.463	COMPLETED
311	id-00293	4	5	9	5	1978.0	1978.0	1978.36	1978.4934	1983.0	8.663	COMPLETED
311	id-00294	9	4	2	7	1980.0	1980.0	1980.08	1980.5697	1987.0	6.594	COMPLETED
311	id-00295	10	2	1	6	1980.0	1980.0	1980.04	1980.4718	1986.0	3.538	COMPLETED
311	id-00296	8	9	7	6	1981.0	1981.0	1981.26	1981.4213	1987.0	14.965	COMPLETED
311	id-00297	7	9	4	5	1984.0	1984.0	1984.15	1984.4653	1989.0	6.317	COMPLETED
311	id-00298	6	10	8	5	1986.0	1986.0	1986.31	1986.4776	1991.0	11.19	COMPLETED
311	id-00299	2	4	4	2	1986.0	1986.0	1986.15	1986.4332	1988.0	1.805	COMPLETED
311	id-00300	1	2	7	3	1987.0	1987.0	1987.27	1987.5228	1990.0	1.624	COMPLETED
311	id-00301	2	2	2	1	1987.0	1987.0	1987.08	1988.0	1988.0	0.963	EXPIRED
311	id-00302	1	2	10	6	1988.0	1988.0	1988.38	1988.8277	1994.0	2.286	COMPLETED
311	id-00303	9	12	1	7	1991.0	1991.0	1991.04	1991.1548	1998.0	2.92	COMPLETED
311	id-00304	3	3	8	7	1992.0	1992.0	1992.3	1992.6701	1999.0	5.414	COMPLETED
311	id-00305	6	6	9	6	1993.0	1993.0	1993.33	1993.6331	1999.0	11.912	COMPLETED
311	id-00306	9	10	2	3	1993.0	1993.0	1993.07	1993.2443	1996.0	5.11	COMPLETED
311	id-00307	4	7	9	1	1995.0	1995.0	1995.31	1996.0	1996.0	7.46	EXPIRED
311	id-00308	1	2	9	7	1997.0	1997.0	1997.31	1997.4575	2004.0	1.865	COMPLETED
311	id-00309	5	4	3	3	1998.0	1998.0	1998.1	1998.4048	2001.0	3.008	COMPLETED
311	id-00310	7	4	7	7	1998.0	1998.0	1998.28	1998.4677	2005.0	17.071	COMPLETED
