0.0023992061614990234
0.0008442401885986328
0.0016036033630371094
0.0008561611175537109
0.0006601810455322266
0.0007822513580322266
0.0008480548858642578
0.000789642333984375
0.0009446144104003906
0.0014200210571289062
0.0008995532989501953
0.0013103485107421875
0.0017621517181396484
0.002193927764892578
0.0012326240539550781
0.0009350776672363281
0.0030050277709960938
0.0022084712982177734
0.0019571781158447266
0.0018379688262939453
0.001046895980834961
0.0011055469512939453
0.0010833740234375
0.0011985301971435547
0.0023174285888671875
0.001184701919555664
0.001186370849609375
0.00115966796875
0.001867055892944336
0.001087188720703125
0.0011830329895019531
0.002029895782470703
0.0011506080627441406
0.0015058517456054688
0.0021545886993408203
0.0011785030364990234
0.0008988380432128906
0.0007488727569580078
0.0008058547973632812
0.0007491111755371094
0.0016503334045410156
0.0007870197296142578
0.000766754150390625
0.0009434223175048828
0.0014233589172363281
0.0009038448333740234
0.0009512901306152344
0.0007865428924560547
0.001550436019897461
0.0021016597747802734
0.0013840198516845703
0.0012738704681396484
0.0008106231689453125
0.0009281635284423828
0.0012998580932617188
0.0024733543395996094
0.0007495880126953125
0.0018627643585205078
0.0008521080017089844
0.0008029937744140625
0.0006945133209228516
0.001565694808959961
0.0007588863372802734
0.0008859634399414062
0.0014615058898925781
0.0006833076477050781
0.0012369155883789062
0.0008749961853027344
0.0015931129455566406
0.001333475112915039
0.0017681121826171875
0.0019197463989257812
0.0011813640594482422
0.0017046928405761719
0.0013015270233154297
0.0006384849548339844
0.0012171268463134766
0.0017292499542236328
0.0007958412170410156
0.0006890296936035156
0.0011870861053466797
0.00061798095703125
0.0008060932159423828
0.0008451938629150391
0.0008287429809570312
0.002514362335205078
0.0008513927459716797
0.0008115768432617188
0.0008344650268554688
0.0019354820251464844
0.0010335445404052734
0.002340078353881836
0.0008263587951660156
0.0009684562683105469
0.0006437301635742188
0.0007193088531494141
0.0025849342346191406
0.0007550716400146484
0.0006947517395019531
0.0007398128509521484
0.0015368461608886719
0.0009264945983886719
0.0011260509490966797
0.000873565673828125
0.0016968250274658203
0.0008304119110107422
0.0007486343383789062
0.002294778823852539
0.001438140869140625
0.0013692378997802734
0.0009174346923828125
0.0007584095001220703
0.0009272098541259766
0.0008172988891601562
0.0014667510986328125
0.0011472702026367188
0.0018112659454345703
0.0008425712585449219
0.0013546943664550781
0.0006575584411621094
0.0011906623840332031
0.0012888908386230469
0.0016393661499023438
0.0007977485656738281
0.0015795230865478516
0.0021386146545410156
0.0011053085327148438
0.0012278556823730469
0.00115203857421875
0.0010266304016113281
0.0010073184967041016
0.0014259815216064453
0.000736236572265625
0.0014715194702148438
0.0009396076202392578
0.0014567375183105469
0.0008437633514404297
0.0007383823394775391
0.0032088756561279297
0.0013110637664794922
0.0009136199951171875
0.0008213520050048828
0.0010831356048583984
0.000797271728515625
0.0010595321655273438
0.0008873939514160156
0.0008399486541748047
0.0008900165557861328
0.0007333755493164062
0.001081705093383789
0.0007495880126953125
0.0007603168487548828
0.0012621879577636719
0.0008571147918701172
0.0008747577667236328
0.0015697479248046875
0.0008947849273681641
0.0010259151458740234
0.0014500617980957031
0.0009250640869140625
0.0011348724365234375
0.001463174819946289
0.0007441043853759766
0.0008695125579833984
0.002173900604248047
0.0007314682006835938
0.00164794921875
0.0007870197296142578
0.000774383544921875
0.0014891624450683594
0.0008387565612792969
0.0024225711822509766
0.0007348060607910156
0.0013747215270996094
0.002749204635620117
0.00103759765625
0.0018329620361328125
0.0006215572357177734
0.0006351470947265625
0.0007588863372802734
0.0008056163787841797
0.0012242794036865234
0.0011358261108398438
0.0008080005645751953
0.0007762908935546875
