0.001840353012084961
0.0008099079132080078
0.0008234977722167969
0.0032770633697509766
0.0014219284057617188
0.0008268356323242188
0.0015177726745605469
0.0008974075317382812
0.0007381439208984375
0.0015404224395751953
0.0009737014770507812
0.0007929801940917969
0.0007925033569335938
0.0014886856079101562
0.0009477138519287109
0.0009036064147949219
0.0009131431579589844
0.0009450912475585938
0.001434326171875
0.0006611347198486328
0.0018699169158935547
0.0014824867248535156
0.0007855892181396484
0.001031637191772461
0.0025069713592529297
0.0028924942016601562
0.0008249282836914062
0.0009019374847412109
0.0007727146148681641
0.0007472038269042969
0.0008759498596191406
0.0010650157928466797
0.0013611316680908203
0.001033782958984375
0.0010344982147216797
0.0009865760803222656
0.0015795230865478516
0.0009064674377441406
0.0024280548095703125
0.0011696815490722656
0.0016775131225585938
0.0009441375732421875
0.0023670196533203125
0.000926971435546875
0.0009005069732666016
0.0008082389831542969
0.001453399658203125
0.0009186267852783203
0.0007841587066650391
0.0007393360137939453
0.0013244152069091797
0.001275777816772461
0.0008723735809326172
0.0008404254913330078
0.0007419586181640625
0.0008220672607421875
0.0008480548858642578
0.0010251998901367188
0.0008001327514648438
0.0009810924530029297
0.0010623931884765625
0.0007951259613037109
0.0017435550689697266
0.0008323192596435547
0.0013446807861328125
0.0011570453643798828
0.0007851123809814453
0.0006568431854248047
0.0006570816040039062
0.0012030601501464844
0.0007772445678710938
0.0006856918334960938
0.0017545223236083984
0.0023429393768310547
0.0012881755828857422
0.0007791519165039062
0.0018954277038574219
0.0017125606536865234
0.0006716251373291016
0.0008900165557861328
0.0018208026885986328
0.0018928050994873047
0.001604318618774414
0.0016586780548095703
0.0018906593322753906
0.0009741783142089844
0.0014188289642333984
0.000926971435546875
0.0007226467132568359
0.002215147018432617
0.0008289813995361328
0.0008893013000488281
0.0008366107940673828
0.0007829666137695312
0.0007977485656738281
0.00089263916015625
0.0008192062377929688
0.0015079975128173828
0.0007386207580566406
0.0008249282836914062
0.001390218734741211
0.0010573863983154297
0.0009813308715820312
0.0008819103240966797
0.0007205009460449219
0.001238107681274414
0.0008289813995361328
0.0008375644683837891
0.0015249252319335938
0.0007314682006835938
0.0006771087646484375
0.0008952617645263672
0.0007202625274658203
0.0015692710876464844
0.0007672309875488281
0.0010097026824951172
0.0016291141510009766
0.0009784698486328125
0.0009033679962158203
0.0008199214935302734
0.002226114273071289
0.0009272098541259766
0.0007739067077636719
0.0008676052093505859
0.0008985996246337891
0.0007116794586181641
0.0019154548645019531
0.0009713172912597656
0.0008955001831054688
0.0008094310760498047
0.0013933181762695312
0.0008187294006347656
0.0009610652923583984
0.0012044906616210938
0.000896453857421875
0.0015497207641601562
0.0008413791656494141
0.002145051956176758
0.0010647773742675781
0.0010590553283691406
0.0009100437164306641
0.0009365081787109375
0.0008907318115234375
0.0014145374298095703
0.0008847713470458984
0.0015537738800048828
0.0007829666137695312
0.0007200241088867188
0.0013959407806396484
0.0014276504516601562
0.0017056465148925781
0.002004861831665039
0.0009653568267822266
0.0008730888366699219
0.0008325576782226562
0.0013926029205322266
0.0008718967437744141
0.0008471012115478516
0.0008196830749511719
0.0008995532989501953
0.0008666515350341797
0.0010161399841308594
0.0008320808410644531
0.0012578964233398438
0.0016951560974121094
0.0017092227935791016
0.0010755062103271484
0.0008335113525390625
0.0008614063262939453
0.0009148120880126953
0.0008296966552734375
0.0020334720611572266
0.0007815361022949219
0.0014925003051757812
0.0008351802825927734
0.0007264614105224609
0.0007922649383544922
0.0007774829864501953
0.0008440017700195312
0.0007171630859375
0.0007836818695068359
0.0009360313415527344
0.0015072822570800781
0.0013747215270996094
0.0012204647064208984
0.0007846355438232422
0.0008471012115478516
0.001371622085571289
0.0014548301696777344
0.0020995140075683594
0.0007817745208740234
0.000705718994140625
0.0008606910705566406
0.00072479248046875
0.0008790493011474609
0.0007147789001464844
0.0017552375793457031
