0.0017697811126708984
0.0007817745208740234
0.0007622241973876953
0.002190828323364258
0.0009856224060058594
0.000946044921875
0.0008914470672607422
0.0008594989776611328
0.0016398429870605469
0.0009493827819824219
0.0007717609405517578
0.0008013248443603516
0.0021920204162597656
0.0010821819305419922
0.0015842914581298828
0.0009951591491699219
0.0010213851928710938
0.0014727115631103516
0.0013859272003173828
0.0009474754333496094
0.0014712810516357422
0.003037691116333008
0.0013730525970458984
0.0013988018035888672
0.0008237361907958984
0.0009398460388183594
0.0015189647674560547
0.0008778572082519531
0.001798868179321289
0.0017480850219726562
0.00153350830078125
0.0008628368377685547
0.0028493404388427734
0.0008301734924316406
0.0008757114410400391
0.001516103744506836
0.0015323162078857422
0.0017855167388916016
0.0009768009185791016
0.0009613037109375
0.0008323192596435547
0.0009036064147949219
0.0023622512817382812
0.0014483928680419922
0.0008466243743896484
0.0015027523040771484
0.004457235336303711
0.0007469654083251953
0.0007505416870117188
0.0007205009460449219
0.0013759136199951172
0.0006735324859619141
0.0008389949798583984
0.0008883476257324219
0.0007014274597167969
0.0007719993591308594
0.0013141632080078125
0.0005979537963867188
0.0006272792816162109
0.0011463165283203125
0.001203298568725586
0.0015358924865722656
0.0019519329071044922
0.0008511543273925781
0.0012545585632324219
0.0006546974182128906
0.0016477108001708984
0.0013375282287597656
0.0006492137908935547
0.0006515979766845703
0.0016760826110839844
0.000982046127319336
0.0008821487426757812
0.001344442367553711
0.0009496212005615234
0.0026259422302246094
0.0009028911590576172
0.0021708011627197266
0.0019114017486572266
0.002168893814086914
0.0008881092071533203
0.0014545917510986328
0.0008332729339599609
0.0008654594421386719
0.0009491443634033203
0.0009245872497558594
0.0014033317565917969
0.0006954669952392578
0.0007205009460449219
0.0008885860443115234
0.0007200241088867188
0.0013000965118408203
0.0011372566223144531
0.0008490085601806641
0.000762939453125
0.000690460205078125
0.001077890396118164
0.0008671283721923828
0.0019137859344482422
0.001291513442993164
0.0008156299591064453
0.001416921615600586
0.0008485317230224609
0.0007112026214599609
0.0007450580596923828
0.0008854866027832031
0.0008995532989501953
0.0008077621459960938
0.0009059906005859375
0.0014047622680664062
0.0006945133209228516
0.0009400844573974609
0.001603841781616211
0.0007250308990478516
0.0015189647674560547
0.0022041797637939453
0.002054929733276367
0.001219034194946289
0.0023643970489501953
0.0018739700317382812
0.002145528793334961
0.0007724761962890625
0.0013148784637451172
0.0016586780548095703
0.0007920265197753906
0.0013632774353027344
0.0013349056243896484
0.0009403228759765625
0.002942800521850586
0.002565145492553711
0.0008783340454101562
0.0008025169372558594
0.0015311241149902344
0.00074005126953125
0.0008246898651123047
0.002234935760498047
0.0007555484771728516
0.0007612705230712891
0.0009548664093017578
0.0007672309875488281
0.0014445781707763672
0.0014162063598632812
0.0008990764617919922
0.0008246898651123047
0.0008859634399414062
0.0008032321929931641
0.0016298294067382812
0.0009136199951171875
0.0008485317230224609
0.0008695125579833984
0.0006723403930664062
0.0006897449493408203
0.0014805793762207031
0.0008745193481445312
0.001051187515258789
0.0029702186584472656
0.0010590553283691406
0.0008950233459472656
0.0008292198181152344
0.0017349720001220703
0.0009458065032958984
0.0015680789947509766
0.001409769058227539
0.0008790493011474609
0.0015060901641845703
0.0008597373962402344
0.0008363723754882812
0.0015413761138916016
0.0009458065032958984
0.0009710788726806641
0.0009093284606933594
0.0015807151794433594
0.0008068084716796875
0.0006735324859619141
0.0013723373413085938
0.0016007423400878906
0.0015544891357421875
0.0008413791656494141
0.0007054805755615234
0.001331329345703125
0.0007739067077636719
0.0015485286712646484
0.000698089599609375
0.00081634521484375
0.0007925033569335938
0.0013980865478515625
