0.0024695396423339844
0.0007622241973876953
0.0009617805480957031
0.0040051937103271484
0.0007183551788330078
0.0012791156768798828
0.0009367465972900391
0.0009839534759521484
0.0009014606475830078
0.001710653305053711
0.0009291172027587891
0.0007686614990234375
0.0007925033569335938
0.0014710426330566406
0.0011680126190185547
0.0011358261108398438
0.0009500980377197266
0.0011785030364990234
0.0012595653533935547
0.0010137557983398438
0.0026280879974365234
0.0028281211853027344
0.0008296966552734375
0.000997304916381836
0.0016868114471435547
0.002858400344848633
0.0011408329010009766
0.0008985996246337891
0.001062154769897461
0.0008592605590820312
0.0009491443634033203
0.0013394355773925781
0.0012772083282470703
0.0013537406921386719
0.001299142837524414
0.0028476715087890625
0.001176595687866211
0.00110626220703125
0.002740144729614258
0.0009250640869140625
0.0013480186462402344
0.001974344253540039
0.0020647048950195312
0.0008339881896972656
0.00086212158203125
0.0019068717956542969
0.0017473697662353516
0.0008258819580078125
0.0019252300262451172
0.0008997917175292969
0.0017139911651611328
0.002188444137573242
0.0009701251983642578
0.0008122920989990234
0.0008904933929443359
0.001012563705444336
0.0009248256683349609
0.0016903877258300781
0.0011332035064697266
0.0014882087707519531
0.000675201416015625
0.0008313655853271484
0.002335786819458008
0.0011594295501708984
0.0013790130615234375
0.0006420612335205078
0.0008156299591064453
0.0007684230804443359
0.0010488033294677734
0.0020096302032470703
0.0009305477142333984
0.0007011890411376953
0.0019614696502685547
0.002228975296020508
0.0008385181427001953
0.0006747245788574219
0.001978635787963867
0.0013632774353027344
0.000713348388671875
0.0013804435729980469
0.0012502670288085938
0.0009024143218994141
0.0007088184356689453
0.001329183578491211
0.0013988018035888672
0.0007953643798828125
0.001298666000366211
0.0012090206146240234
0.0006644725799560547
0.0015370845794677734
0.001827239990234375
0.0006527900695800781
0.0006742477416992188
0.0006840229034423828
0.0007548332214355469
0.0008258819580078125
0.0007407665252685547
0.001249551773071289
0.0007119178771972656
0.0008180141448974609
0.0008397102355957031
0.0007877349853515625
0.0006949901580810547
0.0007097721099853516
0.0008213520050048828
0.0014324188232421875
0.0007660388946533203
0.0007195472717285156
0.0013115406036376953
0.0007224082946777344
0.00080108642578125
0.0010139942169189453
0.0008280277252197266
0.0009579658508300781
0.0011179447174072266
0.0008497238159179688
0.0018572807312011719
0.0012023448944091797
0.0010793209075927734
0.0008728504180908203
0.0016016960144042969
0.0018014907836914062
0.0008718967437744141
0.001009225845336914
0.0008246898651123047
0.0009944438934326172
0.001996755599975586
0.001153707504272461
0.0010690689086914062
0.0010950565338134766
0.0017380714416503906
0.0010976791381835938
0.00103759765625
0.0008492469787597656
0.0010159015655517578
0.0010979175567626953
0.0008282661437988281
0.0015974044799804688
0.0010519027709960938
0.0011403560638427734
0.0010030269622802734
0.0026633739471435547
0.000881195068359375
0.001337289810180664
0.0011169910430908203
0.0011491775512695312
0.0010654926300048828
0.0010128021240234375
0.0018451213836669922
0.0018935203552246094
0.0019414424896240234
0.0018215179443359375
0.0009512901306152344
0.0007698535919189453
0.0012679100036621094
0.0012137889862060547
0.0008535385131835938
0.0007126331329345703
0.0010063648223876953
0.0012021064758300781
0.0009860992431640625
0.0012183189392089844
0.0008363723754882812
0.0008997917175292969
0.002354145050048828
0.0025014877319335938
0.001251220703125
0.0010516643524169922
0.0011248588562011719
0.000985860824584961
0.0011391639709472656
0.0019235610961914062
0.0007388591766357422
0.0010349750518798828
0.0007295608520507812
0.0009877681732177734
0.0010445117950439453
0.0007987022399902344
0.001043081283569336
0.001087188720703125
0.0010178089141845703
0.0007674694061279297
0.0010411739349365234
0.001934051513671875
0.0018668174743652344
0.0010831356048583984
0.0009481906890869141
0.0017766952514648438
0.0016131401062011719
0.0032613277435302734
0.0011124610900878906
0.0009572505950927734
0.0007944107055664062
0.0006499290466308594
0.0008959770202636719
0.0006825923919677734
0.0011761188507080078
