311	id-00000	8	14	8	12	1704.0	1704.0	1704.33	1704.7113	1716.0	28.327	COMPLETED
311	id-00001	6	9	10	3	1704.0	1704.0	1704.8	1705.086	1707.0	36.419	COMPLETED
311	id-00002	4	7	5	10	1704.0	1704.0	1704.4	1704.7871	1714.0	24.71	COMPLETED
311	id-00003	6	11	2	6	1705.0	1705.0	1705.08	1705.4069	1711.0	4.396	COMPLETED
311	id-00004	3	5	9	4	1706.0	1706.0	1706.38	1706.5785	1710.0	6.858	COMPLETED
311	id-00005	8	13	3	3	1706.0	1706.0	1706.12	1706.3087	1709.0	10.301	COMPLETED
311	id-00006	2	4	6	11	1707.0	1707.0	1707.25	1707.5643	1718.0	3.008	COMPLETED
311	id-00007	9	8	5	2	1708.0	1708.0	1708.21	1708.5211	1710.0	21.27	COMPLETED
311	id-00008	6	5	6	7	1709.0	1709.0	1709.25	1709.5754	1716.0	13.738	COMPLETED
311	id-00009	9	7	10	2	1710.0	1710.0	1710.83	1711.2328	1712.0	84.066	COMPLETED
311	id-00010	9	13	1	14	1710.0	1710.0	1710.08	1710.1908	1724.0	11.12	COMPLETED
311	id-00011	9	4	1	7	1711.0	1711.0	1711.04	1711.3045	1718.0	4.051	COMPLETED
311	id-00012	4	4	5	13	1711.0	1711.0	1711.21	1711.5066	1724.0	5.053	COMPLETED
311	id-00013	10	20	3	14	1712.0	1712.0	1712.12	1712.5109	1726.0	14.007	COMPLETED
311	id-00014	7	3	7	12	1713.0	1713.0	1713.58	1713.9926	1725.0	40.83	COMPLETED
311	id-00015	1	2	10	4	1713.0	1713.0	1713.83	1714.1391	1717.0	12.819	COMPLETED
311	id-00016	2	4	7	1	1717.0	1717.0	1717.28	1718.0	1718.0	3.369	EXPIRED
311	id-00017	10	19	9	2	1717.0	1717.0	1717.38	1717.7323	1719.0	44.357	COMPLETED
311	id-00018	5	3	6	14	1718.0	1718.0	1718.24	1718.7303	1732.0	7.219	COMPLETED
311	id-00019	4	3	4	3	1719.0	1719.0	1719.16	1719.3526	1722.0	3.85	COMPLETED
311	id-00020	2	3	5	9	1720.0	1720.0	1720.21	1720.6554	1729.0	2.527	COMPLETED
311	id-00021	1	2	9	15	1721.0	1721.0	1721.38	1721.6146	1736.0	2.286	COMPLETED
311	id-00022	5	6	4	9	1724.0	1724.0	1724.17	1724.3822	1733.0	6.716	COMPLETED
311	id-00023	3	4	6	13	1726.0	1726.0	1726.25	1726.3972	1739.0	4.512	COMPLETED
311	id-00024	2	3	3	2	1727.0	1727.0	1727.12	1727.292	1729.0	1.444	COMPLETED
311	id-00025	8	12	8	10	1727.0	1727.0	1727.33	1727.7746	1737.0	28.327	COMPLETED
311	id-00026	5	3	6	6	1727.0	1727.0	1727.25	1727.3534	1733.0	9.877	COMPLETED
311	id-00027	6	10	4	9	1728.0	1728.0	1728.17	1728.3732	1737.0	9.342	COMPLETED
311	id-00028	5	10	8	1	1729.0	1729.0	1729.33	1730.0	1730.0	13.038	EXPIRED
311	id-00029	4	7	2	15	1730.0	1730.0	1730.08	1730.4079	1745.0	1.925	COMPLETED
311	id-00030	3	2	6	9	1732.0	1732.0	1732.25	1732.5969	1741.0	4.512	COMPLETED
311	id-00031	10	11	7	6	1734.0	1734.0	1734.29	1734.6464	1740.0	33.851	COMPLETED
311	id-00032	10	9	8	1	1735.0	1735.0	1735.64	1736.0	1736.0	68.672	EXPIRED
311	id-00033	3	5	6	14	1735.0	1735.0	1735.48	1735.9061	1749.0	22.239	COMPLETED
311	id-00034	2	2	10	2	1736.0	1736.0	1736.4	1736.6931	1738.0	4.813	COMPLETED
311	id-00035	5	5	8	15	1737.0	1737.0	1737.32	1737.8092	1752.0	9.626	COMPLETED
311	id-00036	6	3	6	9	1739.0	1739.0	1739.24	1739.6495	1748.0	10.926	COMPLETED
311	id-00037	1	2	5	5	1740.0	1740.0	1740.2	1740.5554	1745.0	1.203	COMPLETED
311	id-00038	6	12	7	15	1741.0	1741.0	1741.56	1741.7642	1756.0	25.493	COMPLETED
311	id-00039	1	2	10	5	1741.0	1741.0	1741.43	1741.7035	1746.0	2.587	COMPLETED
311	id-00040	7	3	2	8	1741.0	1741.0	1741.08	1741.5153	1749.0	4.877	COMPLETED
311	id-00041	3	4	10	4	1741.0	1741.0	1741.8	1741.9787	1745.0	37.066	COMPLETED
311	id-00042	5	9	10	1	1744.0	1744.0	1744.4	1745.0	1745.0	12.032	EXPIRED
311	id-00043	8	13	6	9	1746.0	1746.0	1746.25	1746.4444	1755.0	21.46	COMPLETED
311	id-00044	6	11	9	2	1747.0	1747.0	1747.39	1747.6501	1749.0	25.108	COMPLETED
311	id-00045	2	4	6	1	1747.0	1747.0	1747.25	1748.0	1748.0	3.008	EXPIRED
311	id-00046	8	9	9	9	1747.0	1747.0	1747.39	1747.5758	1756.0	37.155	COMPLETED
311	id-00047	3	4	5	5	1749.0	1749.0	1749.21	1749.6875	1754.0	3.79	COMPLETED
311	id-00048	3	2	6	11	1750.0	1750.0	1750.5	1750.7542	1761.0	9.024	COMPLETED
311	id-00049	3	4	10	7	1750.0	1750.0	1750.83	1751.1032	1757.0	30.63	COMPLETED
311	id-00050	10	8	9	8	1751.0	1751.0	1751.39	1751.6642	1759.0	49.201	COMPLETED
311	id-00051	6	8	7	9	1752.0	1752.0	1752.58	1752.9649	1761.0	31.872	COMPLETED
311	id-00052	1	2	10	13	1752.0	1752.0	1752.43	1752.7956	1765.0	2.587	COMPLETED
311	id-00053	2	3	5	10	1752.0	1752.0	1752.42	1752.6444	1762.0	12.973	COMPLETED
311	id-00054	6	9	2	11	1753.0	1753.0	1753.17	1753.5339	1764.0	9.342	COMPLETED
311	id-00055	1	2	8	8	1753.0	1753.0	1753.67	1753.8836	1761.0	10.347	COMPLETED
311	id-00056	5	7	10	4	1753.0	1753.0	1753.43	1753.7208	1757.0	21.042	COMPLETED
311	id-00057	5	7	10	9	1755.0	1755.0	1755.42	1755.8541	1764.0	16.593	COMPLETED
311	id-00058	1	2	6	4	1757.0	1757.0	1757.25	1757.4104	1761.0	1.504	COMPLETED
311	id-00059	10	3	9	7	1757.0	1757.0	1757.38	1757.7292	1764.0	44.357	COMPLETED
311	id-00060	6	7	10	11	1758.0	1758.0	1758.42	1758.6792	1769.0	23.08	COMPLETED
311	id-00061	2	3	1	3	1759.0	1759.0	1759.04	1759.5275	1762.0	0.481	COMPLETED
311	id-00062	6	12	10	10	1760.0	1760.0	1760.42	1760.5484	1770.0	23.08	COMPLETED
311	id-00063	8	8	2	2	1761.0	1761.0	1761.08	1761.3749	1763.0	6.867	COMPLETED
311	id-00064	7	7	6	1	1763.0	1763.0	1763.5	1764.0	1764.0	35.198	EXPIRED
311	id-00065	8	16	4	8	1763.0	1763.0	1763.33	1763.6878	1771.0	40.772	COMPLETED
311	id-00066	6	2	2	9	1765.0	1765.0	1765.09	1765.5047	1774.0	5.794	COMPLETED
311	id-00067	9	2	2	11	1766.0	1766.0	1766.09	1766.5312	1777.0	9.964	COMPLETED
311	id-00068	4	7	4	1	1766.0	1766.0	1766.17	1767.0	1767.0	5.694	EXPIRED
311	id-00069	6	11	5	10	1768.0	1768.0	1768.22	1768.6093	1778.0	14.164	COMPLETED
311	id-00070	7	8	3	1	1768.0	1768.0	1768.13	1769.0	1769.0	10.377	EXPIRED
311	id-00071	1	2	6	1	1770.0	1770.0	1770.5	1771.0	1771.0	3.008	EXPIRED
311	id-00072	7	12	2	3	1770.0	1770.0	1770.17	1770.6299	1773.0	13.57	COMPLETED
311	id-00073	1	2	3	5	1771.0	1771.0	1771.12	1771.5905	1776.0	0.722	COMPLETED
311	id-00074	1	2	7	6	1772.0	1772.0	1772.29	1772.6904	1778.0	1.745	COMPLETED
311	id-00075	1	2	7	10	1774.0	1774.0	1774.58	1774.7619	1784.0	3.489	COMPLETED
311	id-00076	2	4	10	1	1774.0	1774.0	1774.83	1775.0	1775.0	9.987	EXPIRED
311	id-00077	4	2	4	5	1775.0	1775.0	1775.16	1775.3558	1780.0	3.85	COMPLETED
311	id-00078	7	5	3	8	1775.0	1775.0	1775.12	1775.434	1783.0	7.316	COMPLETED
311	id-00079	2	3	9	3	1776.0	1776.0	1776.36	1776.4919	1779.0	4.332	COMPLETED
311	id-00080	9	18	4	6	1776.0	1776.0	1776.16	1776.3399	1782.0	14.697	COMPLETED
311	id-00081	8	13	5	12	1776.0	1776.0	1776.21	1776.6803	1788.0	18.026	COMPLETED
311	id-00082	4	7	3	12	1779.0	1779.0	1779.12	1779.2891	1791.0	2.888	COMPLETED
311	id-00083	4	3	6	3	1780.0	1780.0	1780.23	1780.4003	1783.0	5.535	COMPLETED
311	id-00084	7	3	1	15	1781.0	1781.0	1781.04	1781.3234	1796.0	2.062	COMPLETED
311	id-00085	4	6	10	12	1781.0	1781.0	1781.42	1781.6682	1793.0	10.107	COMPLETED
311	id-00086	10	4	5	14	1782.0	1782.0	1782.21	1782.4719	1796.0	24.513	COMPLETED
311	id-00087	10	14	6	6	1783.0	1783.0	1783.5	1783.9253	1789.0	58.364	COMPLETED
311	id-00088	4	3	4	13	1783.0	1783.0	1783.33	1783.6628	1796.0	20.386	COMPLETED
311	id-00089	6	5	4	5	1784.0	1784.0	1784.15	1784.6021	1789.0	5.414	COMPLETED
311	id-00090	1	2	3	7	1785.0	1785.0	1785.12	1785.3215	1792.0	0.722	COMPLETED
311	id-00091	4	2	4	13	1786.0	1786.0	1786.32	1786.7056	1799.0	7.7	COMPLETED
311	id-00092	7	14	5	3	1786.0	1786.0	1786.4	1786.5701	1789.0	39.472	COMPLETED
311	id-00093	3	5	9	10	1786.0	1786.0	1786.38	1786.8698	1796.0	6.858	COMPLETED
311	id-00094	6	5	4	14	1789.0	1789.0	1789.17	1789.4202	1803.0	9.342	COMPLETED
311	id-00095	4	3	4	2	1789.0	1789.0	1789.16	1789.2776	1791.0	3.85	COMPLETED
311	id-00096	2	4	7	15	1790.0	1790.0	1790.27	1790.7485	1805.0	3.249	COMPLETED
311	id-00097	10	12	10	2	1793.0	1793.0	1793.77	1793.8996	1795.0	75.361	COMPLETED
311	id-00098	2	2	1	8	1793.0	1793.0	1793.08	1793.2916	1801.0	2.471	COMPLETED
311	id-00099	8	15	6	10	1793.0	1793.0	1793.24	1793.6537	1803.0	18.339	COMPLETED
311	id-00100	7	8	1	14	1794.0	1794.0	1794.04	1794.3647	1808.0	2.062	COMPLETED
311	id-00101	7	13	2	4	1795.0	1795.0	1795.07	1795.5225	1799.0	2.948	COMPLETED
311	id-00102	8	2	7	9	1796.0	1796.0	1796.26	1796.5051	1805.0	14.965	COMPLETED
311	id-00103	4	7	1	2	1797.0	1797.0	1797.04	1797.3277	1799.0	0.963	COMPLETED
311	id-00104	2	4	4	2	1798.0	1798.0	1798.15	1798.5826	1800.0	1.805	COMPLETED
311	id-00105	1	2	8	8	1799.0	1799.0	1799.3	1799.4207	1807.0	1.805	COMPLETED
311	id-00106	1	2	8	12	1801.0	1801.0	1801.59	1801.8958	1813.0	3.549	COMPLETED
311	id-00107	2	2	10	1	1801.0	1801.0	1801.74	1802.0	1802.0	8.904	EXPIRED
311	id-00108	7	10	3	12	1803.0	1803.0	1803.11	1803.5297	1815.0	4.632	COMPLETED
311	id-00109	2	2	1	7	1804.0	1804.0	1804.07	1804.5163	1811.0	0.842	COMPLETED
311	id-00110	2	4	2	2	1804.0	1804.0	1804.15	1804.497	1806.0	1.805	COMPLETED
311	id-00111	10	17	7	1	1807.0	1807.0	1807.28	1808.0	1808.0	30.044	EXPIRED
311	id-00112	9	7	9	2	1809.0	1809.0	1809.33	1809.5137	1811.0	24.09	COMPLETED
311	id-00113	10	10	8	12	1809.0	1809.0	1809.32	1809.8191	1821.0	34.336	COMPLETED
311	id-00114	5	2	9	10	1811.0	1811.0	1811.29	1811.784	1821.0	8.723	COMPLETED
311	id-00115	1	2	4	5	1812.0	1812.0	1812.13	1812.6254	1817.0	0.782	COMPLETED
311	id-00116	3	6	9	1	1815.0	1815.0	1815.62	1816.0	1816.0	11.19	EXPIRED
311	id-00117	6	2	2	3	1815.0	1815.0	1815.14	1815.2896	1818.0	5.053	COMPLETED
311	id-00118	2	4	5	1	1816.0	1816.0	1816.34	1817.0	1817.0	4.091	EXPIRED
311	id-00119	1	2	1	5	1816.0	1816.0	1816.07	1816.4201	1821.0	0.421	COMPLETED
311	id-00120	7	5	5	13	1816.0	1816.0	1816.19	1816.4953	1829.0	9.793	COMPLETED
311	id-00121	2	4	7	13	1816.0	1816.0	1816.28	1816.6109	1829.0	3.369	COMPLETED
311	id-00122	10	7	5	11	1817.0	1817.0	1817.42	1817.8986	1828.0	49.026	COMPLETED
311	id-00123	2	3	3	10	1817.0	1817.0	1817.12	1817.5375	1827.0	1.444	COMPLETED
311	id-00124	2	3	6	10	1817.0	1817.0	1817.5	1817.8233	1827.0	15.444	COMPLETED
311	id-00125	10	19	3	9	1817.0	1817.0	1817.12	1817.5799	1826.0	11.745	COMPLETED
311	id-00126	10	10	2	14	1818.0	1818.0	1818.15	1818.393	1832.0	14.681	COMPLETED
311	id-00127	3	5	5	15	1818.0	1818.0	1818.2	1818.4252	1833.0	3.61	COMPLETED
311	id-00128	5	4	10	13	1818.0	1818.0	1818.77	1819.0145	1831.0	59.459	COMPLETED
311	id-00129	4	3	1	7	1819.0	1819.0	1819.03	1819.4106	1826.0	0.722	COMPLETED
311	id-00130	10	19	2	4	1819.0	1819.0	1819.08	1819.2366	1823.0	7.83	COMPLETED
311	id-00131	5	7	8	12	1820.0	1820.0	1820.28	1820.6643	1832.0	8.422	COMPLETED
311	id-00132	3	4	5	7	1821.0	1821.0	1821.19	1821.469	1828.0	3.429	COMPLETED
311	id-00133	7	2	1	3	1821.0	1821.0	1821.03	1821.1534	1824.0	1.263	COMPLETED
311	id-00134	4	8	3	13	1822.0	1822.0	1822.1	1822.2994	1835.0	2.406	COMPLETED
311	id-00135	8	10	5	6	1824.0	1824.0	1824.19	1824.3228	1830.0	10.936	COMPLETED
311	id-00136	4	5	4	2	1824.0	1824.0	1824.14	1824.3747	1826.0	3.369	COMPLETED
311	id-00137	4	2	5	15	1824.0	1824.0	1824.19	1824.6036	1839.0	4.572	COMPLETED
311	id-00138	2	4	8	13	1826.0	1826.0	1826.31	1826.5987	1839.0	3.73	COMPLETED
311	id-00139	4	7	5	8	1827.0	1827.0	1827.38	1827.562	1835.0	9.144	COMPLETED
311	id-00140	3	2	7	7	1827.0	1827.0	1827.54	1827.8985	1834.0	14.837	COMPLETED
311	id-00141	1	2	3	6	1827.0	1827.0	1827.12	1827.5786	1833.0	0.722	COMPLETED
311	id-00142	7	4	2	2	1827.0	1827.0	1827.08	1827.503	1829.0	4.123	COMPLETED
311	id-00143	1	2	8	15	1827.0	1827.0	1827.31	1827.6495	1842.0	1.865	COMPLETED
311	id-00144	5	10	1	5	1828.0	1828.0	1828.04	1828.3061	1833.0	1.203	COMPLETED
311	id-00145	4	5	10	3	1830.0	1830.0	1830.42	1830.8244	1833.0	10.107	COMPLETED
311	id-00146	7	14	1	2	1830.0	1830.0	1830.04	1830.3931	1832.0	1.684	COMPLETED
311	id-00147	10	3	9	1	1830.0	1830.0	1830.35	1831.0	1831.0	34.255	EXPIRED
311	id-00148	5	9	3	13	1834.0	1834.0	1834.11	1834.5895	1847.0	3.309	COMPLETED
311	id-00149	10	18	1	6	1836.0	1836.0	1836.04	1836.4491	1842.0	3.538	COMPLETED
311	id-00150	3	3	1	2	1837.0	1837.0	1837.04	1837.5297	1839.0	0.722	COMPLETED
311	id-00151	10	18	9	15	1838.0	1838.0	1838.33	1838.6748	1853.0	29.187	COMPLETED
311	id-00152	7	10	5	6	1839.0	1839.0	1839.37	1839.8629	1845.0	15.581	COMPLETED
311	id-00153	2	4	2	12	1839.0	1839.0	1839.15	1839.3813	1851.0	4.633	COMPLETED
311	id-00154	4	5	1	3	1840.0	1840.0	1840.04	1840.4643	1843.0	0.963	COMPLETED
311	id-00155	10	18	1	1	1840.0	1840.0	1840.04	1841.0	1841.0	3.538	EXPIRED
311	id-00156	4	3	8	15	1840.0	1840.0	1840.32	1840.4945	1855.0	7.7	COMPLETED
311	id-00157	3	2	4	8	1841.0	1841.0	1841.3	1841.6688	1849.0	5.414	COMPLETED
311	id-00158	5	10	8	4	1841.0	1841.0	1841.59	1841.708	1845.0	23.31	COMPLETED
311	id-00159	10	17	4	10	1841.0	1841.0	1841.15	1841.435	1851.0	14.681	COMPLETED
311	id-00160	6	9	6	3	1843.0	1843.0	1843.22	1843.5718	1846.0	7.941	COMPLETED
311	id-00161	9	12	3	2	1844.0	1844.0	1844.11	1844.2475	1846.0	8.03	COMPLETED
311	id-00162	6	5	1	10	1845.0	1845.0	1845.04	1845.4378	1855.0	1.444	COMPLETED
311	id-00163	2	3	5	12	1846.0	1846.0	1846.2	1846.3658	1858.0	2.406	COMPLETED
311	id-00164	9	16	5	2	1846.0	1846.0	1846.19	1846.3028	1848.0	13.87	COMPLETED
311	id-00165	8	6	1	6	1847.0	1847.0	1847.04	1847.178	1853.0	2.302	COMPLETED
311	id-00166	10	20	9	1	1850.0	1850.0	1850.72	1851.0	1851.0	77.256	EXPIRED
311	id-00167	4	2	7	2	1850.0	1850.0	1850.56	1850.6607	1852.0	34.595	COMPLETED
311	id-00168	2	4	4	7	1850.0	1850.0	1850.33	1850.7119	1857.0	3.971	COMPLETED
311	id-00169	1	2	5	3	1850.0	1850.0	1850.42	1850.742	1853.0	2.527	COMPLETED
311	id-00170	10	5	3	15	1853.0	1853.0	1853.24	1853.5274	1868.0	25.752	COMPLETED
311	id-00171	3	6	5	12	1853.0	1853.0	1853.21	1853.3132	1865.0	3.79	COMPLETED
311	id-00172	1	2	4	2	1853.0	1853.0	1853.32	1853.7427	1855.0	4.942	COMPLETED
311	id-00173	10	18	1	4	1855.0	1855.0	1855.04	1855.5142	1859.0	4.292	COMPLETED
311	id-00174	7	11	10	7	1857.0	1857.0	1857.4	1857.7649	1864.0	24.387	COMPLETED
311	id-00175	10	9	9	3	1858.0	1858.0	1858.36	1858.6294	1861.0	38.628	COMPLETED
311	id-00176	9	10	10	9	1859.0	1859.0	1859.4	1859.8171	1868.0	36.742	COMPLETED
311	id-00177	1	2	5	7	1860.0	1860.0	1860.58	1860.8424	1867.0	3.489	COMPLETED
311	id-00178	3	4	7	5	1860.0	1860.0	1860.81	1861.0539	1865.0	14.619	COMPLETED
311	id-00179	7	8	8	2	1860.0	1860.0	1860.92	1861.1051	1862.0	82.112	COMPLETED
311	id-00180	1	2	10	13	1860.0	1860.0	1860.4	1860.5477	1873.0	2.406	COMPLETED
311	id-00181	5	3	8	10	1862.0	1862.0	1862.31	1862.5158	1872.0	9.325	COMPLETED
311	id-00182	10	3	7	13	1863.0	1863.0	1863.28	1863.7218	1876.0	30.044	COMPLETED
311	id-00183	3	2	6	9	1863.0	1863.0	1863.23	1863.6307	1872.0	4.151	COMPLETED
311	id-00184	1	2	5	13	1865.0	1865.0	1865.2	1865.3778	1878.0	1.203	COMPLETED
311	id-00185	2	3	4	15	1867.0	1867.0	1867.16	1867.4162	1882.0	1.925	COMPLETED
311	id-00186	6	9	4	14	1868.0	1868.0	1868.16	1868.4884	1882.0	7.284	COMPLETED
311	id-00187	5	8	6	15	1868.0	1868.0	1868.24	1868.6489	1883.0	7.219	COMPLETED
311	id-00188	3	6	7	2	1869.0	1869.0	1869.56	1870.036	1871.0	10.107	COMPLETED
311	id-00189	6	9	5	11	1869.0	1869.0	1869.4	1869.7764	1880.0	29.523	COMPLETED
311	id-00190	10	9	9	7	1870.0	1870.0	1870.35	1870.5076	1877.0	34.255	COMPLETED
311	id-00191	2	2	8	5	1870.0	1870.0	1870.62	1871.0904	1875.0	7.46	COMPLETED
311	id-00192	6	12	9	10	1870.0	1870.0	1870.36	1870.7704	1880.0	16.389	COMPLETED
311	id-00193	7	2	3	8	1870.0	1870.0	1870.23	1870.5726	1878.0	16.191	COMPLETED
311	id-00194	8	2	5	3	1873.0	1873.0	1873.38	1873.5764	1876.0	25.454	COMPLETED
311	id-00195	4	7	2	15	1873.0	1873.0	1873.08	1873.3328	1888.0	1.925	COMPLETED
311	id-00196	2	3	1	11	1873.0	1873.0	1873.08	1873.4565	1884.0	2.471	COMPLETED
311	id-00197	7	10	6	4	1874.0	1874.0	1874.23	1874.5166	1878.0	11.854	COMPLETED
311	id-00198	8	7	1	10	1880.0	1880.0	1880.04	1880.2436	1890.0	2.302	COMPLETED
311	id-00199	10	13	3	2	1881.0	1881.0	1881.12	1881.3409	1883.0	11.745	COMPLETED
311	id-00200	10	20	1	5	1883.0	1883.0	1883.04	1883.3658	1888.0	3.915	COMPLETED
311	id-00201	6	10	4	5	1885.0	1885.0	1885.15	1885.539	1890.0	5.414	COMPLETED
311	id-00202	1	2	7	5	1885.0	1885.0	1885.28	1885.662	1890.0	1.684	COMPLETED
311	id-00203	3	2	2	5	1887.0	1887.0	1887.08	1887.5021	1892.0	1.444	COMPLETED
311	id-00204	2	3	1	7	1888.0	1888.0	1888.04	1888.5056	1895.0	0.481	COMPLETED
311	id-00205	6	8	1	7	1889.0	1889.0	1889.04	1889.2371	1896.0	1.444	COMPLETED
311	id-00206	10	9	8	1	1890.0	1890.0	1890.33	1891.0	1891.0	38.52	EXPIRED
311	id-00207	1	2	8	1	1891.0	1891.0	1891.31	1892.0	1892.0	1.865	EXPIRED
311	id-00208	4	3	3	10	1894.0	1894.0	1894.12	1894.36	1904.0	2.888	COMPLETED
311	id-00209	5	4	7	9	1895.0	1895.0	1895.27	1895.4493	1904.0	8.122	COMPLETED
311	id-00210	1	2	4	7	1896.0	1896.0	1896.15	1896.2981	1903.0	0.902	COMPLETED
311	id-00211	3	5	3	15	1897.0	1897.0	1897.35	1897.5929	1912.0	6.317	COMPLETED
311	id-00212	4	5	6	11	1897.0	1897.0	1897.69	1897.9353	1908.0	23.109	COMPLETED
311	id-00213	7	3	4	13	1897.0	1897.0	1897.46	1897.6628	1910.0	49.73	COMPLETED
311	id-00214	8	8	5	10	1898.0	1898.0	1898.19	1898.3815	1908.0	12.727	COMPLETED
311	id-00215	3	3	8	15	1899.0	1899.0	1899.32	1899.4855	1914.0	5.775	COMPLETED
311	id-00216	7	2	7	13	1899.0	1899.0	1899.27	1899.7535	1912.0	13.916	COMPLETED
311	id-00217	7	13	1	14	1901.0	1901.0	1901.08	1901.3005	1915.0	4.123	COMPLETED
311	id-00218	6	3	6	5	1901.0	1901.0	1901.23	1901.6553	1906.0	8.302	COMPLETED
311	id-00219	2	4	5	2	1901.0	1901.0	1901.38	1901.5554	1903.0	11.737	COMPLETED
311	id-00220	7	8	6	15	1904.0	1904.0	1904.23	1904.5469	1919.0	11.854	COMPLETED
311	id-00221	1	2	10	14	1906.0	1906.0	1906.37	1906.6277	1920.0	2.226	COMPLETED
311	id-00222	4	2	5	6	1907.0	1907.0	1907.37	1907.6201	1913.0	8.904	COMPLETED
311	id-00223	4	8	3	7	1907.0	1907.0	1907.22	1907.5989	1914.0	7.368	COMPLETED
311	id-00224	6	5	4	15	1909.0	1909.0	1909.15	1909.4647	1924.0	5.414	COMPLETED
311	id-00225	4	8	10	1	1912.0	1912.0	1912.4	1913.0	1913.0	9.626	EXPIRED
311	id-00226	5	5	10	6	1912.0	1912.0	1912.4	1912.5516	1918.0	12.032	COMPLETED
311	id-00227	4	7	10	8	1914.0	1914.0	1914.4	1914.5029	1922.0	9.626	COMPLETED
311	id-00228	4	3	9	5	1915.0	1915.0	1915.35	1915.766	1920.0	8.422	COMPLETED
311	id-00229	1	2	4	1	1915.0	1915.0	1915.15	1916.0	1916.0	0.902	EXPIRED
311	id-00230	7	11	9	7	1916.0	1916.0	1916.35	1916.7314	1923.0	18.039	COMPLETED
311	id-00231	3	3	3	4	1918.0	1918.0	1918.12	1918.5626	1922.0	2.166	COMPLETED
311	id-00232	3	4	8	4	1919.0	1919.0	1919.31	1919.431	1923.0	5.595	COMPLETED
311	id-00233	7	8	9	11	1919.0	1919.0	1919.38	1919.8211	1930.0	26.75	COMPLETED
311	id-00234	10	20	5	1	1919.0	1919.0	1919.19	1920.0	1920.0	18.596	EXPIRED
311	id-00235	5	6	2	7	1921.0	1921.0	1921.07	1921.2529	1928.0	2.106	COMPLETED
311	id-00236	1	2	5	8	1923.0	1923.0	1923.19	1923.5994	1931.0	1.143	COMPLETED
311	id-00237	7	8	4	11	1925.0	1925.0	1925.15	1925.6332	1936.0	7.731	COMPLETED
311	id-00238	1	2	5	13	1925.0	1925.0	1925.21	1925.4947	1938.0	1.263	COMPLETED
311	id-00239	2	4	3	2	1927.0	1927.0	1927.12	1927.5903	1929.0	1.444	COMPLETED
311	id-00240	1	2	6	15	1928.0	1928.0	1928.46	1928.8177	1943.0	2.767	COMPLETED
311	id-00241	3	5	9	5	1928.0	1928.0	1928.69	1928.9653	1933.0	12.453	COMPLETED
311	id-00242	5	7	6	3	1931.0	1931.0	1931.43	1931.5743	1934.0	12.934	COMPLETED
311	id-00243	2	4	4	14	1931.0	1931.0	1931.29	1931.7178	1945.0	3.489	COMPLETED
311	id-00244	1	2	4	1	1931.0	1931.0	1931.14	1932.0	1932.0	0.842	EXPIRED
311	id-00245	3	6	9	1	1932.0	1932.0	1932.32	1933.0	1933.0	5.775	EXPIRED
311	id-00246	8	11	7	10	1934.0	1934.0	1934.25	1934.3955	1944.0	12.032	COMPLETED
311	id-00247	5	9	10	15	1936.0	1936.0	1936.34	1936.5159	1951.0	10.227	COMPLETED
311	id-00248	1	2	3	5	1937.0	1937.0	1937.1	1937.2072	1942.0	0.602	COMPLETED
311	id-00249	8	10	7	11	1937.0	1937.0	1937.26	1937.6364	1948.0	14.965	COMPLETED
311	id-00250	1	2	5	7	1939.0	1939.0	1939.19	1939.3397	1946.0	1.143	COMPLETED
311	id-00251	1	2	4	3	1939.0	1939.0	1939.14	1939.5704	1942.0	0.842	COMPLETED
311	id-00252	7	13	10	4	1940.0	1940.0	1940.34	1940.577	1944.0	14.318	COMPLETED
311	id-00253	10	8	2	1	1941.0	1941.0	1941.07	1942.0	1942.0	4.871	EXPIRED
311	id-00254	6	5	2	3	1942.0	1942.0	1942.14	1942.3452	1945.0	5.053	COMPLETED
311	id-00255	1	2	10	2	1942.0	1942.0	1942.69	1943.1191	1944.0	4.151	COMPLETED
311	id-00256	3	6	8	5	1943.0	1943.0	1943.55	1943.9424	1948.0	9.926	COMPLETED
311	id-00257	9	17	2	14	1943.0	1943.0	1943.14	1943.328	1957.0	11.54	COMPLETED
311	id-00258	5	10	10	6	1943.0	1943.0	1943.38	1943.7235	1949.0	11.43	COMPLETED
311	id-00259	3	3	4	2	1944.0	1944.0	1944.14	1944.6281	1946.0	2.527	COMPLETED
311	id-00260	6	11	4	6	1944.0	1944.0	1944.15	1944.4564	1950.0	5.414	COMPLETED
311	id-00261	2	3	7	15	1944.0	1944.0	1944.28	1944.4029	1959.0	3.369	COMPLETED
311	id-00262	3	3	7	13	1946.0	1946.0	1946.22	1946.3628	1959.0	3.971	COMPLETED
311	id-00263	5	10	4	14	1948.0	1948.0	1948.12	1948.4318	1962.0	3.61	COMPLETED
311	id-00264	9	2	10	10	1950.0	1950.0	1950.4	1950.5741	1960.0	36.742	COMPLETED
311	id-00265	9	2	4	14	1950.0	1950.0	1950.27	1950.5179	1964.0	14.619	COMPLETED
311	id-00266	10	18	8	5	1950.0	1950.0	1950.53	1950.9399	1955.0	76.856	COMPLETED
311	id-00267	6	8	6	12	1952.0	1952.0	1952.2	1952.5393	1964.0	7.219	COMPLETED
311	id-00268	4	6	7	2	1953.0	1953.0	1953.23	1953.559	1955.0	5.535	COMPLETED
311	id-00269	7	6	8	15	1953.0	1953.0	1953.32	1953.7448	1968.0	19.51	COMPLETED
311	id-00270	3	3	8	15	1953.0	1953.0	1953.35	1953.5167	1968.0	6.317	COMPLETED
311	id-00271	4	7	10	10	1955.0	1955.0	1955.37	1955.7234	1965.0	8.904	COMPLETED
311	id-00272	3	6	8	9	1956.0	1956.0	1956.3	1956.4502	1965.0	5.414	COMPLETED
311	id-00273	3	6	6	9	1957.0	1957.0	1957.22	1957.6576	1966.0	3.971	COMPLETED
311	id-00274	10	19	5	5	1959.0	1959.0	1959.19	1959.4419	1964.0	16.804	COMPLETED
311	id-00275	6	12	8	13	1959.0	1959.0	1959.3	1959.7308	1972.0	10.829	COMPLETED
311	id-00276	3	5	8	8	1961.0	1961.0	1961.3	1961.714	1969.0	5.414	COMPLETED
311	id-00277	10	2	5	5	1964.0	1964.0	1964.19	1964.5989	1969.0	16.804	COMPLETED
311	id-00278	1	2	3	15	1966.0	1966.0	1966.22	1966.539	1981.0	1.324	COMPLETED
311	id-00279	3	6	4	5	1966.0	1966.0	1966.3	1966.5458	1971.0	5.414	COMPLETED
311	id-00280	2	2	10	14	1966.0	1966.0	1966.38	1966.4931	1980.0	4.572	COMPLETED
311	id-00281	5	8	8	4	1968.0	1968.0	1968.59	1968.7514	1972.0	17.747	COMPLETED
311	id-00282	9	7	5	9	1968.0	1968.0	1968.37	1968.501	1977.0	44.452	COMPLETED
311	id-00283	7	10	7	6	1969.0	1969.0	1969.26	1969.5416	1975.0	10.949	COMPLETED
311	id-00284	6	7	3	10	1970.0	1970.0	1970.11	1970.2908	1980.0	3.971	COMPLETED
311	id-00285	10	20	6	14	1972.0	1972.0	1972.22	1972.5891	1986.0	19.458	COMPLETED
311	id-00286	2	3	1	4	1973.0	1973.0	1973.04	1973.4535	1977.0	0.481	COMPLETED
311	id-00287	10	6	5	12	1974.0	1974.0	1974.2	1974.4311	1986.0	21.46	COMPLETED
311	id-00288	2	2	4	5	1974.0	1974.0	1974.15	1974.571	1979.0	1.805	COMPLETED
311	id-00289	6	5	4	12	1976.0	1976.0	1976.16	1976.6485	1988.0	7.284	COMPLETED
311	id-00290	9	8	6	15	1976.0	1976.0	1976.24	1976.5966	1991.0	22.045	COMPLETED
311	id-00291	9	13	4	8	1976.0	1976.0	1976.16	1976.5524	1984.0	14.697	COMPLETED
311	id-00292	3	6	1	7	1978.0	1978.0	1978.08	1978.5111	1985.0	1.444	COMPLETED
311	id-00293	2	4	6	3	1978.0	1978.0	1978.48	1978.7943	1981.0	5.775	COMPLETED
311	id-00294	2	2	8	5	1980.0	1980.0	1980.59	1980.9484	1985.0	7.099	COMPLETED
311	id-00295	9	4	4	12	1980.0	1980.0	1980.3	1980.7782	1992.0	27.557	COMPLETED
311	id-00296	4	2	5	7	1981.0	1981.0	1981.19	1981.346	1988.0	4.572	COMPLETED
311	id-00297	3	3	6	5	1984.0	1984.0	1984.22	1984.5114	1989.0	3.971	COMPLETED
311	id-00298	5	4	6	15	1986.0	1986.0	1986.46	1986.6866	2001.0	13.837	COMPLETED
311	id-00299	1	2	8	10	1986.0	1986.0	1986.62	1987.0357	1996.0	3.73	COMPLETED
311	id-00300	9	18	8	7	1987.0	1987.0	1987.31	1987.6178	1994.0	25.553	COMPLETED
311	id-00301	3	6	2	7	1987.0	1987.0	1987.08	1987.3863	1994.0	1.444	COMPLETED
311	id-00302	2	2	3	10	1988.0	1988.0	1988.12	1988.4686	1998.0	1.444	COMPLETED
311	id-00303	3	6	3	13	1991.0	1991.0	1991.11	1991.3643	2004.0	1.985	COMPLETED
311	id-00304	2	2	3	7	1992.0	1992.0	1992.11	1992.4529	1999.0	1.324	COMPLETED
311	id-00305	5	7	5	6	1993.0	1993.0	1993.19	1993.3261	1999.0	5.715	COMPLETED
311	id-00306	6	10	8	12	1993.0	1993.0	1993.3	1993.6433	2005.0	10.829	COMPLETED
311	id-00307	8	12	1	6	1995.0	1995.0	1995.03	1995.3619	2001.0	1.444	COMPLETED
311	id-00308	3	4	7	14	1997.0	1997.0	1997.24	1997.6955	2011.0	4.332	COMPLETED
311	id-00309	10	9	7	8	1998.0	1998.0	1998.28	1998.5083	2006.0	30.044	COMPLETED
311	id-00310	1	2	5	4	1998.0	1998.0	1998.17	1998.4299	2002.0	1.023	COMPLETED
