0.003757476806640625
0.0009095668792724609
0.0013642311096191406
0.0007135868072509766
0.001051187515258789
0.0009920597076416016
0.0013954639434814453
0.001461029052734375
0.0007624626159667969
0.0019278526306152344
0.0016779899597167969
0.0008029937744140625
0.0007982254028320312
0.0008769035339355469
0.0009341239929199219
0.0011601448059082031
0.0009551048278808594
0.002118825912475586
0.0007450580596923828
0.0007548332214355469
0.0008623600006103516
0.0011477470397949219
0.0008623600006103516
0.0013761520385742188
0.0006620883941650391
0.0006887912750244141
0.0011591911315917969
0.0008525848388671875
0.002516508102416992
0.001007080078125
0.0009307861328125
0.0021047592163085938
0.0011873245239257812
0.0023796558380126953
0.0007288455963134766
0.002553224563598633
0.0020499229431152344
0.0008559226989746094
0.0015213489532470703
0.0007565021514892578
0.0009624958038330078
0.0011806488037109375
0.0008170604705810547
0.0014681816101074219
0.0010640621185302734
0.0014977455139160156
0.0013813972473144531
0.0013933181762695312
0.0008568763732910156
0.000782012939453125
0.0017709732055664062
0.0014345645904541016
0.002050161361694336
0.0014553070068359375
0.0008189678192138672
0.0013532638549804688
0.0008127689361572266
0.001313924789428711
0.0009248256683349609
0.0007312297821044922
0.00177764892578125
0.0016586780548095703
0.0006735324859619141
0.0017888545989990234
0.0009424686431884766
0.0007641315460205078
0.0006668567657470703
0.0006456375122070312
0.0007443428039550781
0.0006716251373291016
0.0013668537139892578
0.001009225845336914
0.0019345283508300781
0.0008606910705566406
0.0016541481018066406
0.0013363361358642578
0.0006225109100341797
0.00128173828125
0.0024890899658203125
0.002263307571411133
0.0017209053039550781
0.0011882781982421875
0.0008189678192138672
0.0012094974517822266
0.0006275177001953125
0.002782106399536133
0.0008111000061035156
0.003014087677001953
0.0007548332214355469
0.0020401477813720703
0.0011518001556396484
0.0007703304290771484
0.0011029243469238281
0.0008678436279296875
0.001430511474609375
0.001870870590209961
0.0019118785858154297
0.0009679794311523438
0.0006911754608154297
0.0010673999786376953
0.001354217529296875
0.0007395744323730469
0.002402067184448242
0.001987934112548828
0.0007791519165039062
0.0007646083831787109
0.0009417533874511719
0.0008726119995117188
0.002512216567993164
0.0008029937744140625
0.0017158985137939453
0.000797271728515625
0.0009953975677490234
0.0017099380493164062
0.001184701919555664
0.002459287643432617
0.0025489330291748047
0.0008697509765625
0.0007915496826171875
0.0008175373077392578
0.001089334487915039
0.002109527587890625
0.0011339187622070312
0.0008215904235839844
0.0007317066192626953
0.0007925033569335938
0.0008413791656494141
0.0009250640869140625
0.0007083415985107422
0.00074005126953125
0.0019333362579345703
0.0008704662322998047
0.001331329345703125
0.0018551349639892578
0.0012464523315429688
0.0008656978607177734
0.0016989707946777344
0.0009202957153320312
0.0017898082733154297
0.0009086132049560547
0.0014259815216064453
0.0008332729339599609
0.0011134147644042969
0.0021047592163085938
0.0009365081787109375
0.001203775405883789
0.0020127296447753906
0.0010657310485839844
0.0013232231140136719
0.0034558773040771484
0.0008761882781982422
0.0010554790496826172
0.0011370182037353516
0.0014581680297851562
0.0019516944885253906
0.0010097026824951172
0.0009071826934814453
0.0016672611236572266
0.0019876956939697266
0.002177715301513672
0.0009856224060058594
0.0007052421569824219
0.0019268989562988281
0.0011475086212158203
0.002123117446899414
0.0008451938629150391
0.001104593276977539
0.0011267662048339844
0.0021440982818603516
0.0009453296661376953
0.0010008811950683594
0.0028874874114990234
0.0015115737915039062
0.0009531974792480469
0.0008602142333984375
0.000881195068359375
0.0007951259613037109
0.0014755725860595703
0.0020699501037597656
0.001397848129272461
0.001432180404663086
0.0007750988006591797
0.0010502338409423828
0.0014729499816894531
0.0015077590942382812
0.0007071495056152344
0.0008749961853027344
0.0008890628814697266
0.0013668537139892578
0.0010797977447509766
0.0008273124694824219
0.0012803077697753906
