0.00244140625
0.0008478164672851562
0.0012500286102294922
0.0006718635559082031
0.0009157657623291016
0.0007066726684570312
0.0013666152954101562
0.001687765121459961
0.0009355545043945312
0.002100706100463867
0.002090930938720703
0.0010645389556884766
0.0011684894561767578
0.0009088516235351562
0.0010266304016113281
0.0012278556823730469
0.0010876655578613281
0.0019989013671875
0.0011048316955566406
0.0011951923370361328
0.001894235610961914
0.000934600830078125
0.0012359619140625
0.0013675689697265625
0.00080108642578125
0.0007970333099365234
0.0008985996246337891
0.0007002353668212891
0.003115415573120117
0.0009088516235351562
0.0009989738464355469
0.0016570091247558594
0.0008985996246337891
0.002046346664428711
0.0007674694061279297
0.002088308334350586
0.0019412040710449219
0.0008492469787597656
0.0008618831634521484
0.0007464885711669922
0.0008447170257568359
0.0008823871612548828
0.0007932186126708984
0.0008549690246582031
0.0008785724639892578
0.0007319450378417969
0.0013718605041503906
0.0013055801391601562
0.0008893013000488281
0.0008268356323242188
0.0016574859619140625
0.000904083251953125
0.0023145675659179688
0.0008895397186279297
0.0008597373962402344
0.0013239383697509766
0.0006978511810302734
0.0012090206146240234
0.0006732940673828125
0.0010581016540527344
0.002463102340698242
0.001298666000366211
0.0010945796966552734
0.0017910003662109375
0.0007886886596679688
0.0008099079132080078
0.0006890296936035156
0.0008692741394042969
0.0009431838989257812
0.0006647109985351562
0.001514434814453125
0.0013859272003173828
0.0007457733154296875
0.0008580684661865234
0.0021483898162841797
0.0008454322814941406
0.0007646083831787109
0.0020678043365478516
0.001999378204345703
0.0017440319061279297
0.0012707710266113281
0.0007581710815429688
0.0008685588836669922
0.001299142837524414
0.00079345703125
0.001972675323486328
0.0015180110931396484
0.0027227401733398438
0.0008161067962646484
0.001329660415649414
0.0008966922760009766
0.0007424354553222656
0.0006470680236816406
0.0010745525360107422
0.0013735294342041016
0.001232147216796875
0.0006661415100097656
0.0007240772247314453
0.0009913444519042969
0.0007781982421875
0.0012359619140625
0.0006453990936279297
0.0018587112426757812
0.001361846923828125
0.001039743423461914
0.0007622241973876953
0.0006816387176513672
0.0006525516510009766
0.0013189315795898438
0.0008897781372070312
0.0014348030090332031
0.0007638931274414062
0.0008623600006103516
0.0013468265533447266
0.0018949508666992188
0.0016868114471435547
0.0009453296661376953
0.000989675521850586
0.0008625984191894531
0.0008416175842285156
0.0009458065032958984
0.002696990966796875
0.0012211799621582031
0.0010211467742919922
0.0009775161743164062
0.0010521411895751953
0.0007843971252441406
0.0009064674377441406
0.0010323524475097656
0.0008695125579833984
0.001695394515991211
0.0008120536804199219
0.0009140968322753906
0.002588510513305664
0.0009205341339111328
0.0009152889251708984
0.0007967948913574219
0.0008285045623779297
0.00154876708984375
0.0008244514465332031
0.0013763904571533203
0.0006616115570068359
0.000812530517578125
0.0013849735260009766
0.0009329319000244141
0.0008723735809326172
0.0014302730560302734
0.0007312297821044922
0.001317739486694336
0.002315521240234375
0.0009157657623291016
0.0008175373077392578
0.0008831024169921875
0.0008122920989990234
0.001939535140991211
0.0007960796356201172
0.0006783008575439453
0.0014958381652832031
0.0023589134216308594
0.001722574234008789
0.0010993480682373047
0.0009443759918212891
0.0014119148254394531
0.0009279251098632812
0.0014126300811767578
0.0011429786682128906
0.0008835792541503906
0.0008788108825683594
0.0018932819366455078
0.0011775493621826172
0.0011792182922363281
0.0013823509216308594
0.0016913414001464844
0.0008223056793212891
0.0008301734924316406
0.0009765625
0.0009288787841796875
0.0014455318450927734
0.0020377635955810547
0.001435995101928711
0.0007736682891845703
0.0010726451873779297
0.001127481460571289
0.0008015632629394531
0.0009286403656005859
0.0008761882781982422
0.0008003711700439453
0.0008037090301513672
0.0006732940673828125
0.00079345703125
0.0007905960083007812
0.0011970996856689453
