0.0025200843811035156
0.0011858940124511719
0.0018780231475830078
0.0009806156158447266
0.0009291172027587891
0.0010752677917480469
0.0012233257293701172
0.0008463859558105469
0.0008594989776611328
0.0009052753448486328
0.0009808540344238281
0.0009036064147949219
0.0012600421905517578
0.002329587936401367
0.0008594989776611328
0.0008878707885742188
0.0017132759094238281
0.0015490055084228516
0.0007753372192382812
0.002574920654296875
0.0010175704956054688
0.0008757114410400391
0.0008974075317382812
0.0009546279907226562
0.0023560523986816406
0.0011966228485107422
0.0011279582977294922
0.0008680820465087891
0.0012891292572021484
0.0009458065032958984
0.0012021064758300781
0.0029935836791992188
0.0018696784973144531
0.001935720443725586
0.002099275588989258
0.0019042491912841797
0.0009567737579345703
0.0007472038269042969
0.000843048095703125
0.0010738372802734375
0.0012438297271728516
0.0010190010070800781
0.0009050369262695312
0.0012116432189941406
0.002048015594482422
0.0008745193481445312
0.0009195804595947266
0.0008006095886230469
0.0007572174072265625
0.0016579627990722656
0.00078582763671875
0.0025796890258789062
0.000804901123046875
0.0017757415771484375
0.0016655921936035156
0.0024595260620117188
0.0009810924530029297
0.0016717910766601562
0.0013232231140136719
0.0011157989501953125
0.0009617805480957031
0.0019888877868652344
0.001832723617553711
0.0010762214660644531
0.0009620189666748047
0.0009391307830810547
0.001417398452758789
0.0020475387573242188
0.0009219646453857422
0.0010790824890136719
0.0018477439880371094
0.0018253326416015625
0.0016140937805175781
0.0025870800018310547
0.0017447471618652344
0.0008761882781982422
0.0009343624114990234
0.0019173622131347656
0.0009608268737792969
0.0007398128509521484
0.0007085800170898438
0.0009648799896240234
0.0008959770202636719
0.000812530517578125
0.0006694793701171875
0.0028901100158691406
0.0006766319274902344
0.0007431507110595703
0.0006995201110839844
0.0013625621795654297
0.0006768703460693359
0.0019805431365966797
0.0009493827819824219
0.0010571479797363281
0.0007421970367431641
0.0015540122985839844
0.0020294189453125
0.0008325576782226562
0.0007491111755371094
0.0007336139678955078
0.0007145404815673828
0.0009012222290039062
0.0008661746978759766
0.0007176399230957031
0.002280712127685547
0.0007977485656738281
0.0008542537689208984
0.0022733211517333984
0.0014486312866210938
0.0014233589172363281
0.0022509098052978516
0.0008566379547119141
0.001397848129272461
0.0008983612060546875
0.0017817020416259766
0.0010309219360351562
0.002819061279296875
0.0010690689086914062
0.0022666454315185547
0.0011639595031738281
0.0019240379333496094
0.0009701251983642578
0.0020575523376464844
0.001058340072631836
0.0009713172912597656
0.0017311573028564453
0.001196146011352539
0.001737833023071289
0.0018115043640136719
0.0011038780212402344
0.0011568069458007812
0.0022840499877929688
0.001108407974243164
0.0020503997802734375
0.0011701583862304688
0.0018467903137207031
0.0008947849273681641
0.0011413097381591797
0.0033638477325439453
0.0018763542175292969
0.0012204647064208984
0.0008769035339355469
0.0011355876922607422
0.0010859966278076172
0.0011184215545654297
0.0010876655578613281
0.0011739730834960938
0.0018737316131591797
0.00099945068359375
0.0007867813110351562
0.0010411739349365234
0.0007965564727783203
0.002529621124267578
0.0008916854858398438
0.0009794235229492188
0.0020051002502441406
0.0011577606201171875
0.0009925365447998047
0.0014595985412597656
0.0016186237335205078
0.0016031265258789062
0.000904083251953125
0.000858306884765625
0.0008940696716308594
0.0015957355499267578
0.0008456707000732422
0.0016562938690185547
0.0007541179656982422
0.0009160041809082031
0.0013589859008789062
0.0007154941558837891
0.0023109912872314453
0.0006732940673828125
0.001302957534790039
0.0020258426666259766
0.0010385513305664062
0.0018858909606933594
0.0012993812561035156
0.0012011528015136719
0.001043558120727539
0.0014002323150634766
0.0018355846405029297
0.0016465187072753906
0.001149892807006836
0.0008602142333984375
