322	id-00000	10	20	1	3	1700.0	1700.0	1700.04	1700.402	1703.0	4.292	COMPLETED
322	id-00001	6	2	6	4	1701.0	1701.0	1701.24	1701.4642	1705.0	10.926	COMPLETED
322	id-00002	10	5	2	3	1702.0	1702.0	1702.08	1702.3892	1705.0	8.584	COMPLETED
322	id-00003	9	7	10	9	1704.0	1704.0	1704.42	1704.6829	1713.0	42.539	COMPLETED
322	id-00004	5	9	3	4	1704.0	1704.0	1704.24	1704.6531	1708.0	7.219	COMPLETED
322	id-00005	10	6	2	10	1704.0	1704.0	1704.16	1704.4413	1714.0	24.71	COMPLETED
322	id-00006	5	3	10	10	1705.0	1705.0	1705.42	1705.8151	1715.0	16.593	COMPLETED
322	id-00007	4	3	2	8	1708.0	1708.0	1708.08	1708.5435	1716.0	1.925	COMPLETED
322	id-00008	5	3	2	8	1712.0	1712.0	1712.08	1712.4313	1720.0	3.161	COMPLETED
322	id-00009	4	5	1	7	1714.0	1714.0	1714.04	1714.2796	1721.0	0.963	COMPLETED
322	id-00010	1	2	4	2	1715.0	1715.0	1715.48	1715.9215	1717.0	2.888	COMPLETED
322	id-00011	7	4	5	1	1715.0	1715.0	1715.6	1716.0	1716.0	42.238	EXPIRED
322	id-00012	1	2	1	7	1715.0	1715.0	1715.12	1715.3143	1722.0	1.853	COMPLETED
322	id-00013	5	8	10	9	1715.0	1715.0	1715.42	1715.8903	1724.0	16.593	COMPLETED
322	id-00014	3	3	8	4	1717.0	1717.0	1717.32	1717.8119	1721.0	5.775	COMPLETED
322	id-00015	9	10	6	8	1718.0	1718.0	1718.24	1718.48	1726.0	22.045	COMPLETED
322	id-00016	10	4	6	6	1719.0	1719.0	1719.24	1719.3515	1725.0	25.752	COMPLETED
322	id-00017	10	9	6	8	1719.0	1719.0	1719.25	1719.5862	1727.0	29.182	COMPLETED
322	id-00018	5	5	5	8	1720.0	1720.0	1720.22	1720.4669	1728.0	10.766	COMPLETED
322	id-00019	6	11	3	1	1720.0	1720.0	1720.25	1721.0	1721.0	13.738	EXPIRED
322	id-00020	2	3	2	7	1720.0	1720.0	1720.17	1720.5486	1727.0	5.251	COMPLETED
322	id-00021	1	2	5	3	1722.0	1722.0	1722.21	1722.3944	1725.0	1.263	COMPLETED
322	id-00022	9	11	3	7	1725.0	1725.0	1725.12	1725.5377	1732.0	12.154	COMPLETED
322	id-00023	1	2	6	9	1725.0	1725.0	1725.25	1725.7073	1734.0	1.504	COMPLETED
322	id-00024	1	2	2	9	1727.0	1727.0	1727.08	1727.3876	1736.0	0.481	COMPLETED
322	id-00025	6	8	9	9	1730.0	1730.0	1730.38	1730.5626	1739.0	20.882	COMPLETED
322	id-00026	6	7	7	10	1732.0	1732.0	1732.29	1732.7201	1742.0	15.936	COMPLETED
322	id-00027	2	2	1	7	1732.0	1732.0	1732.04	1732.3447	1739.0	0.481	COMPLETED
322	id-00028	10	11	5	5	1733.0	1733.0	1733.21	1733.6997	1738.0	24.513	COMPLETED
322	id-00029	8	7	1	1	1733.0	1733.0	1733.04	1734.0	1734.0	3.434	EXPIRED
322	id-00030	1	2	5	1	1735.0	1735.0	1735.2	1736.0	1736.0	1.203	EXPIRED
322	id-00031	5	7	7	5	1735.0	1735.0	1735.3	1735.5967	1740.0	14.681	COMPLETED
322	id-00032	1	2	3	5	1736.0	1736.0	1736.36	1736.5441	1741.0	2.166	COMPLETED
322	id-00033	6	7	2	7	1736.0	1736.0	1736.24	1736.344	1743.0	13.188	COMPLETED
322	id-00034	2	2	10	4	1736.0	1736.0	1737.2	1737.5153	1740.0	37.066	COMPLETED
322	id-00035	7	6	10	7	1737.0	1737.0	1737.87	1738.1475	1744.0	53.042	COMPLETED
322	id-00036	5	10	6	7	1737.0	1737.0	1737.26	1737.3939	1744.0	12.723	COMPLETED
322	id-00037	5	2	7	9	1737.0	1737.0	1737.61	1737.8499	1746.0	47.104	COMPLETED
322	id-00038	5	5	10	4	1737.0	1737.0	1737.43	1737.7902	1741.0	21.042	COMPLETED
322	id-00039	6	6	3	5	1737.0	1737.0	1737.26	1737.4077	1742.0	16.739	COMPLETED
322	id-00040	7	5	2	8	1737.0	1737.0	1737.17	1737.5505	1745.0	18.378	COMPLETED
322	id-00041	8	8	7	5	1738.0	1738.0	1738.3	1738.5055	1743.0	28.58	COMPLETED
322	id-00042	4	2	5	9	1738.0	1738.0	1738.22	1738.6752	1747.0	7.368	COMPLETED
322	id-00043	6	4	5	7	1739.0	1739.0	1739.22	1739.5715	1746.0	14.164	COMPLETED
322	id-00044	3	4	6	7	1739.0	1739.0	1739.26	1739.7097	1746.0	4.692	COMPLETED
322	id-00045	2	3	1	7	1739.0	1739.0	1739.04	1739.4068	1746.0	0.481	COMPLETED
322	id-00046	2	4	10	9	1739.0	1739.0	1739.43	1739.6167	1748.0	5.174	COMPLETED
322	id-00047	7	5	8	7	1740.0	1740.0	1740.32	1740.7792	1747.0	19.51	COMPLETED
322	id-00048	6	12	4	7	1741.0	1741.0	1741.16	1741.5477	1748.0	7.284	COMPLETED
322	id-00049	7	4	6	3	1742.0	1742.0	1742.24	1742.5836	1745.0	14.632	COMPLETED
322	id-00050	5	9	5	5	1742.0	1742.0	1742.2	1742.4095	1747.0	6.016	COMPLETED
322	id-00051	5	7	5	10	1743.0	1743.0	1743.2	1743.4714	1753.0	6.016	COMPLETED
322	id-00052	2	4	1	8	1744.0	1744.0	1744.04	1744.1922	1752.0	0.481	COMPLETED
322	id-00053	8	3	8	4	1744.0	1744.0	1744.32	1744.4439	1748.0	24.452	COMPLETED
322	id-00054	10	5	8	9	1746.0	1746.0	1746.33	1746.7252	1755.0	38.52	COMPLETED
322	id-00055	7	6	5	10	1746.0	1746.0	1746.22	1746.3736	1756.0	17.561	COMPLETED
322	id-00056	1	2	8	8	1750.0	1750.0	1750.33	1750.8026	1758.0	1.985	COMPLETED
322	id-00057	7	8	10	10	1750.0	1750.0	1750.43	1750.8048	1760.0	34.324	COMPLETED
322	id-00058	8	10	10	9	1750.0	1750.0	1750.43	1750.9065	1759.0	40.965	COMPLETED
322	id-00059	3	6	5	4	1753.0	1753.0	1753.21	1753.4421	1757.0	3.79	COMPLETED
322	id-00060	9	11	5	4	1754.0	1754.0	1754.21	1754.6832	1758.0	21.27	COMPLETED
322	id-00061	3	4	2	7	1754.0	1754.0	1754.09	1754.5631	1761.0	1.624	COMPLETED
322	id-00062	9	3	6	8	1754.0	1754.0	1754.26	1754.6624	1762.0	28.785	COMPLETED
322	id-00063	1	2	6	4	1755.0	1755.0	1755.25	1755.4086	1759.0	1.504	COMPLETED
322	id-00064	5	6	1	2	1756.0	1756.0	1756.04	1756.4552	1758.0	1.58	COMPLETED
322	id-00065	4	3	10	9	1757.0	1757.0	1757.43	1757.8353	1766.0	14.402	COMPLETED
322	id-00066	7	5	6	3	1757.0	1757.0	1757.25	1757.7182	1760.0	17.599	COMPLETED
322	id-00067	4	6	8	9	1757.0	1757.0	1757.33	1757.7884	1766.0	7.941	COMPLETED
322	id-00068	10	14	8	7	1758.0	1758.0	1758.35	1758.6485	1765.0	44.155	COMPLETED
322	id-00069	2	4	4	3	1758.0	1758.0	1758.17	1758.5581	1761.0	2.045	COMPLETED
322	id-00070	2	4	5	5	1758.0	1758.0	1758.21	1758.6356	1763.0	2.527	COMPLETED
322	id-00071	9	6	7	6	1759.0	1759.0	1759.29	1759.6366	1765.0	29.372	COMPLETED
322	id-00072	6	11	7	9	1759.0	1759.0	1759.29	1759.4112	1768.0	15.936	COMPLETED
322	id-00073	1	2	1	5	1760.0	1760.0	1760.04	1760.1546	1765.0	0.241	COMPLETED
322	id-00074	7	13	7	10	1760.0	1760.0	1760.29	1760.5519	1770.0	20.415	COMPLETED
322	id-00075	6	8	6	6	1766.0	1766.0	1766.26	1766.745	1772.0	16.739	COMPLETED
322	id-00076	2	4	9	3	1768.0	1768.0	1768.39	1768.7346	1771.0	4.692	COMPLETED
322	id-00077	7	6	10	7	1770.0	1770.0	1770.42	1770.8818	1777.0	29.566	COMPLETED
322	id-00078	9	12	7	4	1772.0	1772.0	1772.29	1772.4111	1776.0	29.372	COMPLETED
322	id-00079	3	2	8	3	1772.0	1772.0	1772.35	1772.7782	1775.0	6.317	COMPLETED
322	id-00080	7	10	8	7	1772.0	1772.0	1772.35	1772.7051	1779.0	27.938	COMPLETED
322	id-00081	4	4	7	2	1773.0	1773.0	1773.29	1773.4121	1775.0	6.979	COMPLETED
322	id-00082	10	5	4	8	1773.0	1773.0	1773.17	1773.5781	1781.0	21.447	COMPLETED
322	id-00083	9	8	8	6	1774.0	1774.0	1774.33	1774.7433	1780.0	33.424	COMPLETED
322	id-00084	3	6	2	5	1775.0	1775.0	1775.08	1775.3357	1780.0	1.444	COMPLETED
322	id-00085	9	5	3	3	1775.0	1775.0	1775.12	1775.4167	1778.0	11.023	COMPLETED
322	id-00086	6	11	2	4	1776.0	1776.0	1776.24	1776.3819	1780.0	10.926	COMPLETED
322	id-00087	3	3	8	5	1776.0	1776.0	1776.33	1776.5644	1781.0	5.956	COMPLETED
322	id-00088	9	6	1	1	1776.0	1776.0	1776.04	1777.0	1777.0	3.674	EXPIRED
322	id-00089	2	2	4	2	1776.0	1776.0	1776.48	1776.7973	1778.0	14.826	COMPLETED
322	id-00090	3	6	9	5	1776.0	1776.0	1776.41	1776.6545	1781.0	11.265	COMPLETED
322	id-00091	5	3	7	1	1776.0	1776.0	1776.84	1777.0	1777.0	64.865	EXPIRED
322	id-00092	10	16	10	6	1776.0	1776.0	1776.48	1776.6904	1782.0	69.606	COMPLETED
322	id-00093	7	13	5	2	1777.0	1777.0	1777.2	1777.6802	1779.0	12.194	COMPLETED
322	id-00094	4	7	8	2	1778.0	1778.0	1778.32	1778.4203	1780.0	7.7	COMPLETED
322	id-00095	4	2	1	4	1779.0	1779.0	1779.04	1779.3054	1783.0	0.963	COMPLETED
322	id-00096	10	4	10	10	1780.0	1780.0	1780.42	1780.6719	1790.0	49.026	COMPLETED
322	id-00097	8	13	5	1	1780.0	1780.0	1780.19	1781.0	1781.0	12.727	EXPIRED
322	id-00098	1	2	5	7	1781.0	1781.0	1781.19	1781.4384	1788.0	1.143	COMPLETED
322	id-00099	9	17	1	3	1784.0	1784.0	1784.04	1784.399	1787.0	3.297	COMPLETED
322	id-00100	3	5	6	5	1784.0	1784.0	1784.25	1784.5663	1789.0	4.512	COMPLETED
322	id-00101	3	2	10	2	1788.0	1788.0	1788.4	1788.6194	1790.0	7.219	COMPLETED
322	id-00102	1	2	3	6	1789.0	1789.0	1789.12	1789.4944	1795.0	0.722	COMPLETED
322	id-00103	3	4	7	8	1791.0	1791.0	1791.28	1791.5433	1799.0	5.053	COMPLETED
322	id-00104	9	2	6	6	1791.0	1791.0	1791.23	1791.5462	1797.0	18.958	COMPLETED
322	id-00105	4	2	10	6	1795.0	1795.0	1795.74	1796.098	1801.0	17.807	COMPLETED
322	id-00106	1	2	6	10	1795.0	1795.0	1795.44	1795.8051	1805.0	2.647	COMPLETED
322	id-00107	1	2	9	6	1796.0	1796.0	1796.33	1796.4375	1802.0	1.985	COMPLETED
322	id-00108	7	4	6	8	1797.0	1797.0	1797.22	1797.7148	1805.0	9.265	COMPLETED
322	id-00109	4	4	4	7	1798.0	1798.0	1798.15	1798.5825	1805.0	3.61	COMPLETED
322	id-00110	10	6	5	10	1799.0	1799.0	1799.2	1799.3957	1809.0	21.46	COMPLETED
322	id-00111	3	4	5	2	1799.0	1799.0	1799.19	1799.3458	1801.0	3.429	COMPLETED
322	id-00112	3	4	1	10	1800.0	1800.0	1800.04	1800.2058	1810.0	0.722	COMPLETED
322	id-00113	10	20	5	5	1800.0	1800.0	1800.19	1800.6289	1805.0	18.596	COMPLETED
322	id-00114	3	6	3	9	1806.0	1806.0	1806.22	1806.3865	1815.0	3.971	COMPLETED
322	id-00115	3	4	8	9	1806.0	1806.0	1806.32	1806.721	1815.0	5.775	COMPLETED
322	id-00116	1	2	8	1	1806.0	1806.0	1806.59	1807.0	1807.0	3.549	EXPIRED
322	id-00117	2	4	7	9	1812.0	1812.0	1812.23	1812.435	1821.0	2.767	COMPLETED
322	id-00118	5	3	10	5	1813.0	1813.0	1813.65	1813.8027	1818.0	19.552	COMPLETED
322	id-00119	2	2	1	8	1813.0	1813.0	1813.06	1813.2758	1821.0	0.722	COMPLETED
322	id-00120	1	2	4	2	1814.0	1814.0	1814.13	1814.4164	1816.0	0.782	COMPLETED
322	id-00121	5	9	6	7	1814.0	1814.0	1814.23	1814.5077	1821.0	6.918	COMPLETED
322	id-00122	5	6	7	1	1815.0	1815.0	1815.24	1816.0	1816.0	7.219	EXPIRED
322	id-00123	7	9	10	1	1815.0	1815.0	1815.38	1816.0	1816.0	19.585	EXPIRED
322	id-00124	10	20	1	6	1816.0	1816.0	1816.04	1816.5211	1822.0	3.915	COMPLETED
322	id-00125	8	8	10	9	1817.0	1817.0	1817.34	1817.7364	1826.0	16.364	COMPLETED
322	id-00126	5	2	6	6	1818.0	1818.0	1818.21	1818.5719	1824.0	6.317	COMPLETED
322	id-00127	8	12	4	5	1819.0	1819.0	1819.14	1819.5343	1824.0	6.738	COMPLETED
322	id-00128	3	6	10	4	1819.0	1819.0	1819.38	1819.5303	1823.0	6.858	COMPLETED
322	id-00129	2	3	2	10	1820.0	1820.0	1820.07	1820.4793	1830.0	0.842	COMPLETED
322	id-00130	5	8	8	4	1824.0	1824.0	1824.28	1824.4913	1828.0	8.422	COMPLETED
322	id-00131	4	3	1	6	1825.0	1825.0	1825.04	1825.2189	1831.0	0.963	COMPLETED
322	id-00132	8	5	10	4	1828.0	1828.0	1828.38	1828.7303	1832.0	25.454	COMPLETED
322	id-00133	3	3	4	9	1829.0	1829.0	1829.15	1829.2625	1838.0	2.707	COMPLETED
322	id-00134	9	18	2	5	1829.0	1829.0	1829.08	1829.4479	1834.0	6.594	COMPLETED
322	id-00135	4	2	9	9	1829.0	1829.0	1829.35	1829.7297	1838.0	8.422	COMPLETED
322	id-00136	2	2	1	4	1830.0	1830.0	1830.07	1830.4834	1834.0	0.842	COMPLETED
322	id-00137	8	9	7	3	1830.0	1830.0	1830.52	1830.6334	1833.0	39.734	COMPLETED
322	id-00138	2	2	7	2	1832.0	1832.0	1832.78	1832.8938	1834.0	9.385	COMPLETED
322	id-00139	1	2	4	3	1832.0	1832.0	1832.44	1832.8656	1835.0	2.647	COMPLETED
322	id-00140	8	3	3	9	1832.0	1832.0	1832.33	1832.5435	1841.0	28.327	COMPLETED
322	id-00141	9	8	5	6	1833.0	1833.0	1833.37	1833.7397	1839.0	27.01	COMPLETED
322	id-00142	2	2	1	10	1833.0	1833.0	1833.07	1833.4864	1843.0	2.162	COMPLETED
322	id-00143	5	4	6	8	1836.0	1836.0	1836.23	1836.7095	1844.0	6.918	COMPLETED
322	id-00144	5	5	10	2	1836.0	1836.0	1836.74	1836.9445	1838.0	22.259	COMPLETED
322	id-00145	6	7	2	8	1836.0	1836.0	1836.15	1836.4598	1844.0	11.071	COMPLETED
322	id-00146	7	4	1	2	1839.0	1839.0	1839.04	1839.4389	1841.0	1.684	COMPLETED
322	id-00147	5	7	1	5	1842.0	1842.0	1842.04	1842.4407	1847.0	1.203	COMPLETED
322	id-00148	9	5	10	7	1842.0	1842.0	1842.38	1842.8389	1849.0	31.323	COMPLETED
322	id-00149	2	2	6	9	1843.0	1843.0	1843.22	1843.3307	1852.0	2.647	COMPLETED
322	id-00150	3	6	6	5	1844.0	1844.0	1844.22	1844.6005	1849.0	3.971	COMPLETED
322	id-00151	5	8	7	8	1845.0	1845.0	1845.26	1845.6199	1853.0	7.821	COMPLETED
322	id-00152	3	5	4	10	1847.0	1847.0	1847.15	1847.35	1857.0	2.707	COMPLETED
322	id-00153	6	6	2	4	1848.0	1848.0	1848.07	1848.4713	1852.0	2.527	COMPLETED
322	id-00154	8	5	10	6	1848.0	1848.0	1848.4	1848.5404	1854.0	30.565	COMPLETED
322	id-00155	2	4	10	7	1849.0	1849.0	1849.37	1849.4825	1856.0	4.452	COMPLETED
322	id-00156	10	13	5	1	1850.0	1850.0	1850.2	1851.0	1851.0	21.46	EXPIRED
322	id-00157	10	3	8	10	1851.0	1851.0	1851.32	1851.6803	1861.0	34.336	COMPLETED
322	id-00158	10	10	10	1	1852.0	1852.0	1852.4	1853.0	1853.0	42.92	EXPIRED
322	id-00159	1	2	1	5	1855.0	1855.0	1855.08	1855.3559	1860.0	0.481	COMPLETED
322	id-00160	8	15	8	4	1855.0	1855.0	1855.64	1855.9756	1859.0	54.938	COMPLETED
322	id-00161	8	8	6	7	1857.0	1857.0	1857.24	1857.5079	1864.0	18.339	COMPLETED
322	id-00162	10	6	1	3	1858.0	1858.0	1858.04	1858.4092	1861.0	4.292	COMPLETED
322	id-00163	10	2	2	2	1860.0	1860.0	1860.08	1860.373	1862.0	7.83	COMPLETED
322	id-00164	7	8	3	1	1861.0	1861.0	1861.12	1862.0	1862.0	6.185	EXPIRED
322	id-00165	8	14	3	7	1863.0	1863.0	1863.12	1863.4102	1870.0	8.038	COMPLETED
322	id-00166	7	9	9	10	1864.0	1864.0	1864.35	1864.6701	1874.0	18.039	COMPLETED
322	id-00167	3	6	9	5	1865.0	1865.0	1865.38	1865.7335	1870.0	6.858	COMPLETED
322	id-00168	10	20	4	7	1865.0	1865.0	1865.16	1865.3506	1872.0	17.168	COMPLETED
322	id-00169	6	7	5	4	1865.0	1865.0	1865.2	1865.6205	1869.0	9.105	COMPLETED
322	id-00170	4	8	1	2	1867.0	1867.0	1867.04	1867.5393	1869.0	0.963	COMPLETED
322	id-00171	3	3	4	4	1867.0	1867.0	1867.16	1867.5176	1871.0	2.888	COMPLETED
322	id-00172	4	4	10	3	1868.0	1868.0	1868.8	1868.9798	1871.0	19.251	COMPLETED
322	id-00173	2	4	3	9	1868.0	1868.0	1868.24	1868.4588	1877.0	5.15	COMPLETED
322	id-00174	10	4	1	5	1869.0	1869.0	1869.04	1869.4632	1874.0	4.292	COMPLETED
322	id-00175	3	5	1	7	1869.0	1869.0	1869.04	1869.1798	1876.0	0.722	COMPLETED
322	id-00176	9	7	3	4	1872.0	1872.0	1872.12	1872.2393	1876.0	9.891	COMPLETED
322	id-00177	5	3	7	1	1873.0	1873.0	1873.27	1874.0	1874.0	8.122	EXPIRED
322	id-00178	9	16	1	6	1874.0	1874.0	1874.04	1874.2936	1880.0	3.297	COMPLETED
322	id-00179	6	5	2	10	1875.0	1875.0	1875.07	1875.3266	1885.0	2.527	COMPLETED
322	id-00180	10	9	2	2	1877.0	1877.0	1877.07	1877.3658	1879.0	6.191	COMPLETED
322	id-00181	3	4	5	9	1877.0	1877.0	1877.19	1877.4073	1886.0	3.429	COMPLETED
322	id-00182	7	8	9	2	1878.0	1878.0	1878.33	1878.4793	1880.0	13.897	COMPLETED
322	id-00183	8	10	9	9	1879.0	1879.0	1879.33	1879.4655	1888.0	18.993	COMPLETED
322	id-00184	9	6	2	2	1880.0	1880.0	1880.07	1880.1858	1882.0	5.11	COMPLETED
322	id-00185	6	2	3	10	1880.0	1880.0	1880.12	1880.5873	1890.0	4.332	COMPLETED
322	id-00186	10	14	4	7	1881.0	1881.0	1881.15	1881.513	1888.0	14.681	COMPLETED
322	id-00187	4	6	4	2	1884.0	1884.0	1884.15	1884.5887	1886.0	3.61	COMPLETED
322	id-00188	9	16	3	9	1885.0	1885.0	1885.12	1885.5244	1894.0	11.023	COMPLETED
322	id-00189	7	6	3	1	1885.0	1885.0	1885.12	1886.0	1886.0	6.185	EXPIRED
322	id-00190	4	3	2	6	1886.0	1886.0	1886.08	1886.4182	1892.0	1.925	COMPLETED
322	id-00191	2	2	1	1	1887.0	1887.0	1887.04	1888.0	1888.0	0.481	EXPIRED
322	id-00192	3	4	9	8	1887.0	1887.0	1887.36	1887.7157	1895.0	6.497	COMPLETED
322	id-00193	1	2	1	10	1888.0	1888.0	1888.08	1888.4723	1898.0	0.481	COMPLETED
322	id-00194	5	5	6	1	1888.0	1888.0	1888.46	1889.0	1889.0	13.837	EXPIRED
322	id-00195	5	6	4	7	1888.0	1888.0	1888.16	1888.4692	1895.0	4.813	COMPLETED
322	id-00196	5	4	10	3	1889.0	1889.0	1889.38	1889.6107	1892.0	11.43	COMPLETED
322	id-00197	7	6	8	8	1889.0	1889.0	1889.32	1889.8057	1897.0	19.51	COMPLETED
322	id-00198	5	2	4	9	1889.0	1889.0	1889.32	1889.7535	1898.0	9.626	COMPLETED
322	id-00199	5	4	7	4	1889.0	1889.0	1889.56	1889.7027	1893.0	43.243	COMPLETED
322	id-00200	4	2	6	1	1890.0	1890.0	1890.23	1891.0	1891.0	5.535	EXPIRED
322	id-00201	3	6	9	6	1890.0	1890.0	1890.38	1890.8244	1896.0	6.858	COMPLETED
322	id-00202	6	7	5	7	1892.0	1892.0	1892.19	1892.5466	1899.0	6.858	COMPLETED
322	id-00203	5	3	8	2	1892.0	1892.0	1892.33	1892.6079	1894.0	13.038	COMPLETED
322	id-00204	8	12	7	7	1892.0	1892.0	1892.29	1892.6941	1899.0	24.894	COMPLETED
322	id-00205	2	4	3	8	1893.0	1893.0	1893.12	1893.4732	1901.0	1.444	COMPLETED
322	id-00206	1	2	1	3	1893.0	1893.0	1893.04	1893.1696	1896.0	0.241	COMPLETED
322	id-00207	10	4	7	1	1895.0	1895.0	1895.27	1896.0	1896.0	26.425	EXPIRED
322	id-00208	4	2	8	5	1895.0	1895.0	1895.32	1895.6709	1900.0	7.7	COMPLETED
322	id-00209	3	2	8	3	1895.0	1895.0	1895.32	1895.6583	1898.0	5.775	COMPLETED
322	id-00210	8	15	1	3	1896.0	1896.0	1896.04	1896.4272	1899.0	2.679	COMPLETED
322	id-00211	10	11	3	1	1897.0	1897.0	1897.12	1898.0	1898.0	11.745	EXPIRED
322	id-00212	9	6	5	8	1897.0	1897.0	1897.2	1897.392	1905.0	18.371	COMPLETED
322	id-00213	5	5	9	9	1899.0	1899.0	1899.36	1899.5531	1908.0	10.829	COMPLETED
322	id-00214	3	5	3	9	1899.0	1899.0	1899.23	1899.6638	1908.0	4.151	COMPLETED
322	id-00215	2	3	8	8	1899.0	1899.0	1899.62	1899.7515	1907.0	7.46	COMPLETED
322	id-00216	6	2	3	6	1900.0	1900.0	1900.12	1900.2478	1906.0	4.332	COMPLETED
322	id-00217	5	8	3	6	1901.0	1901.0	1901.12	1901.4756	1907.0	3.61	COMPLETED
322	id-00218	9	18	7	5	1901.0	1901.0	1901.27	1901.3789	1906.0	22.256	COMPLETED
322	id-00219	9	6	8	4	1902.0	1902.0	1902.31	1902.4192	1906.0	25.553	COMPLETED
322	id-00220	4	4	5	5	1902.0	1902.0	1902.19	1902.3189	1907.0	4.572	COMPLETED
322	id-00221	9	4	3	7	1903.0	1903.0	1903.12	1903.3238	1910.0	9.891	COMPLETED
322	id-00222	9	3	5	1	1904.0	1904.0	1904.19	1905.0	1905.0	15.661	EXPIRED
322	id-00223	8	8	9	6	1904.0	1904.0	1904.69	1905.0348	1910.0	46.219	COMPLETED
322	id-00224	6	11	3	7	1904.0	1904.0	1904.23	1904.4948	1911.0	21.313	COMPLETED
322	id-00225	8	16	10	2	1904.0	1904.0	1904.42	1904.8091	1906.0	36.053	COMPLETED
322	id-00226	8	8	9	10	1905.0	1905.0	1905.39	1905.8266	1915.0	37.155	COMPLETED
322	id-00227	7	14	3	2	1905.0	1905.0	1905.12	1905.2848	1907.0	6.185	COMPLETED
322	id-00228	9	4	2	2	1905.0	1905.0	1905.07	1905.4747	1907.0	5.11	COMPLETED
322	id-00229	4	3	6	9	1905.0	1905.0	1905.24	1905.5275	1914.0	5.775	COMPLETED
322	id-00230	9	5	2	10	1906.0	1906.0	1906.07	1906.4052	1916.0	5.11	COMPLETED
322	id-00231	10	5	7	1	1907.0	1907.0	1907.26	1908.0	1908.0	22.995	EXPIRED
322	id-00232	1	2	6	8	1911.0	1911.0	1911.24	1911.4712	1919.0	1.444	COMPLETED
322	id-00233	7	2	6	8	1911.0	1911.0	1911.24	1911.4157	1919.0	14.632	COMPLETED
322	id-00234	8	9	5	9	1912.0	1912.0	1912.2	1912.5229	1921.0	15.282	COMPLETED
322	id-00235	10	16	8	2	1914.0	1914.0	1914.32	1914.6589	1916.0	34.336	COMPLETED
322	id-00236	6	6	9	9	1916.0	1916.0	1916.35	1916.5226	1925.0	12.634	COMPLETED
322	id-00237	4	8	5	8	1916.0	1916.0	1916.38	1916.4804	1924.0	9.144	COMPLETED
322	id-00238	6	8	10	2	1916.0	1916.0	1916.77	1916.9747	1918.0	56.832	COMPLETED
322	id-00239	7	4	1	7	1917.0	1917.0	1917.04	1917.4079	1924.0	2.062	COMPLETED
322	id-00240	10	5	10	1	1917.0	1917.0	1917.38	1918.0	1918.0	37.191	EXPIRED
322	id-00241	6	9	5	7	1918.0	1918.0	1918.19	1918.6031	1925.0	6.858	COMPLETED
322	id-00242	10	11	8	4	1922.0	1922.0	1922.3	1922.4172	1926.0	26.533	COMPLETED
322	id-00243	2	3	5	5	1923.0	1923.0	1923.19	1923.6878	1928.0	2.286	COMPLETED
322	id-00244	3	6	6	3	1925.0	1925.0	1925.23	1925.4723	1928.0	4.151	COMPLETED
322	id-00245	1	2	9	7	1925.0	1925.0	1925.38	1925.5091	1932.0	2.286	COMPLETED
322	id-00246	7	9	9	10	1928.0	1928.0	1928.38	1928.7542	1938.0	26.75	COMPLETED
322	id-00247	1	2	9	3	1928.0	1928.0	1928.35	1928.6506	1931.0	2.106	COMPLETED
322	id-00248	10	19	7	2	1931.0	1931.0	1931.25	1931.5747	1933.0	19.754	COMPLETED
322	id-00249	6	6	10	8	1932.0	1932.0	1932.36	1932.8512	1940.0	12.995	COMPLETED
322	id-00250	10	10	1	10	1932.0	1932.0	1932.04	1932.4782	1942.0	3.161	COMPLETED
322	id-00251	9	12	10	9	1936.0	1936.0	1936.34	1936.6632	1945.0	18.409	COMPLETED
322	id-00252	2	4	9	8	1937.0	1937.0	1937.31	1937.7644	1945.0	3.73	COMPLETED
322	id-00253	5	3	3	4	1938.0	1938.0	1938.1	1938.3418	1942.0	3.008	COMPLETED
322	id-00254	5	4	10	10	1938.0	1938.0	1938.38	1938.5308	1948.0	11.43	COMPLETED
322	id-00255	2	4	5	10	1938.0	1938.0	1938.19	1938.4367	1948.0	2.286	COMPLETED
322	id-00256	3	5	1	1	1942.0	1942.0	1942.03	1943.0	1943.0	0.541	EXPIRED
322	id-00257	3	3	8	3	1942.0	1942.0	1942.32	1942.5458	1945.0	5.775	COMPLETED
322	id-00258	7	13	5	3	1942.0	1942.0	1942.19	1942.581	1945.0	9.793	COMPLETED
322	id-00259	3	3	1	10	1944.0	1944.0	1944.03	1944.5172	1954.0	0.541	COMPLETED
322	id-00260	6	5	4	9	1947.0	1947.0	1947.25	1947.4593	1956.0	9.024	COMPLETED
322	id-00261	9	14	7	2	1947.0	1947.0	1947.44	1947.8471	1949.0	36.268	COMPLETED
322	id-00262	2	4	7	8	1948.0	1948.0	1948.22	1948.6905	1956.0	2.647	COMPLETED
322	id-00263	8	3	1	8	1949.0	1949.0	1949.03	1949.2365	1957.0	1.444	COMPLETED
322	id-00264	5	2	4	3	1950.0	1950.0	1950.13	1950.4595	1953.0	3.91	COMPLETED
322	id-00265	7	5	6	5	1950.0	1950.0	1950.48	1950.8443	1955.0	29.265	COMPLETED
322	id-00266	7	6	5	10	1950.0	1950.0	1950.4	1950.6622	1960.0	43.243	COMPLETED
322	id-00267	8	10	9	6	1951.0	1951.0	1951.3	1951.7727	1957.0	14.438	COMPLETED
322	id-00268	9	10	8	6	1954.0	1954.0	1954.27	1954.4375	1960.0	14.619	COMPLETED
322	id-00269	6	5	3	7	1956.0	1956.0	1956.22	1956.666	1963.0	7.941	COMPLETED
322	id-00270	2	2	8	1	1956.0	1956.0	1956.59	1957.0	1957.0	12.661	EXPIRED
322	id-00271	4	5	4	7	1956.0	1956.0	1956.15	1956.3602	1963.0	3.61	COMPLETED
322	id-00272	4	8	3	2	1957.0	1957.0	1957.11	1957.2903	1959.0	2.647	COMPLETED
322	id-00273	3	6	7	10	1957.0	1957.0	1957.26	1957.695	1967.0	4.692	COMPLETED
322	id-00274	1	2	4	3	1958.0	1958.0	1958.3	1958.6345	1961.0	1.805	COMPLETED
322	id-00275	3	5	3	8	1958.0	1958.0	1958.22	1958.4162	1966.0	3.971	COMPLETED
322	id-00276	3	5	8	9	1959.0	1959.0	1959.3	1959.6359	1968.0	5.414	COMPLETED
322	id-00277	10	12	1	1	1962.0	1962.0	1962.04	1963.0	1963.0	3.538	EXPIRED
322	id-00278	3	2	4	7	1962.0	1962.0	1962.15	1962.5338	1969.0	2.707	COMPLETED
322	id-00279	2	3	8	7	1964.0	1964.0	1964.3	1964.604	1971.0	3.61	COMPLETED
322	id-00280	1	2	8	10	1965.0	1965.0	1965.59	1965.99	1975.0	3.549	COMPLETED
322	id-00281	10	9	8	10	1965.0	1965.0	1965.31	1965.5015	1975.0	30.34	COMPLETED
322	id-00282	1	2	9	7	1965.0	1965.0	1965.67	1965.8418	1972.0	4.031	COMPLETED
322	id-00283	5	5	8	8	1966.0	1966.0	1966.31	1966.7934	1974.0	9.325	COMPLETED
322	id-00284	10	16	3	6	1966.0	1966.0	1966.11	1966.4793	1972.0	9.729	COMPLETED
322	id-00285	1	2	8	10	1967.0	1967.0	1967.3	1967.688	1977.0	1.805	COMPLETED
322	id-00286	8	14	5	8	1968.0	1968.0	1968.19	1968.6756	1976.0	10.936	COMPLETED
322	id-00287	5	10	7	8	1968.0	1968.0	1968.27	1968.5171	1976.0	8.122	COMPLETED
322	id-00288	9	5	10	8	1969.0	1969.0	1969.37	1969.5639	1977.0	27.01	COMPLETED
322	id-00289	5	4	1	2	1970.0	1970.0	1970.04	1970.3508	1972.0	1.203	COMPLETED
322	id-00290	6	12	3	8	1972.0	1972.0	1972.11	1972.5008	1980.0	3.971	COMPLETED
322	id-00291	7	8	8	8	1972.0	1972.0	1972.32	1972.6012	1980.0	19.51	COMPLETED
322	id-00292	7	2	9	8	1973.0	1973.0	1973.33	1973.5469	1981.0	13.897	COMPLETED
322	id-00293	1	2	5	5	1974.0	1974.0	1974.19	1974.4416	1979.0	1.143	COMPLETED
322	id-00294	6	11	8	2	1978.0	1978.0	1978.32	1978.5736	1980.0	14.568	COMPLETED
322	id-00295	3	5	7	7	1979.0	1979.0	1979.56	1979.7666	1986.0	10.107	COMPLETED
322	id-00296	9	17	10	3	1979.0	1979.0	1979.8	1979.9231	1982.0	96.112	COMPLETED
322	id-00297	6	11	9	5	1980.0	1980.0	1980.33	1980.5906	1985.0	11.912	COMPLETED
322	id-00298	4	6	3	8	1981.0	1981.0	1981.11	1981.5428	1989.0	2.647	COMPLETED
322	id-00299	5	7	8	1	1982.0	1982.0	1982.3	1983.0	1983.0	9.024	EXPIRED
322	id-00300	8	9	8	2	1982.0	1982.0	1982.31	1982.7171	1984.0	20.765	COMPLETED
322	id-00301	3	6	9	8	1983.0	1983.0	1983.35	1983.7043	1991.0	6.317	COMPLETED
322	id-00302	1	2	8	2	1983.0	1983.0	1983.59	1983.9275	1985.0	3.549	COMPLETED
322	id-00303	5	4	6	7	1983.0	1983.0	1983.44	1983.6527	1990.0	13.235	COMPLETED
322	id-00304	10	10	4	4	1984.0	1984.0	1984.15	1984.4469	1988.0	14.681	COMPLETED
322	id-00305	4	3	1	3	1984.0	1984.0	1984.04	1984.2769	1987.0	0.963	COMPLETED
322	id-00306	6	3	5	10	1984.0	1984.0	1984.2	1984.5313	1994.0	9.105	COMPLETED
322	id-00307	6	7	8	1	1985.0	1985.0	1985.31	1986.0	1986.0	11.19	EXPIRED
322	id-00308	1	2	7	6	1986.0	1986.0	1986.27	1986.6621	1992.0	1.624	COMPLETED
322	id-00309	1	2	9	4	1990.0	1990.0	1990.33	1990.6807	1994.0	1.985	COMPLETED
322	id-00310	3	6	6	4	1990.0	1990.0	1990.22	1990.6834	1994.0	3.971	COMPLETED
322	id-00311	5	5	3	1	1991.0	1991.0	1991.11	1992.0	1992.0	3.309	EXPIRED
322	id-00312	9	4	9	6	1992.0	1992.0	1992.67	1992.8258	1998.0	48.91	COMPLETED
322	id-00313	6	7	3	7	1992.0	1992.0	1992.22	1992.4952	1999.0	20.386	COMPLETED
322	id-00314	7	4	8	10	1992.0	1992.0	1992.32	1992.7526	2002.0	19.51	COMPLETED
322	id-00315	6	10	3	3	1992.0	1992.0	1992.11	1992.2728	1995.0	3.971	COMPLETED
322	id-00316	6	12	3	7	1993.0	1993.0	1993.11	1993.3588	2000.0	3.971	COMPLETED
322	id-00317	6	2	6	4	1995.0	1995.0	1995.21	1995.3719	1999.0	7.58	COMPLETED
322	id-00318	8	11	5	5	1997.0	1997.0	1997.17	1997.3525	2002.0	8.182	COMPLETED
322	id-00319	8	2	5	10	2000.0	2000.0	2000.19	2000.55	2010.0	12.727	COMPLETED
322	id-00320	2	3	6	3	2000.0	2000.0	2000.39	2000.7469	2003.0	4.692	COMPLETED
322	id-00321	6	11	2	6	2000.0	2000.0	2000.13	2000.5863	2006.0	4.692	COMPLETED
