0.0021355152130126953
0.001111745834350586
0.0013751983642578125
0.0017962455749511719
0.0009756088256835938
0.000993490219116211
0.0009121894836425781
0.001249074935913086
0.002005338668823242
0.001123189926147461
0.001071929931640625
0.0015444755554199219
0.0027611255645751953
0.0011556148529052734
0.0014269351959228516
0.0012063980102539062
0.0008795261383056641
0.0016245841979980469
0.00213623046875
0.001837015151977539
0.002336263656616211
0.0034661293029785156
0.0018835067749023438
0.002613067626953125
0.0008246898651123047
0.0008413791656494141
0.0015282630920410156
0.0014312267303466797
0.001474142074584961
0.0009267330169677734
0.0023708343505859375
0.0009152889251708984
0.0022912025451660156
0.0009274482727050781
0.0007531642913818359
0.0013403892517089844
0.0007619857788085938
0.0010123252868652344
0.0015060901641845703
0.0014569759368896484
0.0007658004760742188
0.0008263587951660156
0.002324819564819336
0.00164031982421875
0.0009946823120117188
0.001529693603515625
0.004007816314697266
0.0009016990661621094
0.000774383544921875
0.0007712841033935547
0.0015063285827636719
0.0007240772247314453
0.0015499591827392578
0.0008852481842041016
0.0006656646728515625
0.001344442367553711
0.0012874603271484375
0.0006079673767089844
0.0006086826324462891
0.0006227493286132812
0.0011446475982666016
0.001409292221069336
0.001466989517211914
0.0008776187896728516
0.0012407302856445312
0.0018131732940673828
0.001811981201171875
0.0007224082946777344
0.0009260177612304688
0.0007104873657226562
0.0013043880462646484
0.0008282661437988281
0.0008327960968017578
0.0007715225219726562
0.0011878013610839844
0.0026235580444335938
0.0016338825225830078
0.0025963783264160156
0.001977682113647461
0.0018756389617919922
0.0011241436004638672
0.0018775463104248047
0.000904083251953125
0.0010111331939697266
0.0010454654693603516
0.0010533332824707031
0.0015749931335449219
0.0011773109436035156
0.0013589859008789062
0.0008785724639892578
0.0016787052154541016
0.0017671585083007812
0.0009641647338867188
0.0015993118286132812
0.0012023448944091797
0.0007112026214599609
0.0009734630584716797
0.0008969306945800781
0.0010721683502197266
1.8596649169921875e-05
0.0014567375183105469
0.0013494491577148438
0.0006778240203857422
0.0010986328125
0.0009572505950927734
0.0007562637329101562
0.0008780956268310547
0.0014927387237548828
0.0007376670837402344
0.0007281303405761719
0.0017790794372558594
0.0009403228759765625
0.0009238719940185547
0.001489400863647461
0.0006997585296630859
0.001321554183959961
0.0013604164123535156
0.001966714859008789
0.001745462417602539
0.0016710758209228516
0.0015227794647216797
0.001336812973022461
0.0007758140563964844
0.001251220703125
0.0020744800567626953
0.0007829666137695312
0.0012023448944091797
0.0014269351959228516
0.0009090900421142578
0.0034134387969970703
0.002070903778076172
0.0007395744323730469
0.0007600784301757812
0.0015902519226074219
0.0007357597351074219
0.0008683204650878906
0.002222299575805664
0.0013532638549804688
0.0007119178771972656
0.0010135173797607422
0.0010662078857421875
0.0011799335479736328
0.0015544891357421875
0.0009582042694091797
0.0009343624114990234
0.0010704994201660156
0.0008935928344726562
0.0024137496948242188
0.0015573501586914062
0.0008263587951660156
0.0015048980712890625
0.0006866455078125
0.0007150173187255859
0.0019004344940185547
0.0009131431579589844
0.0009660720825195312
0.001676797866821289
0.001592397689819336
0.0017032623291015625
0.00122833251953125
0.0018992424011230469
0.0010104179382324219
0.0015704631805419922
0.0019638538360595703
0.0008442401885986328
0.0008046627044677734
0.0009706020355224609
0.001051187515258789
0.0009617805480957031
0.0010733604431152344
0.0008320808410644531
0.0008993148803710938
0.0013816356658935547
0.0012547969818115234
0.0008504390716552734
0.0007722377777099609
0.0016887187957763672
0.0016937255859375
0.0008361339569091797
0.0007243156433105469
0.0007891654968261719
0.0007748603820800781
0.0015227794647216797
0.0009684562683105469
0.0008285045623779297
0.00102996826171875
0.0014235973358154297
