326	id-00000	10	18	8	3	1703.0	1703.0	1703.32	1703.4998	1706.0	34.336	COMPLETED
326	id-00001	7	2	8	10	1704.0	1704.0	1704.33	1704.6234	1714.0	23.231	COMPLETED
326	id-00002	9	17	6	2	1704.0	1704.0	1704.48	1704.8378	1706.0	44.091	COMPLETED
326	id-00003	7	11	5	12	1704.0	1704.0	1704.4	1704.5114	1716.0	43.243	COMPLETED
326	id-00004	2	3	7	11	1706.0	1706.0	1706.29	1706.4878	1717.0	3.489	COMPLETED
326	id-00005	7	10	6	11	1706.0	1706.0	1706.25	1706.608	1717.0	17.599	COMPLETED
326	id-00006	9	4	4	3	1708.0	1708.0	1708.17	1708.2865	1711.0	17.218	COMPLETED
326	id-00007	2	3	4	10	1709.0	1709.0	1709.17	1709.4412	1719.0	2.045	COMPLETED
326	id-00008	5	6	8	8	1714.0	1714.0	1714.33	1714.6962	1722.0	13.038	COMPLETED
326	id-00009	9	11	6	11	1718.0	1718.0	1718.24	1718.368	1729.0	22.045	COMPLETED
326	id-00010	1	2	1	1	1719.0	1719.0	1719.04	1720.0	1720.0	0.241	EXPIRED
326	id-00011	4	8	3	8	1722.0	1722.0	1722.12	1722.502	1730.0	2.888	COMPLETED
326	id-00012	7	14	3	6	1728.0	1728.0	1728.12	1728.571	1734.0	8.448	COMPLETED
326	id-00013	7	5	3	6	1728.0	1728.0	1728.12	1728.2474	1734.0	8.448	COMPLETED
326	id-00014	10	17	9	4	1729.0	1729.0	1729.38	1729.8007	1733.0	44.357	COMPLETED
326	id-00015	7	4	3	6	1730.0	1730.0	1730.12	1730.3851	1736.0	8.448	COMPLETED
326	id-00016	1	2	5	4	1731.0	1731.0	1731.21	1731.6158	1735.0	1.263	COMPLETED
326	id-00017	5	6	8	5	1731.0	1731.0	1731.33	1731.5368	1736.0	13.038	COMPLETED
326	id-00018	1	2	4	3	1732.0	1732.0	1732.17	1732.4105	1735.0	1.023	COMPLETED
326	id-00019	10	6	6	12	1736.0	1736.0	1736.52	1736.7973	1748.0	65.601	COMPLETED
326	id-00020	5	10	4	13	1736.0	1736.0	1736.35	1736.6396	1749.0	27.027	COMPLETED
326	id-00021	3	6	3	11	1736.0	1736.0	1736.12	1736.3134	1747.0	2.166	COMPLETED
326	id-00022	9	4	8	11	1737.0	1737.0	1737.32	1737.6284	1748.0	29.394	COMPLETED
326	id-00023	4	2	8	13	1738.0	1738.0	1738.35	1738.6134	1751.0	11.722	COMPLETED
326	id-00024	10	7	4	4	1738.0	1738.0	1738.16	1738.5464	1742.0	17.168	COMPLETED
326	id-00025	5	6	1	4	1739.0	1739.0	1739.08	1739.259	1743.0	2.406	COMPLETED
326	id-00026	1	2	8	12	1739.0	1739.0	1739.35	1739.7363	1751.0	2.106	COMPLETED
326	id-00027	1	2	9	3	1739.0	1739.0	1739.72	1740.0417	1742.0	11.12	COMPLETED
326	id-00028	5	5	6	6	1739.0	1739.0	1739.26	1739.7278	1745.0	12.723	COMPLETED
326	id-00029	3	4	6	12	1740.0	1740.0	1740.26	1740.6809	1752.0	4.692	COMPLETED
326	id-00030	3	5	10	2	1740.0	1740.0	1740.8	1741.1988	1742.0	14.438	COMPLETED
326	id-00031	4	7	6	10	1740.0	1740.0	1740.48	1740.7223	1750.0	20.602	COMPLETED
326	id-00032	9	13	1	1	1740.0	1740.0	1740.04	1741.0	1741.0	3.674	EXPIRED
326	id-00033	8	15	3	10	1741.0	1741.0	1741.12	1741.3772	1751.0	9.169	COMPLETED
326	id-00034	9	18	4	3	1742.0	1742.0	1742.16	1742.6347	1745.0	14.697	COMPLETED
326	id-00035	10	6	5	8	1745.0	1745.0	1745.21	1745.585	1753.0	24.513	COMPLETED
326	id-00036	8	8	2	11	1746.0	1746.0	1746.08	1746.1968	1757.0	6.867	COMPLETED
326	id-00037	5	10	4	6	1747.0	1747.0	1747.17	1747.5295	1753.0	6.716	COMPLETED
326	id-00038	10	2	3	6	1749.0	1749.0	1749.12	1749.5708	1755.0	14.007	COMPLETED
326	id-00039	7	7	2	14	1750.0	1750.0	1750.08	1750.313	1764.0	5.632	COMPLETED
326	id-00040	3	2	3	10	1751.0	1751.0	1751.12	1751.2625	1761.0	2.166	COMPLETED
326	id-00041	9	6	4	5	1751.0	1751.0	1751.17	1751.4697	1756.0	18.821	COMPLETED
326	id-00042	2	3	2	13	1752.0	1752.0	1752.17	1752.3418	1765.0	2.045	COMPLETED
326	id-00043	2	4	8	9	1752.0	1752.0	1752.67	1752.9188	1761.0	8.061	COMPLETED
326	id-00044	4	5	4	6	1754.0	1754.0	1754.17	1754.5939	1760.0	4.091	COMPLETED
326	id-00045	8	6	10	5	1754.0	1754.0	1754.43	1754.7272	1759.0	40.965	COMPLETED
326	id-00046	3	6	1	15	1755.0	1755.0	1755.04	1755.4312	1770.0	0.722	COMPLETED
326	id-00047	4	8	6	9	1756.0	1756.0	1756.25	1756.5283	1765.0	6.016	COMPLETED
326	id-00048	10	12	6	9	1756.0	1756.0	1756.25	1756.7363	1765.0	29.182	COMPLETED
326	id-00049	1	2	6	6	1757.0	1757.0	1757.5	1757.9317	1763.0	3.008	COMPLETED
326	id-00050	7	8	4	12	1757.0	1757.0	1757.33	1757.5355	1769.0	26.342	COMPLETED
326	id-00051	10	8	1	8	1758.0	1758.0	1758.04	1758.2528	1766.0	4.669	COMPLETED
326	id-00052	2	4	7	12	1758.0	1758.0	1758.29	1758.4702	1770.0	3.489	COMPLETED
326	id-00053	5	10	7	9	1759.0	1759.0	1759.29	1759.6547	1768.0	11.457	COMPLETED
326	id-00054	8	7	1	8	1759.0	1759.0	1759.08	1759.3397	1767.0	6.867	COMPLETED
326	id-00055	8	12	8	6	1759.0	1759.0	1759.67	1759.8984	1765.0	82.78	COMPLETED
326	id-00056	10	13	5	9	1760.0	1760.0	1760.21	1760.4506	1769.0	24.513	COMPLETED
326	id-00057	8	11	9	7	1761.0	1761.0	1761.38	1761.7201	1768.0	32.619	COMPLETED
326	id-00058	1	2	6	7	1761.0	1761.0	1761.5	1761.9054	1768.0	3.008	COMPLETED
326	id-00059	6	2	1	12	1761.0	1761.0	1761.08	1761.2486	1773.0	5.15	COMPLETED
326	id-00060	1	2	5	3	1762.0	1762.0	1762.21	1762.5374	1765.0	1.263	COMPLETED
326	id-00061	2	3	2	12	1763.0	1763.0	1763.17	1763.6581	1775.0	2.045	COMPLETED
326	id-00062	9	6	9	15	1763.0	1763.0	1763.41	1763.5571	1778.0	49.257	COMPLETED
326	id-00063	5	9	4	3	1763.0	1763.0	1763.33	1763.4901	1766.0	19.26	COMPLETED
326	id-00064	7	11	4	8	1763.0	1763.0	1763.17	1763.4331	1771.0	11.967	COMPLETED
326	id-00065	6	6	6	9	1764.0	1764.0	1764.25	1764.6176	1773.0	13.738	COMPLETED
326	id-00066	4	3	5	12	1765.0	1765.0	1765.22	1765.3512	1777.0	7.368	COMPLETED
326	id-00067	8	3	5	8	1765.0	1765.0	1765.22	1765.4072	1773.0	20.959	COMPLETED
326	id-00068	7	9	10	6	1767.0	1767.0	1767.43	1767.675	1773.0	34.324	COMPLETED
326	id-00069	4	6	9	9	1768.0	1768.0	1768.39	1768.7617	1777.0	13.062	COMPLETED
326	id-00070	1	2	2	1	1768.0	1768.0	1768.17	1769.0	1769.0	1.023	EXPIRED
326	id-00071	6	11	1	6	1768.0	1768.0	1768.09	1768.2992	1774.0	6.643	COMPLETED
326	id-00072	6	3	7	8	1770.0	1770.0	1770.29	1770.7248	1778.0	15.936	COMPLETED
326	id-00073	5	7	8	3	1771.0	1771.0	1771.33	1771.4908	1774.0	13.038	COMPLETED
326	id-00074	1	2	9	13	1771.0	1771.0	1771.39	1771.8333	1784.0	2.346	COMPLETED
326	id-00075	3	2	5	3	1773.0	1773.0	1773.21	1773.4146	1776.0	3.79	COMPLETED
326	id-00076	7	3	6	2	1775.0	1775.0	1775.24	1775.6717	1777.0	14.632	COMPLETED
326	id-00077	6	10	3	11	1777.0	1777.0	1777.12	1777.2374	1788.0	5.463	COMPLETED
326	id-00078	5	10	3	14	1778.0	1778.0	1778.24	1778.6508	1792.0	7.219	COMPLETED
326	id-00079	3	3	4	10	1778.0	1778.0	1778.32	1778.5375	1788.0	5.775	COMPLETED
326	id-00080	8	9	4	12	1778.0	1778.0	1778.32	1778.5151	1790.0	39.537	COMPLETED
326	id-00081	3	2	3	15	1778.0	1778.0	1778.12	1778.5136	1793.0	2.166	COMPLETED
326	id-00082	2	3	2	14	1778.0	1778.0	1778.16	1778.653	1792.0	1.925	COMPLETED
326	id-00083	9	7	4	4	1782.0	1782.0	1782.15	1782.334	1786.0	12.364	COMPLETED
326	id-00084	6	7	2	10	1782.0	1782.0	1782.08	1782.5764	1792.0	4.396	COMPLETED
326	id-00085	8	2	9	10	1783.0	1783.0	1783.35	1783.7421	1793.0	23.444	COMPLETED
326	id-00086	3	4	5	10	1784.0	1784.0	1784.19	1784.3239	1794.0	3.429	COMPLETED
326	id-00087	7	4	10	8	1784.0	1784.0	1784.42	1784.6333	1792.0	29.566	COMPLETED
326	id-00088	6	6	9	2	1785.0	1785.0	1785.36	1785.4976	1787.0	16.389	COMPLETED
326	id-00089	10	20	9	4	1786.0	1786.0	1786.36	1786.5291	1790.0	38.628	COMPLETED
326	id-00090	2	2	1	3	1788.0	1788.0	1788.04	1788.4984	1791.0	0.481	COMPLETED
326	id-00091	3	3	7	5	1788.0	1788.0	1788.58	1788.7024	1793.0	10.468	COMPLETED
326	id-00092	4	2	3	8	1788.0	1788.0	1788.25	1788.354	1796.0	13.087	COMPLETED
326	id-00093	3	5	8	7	1789.0	1789.0	1789.32	1789.6557	1796.0	5.775	COMPLETED
326	id-00094	3	3	4	3	1790.0	1790.0	1790.15	1790.5071	1793.0	2.707	COMPLETED
326	id-00095	5	9	7	6	1791.0	1791.0	1791.28	1791.6822	1797.0	8.422	COMPLETED
326	id-00096	10	17	7	15	1791.0	1791.0	1791.28	1791.5266	1806.0	30.044	COMPLETED
326	id-00097	1	2	2	3	1791.0	1791.0	1791.08	1791.4608	1794.0	0.481	COMPLETED
326	id-00098	2	3	6	2	1792.0	1792.0	1792.23	1792.4109	1794.0	2.767	COMPLETED
326	id-00099	4	2	10	15	1792.0	1792.0	1792.4	1792.5803	1807.0	9.626	COMPLETED
326	id-00100	8	10	7	5	1794.0	1794.0	1794.27	1794.7151	1799.0	18.086	COMPLETED
326	id-00101	1	2	6	6	1796.0	1796.0	1796.22	1796.5264	1802.0	1.324	COMPLETED
326	id-00102	1	2	1	14	1797.0	1797.0	1797.04	1797.3053	1811.0	0.241	COMPLETED
326	id-00103	10	20	1	8	1798.0	1798.0	1798.08	1798.2622	1806.0	8.584	COMPLETED
326	id-00104	6	11	5	1	1798.0	1798.0	1798.4	1799.0	1799.0	37.066	EXPIRED
326	id-00105	6	11	10	8	1799.0	1799.0	1800.2	1800.5999	1807.0	54.629	COMPLETED
326	id-00106	8	2	8	11	1799.0	1799.0	1799.96	1800.076	1810.0	118.61	COMPLETED
326	id-00107	5	3	3	3	1799.0	1799.0	1799.11	1799.5438	1802.0	3.309	COMPLETED
326	id-00108	4	3	6	13	1799.0	1799.0	1799.72	1800.1679	1812.0	44.479	COMPLETED
326	id-00109	6	4	6	2	1800.0	1800.0	1800.22	1800.5126	1802.0	7.941	COMPLETED
326	id-00110	2	2	4	14	1802.0	1802.0	1802.15	1802.5662	1816.0	1.805	COMPLETED
326	id-00111	9	5	9	1	1804.0	1804.0	1804.33	1805.0	1805.0	24.09	EXPIRED
326	id-00112	8	4	2	10	1805.0	1805.0	1805.07	1805.2751	1815.0	4.029	COMPLETED
326	id-00113	2	2	6	6	1807.0	1807.0	1807.22	1807.5642	1813.0	2.647	COMPLETED
326	id-00114	9	13	10	6	1809.0	1809.0	1809.8	1809.9346	1815.0	73.485	COMPLETED
326	id-00115	3	3	5	11	1809.0	1809.0	1809.4	1809.8655	1820.0	18.533	COMPLETED
326	id-00116	3	2	10	7	1809.0	1809.0	1809.83	1810.3242	1816.0	14.98	COMPLETED
326	id-00117	5	4	2	1	1809.0	1809.0	1809.07	1810.0	1810.0	2.106	EXPIRED
326	id-00118	8	14	6	13	1809.0	1809.0	1809.5	1809.8901	1822.0	57.062	COMPLETED
326	id-00119	1	2	5	1	1810.0	1810.0	1810.16	1811.0	1811.0	0.963	EXPIRED
326	id-00120	5	6	9	3	1813.0	1813.0	1813.58	1814.0075	1816.0	17.446	COMPLETED
326	id-00121	2	4	6	9	1813.0	1813.0	1813.23	1813.3619	1822.0	2.767	COMPLETED
326	id-00122	4	3	6	7	1813.0	1813.0	1813.39	1813.5572	1820.0	9.385	COMPLETED
326	id-00123	9	6	7	8	1814.0	1814.0	1814.23	1814.3837	1822.0	12.453	COMPLETED
326	id-00124	1	2	4	15	1814.0	1814.0	1814.15	1814.5734	1829.0	0.902	COMPLETED
326	id-00125	8	6	9	2	1816.0	1816.0	1816.31	1816.4876	1818.0	14.92	COMPLETED
326	id-00126	9	4	3	5	1816.0	1816.0	1816.12	1816.3591	1821.0	9.891	COMPLETED
326	id-00127	5	3	4	11	1816.0	1816.0	1816.16	1816.2851	1827.0	4.813	COMPLETED
326	id-00128	10	17	7	6	1820.0	1820.0	1820.52	1820.7935	1826.0	45.991	COMPLETED
326	id-00129	3	5	5	12	1820.0	1820.0	1820.37	1820.6362	1832.0	17.143	COMPLETED
326	id-00130	6	10	9	2	1822.0	1822.0	1822.31	1822.6034	1824.0	11.19	COMPLETED
326	id-00131	5	9	10	4	1823.0	1823.0	1823.34	1823.5501	1827.0	10.227	COMPLETED
326	id-00132	5	7	3	14	1823.0	1823.0	1823.11	1823.4081	1837.0	3.309	COMPLETED
326	id-00133	8	3	2	12	1824.0	1824.0	1824.07	1824.1944	1836.0	3.369	COMPLETED
326	id-00134	1	2	6	5	1826.0	1826.0	1826.23	1826.6184	1831.0	1.384	COMPLETED
326	id-00135	9	17	10	7	1828.0	1828.0	1828.38	1828.6841	1835.0	31.323	COMPLETED
326	id-00136	7	8	2	14	1829.0	1829.0	1829.08	1829.2666	1843.0	4.123	COMPLETED
326	id-00137	5	9	1	7	1829.0	1829.0	1829.04	1829.368	1836.0	1.203	COMPLETED
326	id-00138	1	2	7	9	1833.0	1833.0	1833.27	1833.6731	1842.0	1.624	COMPLETED
326	id-00139	9	7	2	5	1833.0	1833.0	1833.07	1833.3846	1838.0	5.11	COMPLETED
326	id-00140	1	2	10	9	1834.0	1834.0	1834.37	1834.7125	1843.0	2.226	COMPLETED
326	id-00141	5	3	2	13	1835.0	1835.0	1835.07	1835.5648	1848.0	2.106	COMPLETED
326	id-00142	10	4	9	4	1836.0	1836.0	1836.33	1836.6737	1840.0	29.187	COMPLETED
326	id-00143	8	5	2	2	1838.0	1838.0	1838.07	1838.3026	1840.0	4.029	COMPLETED
326	id-00144	3	2	4	4	1838.0	1838.0	1838.15	1838.4997	1842.0	2.707	COMPLETED
326	id-00145	7	2	4	12	1838.0	1838.0	1838.17	1838.577	1850.0	11.967	COMPLETED
326	id-00146	7	3	5	2	1839.0	1839.0	1839.19	1839.6837	1841.0	8.001	COMPLETED
326	id-00147	7	6	1	11	1840.0	1840.0	1840.07	1840.5089	1851.0	2.948	COMPLETED
326	id-00148	2	3	5	4	1840.0	1840.0	1840.19	1840.2955	1844.0	2.286	COMPLETED
326	id-00149	1	2	5	2	1840.0	1840.0	1840.37	1840.7307	1842.0	5.714	COMPLETED
326	id-00150	8	15	5	6	1840.0	1840.0	1840.2	1840.6024	1846.0	15.282	COMPLETED
326	id-00151	10	12	6	11	1843.0	1843.0	1843.44	1843.6247	1854.0	38.915	COMPLETED
326	id-00152	2	3	8	1	1843.0	1843.0	1843.59	1844.0	1844.0	18.224	EXPIRED
326	id-00153	2	4	6	8	1844.0	1844.0	1844.22	1844.3811	1852.0	2.647	COMPLETED
326	id-00154	6	12	10	15	1844.0	1844.0	1844.38	1844.737	1859.0	13.716	COMPLETED
326	id-00155	4	8	7	1	1846.0	1846.0	1846.52	1847.0	1847.0	12.513	EXPIRED
326	id-00156	9	13	1	4	1846.0	1846.0	1846.07	1846.4272	1850.0	7.75	COMPLETED
326	id-00157	8	12	7	9	1846.0	1846.0	1846.28	1846.6355	1855.0	21.395	COMPLETED
326	id-00158	6	3	3	9	1847.0	1847.0	1847.11	1847.5526	1856.0	3.971	COMPLETED
326	id-00159	6	3	4	14	1847.0	1847.0	1847.16	1847.4836	1861.0	7.284	COMPLETED
326	id-00160	1	2	3	15	1848.0	1848.0	1848.11	1848.34	1863.0	0.662	COMPLETED
326	id-00161	1	2	8	3	1849.0	1849.0	1849.59	1849.8142	1852.0	3.549	COMPLETED
326	id-00162	1	2	2	14	1849.0	1849.0	1849.15	1849.3489	1863.0	0.902	COMPLETED
326	id-00163	7	4	2	13	1850.0	1850.0	1850.16	1850.5933	1863.0	9.755	COMPLETED
326	id-00164	2	2	8	1	1850.0	1850.0	1850.64	1851.0	1851.0	19.768	EXPIRED
326	id-00165	1	2	1	14	1850.0	1850.0	1850.04	1850.4463	1864.0	0.241	COMPLETED
326	id-00166	4	5	2	6	1852.0	1852.0	1852.08	1852.274	1858.0	1.925	COMPLETED
326	id-00167	7	10	4	4	1853.0	1853.0	1853.16	1853.6519	1857.0	9.755	COMPLETED
326	id-00168	7	5	3	4	1853.0	1853.0	1853.12	1853.3052	1857.0	7.316	COMPLETED
326	id-00169	6	4	4	10	1853.0	1853.0	1853.35	1853.6033	1863.0	22.533	COMPLETED
326	id-00170	9	9	6	8	1853.0	1853.0	1853.52	1853.6843	1861.0	72.278	COMPLETED
326	id-00171	1	2	4	7	1853.0	1853.0	1853.17	1853.3847	1860.0	1.023	COMPLETED
326	id-00172	3	5	1	3	1855.0	1855.0	1855.04	1855.3783	1858.0	0.722	COMPLETED
326	id-00173	2	2	5	9	1855.0	1855.0	1855.6	1856.0383	1864.0	7.219	COMPLETED
326	id-00174	2	3	3	10	1855.0	1855.0	1855.36	1855.7221	1865.0	4.332	COMPLETED
326	id-00175	5	4	8	6	1855.0	1855.0	1855.96	1856.0907	1861.0	65.08	COMPLETED
326	id-00176	5	8	9	9	1858.0	1858.0	1858.72	1859.0543	1867.0	21.658	COMPLETED
326	id-00177	2	4	9	1	1858.0	1858.0	1858.36	1859.0	1859.0	4.332	EXPIRED
326	id-00178	10	13	8	14	1858.0	1858.0	1858.64	1858.7818	1872.0	98.842	COMPLETED
326	id-00179	7	4	7	1	1860.0	1860.0	1860.27	1861.0	1861.0	13.916	EXPIRED
326	id-00180	2	2	1	6	1861.0	1861.0	1861.04	1861.2978	1867.0	0.481	COMPLETED
326	id-00181	10	17	2	10	1861.0	1861.0	1861.08	1861.3578	1871.0	8.584	COMPLETED
326	id-00182	3	3	9	14	1861.0	1861.0	1861.38	1861.7219	1875.0	6.858	COMPLETED
326	id-00183	5	7	5	11	1863.0	1863.0	1863.19	1863.523	1874.0	5.715	COMPLETED
326	id-00184	3	5	8	9	1865.0	1865.0	1865.32	1865.4453	1874.0	5.775	COMPLETED
326	id-00185	2	3	6	4	1865.0	1865.0	1865.24	1865.6755	1869.0	2.888	COMPLETED
326	id-00186	4	2	3	10	1867.0	1867.0	1867.12	1867.3355	1877.0	2.888	COMPLETED
326	id-00187	2	4	5	4	1868.0	1868.0	1868.2	1868.3401	1872.0	2.406	COMPLETED
326	id-00188	7	5	9	4	1869.0	1869.0	1869.36	1869.6053	1873.0	21.948	COMPLETED
326	id-00189	1	2	7	5	1870.0	1870.0	1870.27	1870.3837	1875.0	1.624	COMPLETED
326	id-00190	5	8	4	5	1870.0	1870.0	1870.15	1870.456	1875.0	4.512	COMPLETED
326	id-00191	1	2	4	14	1871.0	1871.0	1871.15	1871.5537	1885.0	0.902	COMPLETED
326	id-00192	7	6	5	9	1872.0	1872.0	1872.19	1872.3147	1881.0	9.793	COMPLETED
326	id-00193	9	13	3	11	1874.0	1874.0	1874.12	1874.5017	1885.0	9.891	COMPLETED
326	id-00194	8	8	7	7	1875.0	1875.0	1875.26	1875.6457	1882.0	14.965	COMPLETED
326	id-00195	10	7	6	12	1878.0	1878.0	1878.23	1878.3562	1890.0	22.511	COMPLETED
326	id-00196	1	2	4	1	1878.0	1878.0	1878.15	1879.0	1879.0	0.902	EXPIRED
326	id-00197	4	3	10	11	1879.0	1879.0	1879.37	1879.6696	1890.0	8.904	COMPLETED
326	id-00198	8	7	5	2	1882.0	1882.0	1882.37	1882.5428	1884.0	21.296	COMPLETED
326	id-00199	10	2	9	12	1882.0	1882.0	1882.35	1882.7159	1894.0	34.255	COMPLETED
326	id-00200	2	3	10	15	1882.0	1882.0	1882.4	1882.6643	1897.0	4.813	COMPLETED
326	id-00201	1	2	1	3	1882.0	1882.0	1882.07	1882.5261	1885.0	1.081	COMPLETED
326	id-00202	6	3	4	11	1884.0	1884.0	1884.15	1884.3428	1895.0	5.414	COMPLETED
326	id-00203	2	2	10	7	1885.0	1885.0	1885.38	1885.4992	1892.0	4.572	COMPLETED
326	id-00204	6	9	7	10	1886.0	1886.0	1886.27	1886.6348	1896.0	9.746	COMPLETED
326	id-00205	10	7	10	1	1887.0	1887.0	1887.4	1888.0	1888.0	42.92	EXPIRED
326	id-00206	9	12	3	2	1887.0	1887.0	1887.12	1887.3616	1889.0	11.023	COMPLETED
326	id-00207	9	18	1	11	1889.0	1889.0	1889.04	1889.2624	1900.0	3.297	COMPLETED
326	id-00208	1	2	7	1	1891.0	1891.0	1891.27	1892.0	1892.0	1.624	EXPIRED
326	id-00209	9	17	3	12	1893.0	1893.0	1893.12	1893.247	1905.0	9.891	COMPLETED
326	id-00210	7	11	5	2	1894.0	1894.0	1894.19	1894.6739	1896.0	9.793	COMPLETED
326	id-00211	2	4	10	8	1894.0	1894.0	1894.42	1894.5991	1902.0	5.053	COMPLETED
326	id-00212	5	7	2	12	1895.0	1895.0	1895.08	1895.2001	1907.0	2.406	COMPLETED
326	id-00213	1	2	7	6	1896.0	1896.0	1896.27	1896.6961	1902.0	1.624	COMPLETED
326	id-00214	5	3	4	12	1898.0	1898.0	1898.15	1898.4069	1910.0	4.512	COMPLETED
326	id-00215	3	2	2	11	1900.0	1900.0	1900.08	1900.3779	1911.0	1.444	COMPLETED
326	id-00216	10	9	1	1	1900.0	1900.0	1900.04	1901.0	1901.0	3.915	EXPIRED
326	id-00217	4	7	3	1	1901.0	1901.0	1901.12	1902.0	1902.0	2.888	EXPIRED
326	id-00218	3	3	7	7	1901.0	1901.0	1901.27	1901.4983	1908.0	4.873	COMPLETED
326	id-00219	1	2	9	14	1901.0	1901.0	1901.38	1901.5461	1915.0	2.286	COMPLETED
326	id-00220	6	10	2	10	1903.0	1903.0	1903.08	1903.367	1913.0	2.888	COMPLETED
326	id-00221	7	3	4	13	1904.0	1904.0	1904.15	1904.384	1917.0	7.731	COMPLETED
326	id-00222	4	2	3	5	1905.0	1905.0	1905.11	1905.5158	1910.0	2.647	COMPLETED
326	id-00223	4	8	9	4	1908.0	1908.0	1909.0	1909.3543	1912.0	24.064	COMPLETED
326	id-00224	3	5	3	12	1908.0	1908.0	1908.33	1908.7697	1920.0	5.956	COMPLETED
326	id-00225	5	3	4	7	1908.0	1908.0	1908.44	1908.6272	1915.0	33.977	COMPLETED
326	id-00226	2	4	2	9	1910.0	1910.0	1910.08	1910.5403	1919.0	0.963	COMPLETED
326	id-00227	4	6	8	5	1911.0	1911.0	1911.32	1911.6026	1916.0	7.7	COMPLETED
326	id-00228	6	2	1	4	1911.0	1911.0	1911.04	1911.467	1915.0	1.821	COMPLETED
326	id-00229	6	12	9	6	1913.0	1913.0	1913.36	1913.5338	1919.0	16.389	COMPLETED
326	id-00230	1	2	9	12	1913.0	1913.0	1913.38	1913.6813	1925.0	2.286	COMPLETED
326	id-00231	7	12	3	5	1913.0	1913.0	1913.12	1913.3225	1918.0	7.316	COMPLETED
326	id-00232	8	10	4	5	1918.0	1918.0	1918.15	1918.5275	1923.0	10.048	COMPLETED
326	id-00233	2	2	1	2	1919.0	1919.0	1919.04	1919.3136	1921.0	0.481	COMPLETED
326	id-00234	3	5	6	7	1920.0	1920.0	1920.22	1920.6583	1927.0	3.971	COMPLETED
326	id-00235	6	5	9	11	1920.0	1920.0	1920.35	1920.7587	1931.0	12.634	COMPLETED
326	id-00236	4	4	8	6	1921.0	1921.0	1921.59	1921.9373	1927.0	14.198	COMPLETED
326	id-00237	4	7	9	11	1921.0	1921.0	1921.35	1921.8463	1932.0	8.422	COMPLETED
326	id-00238	3	2	5	15	1921.0	1921.0	1921.37	1921.5344	1936.0	6.678	COMPLETED
326	id-00239	8	2	2	5	1923.0	1923.0	1923.07	1923.2913	1928.0	4.029	COMPLETED
326	id-00240	1	2	8	1	1924.0	1924.0	1924.3	1925.0	1925.0	1.805	EXPIRED
326	id-00241	4	2	8	5	1926.0	1926.0	1926.33	1926.5891	1931.0	7.941	COMPLETED
326	id-00242	1	2	9	7	1926.0	1926.0	1926.38	1926.5234	1933.0	2.286	COMPLETED
326	id-00243	5	4	4	5	1926.0	1926.0	1926.15	1926.5639	1931.0	4.512	COMPLETED
326	id-00244	9	3	6	14	1928.0	1928.0	1928.23	1928.647	1942.0	18.958	COMPLETED
326	id-00245	4	5	8	14	1928.0	1928.0	1928.33	1928.671	1942.0	7.941	COMPLETED
326	id-00246	9	16	8	2	1930.0	1930.0	1930.29	1930.5624	1932.0	18.436	COMPLETED
326	id-00247	3	6	6	8	1931.0	1931.0	1931.21	1931.3234	1939.0	3.79	COMPLETED
326	id-00248	1	2	10	13	1931.0	1931.0	1931.36	1931.6738	1944.0	2.166	COMPLETED
326	id-00249	9	14	8	2	1932.0	1932.0	1932.29	1932.6088	1934.0	18.436	COMPLETED
326	id-00250	6	6	7	4	1933.0	1933.0	1933.25	1933.4496	1937.0	9.024	COMPLETED
326	id-00251	5	7	9	10	1933.0	1933.0	1933.32	1933.6789	1943.0	9.626	COMPLETED
326	id-00252	7	6	10	13	1933.0	1933.0	1933.42	1933.6639	1946.0	29.566	COMPLETED
326	id-00253	10	19	7	14	1934.0	1934.0	1934.25	1934.6379	1948.0	19.754	COMPLETED
326	id-00254	7	11	2	15	1934.0	1934.0	1934.14	1934.6041	1949.0	5.896	COMPLETED
326	id-00255	6	8	10	14	1934.0	1934.0	1934.71	1934.9772	1948.0	59.098	COMPLETED
326	id-00256	7	14	7	10	1935.0	1935.0	1935.24	1935.6806	1945.0	10.107	COMPLETED
326	id-00257	8	7	2	2	1937.0	1937.0	1937.07	1937.4925	1939.0	3.369	COMPLETED
326	id-00258	7	8	5	1	1938.0	1938.0	1938.34	1939.0	1939.0	14.318	EXPIRED
326	id-00259	8	4	4	12	1938.0	1938.0	1938.28	1938.4631	1950.0	29.315	COMPLETED
326	id-00260	2	4	4	10	1939.0	1939.0	1939.14	1939.4248	1949.0	1.684	COMPLETED
326	id-00261	9	6	3	3	1940.0	1940.0	1940.1	1940.5329	1943.0	5.414	COMPLETED
326	id-00262	7	10	7	7	1940.0	1940.0	1940.27	1940.5919	1947.0	13.916	COMPLETED
326	id-00263	4	5	8	11	1942.0	1942.0	1942.31	1942.4871	1953.0	7.46	COMPLETED
326	id-00264	3	3	6	1	1942.0	1942.0	1942.21	1943.0	1943.0	3.79	EXPIRED
326	id-00265	7	11	10	15	1943.0	1943.0	1943.38	1943.7356	1958.0	19.585	COMPLETED
326	id-00266	3	5	3	10	1943.0	1943.0	1943.1	1943.4358	1953.0	1.805	COMPLETED
326	id-00267	2	3	8	15	1944.0	1944.0	1944.28	1944.7525	1959.0	3.369	COMPLETED
326	id-00268	1	2	7	8	1945.0	1945.0	1945.44	1945.6869	1953.0	2.647	COMPLETED
326	id-00269	1	2	9	1	1945.0	1945.0	1945.56	1946.0	1946.0	3.369	EXPIRED
326	id-00270	1	2	10	14	1945.0	1945.0	1945.4	1945.787	1959.0	2.406	COMPLETED
326	id-00271	6	2	8	14	1947.0	1947.0	1947.25	1947.653	1961.0	9.024	COMPLETED
326	id-00272	8	15	6	15	1948.0	1948.0	1948.24	1948.4936	1963.0	18.339	COMPLETED
326	id-00273	2	4	3	11	1948.0	1948.0	1948.09	1948.5348	1959.0	1.083	COMPLETED
326	id-00274	1	2	4	1	1949.0	1949.0	1949.12	1950.0	1950.0	0.722	EXPIRED
326	id-00275	9	14	6	10	1949.0	1949.0	1949.48	1949.6179	1959.0	44.091	COMPLETED
326	id-00276	5	4	8	6	1949.0	1949.0	1949.64	1949.8598	1955.0	49.421	COMPLETED
326	id-00277	1	2	9	5	1950.0	1950.0	1950.3	1950.7704	1955.0	1.805	COMPLETED
326	id-00278	9	3	8	14	1952.0	1952.0	1952.27	1952.5795	1966.0	14.619	COMPLETED
326	id-00279	9	15	2	3	1953.0	1953.0	1953.07	1953.4783	1956.0	3.79	COMPLETED
326	id-00280	10	18	7	4	1954.0	1954.0	1954.23	1954.3838	1958.0	13.837	COMPLETED
326	id-00281	9	15	9	9	1956.0	1956.0	1956.33	1956.6977	1965.0	24.09	COMPLETED
326	id-00282	5	10	4	15	1957.0	1957.0	1957.15	1957.6327	1972.0	4.512	COMPLETED
326	id-00283	6	4	6	7	1958.0	1958.0	1958.22	1958.3684	1965.0	7.941	COMPLETED
326	id-00284	6	4	10	9	1959.0	1959.0	1959.37	1959.5168	1968.0	13.356	COMPLETED
326	id-00285	10	7	1	3	1961.0	1961.0	1961.04	1961.2788	1964.0	3.538	COMPLETED
326	id-00286	6	6	1	14	1962.0	1962.0	1962.04	1962.2273	1976.0	1.444	COMPLETED
326	id-00287	8	4	5	10	1963.0	1963.0	1963.37	1963.5149	1973.0	21.296	COMPLETED
326	id-00288	1	2	10	3	1963.0	1963.0	1963.74	1964.182	1966.0	11.429	COMPLETED
326	id-00289	9	2	3	3	1964.0	1964.0	1964.22	1964.5759	1967.0	16.06	COMPLETED
326	id-00290	4	5	2	6	1964.0	1964.0	1964.15	1964.4478	1970.0	9.266	COMPLETED
326	id-00291	5	2	9	15	1965.0	1965.0	1965.33	1965.6801	1980.0	9.926	COMPLETED
326	id-00292	2	3	5	12	1966.0	1966.0	1966.19	1966.5218	1978.0	2.286	COMPLETED
326	id-00293	6	12	2	6	1967.0	1967.0	1967.15	1967.289	1973.0	5.414	COMPLETED
326	id-00294	8	16	2	13	1967.0	1967.0	1967.08	1967.434	1980.0	5.359	COMPLETED
326	id-00295	9	9	5	3	1967.0	1967.0	1967.37	1967.6806	1970.0	47.94	COMPLETED
326	id-00296	8	16	2	6	1969.0	1969.0	1969.07	1969.2227	1975.0	4.029	COMPLETED
326	id-00297	9	11	1	11	1970.0	1970.0	1970.07	1970.5373	1981.0	5.11	COMPLETED
326	id-00298	3	3	9	6	1970.0	1970.0	1970.67	1971.1657	1976.0	31.042	COMPLETED
326	id-00299	3	2	9	12	1971.0	1971.0	1971.36	1971.8057	1983.0	6.497	COMPLETED
326	id-00300	3	5	4	9	1971.0	1971.0	1971.15	1971.4395	1980.0	2.707	COMPLETED
326	id-00301	4	3	1	1	1972.0	1972.0	1972.04	1973.0	1973.0	0.963	EXPIRED
326	id-00302	9	13	5	1	1972.0	1972.0	1972.2	1973.0	1973.0	18.371	EXPIRED
326	id-00303	9	2	9	2	1977.0	1977.0	1977.36	1977.8433	1979.0	33.068	COMPLETED
326	id-00304	4	6	3	10	1978.0	1978.0	1978.12	1978.4514	1988.0	2.888	COMPLETED
326	id-00305	6	5	2	5	1979.0	1979.0	1979.08	1979.2571	1984.0	3.642	COMPLETED
326	id-00306	4	7	10	4	1980.0	1980.0	1980.74	1981.0117	1984.0	17.807	COMPLETED
326	id-00307	9	6	1	6	1980.0	1980.0	1980.07	1980.3497	1986.0	7.75	COMPLETED
326	id-00308	3	2	10	15	1981.0	1981.0	1981.38	1981.7045	1996.0	6.858	COMPLETED
326	id-00309	1	2	5	2	1981.0	1981.0	1981.19	1981.62	1983.0	1.143	COMPLETED
326	id-00310	5	7	1	11	1982.0	1982.0	1982.07	1982.3098	1993.0	2.106	COMPLETED
326	id-00311	9	11	10	10	1982.0	1982.0	1982.74	1982.9643	1992.0	88.904	COMPLETED
326	id-00312	7	5	7	13	1983.0	1983.0	1983.26	1983.7572	1996.0	10.949	COMPLETED
326	id-00313	4	8	5	5	1984.0	1984.0	1984.19	1984.6321	1989.0	4.572	COMPLETED
326	id-00314	9	9	1	14	1985.0	1985.0	1985.04	1985.2294	1999.0	3.297	COMPLETED
326	id-00315	6	10	3	14	1987.0	1987.0	1987.12	1987.2257	2001.0	4.332	COMPLETED
326	id-00316	7	6	4	12	1989.0	1989.0	1989.15	1989.3969	2001.0	7.731	COMPLETED
326	id-00317	7	7	9	3	1993.0	1993.0	1993.67	1993.7931	1996.0	28.215	COMPLETED
326	id-00318	6	2	6	10	1993.0	1993.0	1993.44	1993.8924	2003.0	40.772	COMPLETED
326	id-00319	10	14	9	4	1995.0	1995.0	1995.31	1995.4716	1999.0	21.572	COMPLETED
326	id-00320	1	2	1	2	1997.0	1997.0	1997.03	1997.4773	1999.0	0.18	COMPLETED
326	id-00321	8	3	10	5	1998.0	1998.0	1998.34	1998.5672	2003.0	16.364	COMPLETED
326	id-00322	6	6	9	4	1999.0	1999.0	1999.36	1999.8475	2003.0	16.389	COMPLETED
326	id-00323	1	2	4	8	1999.0	1999.0	1999.28	1999.5529	2007.0	1.684	COMPLETED
326	id-00324	7	9	5	2	1999.0	1999.0	1999.34	1999.4514	2001.0	14.318	COMPLETED
326	id-00325	5	10	4	5	2000.0	2000.0	2000.13	2000.2672	2005.0	3.91	COMPLETED
