0.002864360809326172
0.0011553764343261719
0.0016641616821289062
0.0008068084716796875
0.0010519027709960938
0.0009410381317138672
0.0018055438995361328
0.001367330551147461
0.0007770061492919922
0.001420736312866211
0.0015544891357421875
0.0007486343383789062
0.0007431507110595703
0.0008635520935058594
0.0007801055908203125
0.0008902549743652344
0.0008511543273925781
0.001880645751953125
0.0007798671722412109
0.0011818408966064453
0.0008511543273925781
0.0008955001831054688
0.0008461475372314453
0.002153635025024414
0.0008568763732910156
0.0009794235229492188
0.001100778579711914
0.0009186267852783203
0.0030884742736816406
0.0012142658233642578
0.0009622573852539062
0.002765655517578125
0.0009524822235107422
0.002012014389038086
0.0008549690246582031
0.002934694290161133
0.0019910335540771484
0.0011048316955566406
0.0011816024780273438
0.0009791851043701172
0.0011200904846191406
0.0010976791381835938
0.0009922981262207031
0.0019025802612304688
0.0010058879852294922
0.0018498897552490234
0.0010447502136230469
0.0017580986022949219
0.001035451889038086
0.0010623931884765625
0.002003192901611328
0.0018651485443115234
0.0023741722106933594
0.0010547637939453125
0.0008168220520019531
0.0016663074493408203
0.001556396484375
0.001421213150024414
0.0008428096771240234
0.0007832050323486328
0.001676797866821289
0.0017609596252441406
0.0009562969207763672
0.0019154548645019531
0.0008537769317626953
0.0008771419525146484
0.0009946823120117188
0.0009217262268066406
0.0009801387786865234
0.0007033348083496094
0.0019621849060058594
0.0007112026214599609
0.001207590103149414
0.0008568763732910156
0.001661539077758789
0.0008244514465332031
0.0008339881896972656
0.0013227462768554688
0.002419710159301758
0.003026247024536133
0.001378774642944336
0.0012912750244140625
0.0008320808410644531
0.0013740062713623047
0.0006411075592041016
0.0013089179992675781
0.0008971691131591797
0.002800464630126953
0.0008645057678222656
0.0013785362243652344
0.0012149810791015625
0.0008020401000976562
0.0006785392761230469
0.0008337497711181641
0.0012791156768798828
0.0019125938415527344
0.001195669174194336
0.0009620189666748047
0.0008623600006103516
0.0007085800170898438
0.0012056827545166016
0.0006427764892578125
0.0023276805877685547
0.0018417835235595703
0.0008091926574707031
0.0007741451263427734
0.0006308555603027344
0.0006456375122070312
0.0023124217987060547
0.0007054805755615234
0.0007100105285644531
0.0009105205535888672
0.0008931159973144531
0.0008034706115722656
0.0012688636779785156
0.0017116069793701172
0.0018160343170166016
0.0007236003875732422
0.0008358955383300781
0.0008473396301269531
0.0014891624450683594
0.0025985240936279297
0.0009348392486572266
0.0008614063262939453
0.0007791519165039062
0.0008823871612548828
0.0007560253143310547
0.0008053779602050781
0.0007936954498291016
0.0007648468017578125
0.002319812774658203
0.0007190704345703125
0.0013239383697509766
0.0023038387298583984
0.0009949207305908203
0.0009486675262451172
0.0008153915405273438
0.0008234977722167969
0.0015463829040527344
0.0009529590606689453
0.0015518665313720703
0.0008573532104492188
0.000873565673828125
0.0014297962188720703
0.0009481906890869141
0.000881195068359375
0.001497507095336914
0.0007312297821044922
0.0013203620910644531
0.0015223026275634766
0.0007114410400390625
0.0008399486541748047
0.0008897781372070312
0.0013680458068847656
0.0008814334869384766
0.0011036396026611328
0.0007333755493164062
0.0007078647613525391
0.001291513442993164
0.001291513442993164
0.00128936767578125
0.0007872581481933594
0.0020172595977783203
0.0008831024169921875
0.0020024776458740234
0.0009691715240478516
0.0007479190826416016
0.0008547306060791016
0.0017457008361816406
0.0011022090911865234
0.0009856224060058594
0.0019664764404296875
0.0014183521270751953
0.0008299350738525391
0.0007870197296142578
0.0009739398956298828
0.0007905960083007812
0.001477956771850586
0.0021514892578125
0.0015516281127929688
0.001455068588256836
0.0007619857788085938
0.0007879734039306641
0.001354217529296875
0.001138925552368164
0.0006060600280761719
0.000995635986328125
0.0008001327514648438
0.0007243156433105469
0.0007548332214355469
0.0008251667022705078
0.0014429092407226562
