0.0016188621520996094
0.0009012222290039062
0.0008950233459472656
0.0016787052154541016
0.0008983612060546875
0.0012195110321044922
0.0009329319000244141
0.0012128353118896484
0.0020928382873535156
0.0009021759033203125
0.0009605884552001953
0.0019025802612304688
0.0017409324645996094
0.0009167194366455078
0.001470327377319336
0.001682281494140625
0.0008893013000488281
0.0015878677368164062
0.00141143798828125
0.0014460086822509766
0.001218557357788086
0.002789020538330078
0.0013015270233154297
0.003339529037475586
0.0008361339569091797
0.0009515285491943359
0.0011453628540039062
0.001062631607055664
0.001459360122680664
0.0009148120880126953
0.0022878646850585938
0.0011830329895019531
0.0015339851379394531
0.0008478164672851562
0.0008702278137207031
0.0014443397521972656
0.0019910335540771484
0.0010514259338378906
0.0008919239044189453
0.0008442401885986328
0.0009992122650146484
0.0011265277862548828
0.0029044151306152344
0.0014827251434326172
0.0009286403656005859
0.0014312267303466797
0.002628326416015625
0.001226186752319336
0.0009796619415283203
0.0012073516845703125
0.001361846923828125
0.00072479248046875
0.0010504722595214844
0.0008990764617919922
0.000759124755859375
0.0008940696716308594
0.0014286041259765625
0.0006945133209228516
0.0007054805755615234
0.0007932186126708984
0.0016961097717285156
0.0014901161193847656
0.0013546943664550781
0.00104522705078125
0.0017142295837402344
0.0016009807586669922
0.0013086795806884766
0.0011453628540039062
0.001199483871459961
0.0006542205810546875
0.0012257099151611328
0.0007958412170410156
0.0007882118225097656
0.0008559226989746094
0.000997781753540039
0.002485990524291992
0.0006809234619140625
0.002408266067504883
0.0013058185577392578
0.0013637542724609375
0.0010683536529541016
0.0007967948913574219
0.0006618499755859375
0.0019254684448242188
0.0007545948028564453
0.0008349418640136719
0.0006830692291259766
0.0006775856018066406
0.0008003711700439453
0.0006642341613769531
0.0006389617919921875
0.0013077259063720703
0.0014107227325439453
0.0009267330169677734
0.0008018016815185547
0.0007979869842529297
0.0012006759643554688
0.0008206367492675781
0.00148773193359375
0.0019316673278808594
0.0017251968383789062
0.0009350776672363281
0.0008997917175292969
0.0007586479187011719
0.0007867813110351562
0.0009400844573974609
0.0015406608581542969
0.0007460117340087891
0.0007650852203369141
0.0012950897216796875
0.0010609626770019531
0.001013040542602539
0.0016398429870605469
0.0013079643249511719
0.0012531280517578125
0.0018024444580078125
0.001806020736694336
0.0015156269073486328
0.0021338462829589844
0.0013244152069091797
0.0019407272338867188
0.0008072853088378906
0.0013246536254882812
0.0018935203552246094
0.0007662773132324219
0.001374959945678711
0.0013148784637451172
0.0008401870727539062
0.002167940139770508
0.0022335052490234375
0.0008065700531005859
0.0010216236114501953
0.0015137195587158203
0.0007212162017822266
0.0010547637939453125
0.0014619827270507812
0.0012502670288085938
0.0008847713470458984
0.0008847713470458984
0.0007557868957519531
0.0013818740844726562
0.001821279525756836
0.0008625984191894531
0.0013518333435058594
0.0008947849273681641
0.0007836818695068359
0.0019617080688476562
0.0015583038330078125
0.0007979869842529297
0.0008890628814697266
0.0006916522979736328
0.0006585121154785156
0.0009405612945556641
0.000911712646484375
0.001157522201538086
0.0009698867797851562
0.001561880111694336
0.0015063285827636719
0.0008351802825927734
0.0016341209411621094
0.0010266304016113281
0.0019702911376953125
0.0016694068908691406
0.0008883476257324219
0.0012061595916748047
0.0010242462158203125
0.0008351802825927734
0.0016021728515625
0.0010013580322265625
0.00118255615234375
0.0009219646453857422
0.0021164417266845703
0.00103759765625
0.0010471343994140625
0.0014615058898925781
0.0015006065368652344
0.0016438961029052734
0.0008113384246826172
0.0006871223449707031
0.0012853145599365234
0.0009729862213134766
0.0015780925750732422
0.0009019374847412109
0.0007386207580566406
0.0009467601776123047
0.0013475418090820312
