0.002461671829223633
0.0010883808135986328
0.001767873764038086
0.0012793540954589844
0.0009725093841552734
0.0008718967437744141
0.0014922618865966797
0.0007333755493164062
0.0008373260498046875
0.001985311508178711
0.0011434555053710938
0.0011034011840820312
0.0010840892791748047
0.0027840137481689453
0.0007848739624023438
0.0015568733215332031
0.0028259754180908203
0.0010380744934082031
0.0009133815765380859
0.003462553024291992
0.000701904296875
0.0013909339904785156
0.0008234977722167969
0.0008573532104492188
0.00185394287109375
0.0009059906005859375
0.001886129379272461
0.000820159912109375
0.001828908920288086
0.0008857250213623047
0.0009489059448242188
0.001737356185913086
0.0013453960418701172
0.0016179084777832031
0.0016999244689941406
0.0017631053924560547
0.0012240409851074219
0.0008447170257568359
0.0007600784301757812
0.0008845329284667969
0.0013723373413085938
0.0007131099700927734
0.0006992816925048828
0.000993967056274414
0.001514434814453125
0.0015332698822021484
0.0009634494781494141
0.0008215904235839844
0.001447916030883789
0.0025038719177246094
0.0009036064147949219
0.0013213157653808594
0.0007536411285400391
0.001462697982788086
0.0014142990112304688
0.0027778148651123047
0.0008327960968017578
0.0010042190551757812
0.0015873908996582031
0.0010216236114501953
0.001188516616821289
0.0019114017486572266
0.0015325546264648438
0.0007874965667724609
0.0006830692291259766
0.0007188320159912109
0.0008587837219238281
0.0014736652374267578
0.000774383544921875
0.0014369487762451172
0.0019147396087646484
0.0018863677978515625
0.001346588134765625
0.0015006065368652344
0.0013949871063232422
0.0007402896881103516
0.0016279220581054688
0.0016789436340332031
0.0008184909820556641
0.0009205341339111328
0.0016140937805175781
0.0009329319000244141
0.001153707504272461
0.0008051395416259766
0.0006458759307861328
0.0019009113311767578
0.0006482601165771484
0.0007233619689941406
0.0006639957427978516
0.0013079643249511719
0.0006504058837890625
0.0011949539184570312
0.0005803108215332031
0.001453399658203125
0.0007939338684082031
0.0007970333099365234
0.002558469772338867
0.0010037422180175781
0.0008242130279541016
0.0007581710815429688
0.0012996196746826172
0.0008461475372314453
0.0014488697052001953
0.0006873607635498047
0.0014925003051757812
0.0008330345153808594
0.0008435249328613281
0.00238800048828125
0.002086162567138672
0.0014715194702148438
0.0023293495178222656
0.0008256435394287109
0.0013163089752197266
0.0007579326629638672
0.0024917125701904297
0.0009009838104248047
0.001753091812133789
0.0006456375122070312
0.0014719963073730469
0.0007109642028808594
0.0014069080352783203
0.000823974609375
0.0016460418701171875
0.0008435249328613281
0.0008637905120849609
0.0008096694946289062
0.0009410381317138672
0.0008337497711181641
0.0008950233459472656
0.0008177757263183594
0.0008323192596435547
0.0016968250274658203
0.0007793903350830078
0.001558542251586914
0.0008480548858642578
0.0007784366607666016
0.0008454322814941406
0.0007412433624267578
0.00244903564453125
0.001300811767578125
0.00164031982421875
0.00081634521484375
0.0011260509490966797
0.0008637905120849609
0.0008668899536132812
0.0010862350463867188
0.0008528232574462891
0.000804901123046875
0.0017900466918945312
0.0008141994476318359
0.0006878376007080078
0.0007140636444091797
0.0018088817596435547
0.0008554458618164062
0.0009591579437255859
0.001634836196899414
0.0013165473937988281
0.0009720325469970703
0.0015797615051269531
0.0016407966613769531
0.001817464828491211
0.0014638900756835938
0.0007276535034179688
0.0007212162017822266
0.0013844966888427734
0.0008084774017333984
0.0021185874938964844
0.0007917881011962891
0.0016999244689941406
0.0012788772583007812
0.0006842613220214844
0.0019559860229492188
0.0008022785186767578
0.0008327960968017578
0.0016942024230957031
0.0007658004760742188
0.002216815948486328
0.0013332366943359375
0.0006668567657470703
0.0006997585296630859
0.0008594989776611328
0.0020751953125
0.0012769699096679688
0.0007100105285644531
0.0008616447448730469
