0.0020465850830078125
0.0031681060791015625
0.001519918441772461
0.0016186237335205078
0.0010306835174560547
0.0011715888977050781
0.0011789798736572266
0.0007598400115966797
0.0008997917175292969
0.0021240711212158203
0.0007421970367431641
0.0008673667907714844
0.001356363296508789
0.000751495361328125
0.001499176025390625
0.0006701946258544922
0.0008392333984375
0.0014352798461914062
0.0022268295288085938
0.0008902549743652344
0.0007650852203369141
0.0008330345153808594
0.0006949901580810547
0.0007090568542480469
0.0008754730224609375
0.0008931159973144531
0.001401662826538086
0.0008485317230224609
0.001636505126953125
0.0008523464202880859
0.0013103485107421875
0.0012011528015136719
0.0015666484832763672
0.0017216205596923828
0.0009407997131347656
0.0014681816101074219
0.0007157325744628906
0.002329111099243164
0.0009076595306396484
0.0008285045623779297
0.0018732547760009766
0.0017664432525634766
0.0007894039154052734
0.0015790462493896484
0.000888824462890625
0.0013849735260009766
0.0009102821350097656
0.0035419464111328125
0.0020775794982910156
0.0006780624389648438
0.0013127326965332031
0.0007925033569335938
0.0006804466247558594
0.001847982406616211
0.0006191730499267578
0.0010111331939697266
0.0013747215270996094
0.0006856918334960938
0.0009665489196777344
0.0008006095886230469
0.0008537769317626953
0.0013985633850097656
0.0029861927032470703
0.0008018016815185547
0.0009987354278564453
0.0009334087371826172
0.0008463859558105469
0.0013327598571777344
0.002277851104736328
0.0009672641754150391
0.0019893646240234375
0.0017371177673339844
0.002268075942993164
0.0014030933380126953
0.0013103485107421875
0.001894235610961914
0.0009055137634277344
0.0013070106506347656
0.0010380744934082031
0.0019135475158691406
0.0015473365783691406
0.0008029937744140625
0.0007760524749755859
0.0008466243743896484
0.0026590824127197266
0.0006153583526611328
0.0017247200012207031
0.0019314289093017578
0.0012352466583251953
0.0014255046844482422
0.0017571449279785156
0.0009834766387939453
0.0017740726470947266
0.0017287731170654297
0.0016779899597167969
0.0031642913818359375
0.0018317699432373047
0.0018439292907714844
0.0007805824279785156
0.002703428268432617
0.001104116439819336
0.0013167858123779297
0.0009224414825439453
0.001069784164428711
0.000997304916381836
0.0017242431640625
0.0006759166717529297
0.0007970333099365234
0.0009064674377441406
0.0010082721710205078
0.0012638568878173828
0.0010313987731933594
0.0014829635620117188
0.0012853145599365234
0.0018193721771240234
0.00115203857421875
0.002074003219604492
0.0010509490966796875
0.0008487701416015625
0.0008950233459472656
0.0014796257019042969
0.0007035732269287109
0.0007116794586181641
0.000888824462890625
0.0017764568328857422
0.0017158985137939453
0.0009152889251708984
0.0007696151733398438
0.0007951259613037109
0.0018317699432373047
0.0009009838104248047
0.0015881061553955078
0.0022118091583251953
0.0011289119720458984
0.0010180473327636719
0.0014562606811523438
0.00229644775390625
0.0008947849273681641
0.0008234977722167969
0.0020973682403564453
0.001950979232788086
0.0009975433349609375
0.001650094985961914
0.0008053779602050781
0.001577615737915039
0.0014939308166503906
0.0008745193481445312
0.0007548332214355469
0.0008075237274169922
0.0009274482727050781
0.0013804435729980469
0.0008060932159423828
0.0012977123260498047
0.0009179115295410156
0.0014121532440185547
0.0007240772247314453
0.0011835098266601562
0.0017609596252441406
0.0008921623229980469
0.0009415149688720703
0.00079345703125
0.0008928775787353516
0.000978231430053711
0.0008718967437744141
0.0008487701416015625
0.0008041858673095703
0.0009701251983642578
0.0007951259613037109
0.0014994144439697266
0.0014755725860595703
0.0008883476257324219
0.0007951259613037109
0.0014719963073730469
0.0012972354888916016
0.0021407604217529297
0.0012483596801757812
0.0021085739135742188
0.0013380050659179688
0.0008738040924072266
0.0007340908050537109
0.0016720294952392578
0.0019211769104003906
0.002079486846923828
0.0010347366333007812
0.0009708404541015625
0.0009484291076660156
0.000990152359008789
0.0010449886322021484
0.0013594627380371094
0.0007939338684082031
0.0009164810180664062
0.0009064674377441406
0.0019669532775878906
0.0007579326629638672
