311	id-00000	3	6	7	1	1704.0	1704.0	1704.56	1705.0	1705.0	10.107	EXPIRED
311	id-00001	3	4	2	5	1704.0	1704.0	1704.16	1704.4652	1709.0	4.396	COMPLETED
311	id-00002	7	9	7	5	1704.0	1704.0	1704.29	1704.4147	1709.0	20.415	COMPLETED
311	id-00003	6	10	4	1	1705.0	1705.0	1705.17	1706.0	1706.0	9.342	EXPIRED
311	id-00004	9	14	2	1	1706.0	1706.0	1706.08	1707.0	1707.0	8.103	EXPIRED
311	id-00005	2	4	6	1	1706.0	1706.0	1706.25	1707.0	1707.0	3.008	EXPIRED
311	id-00006	6	10	10	3	1707.0	1707.0	1707.42	1707.5202	1710.0	23.08	COMPLETED
311	id-00007	7	2	3	2	1708.0	1708.0	1708.12	1708.2555	1710.0	8.448	COMPLETED
311	id-00008	6	11	5	5	1709.0	1709.0	1709.21	1709.3704	1714.0	11.54	COMPLETED
311	id-00009	5	7	10	1	1710.0	1710.0	1710.42	1711.0	1711.0	16.593	EXPIRED
311	id-00010	6	3	7	1	1710.0	1710.0	1710.29	1711.0	1711.0	15.936	EXPIRED
311	id-00011	5	6	10	2	1711.0	1711.0	1711.42	1711.8611	1713.0	16.593	COMPLETED
311	id-00012	9	10	10	4	1711.0	1711.0	1711.42	1711.6915	1715.0	42.539	COMPLETED
311	id-00013	9	18	7	2	1712.0	1712.0	1712.29	1712.4014	1714.0	29.372	COMPLETED
311	id-00014	9	12	9	5	1713.0	1713.0	1713.38	1713.7619	1718.0	38.488	COMPLETED
311	id-00015	5	8	2	4	1713.0	1713.0	1713.08	1713.2387	1717.0	3.161	COMPLETED
311	id-00016	1	2	4	1	1717.0	1717.0	1717.16	1718.0	1718.0	0.963	EXPIRED
311	id-00017	4	6	7	2	1717.0	1717.0	1717.29	1717.4341	1719.0	6.979	COMPLETED
311	id-00018	8	15	3	5	1718.0	1718.0	1718.12	1718.6151	1723.0	9.169	COMPLETED
311	id-00019	5	5	5	2	1719.0	1719.0	1719.2	1719.6572	1721.0	6.016	COMPLETED
311	id-00020	6	2	3	4	1720.0	1720.0	1720.12	1720.5452	1724.0	6.594	COMPLETED
311	id-00021	10	2	10	4	1721.0	1721.0	1721.42	1721.7741	1725.0	49.026	COMPLETED
311	id-00022	5	2	8	1	1724.0	1724.0	1724.33	1725.0	1725.0	13.038	EXPIRED
311	id-00023	1	2	6	3	1726.0	1726.0	1726.25	1726.4321	1729.0	1.504	COMPLETED
311	id-00024	4	8	10	4	1727.0	1727.0	1727.42	1727.6198	1731.0	10.107	COMPLETED
311	id-00025	7	9	7	2	1727.0	1727.0	1727.58	1728.0484	1729.0	40.83	COMPLETED
311	id-00026	1	2	6	3	1727.0	1727.0	1727.5	1727.7483	1730.0	7.722	COMPLETED
311	id-00027	5	3	2	3	1728.0	1728.0	1728.08	1728.3968	1731.0	3.161	COMPLETED
311	id-00028	7	9	9	2	1729.0	1729.0	1729.38	1729.5323	1731.0	26.75	COMPLETED
311	id-00029	10	15	9	2	1730.0	1730.0	1730.38	1730.58	1732.0	44.357	COMPLETED
311	id-00030	6	8	7	4	1732.0	1732.0	1732.29	1732.7087	1736.0	15.936	COMPLETED
311	id-00031	3	2	2	1	1734.0	1734.0	1734.08	1735.0	1735.0	1.444	EXPIRED
311	id-00032	4	2	8	1	1735.0	1735.0	1735.32	1736.0	1736.0	7.7	EXPIRED
311	id-00033	2	2	9	1	1735.0	1735.0	1735.39	1736.0	1736.0	4.692	EXPIRED
311	id-00034	6	4	10	1	1736.0	1736.0	1736.4	1737.0	1737.0	18.21	EXPIRED
311	id-00035	3	2	1	3	1737.0	1737.0	1737.04	1737.4042	1740.0	0.722	COMPLETED
311	id-00036	3	4	4	5	1739.0	1739.0	1739.16	1739.5096	1744.0	2.888	COMPLETED
311	id-00037	1	2	5	1	1740.0	1740.0	1740.2	1741.0	1741.0	1.203	EXPIRED
311	id-00038	3	5	2	3	1741.0	1741.0	1741.08	1741.4868	1744.0	1.444	COMPLETED
311	id-00039	2	2	10	4	1741.0	1741.0	1741.43	1741.7383	1745.0	5.174	COMPLETED
311	id-00040	8	14	10	1	1741.0	1741.0	1741.8	1742.0	1742.0	61.13	EXPIRED
311	id-00041	1	2	4	4	1741.0	1741.0	1741.32	1741.5529	1745.0	4.942	COMPLETED
311	id-00042	6	3	5	1	1744.0	1744.0	1744.2	1745.0	1745.0	9.105	EXPIRED
311	id-00043	1	2	10	4	1746.0	1746.0	1746.42	1746.7233	1750.0	2.527	COMPLETED
311	id-00044	2	2	4	5	1747.0	1747.0	1747.17	1747.3966	1752.0	2.045	COMPLETED
311	id-00045	1	2	1	2	1747.0	1747.0	1747.08	1747.284	1749.0	0.481	COMPLETED
311	id-00046	6	7	7	1	1747.0	1747.0	1747.58	1748.0	1748.0	37.34	EXPIRED
311	id-00047	10	19	8	2	1749.0	1749.0	1749.33	1749.6259	1751.0	38.52	COMPLETED
311	id-00048	10	4	5	2	1750.0	1750.0	1750.22	1750.4485	1752.0	27.754	COMPLETED
311	id-00049	7	11	9	3	1750.0	1750.0	1750.39	1750.8726	1753.0	31.131	COMPLETED
311	id-00050	4	4	7	3	1751.0	1751.0	1751.29	1751.4975	1754.0	6.979	COMPLETED
311	id-00051	8	11	1	4	1752.0	1752.0	1752.04	1752.1646	1756.0	3.434	COMPLETED
311	id-00052	3	6	4	3	1752.0	1752.0	1752.17	1752.5687	1755.0	3.068	COMPLETED
311	id-00053	4	3	9	4	1752.0	1752.0	1752.39	1752.724	1756.0	13.062	COMPLETED
311	id-00054	9	2	4	1	1753.0	1753.0	1753.17	1754.0	1754.0	17.218	EXPIRED
311	id-00055	4	8	10	1	1753.0	1753.0	1753.87	1754.0	1754.0	29.138	EXPIRED
311	id-00056	1	2	3	5	1753.0	1753.0	1753.26	1753.6617	1758.0	4.015	COMPLETED
311	id-00057	3	3	5	2	1755.0	1755.0	1755.21	1755.6386	1757.0	3.79	COMPLETED
311	id-00058	4	6	1	5	1757.0	1757.0	1757.08	1757.3386	1762.0	1.925	COMPLETED
311	id-00059	9	8	10	1	1757.0	1757.0	1757.83	1758.0	1758.0	115.367	EXPIRED
311	id-00060	7	8	7	5	1758.0	1758.0	1758.29	1758.6778	1763.0	20.415	COMPLETED
311	id-00061	5	5	10	3	1759.0	1759.0	1759.42	1759.7936	1762.0	16.593	COMPLETED
311	id-00062	8	6	5	4	1760.0	1760.0	1760.21	1760.3507	1764.0	18.026	COMPLETED
311	id-00063	1	2	2	4	1761.0	1761.0	1761.08	1761.4873	1765.0	0.481	COMPLETED
311	id-00064	1	2	8	3	1763.0	1763.0	1763.67	1764.0922	1766.0	4.031	COMPLETED
311	id-00065	5	10	7	5	1763.0	1763.0	1763.58	1763.8981	1768.0	28.383	COMPLETED
311	id-00066	7	12	1	5	1765.0	1765.0	1765.04	1765.1878	1770.0	3.193	COMPLETED
311	id-00067	5	5	10	3	1766.0	1766.0	1766.87	1767.3339	1769.0	42.574	COMPLETED
311	id-00068	1	2	6	4	1766.0	1766.0	1766.52	1766.7595	1770.0	8.031	COMPLETED
311	id-00069	2	2	4	4	1768.0	1768.0	1768.17	1768.4291	1772.0	2.045	COMPLETED
311	id-00070	8	8	3	1	1768.0	1768.0	1768.13	1769.0	1769.0	12.385	EXPIRED
311	id-00071	3	2	10	3	1770.0	1770.0	1770.42	1770.7827	1773.0	7.58	COMPLETED
311	id-00072	9	16	10	5	1770.0	1770.0	1770.43	1770.698	1775.0	47.606	COMPLETED
311	id-00073	9	14	1	5	1771.0	1771.0	1771.04	1771.5341	1776.0	4.051	COMPLETED
311	id-00074	2	2	5	5	1772.0	1772.0	1772.21	1772.4283	1777.0	2.527	COMPLETED
311	id-00075	8	15	5	4	1774.0	1774.0	1774.22	1774.45	1778.0	20.959	COMPLETED
311	id-00076	2	2	3	2	1774.0	1774.0	1774.12	1774.4679	1776.0	1.444	COMPLETED
311	id-00077	4	6	10	2	1775.0	1775.0	1775.8	1776.1215	1777.0	19.251	COMPLETED
311	id-00078	1	2	7	4	1775.0	1775.0	1775.56	1775.6769	1779.0	3.369	COMPLETED
311	id-00079	8	2	7	4	1776.0	1776.0	1776.28	1776.5952	1780.0	21.395	COMPLETED
311	id-00080	2	4	8	2	1776.0	1776.0	1776.32	1776.7456	1778.0	3.85	COMPLETED
311	id-00081	4	8	9	3	1776.0	1776.0	1776.38	1776.8012	1779.0	9.144	COMPLETED
311	id-00082	8	5	8	5	1779.0	1779.0	1779.32	1779.7432	1784.0	24.452	COMPLETED
311	id-00083	9	13	2	3	1780.0	1780.0	1780.08	1780.3931	1783.0	6.594	COMPLETED
311	id-00084	6	11	2	2	1781.0	1781.0	1781.08	1781.3748	1783.0	2.888	COMPLETED
311	id-00085	4	3	6	4	1781.0	1781.0	1781.25	1781.5383	1785.0	6.016	COMPLETED
311	id-00086	8	2	4	5	1782.0	1782.0	1782.15	1782.6227	1787.0	10.048	COMPLETED
311	id-00087	5	4	10	3	1783.0	1783.0	1783.42	1783.5727	1786.0	16.593	COMPLETED
311	id-00088	2	4	1	1	1783.0	1783.0	1783.04	1784.0	1784.0	0.481	EXPIRED
311	id-00089	7	13	5	5	1784.0	1784.0	1784.19	1784.5733	1789.0	9.793	COMPLETED
311	id-00090	7	4	8	1	1785.0	1785.0	1785.32	1786.0	1786.0	19.51	EXPIRED
311	id-00091	5	2	1	5	1786.0	1786.0	1786.04	1786.5071	1791.0	1.203	COMPLETED
311	id-00092	5	2	3	5	1786.0	1786.0	1786.12	1786.3603	1791.0	4.741	COMPLETED
311	id-00093	2	3	2	5	1786.0	1786.0	1786.08	1786.3836	1791.0	0.963	COMPLETED
311	id-00094	6	9	9	2	1789.0	1789.0	1789.36	1789.6606	1791.0	16.389	COMPLETED
311	id-00095	6	10	9	5	1789.0	1789.0	1789.38	1789.7199	1794.0	20.882	COMPLETED
311	id-00096	9	4	2	3	1790.0	1790.0	1790.08	1790.4268	1793.0	6.594	COMPLETED
311	id-00097	8	8	5	3	1793.0	1793.0	1793.2	1793.3325	1796.0	15.282	COMPLETED
311	id-00098	4	6	3	3	1793.0	1793.0	1793.23	1793.4848	1796.0	5.535	COMPLETED
311	id-00099	3	5	10	1	1793.0	1793.0	1793.77	1794.0	1794.0	21.157	EXPIRED
311	id-00100	3	3	1	5	1794.0	1794.0	1794.04	1794.2156	1799.0	0.722	COMPLETED
311	id-00101	9	4	8	3	1795.0	1795.0	1795.3	1795.7212	1798.0	21.9	COMPLETED
311	id-00102	1	2	10	4	1796.0	1796.0	1796.37	1796.8343	1800.0	2.226	COMPLETED
311	id-00103	9	11	10	4	1797.0	1797.0	1797.37	1797.4778	1801.0	27.01	COMPLETED
311	id-00104	3	2	5	5	1798.0	1798.0	1798.19	1798.4054	1803.0	3.429	COMPLETED
311	id-00105	2	2	5	1	1799.0	1799.0	1799.19	1800.0	1800.0	2.286	EXPIRED
311	id-00106	5	10	10	2	1801.0	1801.0	1801.37	1801.6546	1803.0	11.13	COMPLETED
311	id-00107	6	7	10	5	1801.0	1801.0	1801.38	1801.6792	1806.0	13.716	COMPLETED
311	id-00108	10	16	5	3	1803.0	1803.0	1803.19	1803.6722	1806.0	18.596	COMPLETED
311	id-00109	2	3	10	1	1804.0	1804.0	1804.74	1805.0	1805.0	8.904	EXPIRED
311	id-00110	6	7	1	3	1804.0	1804.0	1804.07	1804.4726	1807.0	3.187	COMPLETED
311	id-00111	4	3	6	1	1807.0	1807.0	1807.22	1808.0	1808.0	5.294	EXPIRED
311	id-00112	10	12	8	1	1809.0	1809.0	1809.32	1810.0	1810.0	34.336	EXPIRED
311	id-00113	4	7	8	1	1809.0	1809.0	1809.33	1810.0	1810.0	7.941	EXPIRED
311	id-00114	5	7	5	2	1811.0	1811.0	1811.16	1811.2761	1813.0	4.813	COMPLETED
311	id-00115	4	7	1	4	1812.0	1812.0	1812.03	1812.3124	1816.0	0.722	COMPLETED
311	id-00116	10	7	8	3	1815.0	1815.0	1815.62	1816.0391	1818.0	60.681	COMPLETED
311	id-00117	7	6	4	5	1815.0	1815.0	1815.31	1815.47	1820.0	33.513	COMPLETED
311	id-00118	9	5	10	3	1816.0	1816.0	1816.77	1817.2009	1819.0	63.47	COMPLETED
311	id-00119	4	6	3	5	1816.0	1816.0	1816.23	1816.6215	1821.0	14.208	COMPLETED
311	id-00120	7	11	4	2	1816.0	1816.0	1816.28	1816.6229	1818.0	11.791	COMPLETED
311	id-00121	2	3	3	3	1816.0	1816.0	1816.21	1816.6337	1819.0	2.527	COMPLETED
311	id-00122	4	7	8	5	1817.0	1817.0	1817.62	1817.8624	1822.0	14.92	COMPLETED
311	id-00123	5	4	9	3	1817.0	1817.0	1817.69	1818.0405	1820.0	40.271	COMPLETED
311	id-00124	2	4	5	3	1817.0	1817.0	1817.34	1817.6236	1820.0	4.091	COMPLETED
311	id-00125	7	9	7	2	1817.0	1817.0	1817.48	1817.8149	1819.0	20.214	COMPLETED
311	id-00126	2	3	2	5	1818.0	1818.0	1818.08	1818.363	1823.0	0.963	COMPLETED
311	id-00127	1	2	8	2	1818.0	1818.0	1818.55	1818.8692	1820.0	3.309	COMPLETED
311	id-00128	2	3	1	4	1818.0	1818.0	1818.07	1818.2987	1822.0	0.842	COMPLETED
311	id-00129	2	3	1	5	1819.0	1819.0	1819.07	1819.2873	1824.0	0.842	COMPLETED
311	id-00130	4	7	2	3	1819.0	1819.0	1819.14	1819.3644	1822.0	3.369	COMPLETED
311	id-00131	7	6	10	5	1820.0	1820.0	1820.34	1820.5531	1825.0	14.318	COMPLETED
311	id-00132	9	9	7	2	1821.0	1821.0	1821.24	1821.5663	1823.0	12.995	COMPLETED
311	id-00133	8	5	10	3	1821.0	1821.0	1821.37	1821.8221	1824.0	21.296	COMPLETED
311	id-00134	9	6	8	5	1822.0	1822.0	1822.28	1822.4927	1827.0	15.16	COMPLETED
311	id-00135	7	11	8	2	1824.0	1824.0	1824.28	1824.7003	1826.0	11.791	COMPLETED
311	id-00136	5	10	1	4	1824.0	1824.0	1824.04	1824.2631	1828.0	1.203	COMPLETED
311	id-00137	2	4	10	5	1824.0	1824.0	1824.38	1824.7787	1829.0	4.572	COMPLETED
311	id-00138	10	3	9	1	1826.0	1826.0	1826.35	1827.0	1827.0	34.255	EXPIRED
311	id-00139	5	7	1	5	1827.0	1827.0	1827.08	1827.5235	1832.0	2.406	COMPLETED
311	id-00140	10	3	9	1	1827.0	1827.0	1827.35	1828.0	1828.0	34.255	EXPIRED
311	id-00141	8	3	1	1	1827.0	1827.0	1827.04	1828.0	1828.0	2.679	EXPIRED
311	id-00142	4	8	9	2	1827.0	1827.0	1827.35	1827.7627	1829.0	8.422	COMPLETED
311	id-00143	9	5	6	1	1827.0	1827.0	1827.46	1828.0	1828.0	59.601	EXPIRED
311	id-00144	1	2	7	5	1828.0	1828.0	1828.27	1828.4095	1833.0	1.624	COMPLETED
311	id-00145	10	8	3	4	1830.0	1830.0	1830.22	1830.447	1834.0	19.458	COMPLETED
311	id-00146	10	3	8	5	1830.0	1830.0	1830.31	1830.6987	1835.0	30.34	COMPLETED
311	id-00147	5	3	4	1	1830.0	1830.0	1830.3	1831.0	1831.0	23.166	EXPIRED
311	id-00148	10	10	5	4	1834.0	1834.0	1834.19	1834.35	1838.0	16.804	COMPLETED
311	id-00149	7	11	10	5	1836.0	1836.0	1836.37	1836.6186	1841.0	15.581	COMPLETED
311	id-00150	4	7	4	3	1837.0	1837.0	1837.15	1837.558	1840.0	3.61	COMPLETED
311	id-00151	4	6	1	1	1838.0	1838.0	1838.04	1839.0	1839.0	0.963	EXPIRED
311	id-00152	6	10	7	4	1839.0	1839.0	1839.27	1839.5971	1843.0	9.746	COMPLETED
311	id-00153	8	9	4	1	1839.0	1839.0	1839.15	1840.0	1840.0	8.633	EXPIRED
311	id-00154	2	3	2	1	1840.0	1840.0	1840.07	1841.0	1841.0	0.842	EXPIRED
311	id-00155	6	2	5	3	1840.0	1840.0	1840.38	1840.5592	1843.0	13.716	COMPLETED
311	id-00156	10	11	7	2	1840.0	1840.0	1840.54	1840.6446	1842.0	83.398	COMPLETED
311	id-00157	2	4	1	4	1841.0	1841.0	1841.11	1841.5691	1845.0	1.324	COMPLETED
311	id-00158	2	3	9	2	1841.0	1841.0	1842.0	1842.4134	1843.0	12.032	COMPLETED
311	id-00159	8	7	4	3	1841.0	1841.0	1841.44	1841.6632	1844.0	41.918	COMPLETED
311	id-00160	1	2	7	4	1843.0	1843.0	1843.26	1843.5454	1847.0	1.564	COMPLETED
311	id-00161	4	6	8	2	1844.0	1844.0	1844.3	1844.7637	1846.0	7.219	COMPLETED
311	id-00162	1	2	9	3	1845.0	1845.0	1845.33	1845.8	1848.0	1.985	COMPLETED
311	id-00163	9	13	4	2	1846.0	1846.0	1846.15	1846.5001	1848.0	10.95	COMPLETED
311	id-00164	6	4	5	3	1846.0	1846.0	1846.2	1846.6728	1849.0	9.105	COMPLETED
311	id-00165	8	16	5	5	1847.0	1847.0	1847.19	1847.4711	1852.0	10.936	COMPLETED
311	id-00166	8	6	2	5	1850.0	1850.0	1850.16	1850.6329	1855.0	12.226	COMPLETED
311	id-00167	7	11	10	3	1850.0	1850.0	1850.42	1850.8222	1853.0	29.566	COMPLETED
311	id-00168	6	10	10	1	1850.0	1850.0	1850.8	1851.0	1851.0	74.131	EXPIRED
311	id-00169	1	2	2	1	1850.0	1850.0	1850.08	1851.0	1851.0	0.481	EXPIRED
311	id-00170	9	4	2	5	1853.0	1853.0	1853.16	1853.4835	1858.0	14.697	COMPLETED
311	id-00171	6	2	1	4	1853.0	1853.0	1853.04	1853.2483	1857.0	1.821	COMPLETED
311	id-00172	4	5	9	4	1853.0	1853.0	1853.72	1854.1429	1857.0	44.479	COMPLETED
311	id-00173	8	2	4	2	1855.0	1855.0	1855.16	1855.4769	1857.0	12.226	COMPLETED
311	id-00174	3	2	8	5	1857.0	1857.0	1857.32	1857.5587	1862.0	5.775	COMPLETED
311	id-00175	3	6	10	3	1858.0	1858.0	1858.4	1858.8678	1861.0	7.219	COMPLETED
311	id-00176	5	9	6	1	1859.0	1859.0	1859.24	1860.0	1860.0	7.219	EXPIRED
311	id-00177	7	12	3	3	1860.0	1860.0	1860.35	1860.6738	1863.0	18.039	COMPLETED
311	id-00178	4	6	1	4	1860.0	1860.0	1860.12	1860.357	1864.0	7.413	COMPLETED
311	id-00179	1	2	9	1	1860.0	1860.0	1861.04	1861.0	1861.0	16.062	EXPIRED
311	id-00180	7	10	10	4	1860.0	1860.0	1860.4	1860.6781	1864.0	24.387	COMPLETED
311	id-00181	5	9	4	3	1862.0	1862.0	1862.15	1862.4861	1865.0	4.512	COMPLETED
311	id-00182	10	14	4	4	1863.0	1863.0	1863.15	1863.516	1867.0	14.681	COMPLETED
311	id-00183	10	13	9	3	1863.0	1863.0	1863.36	1863.8599	1866.0	38.628	COMPLETED
311	id-00184	7	13	1	4	1865.0	1865.0	1865.04	1865.493	1869.0	2.439	COMPLETED
311	id-00185	10	11	10	3	1867.0	1867.0	1867.4	1867.6345	1870.0	42.92	COMPLETED
311	id-00186	1	2	5	2	1868.0	1868.0	1868.2	1868.3504	1870.0	1.203	COMPLETED
311	id-00187	6	5	7	2	1868.0	1868.0	1868.28	1868.4636	1870.0	12.747	COMPLETED
311	id-00188	3	6	4	4	1869.0	1869.0	1869.16	1869.4472	1873.0	2.888	COMPLETED
311	id-00189	4	5	2	4	1869.0	1869.0	1869.08	1869.2983	1873.0	1.925	COMPLETED
311	id-00190	4	7	5	5	1870.0	1870.0	1870.38	1870.7429	1875.0	9.144	COMPLETED
311	id-00191	2	2	8	3	1870.0	1870.0	1870.62	1871.0111	1873.0	7.46	COMPLETED
311	id-00192	3	3	1	4	1870.0	1870.0	1870.08	1870.2183	1874.0	1.444	COMPLETED
311	id-00193	6	5	8	3	1870.0	1870.0	1870.62	1871.1061	1873.0	45.761	COMPLETED
311	id-00194	1	2	7	2	1873.0	1873.0	1873.81	1874.2072	1875.0	4.873	COMPLETED
311	id-00195	2	4	4	3	1873.0	1873.0	1873.46	1873.73	1876.0	5.535	COMPLETED
311	id-00196	4	5	1	4	1873.0	1873.0	1873.12	1873.2587	1877.0	4.019	COMPLETED
311	id-00197	7	8	10	3	1874.0	1874.0	1874.38	1874.6761	1877.0	19.585	COMPLETED
311	id-00198	6	10	4	2	1880.0	1880.0	1880.15	1880.2727	1882.0	5.414	COMPLETED
311	id-00199	7	6	5	2	1881.0	1881.0	1881.19	1881.6708	1883.0	8.001	COMPLETED
311	id-00200	5	9	9	5	1883.0	1883.0	1883.33	1883.6687	1888.0	9.926	COMPLETED
311	id-00201	1	2	3	2	1885.0	1885.0	1885.12	1885.561	1887.0	0.722	COMPLETED
311	id-00202	10	5	2	3	1885.0	1885.0	1885.08	1885.2217	1888.0	8.584	COMPLETED
311	id-00203	2	3	2	3	1887.0	1887.0	1887.08	1887.5716	1890.0	0.963	COMPLETED
311	id-00204	7	10	2	2	1888.0	1888.0	1888.08	1888.3665	1890.0	4.123	COMPLETED
311	id-00205	1	2	4	4	1889.0	1889.0	1889.15	1889.5258	1893.0	0.902	COMPLETED
311	id-00206	2	3	8	2	1890.0	1890.0	1890.31	1890.4729	1892.0	3.73	COMPLETED
311	id-00207	8	7	2	3	1891.0	1891.0	1891.08	1891.567	1894.0	5.359	COMPLETED
311	id-00208	3	3	10	4	1894.0	1894.0	1894.38	1894.5486	1898.0	6.858	COMPLETED
311	id-00209	3	4	2	4	1895.0	1895.0	1895.08	1895.5091	1899.0	1.444	COMPLETED
311	id-00210	3	2	7	2	1896.0	1896.0	1896.27	1896.4487	1898.0	4.873	COMPLETED
311	id-00211	6	3	6	3	1897.0	1897.0	1897.24	1897.7062	1900.0	10.926	COMPLETED
311	id-00212	3	2	4	3	1897.0	1897.0	1897.31	1897.6643	1900.0	5.595	COMPLETED
311	id-00213	10	7	5	1	1897.0	1897.0	1897.38	1898.0	1898.0	47.939	EXPIRED
311	id-00214	3	4	8	2	1898.0	1898.0	1898.31	1898.5457	1900.0	5.595	COMPLETED
311	id-00215	7	5	4	5	1899.0	1899.0	1899.31	1899.4453	1904.0	15.977	COMPLETED
311	id-00216	10	8	6	1	1899.0	1899.0	1899.46	1900.0	1900.0	71.042	EXPIRED
311	id-00217	6	12	4	5	1901.0	1901.0	1901.15	1901.3996	1906.0	5.414	COMPLETED
311	id-00218	10	9	6	3	1901.0	1901.0	1901.23	1901.3659	1904.0	22.511	COMPLETED
311	id-00219	6	7	9	5	1901.0	1901.0	1901.38	1901.74	1906.0	20.882	COMPLETED
311	id-00220	3	5	9	4	1904.0	1904.0	1904.35	1904.5344	1908.0	6.317	COMPLETED
311	id-00221	7	12	8	1	1906.0	1906.0	1906.3	1907.0	1907.0	12.634	EXPIRED
311	id-00222	6	5	8	5	1907.0	1907.0	1907.59	1907.692	1912.0	21.297	COMPLETED
311	id-00223	4	3	9	2	1907.0	1907.0	1907.67	1907.7943	1909.0	35.073	COMPLETED
311	id-00224	8	4	9	2	1909.0	1909.0	1909.33	1909.5499	1911.0	18.993	COMPLETED
311	id-00225	1	2	10	4	1912.0	1912.0	1912.4	1912.8478	1916.0	2.406	COMPLETED
311	id-00226	8	12	8	2	1912.0	1912.0	1912.32	1912.7845	1914.0	24.452	COMPLETED
311	id-00227	7	6	4	3	1914.0	1914.0	1914.16	1914.4545	1917.0	9.755	COMPLETED
311	id-00228	9	13	3	2	1915.0	1915.0	1915.12	1915.4763	1917.0	9.891	COMPLETED
311	id-00229	6	6	4	2	1915.0	1915.0	1915.15	1915.435	1917.0	5.414	COMPLETED
311	id-00230	8	8	6	3	1916.0	1916.0	1916.23	1916.5753	1919.0	15.406	COMPLETED
311	id-00231	1	2	1	3	1918.0	1918.0	1918.04	1918.1504	1921.0	0.241	COMPLETED
311	id-00232	4	3	4	3	1919.0	1919.0	1919.15	1919.5445	1922.0	3.61	COMPLETED
311	id-00233	3	3	6	1	1919.0	1919.0	1919.46	1920.0	1920.0	8.302	EXPIRED
311	id-00234	5	4	1	2	1919.0	1919.0	1919.08	1919.3478	1921.0	3.915	COMPLETED
311	id-00235	1	2	5	4	1921.0	1921.0	1921.19	1921.6693	1925.0	1.143	COMPLETED
311	id-00236	2	4	1	1	1923.0	1923.0	1923.04	1924.0	1924.0	0.481	EXPIRED
311	id-00237	7	2	6	5	1925.0	1925.0	1925.25	1925.7425	1930.0	17.599	COMPLETED
311	id-00238	4	3	3	1	1925.0	1925.0	1925.12	1926.0	1926.0	2.888	EXPIRED
311	id-00239	10	14	1	1	1927.0	1927.0	1927.04	1928.0	1928.0	3.915	EXPIRED
311	id-00240	7	5	7	3	1928.0	1928.0	1928.27	1928.7172	1931.0	13.916	COMPLETED
311	id-00241	1	2	10	3	1928.0	1928.0	1928.42	1928.6181	1931.0	2.527	COMPLETED
311	id-00242	6	12	9	4	1931.0	1931.0	1931.32	1931.8192	1935.0	11.551	COMPLETED
311	id-00243	8	12	10	4	1931.0	1931.0	1931.42	1931.9182	1935.0	36.053	COMPLETED
311	id-00244	7	10	3	4	1931.0	1931.0	1931.11	1931.4378	1935.0	4.632	COMPLETED
311	id-00245	1	2	10	2	1932.0	1932.0	1932.36	1932.4747	1934.0	2.166	COMPLETED
311	id-00246	7	4	8	4	1934.0	1934.0	1934.29	1934.7287	1938.0	12.212	COMPLETED
311	id-00247	4	5	4	5	1936.0	1936.0	1936.14	1936.2597	1941.0	3.369	COMPLETED
311	id-00248	4	2	6	2	1937.0	1937.0	1937.41	1937.7681	1939.0	9.866	COMPLETED
311	id-00249	3	2	3	3	1937.0	1937.0	1937.21	1937.6481	1940.0	3.79	COMPLETED
311	id-00250	2	4	8	1	1939.0	1939.0	1939.28	1940.0	1940.0	3.369	EXPIRED
311	id-00251	3	3	9	1	1939.0	1939.0	1939.33	1940.0	1940.0	5.956	EXPIRED
311	id-00252	4	8	2	5	1940.0	1940.0	1940.07	1940.4233	1945.0	1.684	COMPLETED
311	id-00253	5	9	7	3	1941.0	1941.0	1941.24	1941.5596	1944.0	7.219	COMPLETED
311	id-00254	10	3	5	5	1942.0	1942.0	1942.17	1942.5045	1947.0	11.83	COMPLETED
311	id-00255	3	4	6	5	1942.0	1942.0	1942.23	1942.6036	1947.0	4.151	COMPLETED
311	id-00256	7	5	8	4	1943.0	1943.0	1943.31	1943.7931	1947.0	15.977	COMPLETED
311	id-00257	9	18	7	2	1943.0	1943.0	1943.24	1943.6389	1945.0	12.995	COMPLETED
311	id-00258	10	10	9	3	1943.0	1943.0	1943.36	1943.6543	1946.0	38.628	COMPLETED
311	id-00259	4	7	1	3	1944.0	1944.0	1944.07	1944.5425	1947.0	1.684	COMPLETED
311	id-00260	1	2	9	1	1944.0	1944.0	1944.62	1945.0	1945.0	3.73	EXPIRED
311	id-00261	3	5	4	5	1944.0	1944.0	1944.15	1944.2657	1949.0	2.707	COMPLETED
311	id-00262	10	2	1	5	1946.0	1946.0	1946.03	1946.3905	1951.0	1.805	COMPLETED
311	id-00263	7	11	4	3	1948.0	1948.0	1948.12	1948.5544	1951.0	5.053	COMPLETED
311	id-00264	9	4	8	1	1950.0	1950.0	1950.32	1951.0	1951.0	29.394	EXPIRED
311	id-00265	7	5	1	4	1950.0	1950.0	1950.07	1950.2718	1954.0	2.948	COMPLETED
311	id-00266	6	4	7	1	1950.0	1950.0	1950.47	1951.0	1951.0	30.259	EXPIRED
311	id-00267	2	3	8	2	1952.0	1952.0	1952.27	1952.4905	1954.0	3.249	COMPLETED
311	id-00268	9	3	10	2	1953.0	1953.0	1953.67	1954.139	1955.0	36.276	COMPLETED
311	id-00269	3	6	10	3	1953.0	1953.0	1953.4	1953.7314	1956.0	7.219	COMPLETED
311	id-00270	8	4	7	5	1953.0	1953.0	1953.47	1953.6826	1958.0	53.638	COMPLETED
311	id-00271	10	19	1	2	1955.0	1955.0	1955.04	1955.4031	1957.0	3.538	COMPLETED
311	id-00272	7	8	9	2	1956.0	1956.0	1956.33	1956.7412	1958.0	13.897	COMPLETED
311	id-00273	1	2	8	4	1957.0	1957.0	1957.3	1957.5571	1961.0	1.805	COMPLETED
311	id-00274	9	18	3	3	1959.0	1959.0	1959.11	1959.4565	1962.0	8.03	COMPLETED
311	id-00275	3	3	8	4	1959.0	1959.0	1959.3	1959.6341	1963.0	5.414	COMPLETED
311	id-00276	3	2	4	4	1961.0	1961.0	1961.15	1961.3887	1965.0	2.707	COMPLETED
311	id-00277	7	12	8	5	1964.0	1964.0	1964.3	1964.7813	1969.0	12.634	COMPLETED
311	id-00278	2	4	7	2	1966.0	1966.0	1966.52	1966.6952	1968.0	6.257	COMPLETED
311	id-00279	10	3	3	3	1966.0	1966.0	1966.22	1966.4915	1969.0	23.606	COMPLETED
311	id-00280	4	3	3	4	1966.0	1966.0	1966.12	1966.3899	1970.0	2.888	COMPLETED
311	id-00281	7	10	1	2	1968.0	1968.0	1968.04	1968.2116	1970.0	1.684	COMPLETED
311	id-00282	9	14	2	3	1968.0	1968.0	1968.08	1968.3063	1971.0	6.594	COMPLETED
311	id-00283	10	7	5	3	1969.0	1969.0	1969.19	1969.3245	1972.0	16.804	COMPLETED
311	id-00284	8	11	3	5	1970.0	1970.0	1970.11	1970.334	1975.0	6.331	COMPLETED
311	id-00285	3	6	1	2	1972.0	1972.0	1972.04	1972.4125	1974.0	0.722	COMPLETED
311	id-00286	8	9	7	2	1973.0	1973.0	1973.26	1973.6199	1975.0	14.965	COMPLETED
311	id-00287	4	7	10	1	1974.0	1974.0	1974.37	1975.0	1975.0	8.904	EXPIRED
311	id-00288	3	3	10	5	1974.0	1974.0	1974.4	1974.8011	1979.0	7.219	COMPLETED
311	id-00289	6	3	8	4	1976.0	1976.0	1976.64	1976.9766	1980.0	29.135	COMPLETED
311	id-00290	10	17	10	3	1976.0	1976.0	1976.4	1976.8714	1979.0	42.92	COMPLETED
311	id-00291	8	6	9	2	1976.0	1976.0	1976.72	1977.1742	1978.0	88.957	COMPLETED
311	id-00292	1	2	5	3	1978.0	1978.0	1978.2	1978.5538	1981.0	1.203	COMPLETED
311	id-00293	1	2	6	5	1978.0	1978.0	1978.24	1978.5287	1983.0	1.444	COMPLETED
311	id-00294	2	2	4	4	1980.0	1980.0	1980.3	1980.7333	1984.0	3.61	COMPLETED
311	id-00295	8	8	7	3	1980.0	1980.0	1980.52	1980.9307	1983.0	39.734	COMPLETED
311	id-00296	8	13	1	3	1981.0	1981.0	1981.04	1981.2148	1984.0	2.302	COMPLETED
311	id-00297	6	2	3	1	1984.0	1984.0	1984.11	1985.0	1985.0	3.971	EXPIRED
311	id-00298	2	3	1	4	1986.0	1986.0	1986.08	1986.3676	1990.0	0.963	COMPLETED
311	id-00299	5	7	3	3	1986.0	1986.0	1986.23	1986.682	1989.0	9.087	COMPLETED
311	id-00300	2	2	6	3	1987.0	1987.0	1987.46	1987.8763	1990.0	5.535	COMPLETED
311	id-00301	8	6	5	4	1987.0	1987.0	1987.38	1987.8526	1991.0	32.619	COMPLETED
311	id-00302	5	8	4	3	1988.0	1988.0	1988.15	1988.2898	1991.0	4.512	COMPLETED
311	id-00303	2	3	4	4	1991.0	1991.0	1991.15	1991.3231	1995.0	1.805	COMPLETED
311	id-00304	10	9	8	5	1992.0	1992.0	1992.3	1992.5585	1997.0	26.533	COMPLETED
311	id-00305	7	10	10	2	1993.0	1993.0	1993.74	1994.2312	1995.0	31.163	COMPLETED
311	id-00306	6	11	5	3	1993.0	1993.0	1993.37	1993.8423	1996.0	34.286	COMPLETED
311	id-00307	6	11	9	5	1995.0	1995.0	1995.31	1995.4396	2000.0	11.19	COMPLETED
311	id-00308	6	2	2	3	1997.0	1997.0	1997.07	1997.2068	2000.0	2.527	COMPLETED
311	id-00309	9	10	4	2	1998.0	1998.0	1998.14	1998.5404	2000.0	7.58	COMPLETED
311	id-00310	2	2	7	4	1998.0	1998.0	1998.28	1998.7664	2002.0	3.369	COMPLETED
