0.0025224685668945312
0.0009245872497558594
0.001390695571899414
0.0007038116455078125
0.0007500648498535156
0.001018524169921875
0.0008864402770996094
0.0013201236724853516
0.0007295608520507812
0.0007781982421875
0.0015583038330078125
0.0007510185241699219
0.00093841552734375
0.0008835792541503906
0.0007655620574951172
0.0009257793426513672
0.0009443759918212891
0.002248525619506836
0.0009064674377441406
0.0008130073547363281
0.0009796619415283203
0.0009663105010986328
0.0015609264373779297
0.0007741451263427734
0.0009570121765136719
0.0007765293121337891
0.0008978843688964844
0.0006897449493408203
0.0024261474609375
0.0008993148803710938
0.0008819103240966797
0.001875162124633789
0.0008001327514648438
0.0008275508880615234
0.0013053417205810547
0.0014567375183105469
0.0016319751739501953
0.0008630752563476562
0.0015003681182861328
0.000743865966796875
0.0009503364562988281
0.0008835792541503906
0.0008022785186767578
0.0008554458618164062
0.0008366107940673828
0.0018575191497802734
0.0012645721435546875
0.0009999275207519531
0.000911712646484375
0.000827789306640625
0.0011680126190185547
0.001542806625366211
0.0019617080688476562
0.0009586811065673828
0.0007607936859130859
0.0013272762298583984
0.0014407634735107422
0.0017380714416503906
0.0007379055023193359
0.0006887912750244141
0.0012447834014892578
0.0014338493347167969
0.0007443428039550781
0.0013718605041503906
0.0007848739624023438
0.0007805824279785156
0.0007193088531494141
0.0006477832794189453
0.0006747245788574219
0.0006601810455322266
0.0008900165557861328
0.0007948875427246094
0.0010635852813720703
0.0013225078582763672
0.001287221908569336
0.0008244514465332031
0.0006544589996337891
0.0008268356323242188
0.0017588138580322266
0.0022933483123779297
0.00173187255859375
0.0011293888092041016
0.0008523464202880859
0.001317739486694336
0.0006856918334960938
0.0018801689147949219
0.0008380413055419922
0.00657343864440918
0.0009856224060058594
0.0019474029541015625
0.0007767677307128906
0.0009844303131103516
0.0006632804870605469
0.0009038448333740234
0.0011131763458251953
0.0023009777069091797
0.001600503921508789
0.0007297992706298828
0.0008537769317626953
0.0008780956268310547
0.0018236637115478516
0.0009293556213378906
0.001966238021850586
0.002948284149169922
0.001493215560913086
0.001069784164428711
0.0019683837890625
0.0009617805480957031
0.0013301372528076172
0.0010492801666259766
0.002087831497192383
0.0007555484771728516
0.0008261203765869141
0.0012531280517578125
0.0009198188781738281
0.002318143844604492
0.0015385150909423828
0.0007054805755615234
0.0010840892791748047
0.0015740394592285156
0.0014767646789550781
0.0017971992492675781
0.0011601448059082031
0.0009953975677490234
0.0009799003601074219
0.0020923614501953125
0.0011730194091796875
0.0010988712310791016
0.0008907318115234375
0.0009911060333251953
0.0010030269622802734
0.0010752677917480469
0.0017368793487548828
0.0013842582702636719
0.0009810924530029297
0.0009481906890869141
0.0008494853973388672
0.00109100341796875
0.0014607906341552734
0.0007505416870117188
0.0013148784637451172
0.0010936260223388672
0.0009229183197021484
0.0020439624786376953
0.0009329319000244141
0.0008432865142822266
0.0017976760864257812
0.0008561611175537109
0.0008258819580078125
0.0014717578887939453
0.0006384849548339844
0.0008757114410400391
0.0011737346649169922
0.0015363693237304688
0.0016987323760986328
0.0008549690246582031
0.0009415149688720703
0.0009489059448242188
0.0017938613891601562
0.0023488998413085938
0.0009779930114746094
0.0008993148803710938
0.001865386962890625
0.0008747577667236328
0.0032579898834228516
0.0008349418640136719
0.0008406639099121094
0.0009512901306152344
0.0016126632690429688
0.000997781753540039
0.0010204315185546875
0.0018286705017089844
0.0009291172027587891
0.0008156299591064453
0.0008482933044433594
0.0008757114410400391
0.0007596015930175781
0.0013937950134277344
0.0019986629486083984
0.0007851123809814453
0.0008442401885986328
0.0006973743438720703
0.0008175373077392578
0.0008785724639892578
0.001195669174194336
0.0006709098815917969
0.0007631778717041016
0.0006968975067138672
0.0014243125915527344
0.0007688999176025391
0.0008151531219482422
0.0014269351959228516
