0.002770662307739258
0.0008368492126464844
0.0008375644683837891
0.004462242126464844
0.00070953369140625
0.0009098052978515625
0.0015685558319091797
0.0008602142333984375
0.001125335693359375
0.0016293525695800781
0.0009591579437255859
0.0007877349853515625
0.0007989406585693359
0.001463174819946289
0.0010457038879394531
0.0008957386016845703
0.0008780956268310547
0.0009484291076660156
0.001497507095336914
0.0007140636444091797
0.0023975372314453125
0.001369476318359375
0.0009479522705078125
0.0010516643524169922
0.002910137176513672
0.0023174285888671875
0.0009765625
0.000759124755859375
0.000682830810546875
0.0006780624389648438
0.0008001327514648438
0.00089263916015625
0.0010190010070800781
0.001096963882446289
0.0010848045349121094
0.0021979808807373047
0.0016236305236816406
0.0008561611175537109
0.00283050537109375
0.001531839370727539
0.0013365745544433594
0.0009109973907470703
0.002519845962524414
0.0007920265197753906
0.0010006427764892578
0.0016543865203857422
0.0015554428100585938
0.0007381439208984375
0.001886606216430664
0.0008013248443603516
0.0017957687377929688
0.0015366077423095703
0.0008223056793212891
0.00109100341796875
0.0007340908050537109
0.0007953643798828125
0.0007941722869873047
0.0008285045623779297
0.0008869171142578125
0.000850677490234375
0.0007369518280029297
0.0008118152618408203
0.002401590347290039
0.0011963844299316406
0.0013785362243652344
0.0011928081512451172
0.0008091926574707031
0.0006608963012695312
0.0006783008575439453
0.0012123584747314453
0.0006432533264160156
0.001664876937866211
0.0022733211517333984
0.00174713134765625
0.0008015632629394531
0.0009140968322753906
0.0025599002838134766
0.0017688274383544922
0.0006315708160400391
0.0016453266143798828
0.0026900768280029297
0.0019936561584472656
0.0018317699432373047
0.003041505813598633
0.0018134117126464844
0.000982046127319336
0.0015413761138916016
0.001577138900756836
0.0007102489471435547
0.001928091049194336
0.0015003681182861328
0.000682830810546875
0.0006666183471679688
0.0006489753723144531
0.0006492137908935547
0.00140380859375
0.0008256435394287109
0.0012464523315429688
0.0014166831970214844
0.0008723735809326172
0.0013651847839355469
0.000823974609375
0.000904083251953125
0.0007653236389160156
0.0007395744323730469
0.001199483871459961
0.0007236003875732422
0.00086212158203125
0.0013852119445800781
0.0007171630859375
0.0006587505340576172
0.0008919239044189453
0.0008571147918701172
0.0015707015991210938
0.0008502006530761719
0.0008804798126220703
0.0014564990997314453
0.0010347366333007812
0.0008254051208496094
0.0008132457733154297
0.002084016799926758
0.0020928382873535156
0.0007219314575195312
0.0008869171142578125
0.0007319450378417969
0.001230478286743164
0.001764535903930664
0.0009028911590576172
0.0008089542388916016
0.0008819103240966797
0.0021986961364746094
0.0011069774627685547
0.0011324882507324219
0.0009756088256835938
0.0009019374847412109
0.0019426345825195312
0.0008263587951660156
0.001956462860107422
0.0009016990661621094
0.0009593963623046875
0.0010287761688232422
0.002576589584350586
0.0007960796356201172
0.0021941661834716797
0.0011103153228759766
0.0013053417205810547
0.0009152889251708984
0.0007328987121582031
0.0014908313751220703
0.0021283626556396484
0.0031325817108154297
0.001986265182495117
0.0007100105285644531
0.0008139610290527344
0.001260519027709961
0.0012514591217041016
0.000682830810546875
0.0017561912536621094
0.0007884502410888672
0.0011379718780517578
0.0008192062377929688
0.0009572505950927734
0.0009276866912841797
0.0008711814880371094
0.001653432846069336
0.0022323131561279297
0.000965118408203125
0.0008442401885986328
0.0008559226989746094
0.000934600830078125
0.0009799003601074219
0.002146482467651367
0.0007615089416503906
0.0014824867248535156
0.0010275840759277344
0.0008223056793212891
0.0008563995361328125
0.0008084774017333984
0.0008754730224609375
0.000873565673828125
0.0008022785186767578
0.000728607177734375
0.0013146400451660156
0.0019011497497558594
0.00170135498046875
0.0008714199066162109
0.0008041858673095703
0.0019767284393310547
0.001390695571899414
0.003134489059448242
0.0008237361907958984
0.0007238388061523438
0.001119375228881836
0.0009679794311523438
0.0009701251983642578
0.0009436607360839844
0.0018820762634277344
