0.0017557144165039062
0.0011730194091796875
0.0008444786071777344
0.0015680789947509766
0.0010428428649902344
0.0009446144104003906
0.0009233951568603516
0.000904083251953125
0.0013833045959472656
0.0009469985961914062
0.001111745834350586
0.0015206336975097656
0.0019032955169677734
0.0008797645568847656
0.0017695426940917969
0.0009591579437255859
0.001447439193725586
0.0015938282012939453
0.001992940902709961
0.0014281272888183594
0.0009386539459228516
0.0029582977294921875
0.0016045570373535156
0.0024373531341552734
0.0007905960083007812
0.000942230224609375
0.0014448165893554688
0.0009362697601318359
0.0016274452209472656
0.0016579627990722656
0.002077341079711914
0.0008535385131835938
0.002026081085205078
0.0007815361022949219
0.0007407665252685547
0.002602815628051758
0.0026907920837402344
0.0015647411346435547
0.001596212387084961
0.0011477470397949219
0.0008294582366943359
0.0007722377777099609
0.002475738525390625
0.001474618911743164
0.000774383544921875
0.0013802051544189453
0.004023313522338867
0.0008151531219482422
0.0007655620574951172
0.0007395744323730469
0.0014095306396484375
0.0009517669677734375
0.0015215873718261719
0.0008492469787597656
0.0009627342224121094
0.0013191699981689453
0.0008203983306884766
0.0006954669952392578
0.0006663799285888672
0.0006401538848876953
0.0016522407531738281
0.0017902851104736328
0.0013883113861083984
0.0008268356323242188
0.0007164478302001953
0.0011985301971435547
0.0013172626495361328
0.0012252330780029297
0.0006606578826904297
0.0006470680236816406
0.0013282299041748047
0.0008518695831298828
0.0008237361907958984
0.0007977485656738281
0.0008447170257568359
0.0020513534545898438
0.0011909008026123047
0.0008680820465087891
0.0007073879241943359
0.001359701156616211
0.0008041858673095703
0.0013892650604248047
0.0009038448333740234
0.0008873939514160156
0.0007102489471435547
0.0007956027984619141
0.0015485286712646484
0.0008885860443115234
0.0012357234954833984
0.0011425018310546875
0.0012123584747314453
0.0008177757263183594
0.0007855892181396484
0.0015976428985595703
0.0007796287536621094
0.0008819103240966797
0.0009818077087402344
0.0008664131164550781
0.0018017292022705078
0.0012714862823486328
0.0006527900695800781
0.0010943412780761719
0.00083160400390625
0.0006580352783203125
0.0007004737854003906
0.0008902549743652344
0.0014462471008300781
0.0006749629974365234
0.0007092952728271484
0.001355886459350586
0.001188039779663086
0.0009400844573974609
0.0014834403991699219
0.0007269382476806641
0.0013248920440673828
0.0013163089752197266
0.0020062923431396484
0.0012960433959960938
0.0019221305847167969
0.0012440681457519531
0.002093076705932617
0.0007848739624023438
0.0013446807861328125
0.0014295578002929688
0.0007708072662353516
0.0013642311096191406
0.0011491775512695312
0.0007107257843017578
0.0019261837005615234
0.0029573440551757812
0.0008230209350585938
0.0010890960693359375
0.0019538402557373047
0.0009505748748779297
0.0017139911651611328
0.0014243125915527344
0.001645803451538086
0.0007967948913574219
0.0011601448059082031
0.0007843971252441406
0.0014071464538574219
0.0018868446350097656
0.0008692741394042969
0.001356363296508789
0.0009202957153320312
0.0007569789886474609
0.0021409988403320312
0.0019948482513427734
0.0009057521820068359
0.000858306884765625
0.0008738040924072266
0.001968860626220703
0.001439809799194336
0.0009150505065917969
0.0012431144714355469
0.002027750015258789
0.0015804767608642578
0.0008680820465087891
0.0008237361907958984
0.0016489028930664062
0.0009458065032958984
0.001499176025390625
0.0015499591827392578
0.0007662773132324219
0.001409769058227539
0.0007622241973876953
0.0008234977722167969
0.0014951229095458984
0.001024484634399414
0.0010128021240234375
0.0010864734649658203
0.0007224082946777344
0.0008120536804199219
0.0007383823394775391
0.0016014575958251953
0.001369476318359375
0.0018680095672607422
0.0007784366607666016
0.0006933212280273438
0.001312255859375
0.0007560253143310547
0.00185394287109375
0.0007543563842773438
0.0007908344268798828
0.0007112026214599609
0.001323699951171875
