0.001786947250366211
0.0008213520050048828
0.00070953369140625
0.0014178752899169922
0.0011470317840576172
0.0009632110595703125
0.0009772777557373047
0.0008800029754638672
0.0021915435791015625
0.0008814334869384766
0.0007176399230957031
0.0007450580596923828
0.0014257431030273438
0.0008387565612792969
0.0021462440490722656
0.0009672641754150391
0.0016984939575195312
0.0015416145324707031
0.0014150142669677734
0.0017006397247314453
0.0014195442199707031
0.002722024917602539
0.001974344253540039
0.0025670528411865234
0.0008273124694824219
0.0009112358093261719
0.0015277862548828125
0.0008747577667236328
0.001661539077758789
0.0018689632415771484
0.002274751663208008
0.0010066032409667969
0.0022878646850585938
0.0009398460388183594
0.0008814334869384766
0.0008208751678466797
0.0015163421630859375
0.0016124248504638672
0.0009129047393798828
0.0008747577667236328
0.0009150505065917969
0.0007524490356445312
0.0022249221801757812
0.0014348030090332031
0.0008089542388916016
0.0013513565063476562
0.0024633407592773438
0.0011444091796875
0.0009262561798095703
0.0007596015930175781
0.0015659332275390625
0.0007886886596679688
0.0015716552734375
0.0008847713470458984
0.0007946491241455078
0.0014865398406982422
0.0008165836334228516
0.0006470680236816406
0.0006747245788574219
0.0007882118225097656
0.0012164115905761719
0.001455545425415039
0.002152681350708008
0.0008356571197509766
0.001239776611328125
0.001203298568725586
0.0014007091522216797
0.0007774829864501953
0.0007119178771972656
0.0006954669952392578
0.001241445541381836
0.0007905960083007812
0.0008676052093505859
0.0012695789337158203
0.0008909702301025391
0.001991748809814453
0.0006651878356933594
0.001468658447265625
0.0008425712585449219
0.0014023780822753906
0.0009279251098632812
0.0013659000396728516
0.0005986690521240234
0.000682830810546875
0.0007977485656738281
0.0008072853088378906
0.0007214546203613281
0.0006577968597412109
0.0010688304901123047
0.0006945133209228516
0.0006830692291259766
0.0013086795806884766
0.0008034706115722656
0.0014433860778808594
0.0007653236389160156
0.0007221698760986328
0.0009205341339111328
0.0007672309875488281
0.0018801689147949219
0.0012693405151367188
0.0006709098815917969
0.0011072158813476562
0.0008575916290283203
0.0007574558258056641
0.0009546279907226562
0.00095367431640625
0.0017049312591552734
0.0009922981262207031
0.0008380413055419922
0.0014696121215820312
0.0009236335754394531
0.0009281635284423828
0.0014309883117675781
0.0006957054138183594
0.0015604496002197266
0.0014376640319824219
0.002867460250854492
0.0012857913970947266
0.0015587806701660156
0.0007367134094238281
0.0014243125915527344
0.0006551742553710938
0.0006895065307617188
0.0013232231140136719
0.0008680820465087891
0.0008168220520019531
0.0012888908386230469
0.0009200572967529297
0.0028886795043945312
0.0031118392944335938
0.0007138252258300781
0.0007567405700683594
0.001560211181640625
0.0007536411285400391
0.0008447170257568359
0.0021016597747802734
0.0012841224670410156
0.00070953369140625
0.0009543895721435547
0.0007839202880859375
0.001493692398071289
0.0021066665649414062
0.0009434223175048828
0.0013861656188964844
0.0009579658508300781
0.0007381439208984375
0.0020301342010498047
0.0014972686767578125
0.0009131431579589844
0.0009419918060302734
0.0007371902465820312
0.0007963180541992188
0.001500844955444336
0.0009143352508544922
0.000988006591796875
0.0023419857025146484
0.0017025470733642578
0.0016982555389404297
0.0008261203765869141
0.0009150505065917969
0.0008738040924072266
0.0014629364013671875
0.0008544921875
0.0007953643798828125
0.001486063003540039
0.0009355545043945312
0.0008821487426757812
0.0015377998352050781
0.0007524490356445312
0.0007836818695068359
0.0009398460388183594
0.00136566162109375
0.0010483264923095703
0.000957489013671875
0.0016524791717529297
0.0017247200012207031
0.0017735958099365234
0.0009918212890625
0.0008356571197509766
0.0011143684387207031
0.0008122920989990234
0.0019674301147460938
0.0006990432739257812
0.000827789306640625
0.0011096000671386719
0.001316070556640625
