303	id-00000	6	3	10	4	1700.0	1700.0	1700.42	1700.548	1704.0	23.08	COMPLETED
303	id-00001	9	11	9	4	1700.0	1700.0	1700.36	1700.5415	1704.0	33.068	COMPLETED
303	id-00002	3	2	1	5	1702.0	1702.0	1702.04	1702.4774	1707.0	0.722	COMPLETED
303	id-00003	1	2	3	7	1703.0	1703.0	1703.24	1703.6726	1710.0	1.444	COMPLETED
303	id-00004	6	6	6	2	1703.0	1703.0	1703.48	1703.8602	1705.0	26.377	COMPLETED
303	id-00005	5	2	6	5	1703.0	1703.0	1703.25	1703.4544	1708.0	9.877	COMPLETED
303	id-00006	8	8	8	5	1705.0	1705.0	1705.33	1705.461	1710.0	28.327	COMPLETED
303	id-00007	2	3	9	4	1706.0	1706.0	1706.38	1706.6628	1710.0	4.572	COMPLETED
303	id-00008	5	8	2	6	1709.0	1709.0	1709.08	1709.4567	1715.0	3.161	COMPLETED
303	id-00009	3	4	5	1	1711.0	1711.0	1711.42	1712.0	1712.0	7.58	EXPIRED
303	id-00010	8	15	2	7	1711.0	1711.0	1711.17	1711.6078	1718.0	19.401	COMPLETED
303	id-00011	3	3	6	7	1712.0	1712.0	1712.25	1712.5285	1719.0	4.512	COMPLETED
303	id-00012	10	20	4	4	1714.0	1714.0	1714.17	1714.6086	1718.0	19.844	COMPLETED
303	id-00013	3	4	8	4	1715.0	1715.0	1715.64	1715.7641	1719.0	11.551	COMPLETED
303	id-00014	2	3	2	5	1715.0	1715.0	1715.16	1715.5923	1720.0	1.925	COMPLETED
303	id-00015	4	7	8	4	1717.0	1717.0	1717.32	1717.7972	1721.0	7.7	COMPLETED
303	id-00016	9	6	6	7	1719.0	1719.0	1719.24	1719.4967	1726.0	22.045	COMPLETED
303	id-00017	4	5	3	3	1720.0	1720.0	1720.25	1720.5773	1723.0	6.016	COMPLETED
303	id-00018	1	2	10	1	1720.0	1720.0	1720.83	1721.0	1721.0	12.819	EXPIRED
303	id-00019	4	8	1	2	1722.0	1722.0	1722.04	1722.5025	1724.0	0.963	COMPLETED
303	id-00020	10	14	6	7	1722.0	1722.0	1722.52	1722.8119	1729.0	65.601	COMPLETED
303	id-00021	6	11	7	2	1722.0	1722.0	1722.61	1723.0136	1724.0	56.525	COMPLETED
303	id-00022	6	9	5	6	1724.0	1724.0	1724.21	1724.4008	1730.0	11.54	COMPLETED
303	id-00023	3	5	2	4	1725.0	1725.0	1725.08	1725.5001	1729.0	1.444	COMPLETED
303	id-00024	1	2	7	2	1726.0	1726.0	1726.58	1726.8795	1728.0	3.489	COMPLETED
303	id-00025	6	11	1	7	1726.0	1726.0	1726.08	1726.3463	1733.0	5.15	COMPLETED
303	id-00026	2	3	8	6	1726.0	1726.0	1726.33	1726.6087	1732.0	3.971	COMPLETED
303	id-00027	4	5	2	1	1728.0	1728.0	1728.08	1729.0	1729.0	1.925	EXPIRED
303	id-00028	10	19	1	3	1728.0	1728.0	1728.04	1728.5331	1731.0	4.669	COMPLETED
303	id-00029	8	12	3	1	1729.0	1729.0	1729.12	1730.0	1730.0	10.301	EXPIRED
303	id-00030	7	3	5	6	1732.0	1732.0	1732.21	1732.6077	1738.0	14.783	COMPLETED
303	id-00031	10	19	6	7	1732.0	1732.0	1732.26	1732.4459	1739.0	32.801	COMPLETED
303	id-00032	6	11	5	5	1732.0	1732.0	1732.21	1732.6896	1737.0	11.54	COMPLETED
303	id-00033	3	2	1	6	1733.0	1733.0	1733.04	1733.3506	1739.0	0.722	COMPLETED
303	id-00034	6	6	1	5	1735.0	1735.0	1735.08	1735.5331	1740.0	3.642	COMPLETED
303	id-00035	2	4	3	3	1735.0	1735.0	1735.24	1735.5338	1738.0	7.413	COMPLETED
303	id-00036	8	7	1	2	1736.0	1736.0	1736.04	1736.5069	1738.0	3.056	COMPLETED
303	id-00037	2	2	1	7	1739.0	1739.0	1739.04	1739.4664	1746.0	0.481	COMPLETED
303	id-00038	5	8	1	1	1740.0	1740.0	1740.04	1741.0	1741.0	1.203	EXPIRED
303	id-00039	7	7	6	2	1740.0	1740.0	1740.24	1740.4703	1742.0	14.632	COMPLETED
303	id-00040	2	3	8	4	1740.0	1740.0	1740.35	1740.6102	1744.0	4.211	COMPLETED
303	id-00041	5	7	2	7	1741.0	1741.0	1741.08	1741.3716	1748.0	2.406	COMPLETED
303	id-00042	3	6	2	7	1743.0	1743.0	1743.16	1743.6286	1750.0	2.888	COMPLETED
303	id-00043	6	4	3	1	1743.0	1743.0	1743.24	1744.0	1744.0	17.714	EXPIRED
303	id-00044	5	8	1	2	1747.0	1747.0	1747.04	1747.4221	1749.0	1.58	COMPLETED
303	id-00045	8	16	7	1	1748.0	1748.0	1748.3	1749.0	1749.0	28.58	EXPIRED
303	id-00046	8	8	4	1	1748.0	1748.0	1748.17	1749.0	1749.0	14.593	EXPIRED
303	id-00047	7	13	2	4	1750.0	1750.0	1750.08	1750.391	1754.0	5.632	COMPLETED
303	id-00048	6	11	4	1	1753.0	1753.0	1753.17	1754.0	1754.0	9.342	EXPIRED
303	id-00049	10	6	5	3	1754.0	1754.0	1754.22	1754.5309	1757.0	27.754	COMPLETED
303	id-00050	10	11	5	4	1754.0	1754.0	1754.22	1754.5186	1758.0	27.754	COMPLETED
303	id-00051	6	3	6	2	1755.0	1755.0	1755.25	1755.424	1757.0	13.738	COMPLETED
303	id-00052	7	11	10	5	1755.0	1755.0	1755.42	1755.6152	1760.0	29.566	COMPLETED
303	id-00053	2	4	4	1	1757.0	1757.0	1757.17	1758.0	1758.0	2.045	EXPIRED
303	id-00054	8	14	4	3	1757.0	1757.0	1757.17	1757.4108	1760.0	14.593	COMPLETED
303	id-00055	2	2	8	5	1759.0	1759.0	1759.33	1759.6576	1764.0	3.971	COMPLETED
303	id-00056	9	6	6	2	1759.0	1759.0	1759.25	1759.3692	1761.0	25.321	COMPLETED
303	id-00057	6	4	10	6	1760.0	1760.0	1760.42	1760.6263	1766.0	23.08	COMPLETED
303	id-00058	7	6	8	3	1760.0	1760.0	1760.33	1760.7498	1763.0	23.231	COMPLETED
303	id-00059	10	18	3	2	1763.0	1763.0	1763.12	1763.4234	1765.0	14.007	COMPLETED
303	id-00060	4	8	1	5	1764.0	1764.0	1764.04	1764.2982	1769.0	0.963	COMPLETED
303	id-00061	3	6	7	4	1765.0	1765.0	1765.3	1765.7331	1769.0	5.414	COMPLETED
303	id-00062	5	10	1	7	1767.0	1767.0	1767.04	1767.3145	1774.0	1.957	COMPLETED
303	id-00063	1	2	3	7	1768.0	1768.0	1768.26	1768.3629	1775.0	1.564	COMPLETED
303	id-00064	4	7	10	4	1768.0	1768.0	1768.87	1769.0554	1772.0	37.34	COMPLETED
303	id-00065	3	4	8	3	1769.0	1769.0	1769.35	1769.8212	1772.0	6.317	COMPLETED
303	id-00066	4	6	8	4	1770.0	1770.0	1770.33	1770.6162	1774.0	7.941	COMPLETED
303	id-00067	6	12	2	1	1773.0	1773.0	1773.08	1774.0	1774.0	4.396	EXPIRED
303	id-00068	4	3	1	4	1774.0	1774.0	1774.04	1774.1904	1778.0	0.963	COMPLETED
303	id-00069	7	5	2	7	1774.0	1774.0	1774.09	1774.4542	1781.0	7.184	COMPLETED
303	id-00070	6	12	6	4	1775.0	1775.0	1775.24	1775.3898	1779.0	10.926	COMPLETED
303	id-00071	6	3	10	6	1777.0	1777.0	1777.4	1777.6858	1783.0	18.21	COMPLETED
303	id-00072	9	14	6	5	1778.0	1778.0	1778.24	1778.3997	1783.0	22.045	COMPLETED
303	id-00073	8	5	9	3	1779.0	1779.0	1779.36	1779.8381	1782.0	27.508	COMPLETED
303	id-00074	8	12	9	3	1780.0	1780.0	1780.35	1780.7765	1783.0	23.444	COMPLETED
303	id-00075	9	16	5	6	1780.0	1780.0	1780.42	1780.8572	1786.0	42.539	COMPLETED
303	id-00076	4	8	6	5	1780.0	1780.0	1780.5	1780.6527	1785.0	30.888	COMPLETED
303	id-00077	9	9	5	1	1782.0	1782.0	1782.19	1783.0	1783.0	15.661	EXPIRED
303	id-00078	4	5	2	6	1783.0	1783.0	1783.08	1783.4297	1789.0	1.925	COMPLETED
303	id-00079	10	7	4	2	1783.0	1783.0	1783.17	1783.4976	1785.0	19.844	COMPLETED
303	id-00080	5	5	5	3	1783.0	1783.0	1783.22	1783.7024	1786.0	10.766	COMPLETED
303	id-00081	9	9	4	7	1785.0	1785.0	1785.16	1785.2971	1792.0	14.697	COMPLETED
303	id-00082	8	14	7	6	1787.0	1787.0	1787.29	1787.544	1793.0	24.894	COMPLETED
303	id-00083	8	8	5	4	1787.0	1787.0	1787.2	1787.3429	1791.0	15.282	COMPLETED
303	id-00084	8	10	4	7	1788.0	1788.0	1788.17	1788.4685	1795.0	14.593	COMPLETED
303	id-00085	7	12	1	1	1788.0	1788.0	1788.04	1789.0	1789.0	2.439	EXPIRED
303	id-00086	7	14	2	3	1792.0	1792.0	1792.08	1792.3568	1795.0	4.877	COMPLETED
303	id-00087	7	11	5	7	1792.0	1792.0	1792.2	1792.3543	1799.0	12.194	COMPLETED
303	id-00088	8	5	1	2	1792.0	1792.0	1792.04	1792.2782	1794.0	2.679	COMPLETED
303	id-00089	2	3	9	3	1794.0	1794.0	1794.35	1794.8361	1797.0	4.211	COMPLETED
303	id-00090	4	8	4	2	1795.0	1795.0	1795.15	1795.4685	1797.0	3.61	COMPLETED
303	id-00091	2	3	6	4	1795.0	1795.0	1795.24	1795.6056	1799.0	2.888	COMPLETED
303	id-00092	2	2	9	4	1796.0	1796.0	1796.36	1796.5224	1800.0	4.332	COMPLETED
303	id-00093	1	2	2	3	1796.0	1796.0	1796.07	1796.499	1799.0	0.421	COMPLETED
303	id-00094	5	2	10	3	1798.0	1798.0	1798.37	1798.8421	1801.0	11.13	COMPLETED
303	id-00095	9	9	6	4	1799.0	1799.0	1799.22	1799.3668	1803.0	16.06	COMPLETED
303	id-00096	7	7	4	3	1802.0	1802.0	1802.15	1802.2873	1805.0	6.317	COMPLETED
303	id-00097	9	17	4	5	1802.0	1802.0	1802.15	1802.3116	1807.0	12.364	COMPLETED
303	id-00098	1	2	6	6	1803.0	1803.0	1803.23	1803.6269	1809.0	1.384	COMPLETED
303	id-00099	1	2	2	1	1803.0	1803.0	1803.07	1804.0	1804.0	0.421	EXPIRED
303	id-00100	5	4	6	6	1805.0	1805.0	1805.22	1805.6892	1811.0	6.618	COMPLETED
303	id-00101	2	4	7	1	1806.0	1806.0	1806.26	1807.0	1807.0	3.128	EXPIRED
303	id-00102	6	3	8	4	1807.0	1807.0	1807.3	1807.4115	1811.0	10.829	COMPLETED
303	id-00103	7	6	3	2	1808.0	1808.0	1808.11	1808.4313	1810.0	4.632	COMPLETED
303	id-00104	9	14	6	7	1808.0	1808.0	1808.24	1808.4462	1815.0	22.045	COMPLETED
303	id-00105	10	12	7	5	1813.0	1813.0	1813.27	1813.3798	1818.0	26.425	COMPLETED
303	id-00106	3	3	5	5	1813.0	1813.0	1813.16	1813.4782	1818.0	2.888	COMPLETED
303	id-00107	2	4	10	7	1814.0	1814.0	1814.32	1814.4727	1821.0	3.85	COMPLETED
303	id-00108	8	14	6	6	1822.0	1822.0	1822.21	1822.6282	1828.0	10.107	COMPLETED
303	id-00109	5	2	8	7	1824.0	1824.0	1824.59	1824.692	1831.0	17.747	COMPLETED
303	id-00110	3	6	9	6	1824.0	1824.0	1824.67	1824.8036	1830.0	18.409	COMPLETED
303	id-00111	4	5	5	5	1824.0	1824.0	1824.17	1824.6506	1829.0	4.091	COMPLETED
303	id-00112	2	4	3	4	1827.0	1827.0	1827.12	1827.2589	1831.0	1.444	COMPLETED
303	id-00113	8	8	9	1	1827.0	1827.0	1827.69	1828.0	1828.0	46.219	EXPIRED
303	id-00114	4	5	6	5	1827.0	1827.0	1827.46	1827.6888	1832.0	28.417	COMPLETED
303	id-00115	5	3	3	4	1828.0	1828.0	1828.12	1828.357	1832.0	3.61	COMPLETED
303	id-00116	5	10	2	7	1828.0	1828.0	1828.08	1828.4799	1835.0	2.406	COMPLETED
303	id-00117	10	11	5	2	1829.0	1829.0	1829.38	1829.7199	1831.0	37.191	COMPLETED
303	id-00118	1	2	2	6	1829.0	1829.0	1829.15	1829.6385	1835.0	2.317	COMPLETED
303	id-00119	7	13	3	7	1829.0	1829.0	1829.12	1829.3108	1836.0	6.185	COMPLETED
303	id-00120	5	6	3	4	1830.0	1830.0	1830.11	1830.4021	1834.0	3.309	COMPLETED
303	id-00121	2	2	10	4	1830.0	1830.0	1830.38	1830.5307	1834.0	4.572	COMPLETED
303	id-00122	8	8	9	7	1831.0	1831.0	1831.33	1831.7508	1838.0	18.993	COMPLETED
303	id-00123	10	12	10	1	1832.0	1832.0	1832.74	1833.0	1833.0	65.449	EXPIRED
303	id-00124	4	7	2	2	1832.0	1832.0	1832.15	1832.3092	1834.0	9.266	COMPLETED
303	id-00125	8	9	9	5	1833.0	1833.0	1833.35	1833.7467	1838.0	23.444	COMPLETED
303	id-00126	2	4	1	5	1833.0	1833.0	1833.07	1833.5192	1838.0	0.842	COMPLETED
303	id-00127	7	8	3	4	1833.0	1833.0	1833.22	1833.602	1837.0	13.413	COMPLETED
303	id-00128	9	9	7	3	1835.0	1835.0	1835.26	1835.6002	1838.0	18.98	COMPLETED
303	id-00129	3	6	9	4	1836.0	1836.0	1836.33	1836.7823	1840.0	5.956	COMPLETED
303	id-00130	7	6	10	4	1837.0	1837.0	1837.74	1837.8985	1841.0	31.163	COMPLETED
303	id-00131	3	5	8	6	1837.0	1837.0	1837.59	1837.7916	1843.0	27.336	COMPLETED
303	id-00132	6	4	7	4	1838.0	1838.0	1838.26	1838.3686	1842.0	9.385	COMPLETED
303	id-00133	7	5	9	3	1839.0	1839.0	1839.33	1839.5612	1842.0	13.897	COMPLETED
303	id-00134	1	2	2	6	1841.0	1841.0	1841.07	1841.4485	1847.0	0.421	COMPLETED
303	id-00135	7	3	2	3	1842.0	1842.0	1842.07	1842.1819	1845.0	2.948	COMPLETED
303	id-00136	8	16	8	7	1845.0	1845.0	1845.33	1845.7939	1852.0	28.327	COMPLETED
303	id-00137	10	12	1	4	1845.0	1845.0	1845.04	1845.1564	1849.0	3.538	COMPLETED
303	id-00138	1	2	1	4	1845.0	1845.0	1845.08	1845.2246	1849.0	0.481	COMPLETED
303	id-00139	6	6	7	2	1845.0	1845.0	1845.56	1845.9756	1847.0	30.773	COMPLETED
303	id-00140	4	6	5	7	1845.0	1845.0	1845.2	1845.3205	1852.0	4.813	COMPLETED
303	id-00141	3	6	9	7	1846.0	1846.0	1846.33	1846.7079	1853.0	5.956	COMPLETED
303	id-00142	6	5	9	5	1848.0	1848.0	1848.33	1848.8022	1853.0	11.912	COMPLETED
303	id-00143	9	14	4	4	1849.0	1849.0	1849.15	1849.3946	1853.0	10.95	COMPLETED
303	id-00144	1	2	10	5	1850.0	1850.0	1850.4	1850.8938	1855.0	2.406	COMPLETED
303	id-00145	3	4	10	3	1850.0	1850.0	1850.4	1850.8013	1853.0	7.219	COMPLETED
303	id-00146	7	3	1	6	1851.0	1851.0	1851.04	1851.1891	1857.0	2.439	COMPLETED
303	id-00147	7	10	4	2	1852.0	1852.0	1852.16	1852.5898	1854.0	9.755	COMPLETED
303	id-00148	7	13	1	6	1852.0	1852.0	1852.08	1852.2481	1858.0	4.877	COMPLETED
303	id-00149	3	6	10	4	1852.0	1852.0	1852.8	1853.2001	1856.0	37.066	COMPLETED
303	id-00150	5	8	8	2	1853.0	1853.0	1853.32	1853.6783	1855.0	9.626	COMPLETED
303	id-00151	6	8	10	3	1855.0	1855.0	1855.4	1855.7749	1858.0	18.21	COMPLETED
303	id-00152	9	17	7	3	1856.0	1856.0	1856.28	1856.6771	1859.0	25.72	COMPLETED
303	id-00153	10	6	5	7	1858.0	1858.0	1858.2	1858.6254	1865.0	21.46	COMPLETED
303	id-00154	5	10	6	4	1861.0	1861.0	1861.48	1861.6039	1865.0	14.438	COMPLETED
303	id-00155	9	17	2	1	1861.0	1861.0	1861.08	1862.0	1862.0	6.594	EXPIRED
303	id-00156	10	3	8	3	1861.0	1861.0	1861.64	1862.0197	1864.0	98.842	COMPLETED
303	id-00157	1	2	8	6	1861.0	1861.0	1861.33	1861.5066	1867.0	1.985	COMPLETED
303	id-00158	9	13	8	5	1862.0	1862.0	1862.31	1862.7386	1867.0	25.553	COMPLETED
303	id-00159	10	4	8	1	1863.0	1863.0	1863.31	1864.0	1864.0	30.34	EXPIRED
303	id-00160	10	7	4	4	1865.0	1865.0	1865.16	1865.4762	1869.0	17.168	COMPLETED
303	id-00161	4	8	2	7	1866.0	1866.0	1866.16	1866.2879	1873.0	3.85	COMPLETED
303	id-00162	1	2	10	6	1866.0	1866.0	1866.8	1866.9991	1872.0	4.813	COMPLETED
303	id-00163	8	16	8	4	1868.0	1868.0	1868.32	1868.7407	1872.0	24.452	COMPLETED
303	id-00164	6	8	3	7	1871.0	1871.0	1871.23	1871.6096	1878.0	8.302	COMPLETED
303	id-00165	5	6	5	3	1871.0	1871.0	1871.38	1871.6362	1874.0	29.344	COMPLETED
303	id-00166	9	2	5	3	1872.0	1872.0	1872.19	1872.3602	1875.0	15.661	COMPLETED
303	id-00167	8	6	8	4	1874.0	1874.0	1874.31	1874.6089	1878.0	20.765	COMPLETED
303	id-00168	9	15	7	7	1874.0	1874.0	1874.27	1874.4327	1881.0	22.256	COMPLETED
303	id-00169	3	5	4	4	1875.0	1875.0	1875.15	1875.2548	1879.0	2.707	COMPLETED
303	id-00170	4	5	6	1	1876.0	1876.0	1876.22	1877.0	1877.0	5.294	EXPIRED
303	id-00171	8	13	9	2	1878.0	1878.0	1878.33	1878.6851	1880.0	18.993	COMPLETED
303	id-00172	9	11	2	5	1878.0	1878.0	1878.15	1878.3399	1883.0	12.364	COMPLETED
303	id-00173	7	3	9	2	1878.0	1878.0	1878.69	1879.0044	1880.0	74.595	COMPLETED
303	id-00174	4	6	8	6	1878.0	1878.0	1878.32	1878.6499	1884.0	7.7	COMPLETED
303	id-00175	7	6	8	1	1880.0	1880.0	1880.3	1881.0	1881.0	12.634	EXPIRED
303	id-00176	8	12	10	1	1880.0	1880.0	1880.77	1881.0	1881.0	51.578	EXPIRED
303	id-00177	10	2	9	3	1880.0	1880.0	1880.69	1881.0734	1883.0	106.564	COMPLETED
303	id-00178	1	2	9	6	1881.0	1881.0	1881.69	1881.9879	1887.0	4.151	COMPLETED
303	id-00179	5	7	6	1	1881.0	1881.0	1881.22	1882.0	1882.0	6.618	EXPIRED
303	id-00180	5	7	5	7	1881.0	1881.0	1881.38	1881.8141	1888.0	11.43	COMPLETED
303	id-00181	10	5	8	1	1885.0	1885.0	1885.32	1886.0	1886.0	34.336	EXPIRED
303	id-00182	7	9	6	4	1885.0	1885.0	1885.24	1885.6637	1889.0	14.632	COMPLETED
303	id-00183	8	3	2	7	1886.0	1886.0	1886.08	1886.2511	1893.0	5.359	COMPLETED
303	id-00184	2	2	4	5	1887.0	1887.0	1887.16	1887.3658	1892.0	1.925	COMPLETED
303	id-00185	6	7	4	1	1887.0	1887.0	1887.15	1888.0	1888.0	5.414	EXPIRED
303	id-00186	8	6	5	5	1888.0	1888.0	1888.19	1888.5964	1893.0	12.727	COMPLETED
303	id-00187	7	10	10	4	1890.0	1890.0	1890.42	1890.743	1894.0	29.566	COMPLETED
303	id-00188	8	11	9	2	1890.0	1890.0	1890.35	1890.546	1892.0	23.444	COMPLETED
303	id-00189	8	7	2	5	1893.0	1893.0	1893.08	1893.3312	1898.0	5.359	COMPLETED
303	id-00190	10	18	1	2	1895.0	1895.0	1895.04	1895.4445	1897.0	3.915	COMPLETED
303	id-00191	2	3	9	7	1895.0	1895.0	1895.36	1895.4661	1902.0	4.332	COMPLETED
303	id-00192	10	10	2	3	1895.0	1895.0	1895.08	1895.3046	1898.0	8.584	COMPLETED
303	id-00193	3	5	3	1	1896.0	1896.0	1896.12	1897.0	1897.0	2.166	EXPIRED
303	id-00194	9	12	2	1	1898.0	1898.0	1898.08	1899.0	1899.0	6.594	EXPIRED
303	id-00195	7	4	8	3	1898.0	1898.0	1898.32	1898.6543	1901.0	19.51	COMPLETED
303	id-00196	2	4	7	2	1899.0	1899.0	1899.27	1899.4354	1901.0	3.249	COMPLETED
303	id-00197	7	9	6	6	1900.0	1900.0	1900.23	1900.6785	1906.0	11.854	COMPLETED
303	id-00198	6	2	2	1	1900.0	1900.0	1900.08	1901.0	1901.0	2.888	EXPIRED
303	id-00199	6	5	7	3	1901.0	1901.0	1901.27	1901.6395	1904.0	9.746	COMPLETED
303	id-00200	5	2	1	3	1903.0	1903.0	1903.04	1903.3074	1906.0	1.203	COMPLETED
303	id-00201	3	3	1	1	1903.0	1903.0	1903.04	1904.0	1904.0	0.722	EXPIRED
303	id-00202	6	11	1	2	1904.0	1904.0	1904.04	1904.2391	1906.0	1.444	COMPLETED
303	id-00203	10	7	4	3	1905.0	1905.0	1905.15	1905.572	1908.0	13.267	COMPLETED
303	id-00204	5	9	8	6	1906.0	1906.0	1906.31	1906.7599	1912.0	9.325	COMPLETED
303	id-00205	1	2	5	1	1906.0	1906.0	1906.19	1907.0	1907.0	1.143	EXPIRED
303	id-00206	7	12	2	3	1909.0	1909.0	1909.07	1909.1795	1912.0	2.948	COMPLETED
303	id-00207	10	6	3	7	1910.0	1910.0	1910.12	1910.5307	1917.0	12.876	COMPLETED
303	id-00208	10	2	5	1	1913.0	1913.0	1913.2	1914.0	1914.0	21.46	EXPIRED
303	id-00209	1	2	5	1	1914.0	1914.0	1914.2	1915.0	1915.0	1.203	EXPIRED
303	id-00210	7	4	9	5	1917.0	1917.0	1917.35	1917.8254	1922.0	18.039	COMPLETED
303	id-00211	10	17	6	4	1918.0	1918.0	1918.23	1918.6353	1922.0	22.511	COMPLETED
303	id-00212	2	2	4	2	1918.0	1918.0	1918.15	1918.465	1920.0	1.805	COMPLETED
303	id-00213	2	3	7	3	1919.0	1919.0	1919.27	1919.3881	1922.0	3.249	COMPLETED
303	id-00214	2	2	10	7	1920.0	1920.0	1920.38	1920.8047	1927.0	4.572	COMPLETED
303	id-00215	5	3	4	7	1920.0	1920.0	1920.15	1920.4041	1927.0	4.512	COMPLETED
303	id-00216	6	7	8	2	1922.0	1922.0	1922.3	1922.7203	1924.0	10.829	COMPLETED
303	id-00217	2	3	4	5	1923.0	1923.0	1923.15	1923.4333	1928.0	1.805	COMPLETED
303	id-00218	6	4	5	5	1923.0	1923.0	1923.19	1923.5722	1928.0	6.858	COMPLETED
303	id-00219	7	6	10	1	1925.0	1925.0	1925.38	1926.0	1926.0	19.585	EXPIRED
303	id-00220	5	2	7	3	1926.0	1926.0	1926.27	1926.4942	1929.0	8.122	COMPLETED
303	id-00221	1	2	5	7	1927.0	1927.0	1927.21	1927.4845	1934.0	1.263	COMPLETED
303	id-00222	10	15	3	1	1927.0	1927.0	1927.12	1928.0	1928.0	11.745	EXPIRED
303	id-00223	8	13	9	2	1927.0	1927.0	1927.38	1927.8744	1929.0	32.619	COMPLETED
303	id-00224	6	10	1	6	1927.0	1927.0	1927.08	1927.2913	1933.0	4.396	COMPLETED
303	id-00225	9	18	9	2	1927.0	1927.0	1927.75	1928.2087	1929.0	104.247	COMPLETED
303	id-00226	1	2	1	5	1928.0	1928.0	1928.08	1928.416	1933.0	0.481	COMPLETED
303	id-00227	8	8	4	5	1928.0	1928.0	1928.17	1928.4738	1933.0	14.593	COMPLETED
303	id-00228	6	12	5	3	1928.0	1928.0	1928.38	1928.783	1931.0	17.299	COMPLETED
303	id-00229	4	2	9	1	1929.0	1929.0	1929.69	1930.0	1930.0	16.604	EXPIRED
303	id-00230	9	17	4	7	1929.0	1929.0	1929.31	1929.5366	1936.0	37.243	COMPLETED
303	id-00231	6	8	2	3	1930.0	1930.0	1930.07	1930.2261	1933.0	2.527	COMPLETED
303	id-00232	6	10	8	6	1934.0	1934.0	1934.29	1934.6927	1940.0	10.468	COMPLETED
303	id-00233	3	2	5	7	1935.0	1935.0	1935.17	1935.3312	1942.0	3.068	COMPLETED
303	id-00234	6	3	8	7	1937.0	1937.0	1937.28	1937.6446	1944.0	10.107	COMPLETED
303	id-00235	6	7	1	6	1938.0	1938.0	1938.07	1938.2924	1944.0	2.527	COMPLETED
303	id-00236	4	2	7	3	1938.0	1938.0	1938.48	1938.6376	1941.0	16.076	COMPLETED
303	id-00237	6	12	8	7	1941.0	1941.0	1941.28	1941.4135	1948.0	10.107	COMPLETED
303	id-00238	1	2	2	4	1943.0	1943.0	1943.07	1943.3055	1947.0	0.421	COMPLETED
303	id-00239	4	2	9	4	1943.0	1943.0	1943.35	1943.7858	1947.0	8.422	COMPLETED
303	id-00240	1	2	3	2	1944.0	1944.0	1944.21	1944.347	1946.0	1.263	COMPLETED
303	id-00241	7	7	1	3	1944.0	1944.0	1944.07	1944.1909	1947.0	2.948	COMPLETED
303	id-00242	6	10	6	5	1945.0	1945.0	1945.19	1945.6876	1950.0	6.858	COMPLETED
303	id-00243	4	7	4	2	1946.0	1946.0	1946.12	1946.4556	1948.0	2.888	COMPLETED
303	id-00244	1	2	7	6	1948.0	1948.0	1948.22	1948.692	1954.0	1.324	COMPLETED
303	id-00245	4	6	7	6	1949.0	1949.0	1949.28	1949.5261	1955.0	6.738	COMPLETED
303	id-00246	4	3	5	5	1949.0	1949.0	1949.16	1949.2826	1954.0	3.85	COMPLETED
303	id-00247	2	4	7	7	1949.0	1949.0	1949.29	1949.4039	1956.0	3.489	COMPLETED
303	id-00248	6	7	6	5	1950.0	1950.0	1950.2	1950.6093	1955.0	7.219	COMPLETED
303	id-00249	1	2	7	4	1951.0	1951.0	1951.23	1951.4043	1955.0	1.384	COMPLETED
303	id-00250	2	4	4	6	1953.0	1953.0	1953.13	1953.4094	1959.0	1.564	COMPLETED
303	id-00251	10	3	7	7	1953.0	1953.0	1953.28	1953.44	1960.0	30.044	COMPLETED
303	id-00252	4	8	6	6	1956.0	1956.0	1956.22	1956.5063	1962.0	5.294	COMPLETED
303	id-00253	9	9	7	7	1958.0	1958.0	1958.26	1958.4064	1965.0	18.98	COMPLETED
303	id-00254	1	2	3	5	1960.0	1960.0	1960.11	1960.3182	1965.0	0.662	COMPLETED
303	id-00255	5	8	3	2	1960.0	1960.0	1960.11	1960.3363	1962.0	3.309	COMPLETED
303	id-00256	3	2	9	3	1962.0	1962.0	1962.33	1962.5964	1965.0	5.956	COMPLETED
303	id-00257	3	5	9	6	1962.0	1962.0	1962.33	1962.7957	1968.0	5.956	COMPLETED
303	id-00258	10	17	5	5	1963.0	1963.0	1963.19	1963.546	1968.0	16.804	COMPLETED
303	id-00259	3	4	6	5	1963.0	1963.0	1963.22	1963.3662	1968.0	3.971	COMPLETED
303	id-00260	5	6	1	6	1965.0	1965.0	1965.07	1965.2331	1971.0	2.106	COMPLETED
303	id-00261	10	12	8	2	1965.0	1965.0	1965.59	1965.9946	1967.0	79.995	COMPLETED
303	id-00262	1	2	6	4	1966.0	1966.0	1966.22	1966.62	1970.0	1.324	COMPLETED
303	id-00263	3	2	1	2	1967.0	1967.0	1967.04	1967.488	1969.0	0.722	COMPLETED
303	id-00264	3	5	8	4	1969.0	1969.0	1969.31	1969.5714	1973.0	5.595	COMPLETED
303	id-00265	3	4	4	3	1969.0	1969.0	1969.15	1969.4556	1972.0	2.707	COMPLETED
303	id-00266	1	2	1	2	1970.0	1970.0	1970.04	1970.2301	1972.0	0.241	COMPLETED
303	id-00267	8	9	3	5	1973.0	1973.0	1973.24	1973.5874	1978.0	18.339	COMPLETED
303	id-00268	4	3	6	4	1973.0	1973.0	1973.48	1973.604	1977.0	29.652	COMPLETED
303	id-00269	6	5	2	2	1973.0	1973.0	1973.07	1973.2615	1975.0	2.527	COMPLETED
303	id-00270	10	19	9	1	1974.0	1974.0	1974.33	1975.0	1975.0	29.187	EXPIRED
303	id-00271	2	2	6	7	1975.0	1975.0	1975.48	1975.8567	1982.0	5.775	COMPLETED
303	id-00272	5	10	8	2	1975.0	1975.0	1975.64	1976.04	1977.0	31.319	COMPLETED
303	id-00273	3	2	6	7	1976.0	1976.0	1976.24	1976.4752	1983.0	4.332	COMPLETED
303	id-00274	5	8	6	1	1976.0	1976.0	1976.24	1977.0	1977.0	7.219	EXPIRED
303	id-00275	1	2	2	3	1977.0	1977.0	1977.08	1977.3119	1980.0	0.481	COMPLETED
303	id-00276	9	16	9	3	1979.0	1979.0	1979.36	1979.5499	1982.0	33.068	COMPLETED
303	id-00277	1	2	9	3	1979.0	1979.0	1979.36	1979.5788	1982.0	2.166	COMPLETED
303	id-00278	4	6	10	6	1979.0	1979.0	1979.4	1979.6612	1985.0	9.626	COMPLETED
303	id-00279	1	2	8	4	1980.0	1980.0	1980.3	1980.5456	1984.0	1.805	COMPLETED
303	id-00280	1	2	3	4	1981.0	1981.0	1981.11	1981.481	1985.0	0.662	COMPLETED
303	id-00281	9	18	10	6	1981.0	1981.0	1981.38	1981.8376	1987.0	31.323	COMPLETED
303	id-00282	1	2	5	5	1984.0	1984.0	1984.37	1984.5326	1989.0	2.226	COMPLETED
303	id-00283	2	4	8	7	1984.0	1984.0	1984.31	1984.479	1991.0	3.73	COMPLETED
303	id-00284	10	4	1	7	1984.0	1984.0	1984.07	1984.2867	1991.0	6.851	COMPLETED
303	id-00285	10	6	7	4	1988.0	1988.0	1988.27	1988.6443	1992.0	26.425	COMPLETED
303	id-00286	2	2	10	5	1990.0	1990.0	1990.4	1990.7759	1995.0	4.813	COMPLETED
303	id-00287	3	6	4	5	1990.0	1990.0	1990.15	1990.3851	1995.0	2.707	COMPLETED
303	id-00288	8	10	2	4	1990.0	1990.0	1990.07	1990.3399	1994.0	4.029	COMPLETED
303	id-00289	3	3	2	5	1991.0	1991.0	1991.07	1991.289	1996.0	1.263	COMPLETED
303	id-00290	10	6	2	2	1991.0	1991.0	1991.07	1991.3275	1993.0	6.191	COMPLETED
303	id-00291	2	4	7	4	1992.0	1992.0	1992.26	1992.4183	1996.0	3.128	COMPLETED
303	id-00292	2	2	1	4	1993.0	1993.0	1993.04	1993.4437	1997.0	0.481	COMPLETED
303	id-00293	5	10	7	4	1997.0	1997.0	1997.24	1997.403	2001.0	7.219	COMPLETED
303	id-00294	1	2	9	5	1997.0	1997.0	1997.36	1997.8267	2002.0	2.166	COMPLETED
303	id-00295	5	9	9	4	1998.0	1998.0	1998.62	1998.8672	2002.0	18.65	COMPLETED
303	id-00296	2	3	10	4	1998.0	1998.0	1998.4	1998.6153	2002.0	4.813	COMPLETED
303	id-00297	4	6	2	6	1998.0	1998.0	1998.14	1998.2582	2004.0	3.369	COMPLETED
303	id-00298	8	15	3	2	1999.0	1999.0	1999.1	1999.3818	2001.0	4.813	COMPLETED
303	id-00299	4	7	5	5	1999.0	1999.0	1999.2	1999.6746	2004.0	4.813	COMPLETED
303	id-00300	9	5	9	5	2000.0	2000.0	2000.29	2000.5984	2005.0	15.702	COMPLETED
303	id-00301	7	6	9	6	2000.0	2000.0	2000.35	2000.5336	2006.0	18.039	COMPLETED
303	id-00302	9	3	3	5	2001.0	2001.0	2001.1	2006.0	2006.0	None	SUBMITTED
