0.0032525062561035156
0.0008416175842285156
0.001697540283203125
0.0011060237884521484
0.0008387565612792969
0.0010209083557128906
0.001314401626586914
0.0013570785522460938
0.001178741455078125
0.0011827945709228516
0.002202749252319336
0.0011382102966308594
0.0010292530059814453
0.001134634017944336
0.0010387897491455078
0.0011687278747558594
0.0012936592102050781
0.0031828880310058594
0.001115560531616211
0.0011026859283447266
0.0009455680847167969
0.0011136531829833984
0.0018727779388427734
0.0017821788787841797
0.0008955001831054688
0.0012717247009277344
0.0010678768157958984
0.0007762908935546875
0.003522634506225586
0.0012445449829101562
0.0010437965393066406
0.0014019012451171875
0.001287698745727539
0.0010547637939453125
0.0010373592376708984
0.001661539077758789
0.0019731521606445312
0.0008437633514404297
0.0015354156494140625
0.0008661746978759766
0.0009648799896240234
0.0009539127349853516
0.0008132457733154297
0.0018429756164550781
0.0008099079132080078
0.0015478134155273438
0.001683950424194336
0.001287698745727539
0.0010488033294677734
0.0009052753448486328
0.0015599727630615234
0.002137422561645508
0.0015416145324707031
0.000946044921875
0.0013964176177978516
0.0016069412231445312
0.000720977783203125
0.0013377666473388672
0.0007164478302001953
0.0007627010345458984
0.0013911724090576172
0.001993417739868164
0.000823974609375
0.0018999576568603516
0.0009353160858154297
0.0007894039154052734
0.0009140968322753906
0.0006923675537109375
0.0010645389556884766
0.0009524822235107422
0.001444101333618164
0.0009946823120117188
0.000997304916381836
0.0009186267852783203
0.001529693603515625
0.0007586479187011719
0.0011982917785644531
0.0018513202667236328
0.001810312271118164
0.0019443035125732422
0.002249002456665039
0.0013108253479003906
0.0006952285766601562
0.0013799667358398438
0.002090930938720703
0.001969575881958008
0.0016984939575195312
0.0035338401794433594
0.0006575584411621094
0.0012440681457519531
0.0008273124694824219
0.00080108642578125
0.000675201416015625
0.0006549358367919922
0.0013804435729980469
0.0013020038604736328
0.0012295246124267578
0.0007061958312988281
0.0006639957427978516
0.0008149147033691406
0.0006864070892333984
0.0006687641143798828
0.0023043155670166016
0.0019044876098632812
0.0007748603820800781
0.0008418560028076172
0.0007145404815673828
0.0006623268127441406
0.0018146038055419922
0.0008656978607177734
0.0014882087707519531
0.0007159709930419922
0.000972747802734375
0.0014111995697021484
0.0015411376953125
0.0012874603271484375
0.0015816688537597656
0.0007224082946777344
0.0008633136749267578
0.000782012939453125
0.0009744167327880859
0.0015878677368164062
0.0009222030639648438
0.0007977485656738281
0.0008594989776611328
0.0008175373077392578
0.0010790824890136719
0.0008873939514160156
0.0007939338684082031
0.0007686614990234375
0.0014736652374267578
0.0006518363952636719
0.0012447834014892578
0.0019745826721191406
0.0010340213775634766
0.001070261001586914
0.001558065414428711
0.0009760856628417969
0.0015876293182373047
0.0015110969543457031
0.0016460418701171875
0.000705718994140625
0.0008020401000976562
0.0013744831085205078
0.0009052753448486328
0.0009050369262695312
0.0014393329620361328
0.0007555484771728516
0.0007016658782958984
0.001556396484375
0.0007104873657226562
0.0008230209350585938
0.0009968280792236328
0.0014247894287109375
0.0014913082122802734
0.0010180473327636719
0.0010807514190673828
0.0018279552459716797
0.0007381439208984375
0.0014171600341796875
0.000823974609375
0.0007281303405761719
0.002239227294921875
0.0011668205261230469
0.0023076534271240234
0.0010025501251220703
0.0008835792541503906
0.0009696483612060547
0.0020890235900878906
0.001089334487915039
0.0010025501251220703
0.0025568008422851562
0.0016293525695800781
0.0008828639984130859
0.0008940696716308594
0.0008518695831298828
0.0008087158203125
0.0015187263488769531
0.0016825199127197266
0.0014965534210205078
0.0013887882232666016
0.0006685256958007812
0.000762939453125
0.0015897750854492188
0.001018524169921875
0.0009007453918457031
0.0007810592651367188
0.000789642333984375
0.0007545948028564453
0.0007073879241943359
0.0007126331329345703
0.0013377666473388672
