0.002366304397583008
0.0006871223449707031
0.0009305477142333984
0.003428936004638672
0.0009429454803466797
0.0011780261993408203
0.002067089080810547
0.0007863044738769531
0.0006990432739257812
0.002096414566040039
0.0009479522705078125
0.0009088516235351562
0.0008485317230224609
0.0013229846954345703
0.001989603042602539
0.0009291172027587891
0.0008618831634521484
0.0009477138519287109
0.0014030933380126953
0.0008604526519775391
0.0026404857635498047
0.0007715225219726562
0.0007109642028808594
0.0009253025054931641
0.0028705596923828125
0.002081632614135742
0.0007216930389404297
0.000843048095703125
0.0007145404815673828
0.0009047985076904297
0.0009105205535888672
0.0009617805480957031
0.0011668205261230469
0.0008587837219238281
0.0012531280517578125
0.0015065670013427734
0.0014290809631347656
0.0008425712585449219
0.001730203628540039
0.0008873939514160156
0.0011410713195800781
0.0008981227874755859
0.002536773681640625
0.0008180141448974609
0.0009169578552246094
0.0008966922760009766
0.001478433609008789
0.000946044921875
0.0016956329345703125
0.0008013248443603516
0.0010573863983154297
0.0014698505401611328
0.0008015632629394531
0.0006451606750488281
0.00087738037109375
0.0008726119995117188
0.0008215904235839844
0.0010249614715576172
0.0007867813110351562
0.0010786056518554688
0.001064300537109375
0.000835418701171875
0.00191497802734375
0.0007982254028320312
0.0014247894287109375
0.0012769699096679688
0.0008261203765869141
0.0007021427154541016
0.0016298294067382812
0.0016245841979980469
0.0008265972137451172
0.0006678104400634766
0.001722574234008789
0.0016932487487792969
0.0007848739624023438
0.0006580352783203125
0.002201557159423828
0.0016396045684814453
0.0009768009185791016
0.0018541812896728516
0.0016200542449951172
0.0018460750579833984
0.00171661376953125
0.0017588138580322266
0.0009083747863769531
0.0007770061492919922
0.001417398452758789
0.0016107559204101562
0.0007927417755126953
0.0015964508056640625
0.0020971298217773438
0.0008618831634521484
0.0008521080017089844
0.0008494853973388672
0.0008702278137207031
0.0007748603820800781
0.0006213188171386719
0.0011789798736572266
0.0008816719055175781
0.0007903575897216797
0.001447439193725586
0.000988006591796875
0.0008058547973632812
0.0007379055023193359
0.0006964206695556641
0.0013310909271240234
0.0007007122039794922
0.0006525516510009766
0.0014767646789550781
0.0010962486267089844
0.0009057521820068359
0.0009849071502685547
0.0008761882781982422
0.0012044906616210938
0.0008540153503417969
0.0007731914520263672
0.0014901161193847656
0.0008971691131591797
0.0009019374847412109
0.0010535717010498047
0.002386808395385742
0.002347230911254883
0.001070261001586914
0.0008530616760253906
0.0007071495056152344
0.0007581710815429688
0.0014238357543945312
0.0008912086486816406
0.000774383544921875
0.0011317729949951172
0.0010445117950439453
0.0009701251983642578
0.0009295940399169922
0.0008783340454101562
0.0009751319885253906
0.0014257431030273438
0.0007870197296142578
0.001726388931274414
0.0008418560028076172
0.0009219646453857422
0.0007786750793457031
0.002357006072998047
0.0006632804870605469
0.0018343925476074219
0.0009224414825439453
0.0014450550079345703
0.0007507801055908203
0.0008652210235595703
0.0014832019805908203
0.0013730525970458984
0.0025527477264404297
0.001436471939086914
0.0007863044738769531
0.0006895065307617188
0.001664876937866211
0.0013213157653808594
0.0006997585296630859
0.0013041496276855469
0.0008594989776611328
0.0013911724090576172
0.0008108615875244141
0.0009996891021728516
0.0010082721710205078
0.0009913444519042969
0.001676797866821289
0.0017185211181640625
0.0007739067077636719
0.0009138584136962891
0.0011184215545654297
0.0008611679077148438
0.0007469654083251953
0.001519918441772461
0.0009756088256835938
0.0015552043914794922
0.0008652210235595703
0.0007865428924560547
0.00135040283203125
0.0011601448059082031
0.0010454654693603516
0.0010304450988769531
0.0008976459503173828
0.0007672309875488281
0.0013685226440429688
0.0017287731170654297
0.0008537769317626953
0.0008733272552490234
0.0007164478302001953
0.0014176368713378906
0.0012755393981933594
0.002541065216064453
0.0007481575012207031
0.0007588863372802734
0.0008287429809570312
0.0006644725799560547
0.0006558895111083984
0.0007753372192382812
0.0008056163787841797
