0.003201007843017578
0.0008554458618164062
0.0018012523651123047
0.0007660388946533203
0.00072479248046875
0.0009291172027587891
0.0010411739349365234
0.0017521381378173828
0.0007185935974121094
0.0018055438995361328
0.0020596981048583984
0.0009670257568359375
0.0007593631744384766
0.0008804798126220703
0.0010101795196533203
0.0011279582977294922
0.0011754035949707031
0.0029082298278808594
0.0009944438934326172
0.0019979476928710938
0.000858306884765625
0.0010993480682373047
0.0013797283172607422
0.0010066032409667969
0.0009014606475830078
0.0006682872772216797
0.0010213851928710938
0.0008037090301513672
0.002748727798461914
0.0011723041534423828
0.0008146762847900391
0.0018210411071777344
0.0009801387786865234
0.0015125274658203125
0.0008790493011474609
0.002494335174560547
0.0015392303466796875
0.0009267330169677734
0.001682281494140625
0.0009937286376953125
0.0010974407196044922
0.00139617919921875
0.0010633468627929688
0.00102996826171875
0.0009200572967529297
0.002125263214111328
0.0019516944885253906
0.000858306884765625
0.0010726451873779297
0.0008864402770996094
0.0016536712646484375
0.0015654563903808594
0.0014376640319824219
0.0009639263153076172
0.0008752346038818359
0.001346588134765625
0.0008547306060791016
0.0014352798461914062
0.0008609294891357422
0.0007903575897216797
0.0017900466918945312
0.0008928775787353516
0.0007491111755371094
0.0018684864044189453
0.0008614063262939453
0.0007517337799072266
0.0006527900695800781
0.0006401538848876953
0.0006325244903564453
0.0011467933654785156
0.0019958019256591797
0.0010628700256347656
0.001407623291015625
0.0007872581481933594
0.001251220703125
0.0008096694946289062
0.0006546974182128906
0.0013895034790039062
0.0017440319061279297
0.0017228126525878906
0.0016639232635498047
0.0011491775512695312
0.0008220672607421875
0.001280069351196289
0.0006561279296875
0.0017552375793457031
0.0008118152618408203
0.0025818347930908203
0.0008800029754638672
0.0015103816986083984
0.0008990764617919922
0.0008788108825683594
0.0010704994201660156
0.000835418701171875
0.0008623600006103516
0.0013976097106933594
0.002178668975830078
0.0008339881896972656
0.0007207393646240234
0.0006775856018066406
0.0018627643585205078
0.0007948875427246094
0.0019686222076416016
0.002078533172607422
0.0007925033569335938
0.0007953643798828125
0.0012660026550292969
0.0008358955383300781
0.0019016265869140625
0.0007619857788085938
0.0007359981536865234
0.0007965564727783203
0.0007545948028564453
0.0007448196411132812
0.0013108253479003906
0.0013937950134277344
0.0019297599792480469
0.0006742477416992188
0.0008733272552490234
0.0006973743438720703
0.0007271766662597656
0.0014336109161376953
0.0008118152618408203
0.0007817745208740234
0.0009865760803222656
0.0009968280792236328
0.0020568370819091797
0.0008680820465087891
0.0013241767883300781
0.0007998943328857422
0.0012753009796142578
0.0008862018585205078
0.0009527206420898438
0.002699613571166992
0.0009725093841552734
0.0009071826934814453
0.0014190673828125
0.0007884502410888672
0.0017542839050292969
0.0009398460388183594
0.001424551010131836
0.0006806850433349609
0.0010449886322021484
0.0015766620635986328
0.0009372234344482422
0.0009188652038574219
0.0014488697052001953
0.0007877349853515625
0.0007152557373046875
0.002007722854614258
0.0006685256958007812
0.0010285377502441406
0.0009431838989257812
0.0008013248443603516
0.0009212493896484375
0.0008149147033691406
0.0007483959197998047
0.0012695789337158203
0.001251220703125
0.0018301010131835938
0.0008220672607421875
0.0007374286651611328
0.0014750957489013672
0.0009119510650634766
0.002523183822631836
0.0008869171142578125
0.0007939338684082031
0.0009801387786865234
0.0009315013885498047
0.001312255859375
0.0009744167327880859
0.0017528533935546875
0.0009109973907470703
0.0007894039154052734
0.0008845329284667969
0.0009443759918212891
0.0008161067962646484
0.0014815330505371094
0.0015461444854736328
0.0014214515686035156
0.0016505718231201172
0.0007922649383544922
0.0008454322814941406
0.0013058185577392578
0.0011546611785888672
0.0007731914520263672
0.0008497238159179688
0.0012598037719726562
0.001519918441772461
0.0007982254028320312
0.0008780956268310547
0.0016846656799316406
