302	id-00000	9	2	2	4	1700.0	1700.0	1700.08	1700.5024	1704.0	7.348	COMPLETED
302	id-00001	7	6	4	4	1700.0	1700.0	1700.17	1700.5808	1704.0	11.967	COMPLETED
302	id-00002	6	7	3	4	1701.0	1701.0	1701.12	1701.566	1705.0	5.463	COMPLETED
302	id-00003	4	4	9	4	1704.0	1704.0	1704.36	1704.7997	1708.0	8.663	COMPLETED
302	id-00004	10	14	1	4	1705.0	1705.0	1705.08	1705.3791	1709.0	9.338	COMPLETED
302	id-00005	1	2	8	2	1705.0	1705.0	1705.7	1705.9211	1707.0	4.211	COMPLETED
302	id-00006	10	7	7	7	1705.0	1705.0	1705.32	1705.5996	1712.0	43.387	COMPLETED
302	id-00007	6	7	5	5	1705.0	1705.0	1705.43	1705.7166	1710.0	31.737	COMPLETED
302	id-00008	3	6	7	5	1705.0	1705.0	1705.32	1705.6136	1710.0	8.792	COMPLETED
302	id-00009	7	2	7	1	1705.0	1705.0	1705.58	1706.0	1706.0	62.703	EXPIRED
302	id-00010	7	4	3	5	1706.0	1706.0	1706.12	1706.5694	1711.0	8.448	COMPLETED
302	id-00011	2	4	6	1	1710.0	1710.0	1710.25	1711.0	1711.0	3.008	EXPIRED
302	id-00012	6	11	10	3	1713.0	1713.0	1713.83	1713.9686	1716.0	45.61	COMPLETED
302	id-00013	9	4	5	7	1713.0	1713.0	1713.42	1713.6521	1720.0	58.378	COMPLETED
302	id-00014	4	7	8	7	1715.0	1715.0	1715.32	1715.7881	1722.0	7.7	COMPLETED
302	id-00015	2	3	6	3	1716.0	1716.0	1716.24	1716.6679	1719.0	2.888	COMPLETED
302	id-00016	10	11	9	5	1718.0	1718.0	1718.36	1718.5516	1723.0	38.628	COMPLETED
302	id-00017	6	4	9	5	1718.0	1718.0	1718.38	1718.8781	1723.0	20.882	COMPLETED
302	id-00018	8	8	6	3	1722.0	1722.0	1722.25	1722.6237	1725.0	21.46	COMPLETED
302	id-00019	7	6	5	1	1723.0	1723.0	1723.21	1724.0	1724.0	14.783	EXPIRED
302	id-00020	6	12	8	2	1724.0	1724.0	1724.33	1724.6112	1726.0	18.134	COMPLETED
302	id-00021	3	6	3	4	1725.0	1725.0	1725.12	1725.4445	1729.0	2.166	COMPLETED
302	id-00022	1	2	2	4	1725.0	1725.0	1725.08	1725.4708	1729.0	0.481	COMPLETED
302	id-00023	8	13	4	6	1727.0	1727.0	1727.17	1727.5861	1733.0	14.593	COMPLETED
302	id-00024	7	2	8	2	1729.0	1729.0	1729.33	1729.7389	1731.0	23.231	COMPLETED
302	id-00025	9	10	8	7	1730.0	1730.0	1730.33	1730.5601	1737.0	33.424	COMPLETED
302	id-00026	7	3	3	7	1733.0	1733.0	1733.12	1733.5165	1740.0	8.448	COMPLETED
302	id-00027	2	3	6	3	1736.0	1736.0	1736.24	1736.3511	1739.0	2.888	COMPLETED
302	id-00028	5	6	10	3	1736.0	1736.0	1736.43	1736.7449	1739.0	21.042	COMPLETED
302	id-00029	5	10	7	4	1737.0	1737.0	1737.28	1737.4919	1741.0	8.422	COMPLETED
302	id-00030	8	16	6	3	1738.0	1738.0	1738.26	1738.4698	1741.0	24.77	COMPLETED
302	id-00031	5	7	4	2	1738.0	1738.0	1738.32	1738.5192	1740.0	9.626	COMPLETED
302	id-00032	4	7	6	1	1738.0	1738.0	1738.48	1739.0	1739.0	29.652	EXPIRED
302	id-00033	4	3	8	4	1739.0	1739.0	1739.64	1739.7802	1743.0	15.401	COMPLETED
302	id-00034	4	3	5	7	1739.0	1739.0	1739.4	1739.5296	1746.0	20.939	COMPLETED
302	id-00035	1	2	7	6	1740.0	1740.0	1740.28	1740.6077	1746.0	1.684	COMPLETED
302	id-00036	5	10	7	4	1741.0	1741.0	1741.28	1741.5628	1745.0	8.422	COMPLETED
302	id-00037	5	9	10	7	1742.0	1742.0	1742.43	1742.7945	1749.0	21.042	COMPLETED
302	id-00038	5	10	1	7	1742.0	1742.0	1742.08	1742.1968	1749.0	2.406	COMPLETED
302	id-00039	9	3	1	6	1742.0	1742.0	1742.04	1742.4387	1748.0	3.674	COMPLETED
302	id-00040	4	6	10	5	1742.0	1742.0	1742.8	1742.918	1747.0	49.421	COMPLETED
302	id-00041	1	2	9	3	1743.0	1743.0	1743.72	1744.1335	1746.0	4.332	COMPLETED
302	id-00042	6	11	6	6	1743.0	1743.0	1743.48	1743.6554	1749.0	26.377	COMPLETED
302	id-00043	8	7	6	6	1743.0	1743.0	1743.24	1743.5132	1749.0	18.339	COMPLETED
302	id-00044	9	15	9	3	1744.0	1744.0	1744.36	1744.5466	1747.0	33.068	COMPLETED
302	id-00045	5	8	8	1	1745.0	1745.0	1745.33	1746.0	1746.0	13.038	EXPIRED
302	id-00046	3	3	4	3	1746.0	1746.0	1746.17	1746.2964	1749.0	3.068	COMPLETED
302	id-00047	9	4	10	5	1747.0	1747.0	1747.42	1747.5287	1752.0	42.539	COMPLETED
302	id-00048	3	2	5	3	1749.0	1749.0	1749.21	1749.7017	1752.0	3.79	COMPLETED
302	id-00049	4	3	5	5	1751.0	1751.0	1751.21	1751.6267	1756.0	5.053	COMPLETED
302	id-00050	1	2	8	3	1754.0	1754.0	1754.33	1754.561	1757.0	1.985	COMPLETED
302	id-00051	5	5	1	4	1756.0	1756.0	1756.04	1756.2204	1760.0	1.58	COMPLETED
302	id-00052	10	7	3	5	1759.0	1759.0	1759.12	1759.4384	1764.0	14.007	COMPLETED
302	id-00053	9	5	10	5	1760.0	1760.0	1760.45	1760.7997	1765.0	54.063	COMPLETED
302	id-00054	7	11	5	3	1760.0	1760.0	1760.21	1760.6389	1763.0	14.783	COMPLETED
302	id-00055	10	10	5	3	1760.0	1760.0	1760.21	1760.3223	1763.0	24.513	COMPLETED
302	id-00056	2	3	8	4	1762.0	1762.0	1762.33	1762.6693	1766.0	3.971	COMPLETED
302	id-00057	6	6	7	2	1762.0	1762.0	1762.29	1762.4081	1764.0	15.936	COMPLETED
302	id-00058	4	2	7	6	1767.0	1767.0	1767.3	1767.4056	1773.0	10.048	COMPLETED
302	id-00059	2	3	5	6	1768.0	1768.0	1768.22	1768.4898	1774.0	2.647	COMPLETED
302	id-00060	7	9	10	5	1768.0	1768.0	1768.43	1768.7497	1773.0	34.324	COMPLETED
302	id-00061	6	5	7	4	1769.0	1769.0	1769.3	1769.7396	1773.0	19.314	COMPLETED
302	id-00062	3	4	7	7	1770.0	1770.0	1770.3	1770.6044	1777.0	5.414	COMPLETED
302	id-00063	3	6	7	1	1770.0	1770.0	1770.29	1771.0	1771.0	5.234	EXPIRED
302	id-00064	5	3	9	1	1772.0	1772.0	1772.38	1773.0	1773.0	15.013	EXPIRED
302	id-00065	6	5	2	2	1774.0	1774.0	1774.17	1774.5513	1776.0	9.342	COMPLETED
302	id-00066	1	2	4	1	1774.0	1774.0	1774.33	1775.0	1775.0	5.097	EXPIRED
302	id-00067	3	5	7	3	1774.0	1774.0	1774.3	1774.7129	1777.0	5.414	COMPLETED
302	id-00068	5	4	8	5	1775.0	1775.0	1775.32	1775.5422	1780.0	9.626	COMPLETED
302	id-00069	6	7	2	2	1777.0	1777.0	1777.08	1777.3522	1779.0	3.642	COMPLETED
302	id-00070	6	9	9	4	1778.0	1778.0	1778.36	1778.832	1782.0	16.389	COMPLETED
302	id-00071	4	8	6	7	1779.0	1779.0	1779.24	1779.6379	1786.0	5.775	COMPLETED
302	id-00072	5	5	8	7	1779.0	1779.0	1779.32	1779.4569	1786.0	9.626	COMPLETED
302	id-00073	9	5	4	3	1780.0	1780.0	1780.15	1780.2925	1783.0	12.364	COMPLETED
302	id-00074	3	6	5	3	1781.0	1781.0	1781.38	1781.7486	1784.0	6.858	COMPLETED
302	id-00075	4	3	1	6	1781.0	1781.0	1781.08	1781.3199	1787.0	2.679	COMPLETED
302	id-00076	8	15	6	5	1782.0	1782.0	1782.23	1782.4235	1787.0	15.406	COMPLETED
302	id-00077	6	7	9	3	1783.0	1783.0	1783.35	1783.8495	1786.0	12.634	COMPLETED
302	id-00078	10	2	4	5	1783.0	1783.0	1783.17	1783.3054	1788.0	19.844	COMPLETED
302	id-00079	8	15	10	7	1784.0	1784.0	1784.42	1784.6263	1791.0	36.053	COMPLETED
302	id-00080	2	4	8	7	1784.0	1784.0	1784.31	1784.5547	1791.0	3.73	COMPLETED
302	id-00081	1	2	1	5	1786.0	1786.0	1786.04	1786.4239	1791.0	0.241	COMPLETED
302	id-00082	4	2	8	2	1787.0	1787.0	1787.32	1787.6424	1789.0	7.7	COMPLETED
302	id-00083	6	9	6	5	1788.0	1788.0	1788.24	1788.3539	1793.0	10.926	COMPLETED
302	id-00084	1	2	8	2	1792.0	1792.0	1792.31	1792.4115	1794.0	1.865	COMPLETED
302	id-00085	5	9	2	6	1794.0	1794.0	1794.08	1794.247	1800.0	2.406	COMPLETED
302	id-00086	7	11	4	5	1798.0	1798.0	1798.15	1798.3254	1803.0	6.317	COMPLETED
302	id-00087	8	16	5	7	1800.0	1800.0	1800.19	1800.343	1807.0	10.936	COMPLETED
302	id-00088	1	2	4	4	1802.0	1802.0	1802.15	1802.5734	1806.0	0.902	COMPLETED
302	id-00089	1	2	7	4	1803.0	1803.0	1803.26	1803.6984	1807.0	1.564	COMPLETED
302	id-00090	7	6	2	4	1806.0	1806.0	1806.07	1806.4525	1810.0	2.948	COMPLETED
302	id-00091	2	2	2	3	1807.0	1807.0	1807.15	1807.2559	1810.0	1.805	COMPLETED
302	id-00092	2	2	6	5	1807.0	1807.0	1807.25	1807.4806	1812.0	3.008	COMPLETED
302	id-00093	3	2	3	1	1807.0	1807.0	1807.22	1808.0	1808.0	3.971	EXPIRED
302	id-00094	1	2	3	4	1807.0	1807.0	1807.12	1807.482	1811.0	0.722	COMPLETED
302	id-00095	10	18	4	3	1808.0	1808.0	1808.16	1808.3686	1811.0	17.168	COMPLETED
302	id-00096	10	6	1	6	1811.0	1811.0	1811.08	1811.4118	1817.0	7.83	COMPLETED
302	id-00097	5	9	7	2	1811.0	1811.0	1811.54	1811.9087	1813.0	41.699	COMPLETED
302	id-00098	9	9	3	6	1812.0	1812.0	1812.1	1812.2659	1818.0	5.414	COMPLETED
302	id-00099	4	2	7	7	1812.0	1812.0	1812.27	1812.4808	1819.0	6.497	COMPLETED
302	id-00100	4	3	2	2	1816.0	1816.0	1816.07	1816.5194	1818.0	1.684	COMPLETED
302	id-00101	4	7	1	2	1817.0	1817.0	1817.03	1817.2944	1819.0	0.722	COMPLETED
302	id-00102	10	16	3	1	1818.0	1818.0	1818.12	1819.0	1819.0	11.745	EXPIRED
302	id-00103	3	6	10	3	1819.0	1819.0	1819.69	1819.9584	1822.0	12.453	COMPLETED
302	id-00104	6	11	3	5	1819.0	1819.0	1819.21	1819.5352	1824.0	7.58	COMPLETED
302	id-00105	5	10	10	2	1820.0	1820.0	1820.34	1820.778	1822.0	10.227	COMPLETED
302	id-00106	1	2	10	1	1821.0	1821.0	1821.34	1822.0	1822.0	2.045	EXPIRED
302	id-00107	4	4	7	4	1822.0	1822.0	1822.27	1822.3854	1826.0	6.497	COMPLETED
302	id-00108	2	3	7	1	1822.0	1822.0	1822.24	1823.0	1823.0	2.888	EXPIRED
302	id-00109	4	5	7	1	1822.0	1822.0	1822.26	1823.0	1823.0	6.257	EXPIRED
302	id-00110	3	6	4	1	1823.0	1823.0	1823.28	1824.0	1824.0	5.053	EXPIRED
302	id-00111	1	2	1	3	1823.0	1823.0	1823.07	1823.4551	1826.0	0.421	COMPLETED
302	id-00112	7	5	10	4	1823.0	1823.0	1823.37	1823.7259	1827.0	15.581	COMPLETED
302	id-00113	2	4	7	1	1825.0	1825.0	1825.27	1826.0	1826.0	3.249	EXPIRED
302	id-00114	10	11	6	5	1826.0	1826.0	1826.23	1826.5869	1831.0	22.511	COMPLETED
302	id-00115	6	6	9	5	1827.0	1827.0	1827.69	1827.9393	1832.0	24.906	COMPLETED
302	id-00116	4	2	6	6	1827.0	1827.0	1827.46	1827.7559	1833.0	28.417	COMPLETED
302	id-00117	10	15	8	2	1827.0	1827.0	1827.62	1827.8881	1829.0	60.681	COMPLETED
302	id-00118	2	4	1	5	1827.0	1827.0	1827.08	1827.3781	1832.0	2.471	COMPLETED
302	id-00119	8	8	10	1	1828.0	1828.0	1828.38	1829.0	1829.0	25.454	EXPIRED
302	id-00120	7	7	10	2	1828.0	1828.0	1828.38	1828.6788	1830.0	19.585	COMPLETED
302	id-00121	1	2	1	1	1828.0	1828.0	1828.04	1829.0	1829.0	0.241	EXPIRED
302	id-00122	10	19	2	4	1829.0	1829.0	1829.08	1829.4254	1833.0	7.83	COMPLETED
302	id-00123	8	7	3	3	1831.0	1831.0	1831.12	1831.4361	1834.0	8.038	COMPLETED
302	id-00124	10	5	2	1	1831.0	1831.0	1831.07	1832.0	1832.0	6.191	EXPIRED
302	id-00125	2	3	6	7	1832.0	1832.0	1832.44	1832.5559	1839.0	5.294	COMPLETED
302	id-00126	8	10	10	1	1832.0	1832.0	1832.38	1833.0	1833.0	25.454	EXPIRED
302	id-00127	5	6	7	1	1832.0	1832.0	1832.52	1833.0	1833.0	15.642	EXPIRED
302	id-00128	10	5	2	6	1836.0	1836.0	1836.07	1836.5531	1842.0	6.191	COMPLETED
302	id-00129	6	12	4	5	1836.0	1836.0	1836.15	1836.4991	1841.0	5.414	COMPLETED
302	id-00130	1	2	6	2	1837.0	1837.0	1837.22	1837.3406	1839.0	1.324	COMPLETED
302	id-00131	2	4	7	6	1837.0	1837.0	1837.27	1837.5702	1843.0	3.249	COMPLETED
302	id-00132	6	9	8	7	1838.0	1838.0	1838.31	1838.6561	1845.0	11.19	COMPLETED
302	id-00133	9	12	7	3	1838.0	1838.0	1838.52	1838.7931	1841.0	37.96	COMPLETED
302	id-00134	1	2	3	6	1838.0	1838.0	1838.22	1838.6516	1844.0	3.398	COMPLETED
302	id-00135	8	16	6	2	1839.0	1839.0	1839.44	1839.7665	1841.0	25.325	COMPLETED
302	id-00136	3	5	2	6	1839.0	1839.0	1839.15	1839.4995	1845.0	6.95	COMPLETED
302	id-00137	4	8	5	6	1840.0	1840.0	1840.19	1840.5992	1846.0	4.572	COMPLETED
302	id-00138	8	14	7	7	1841.0	1841.0	1841.26	1841.6588	1848.0	14.965	COMPLETED
302	id-00139	9	6	10	7	1841.0	1841.0	1841.38	1841.6916	1848.0	31.323	COMPLETED
302	id-00140	4	7	9	3	1842.0	1842.0	1842.35	1842.6282	1845.0	8.422	COMPLETED
302	id-00141	1	2	4	3	1842.0	1842.0	1842.15	1842.5487	1845.0	0.902	COMPLETED
302	id-00142	3	5	9	5	1843.0	1843.0	1843.33	1843.5658	1848.0	5.956	COMPLETED
302	id-00143	5	8	3	7	1844.0	1844.0	1844.22	1844.4216	1851.0	6.618	COMPLETED
302	id-00144	1	2	10	6	1844.0	1844.0	1844.38	1844.5165	1850.0	2.286	COMPLETED
302	id-00145	6	9	9	1	1844.0	1844.0	1844.67	1845.0	1845.0	49.451	EXPIRED
302	id-00146	8	8	9	2	1845.0	1845.0	1845.36	1845.5424	1847.0	27.508	COMPLETED
302	id-00147	5	9	7	1	1845.0	1845.0	1845.26	1846.0	1846.0	7.821	EXPIRED
302	id-00148	5	9	3	5	1846.0	1846.0	1846.11	1846.4433	1851.0	3.309	COMPLETED
302	id-00149	6	11	8	2	1847.0	1847.0	1847.3	1847.4009	1849.0	10.829	COMPLETED
302	id-00150	5	6	7	5	1848.0	1848.0	1848.26	1848.6542	1853.0	7.821	COMPLETED
302	id-00151	1	2	1	3	1849.0	1849.0	1849.04	1849.2957	1852.0	0.241	COMPLETED
302	id-00152	4	6	4	2	1850.0	1850.0	1850.16	1850.2676	1852.0	3.85	COMPLETED
302	id-00153	2	2	8	3	1851.0	1851.0	1851.32	1851.7256	1854.0	3.85	COMPLETED
302	id-00154	7	2	4	4	1852.0	1852.0	1852.16	1852.365	1856.0	9.755	COMPLETED
302	id-00155	7	10	9	7	1852.0	1852.0	1852.36	1852.7504	1859.0	21.948	COMPLETED
302	id-00156	6	8	8	2	1854.0	1854.0	1854.32	1854.6362	1856.0	14.568	COMPLETED
302	id-00157	5	10	3	2	1855.0	1855.0	1855.12	1855.3805	1857.0	3.61	COMPLETED
302	id-00158	9	9	1	4	1860.0	1860.0	1860.04	1860.4778	1864.0	3.297	COMPLETED
302	id-00159	4	6	5	6	1860.0	1860.0	1860.2	1860.5483	1866.0	4.813	COMPLETED
302	id-00160	2	4	10	6	1862.0	1862.0	1862.38	1862.5657	1868.0	4.572	COMPLETED
302	id-00161	4	5	3	6	1863.0	1863.0	1863.12	1863.5858	1869.0	2.888	COMPLETED
302	id-00162	10	16	10	3	1864.0	1864.0	1864.38	1864.4826	1867.0	37.191	COMPLETED
302	id-00163	1	2	2	7	1865.0	1865.0	1865.08	1865.3078	1872.0	0.481	COMPLETED
302	id-00164	2	4	10	4	1866.0	1866.0	1866.4	1866.5287	1870.0	4.813	COMPLETED
302	id-00165	10	16	2	2	1866.0	1866.0	1866.08	1866.4501	1868.0	8.584	COMPLETED
302	id-00166	5	3	9	6	1867.0	1867.0	1867.36	1867.8081	1873.0	10.829	COMPLETED
302	id-00167	7	12	1	1	1868.0	1868.0	1868.04	1869.0	1869.0	2.439	EXPIRED
302	id-00168	7	6	4	1	1869.0	1869.0	1869.32	1870.0	1870.0	19.51	EXPIRED
302	id-00169	1	2	1	6	1869.0	1869.0	1869.08	1869.5668	1875.0	1.236	COMPLETED
302	id-00170	4	6	8	2	1870.0	1870.0	1870.31	1870.7464	1872.0	7.46	COMPLETED
302	id-00171	5	6	4	2	1871.0	1871.0	1871.15	1871.6465	1873.0	4.512	COMPLETED
302	id-00172	5	5	5	2	1873.0	1873.0	1873.19	1873.3828	1875.0	5.715	COMPLETED
302	id-00173	3	4	10	2	1874.0	1874.0	1874.38	1874.8719	1876.0	6.858	COMPLETED
302	id-00174	6	11	8	6	1877.0	1877.0	1877.31	1877.4184	1883.0	11.19	COMPLETED
302	id-00175	1	2	8	4	1877.0	1877.0	1877.3	1877.5011	1881.0	1.805	COMPLETED
302	id-00176	10	16	10	7	1878.0	1878.0	1878.37	1878.5744	1885.0	32.724	COMPLETED
302	id-00177	1	2	5	6	1879.0	1879.0	1879.19	1879.6543	1885.0	1.143	COMPLETED
302	id-00178	4	3	6	2	1881.0	1881.0	1881.22	1881.5601	1883.0	5.294	COMPLETED
302	id-00179	6	3	9	7	1881.0	1881.0	1881.35	1881.4907	1888.0	12.634	COMPLETED
302	id-00180	3	6	9	4	1886.0	1886.0	1886.35	1886.5624	1890.0	6.317	COMPLETED
302	id-00181	5	2	5	5	1888.0	1888.0	1888.19	1888.4078	1893.0	5.715	COMPLETED
302	id-00182	4	5	1	5	1890.0	1890.0	1890.04	1890.2621	1895.0	0.963	COMPLETED
302	id-00183	2	2	10	4	1891.0	1891.0	1891.38	1891.5283	1895.0	4.572	COMPLETED
302	id-00184	9	18	10	4	1891.0	1891.0	1891.42	1891.8051	1895.0	42.539	COMPLETED
302	id-00185	9	18	6	6	1891.0	1891.0	1891.25	1891.357	1897.0	25.321	COMPLETED
302	id-00186	5	5	3	6	1893.0	1893.0	1893.12	1893.2587	1899.0	3.61	COMPLETED
302	id-00187	5	6	3	3	1894.0	1894.0	1894.12	1894.3108	1897.0	3.61	COMPLETED
302	id-00188	10	18	9	7	1898.0	1898.0	1898.35	1898.4669	1905.0	34.255	COMPLETED
302	id-00189	1	2	1	4	1899.0	1899.0	1899.04	1899.2093	1903.0	0.241	COMPLETED
302	id-00190	8	6	1	3	1900.0	1900.0	1900.04	1900.4073	1903.0	2.679	COMPLETED
302	id-00191	3	5	9	5	1902.0	1902.0	1902.35	1902.4783	1907.0	6.317	COMPLETED
302	id-00192	8	2	7	1	1902.0	1902.0	1902.27	1903.0	1903.0	18.086	EXPIRED
302	id-00193	2	4	6	7	1903.0	1903.0	1903.23	1903.3494	1910.0	2.767	COMPLETED
302	id-00194	7	12	9	3	1904.0	1904.0	1904.35	1904.5996	1907.0	18.039	COMPLETED
302	id-00195	2	4	1	7	1906.0	1906.0	1906.04	1906.5366	1913.0	0.481	COMPLETED
302	id-00196	5	2	4	4	1907.0	1907.0	1907.3	1907.6249	1911.0	9.024	COMPLETED
302	id-00197	8	15	3	6	1907.0	1907.0	1907.22	1907.346	1913.0	23.033	COMPLETED
302	id-00198	7	3	6	3	1908.0	1908.0	1908.22	1908.6166	1911.0	9.265	COMPLETED
302	id-00199	7	8	8	2	1909.0	1909.0	1909.3	1909.5273	1911.0	12.634	COMPLETED
302	id-00200	6	6	8	6	1910.0	1910.0	1910.32	1910.595	1916.0	14.568	COMPLETED
302	id-00201	5	10	3	3	1911.0	1911.0	1911.12	1911.4503	1914.0	3.61	COMPLETED
302	id-00202	5	6	2	1	1915.0	1915.0	1915.08	1916.0	1916.0	2.406	EXPIRED
302	id-00203	3	5	8	5	1915.0	1915.0	1915.31	1915.7142	1920.0	5.595	COMPLETED
302	id-00204	9	17	3	3	1917.0	1917.0	1917.12	1917.3324	1920.0	9.891	COMPLETED
302	id-00205	4	6	5	1	1918.0	1918.0	1918.38	1919.0	1919.0	9.144	EXPIRED
302	id-00206	3	6	5	6	1918.0	1918.0	1918.19	1918.6146	1924.0	3.429	COMPLETED
302	id-00207	1	2	1	7	1918.0	1918.0	1918.08	1918.3417	1925.0	0.481	COMPLETED
302	id-00208	8	12	9	7	1919.0	1919.0	1919.35	1919.807	1926.0	23.444	COMPLETED
302	id-00209	7	11	7	6	1923.0	1923.0	1923.26	1923.385	1929.0	10.949	COMPLETED
302	id-00210	1	2	9	6	1924.0	1924.0	1924.33	1924.6537	1930.0	1.985	COMPLETED
302	id-00211	1	2	7	2	1926.0	1926.0	1926.54	1926.7921	1928.0	3.249	COMPLETED
302	id-00212	5	3	3	7	1926.0	1926.0	1926.12	1926.3188	1933.0	4.741	COMPLETED
302	id-00213	2	3	2	5	1926.0	1926.0	1926.15	1926.6078	1931.0	1.805	COMPLETED
302	id-00214	4	4	6	1	1927.0	1927.0	1927.23	1928.0	1928.0	5.535	EXPIRED
302	id-00215	10	2	7	1	1928.0	1928.0	1928.27	1929.0	1929.0	26.425	EXPIRED
302	id-00216	8	15	5	6	1928.0	1928.0	1928.21	1928.5273	1934.0	18.026	COMPLETED
302	id-00217	9	13	2	5	1928.0	1928.0	1928.08	1928.5211	1933.0	8.103	COMPLETED
302	id-00218	1	2	7	6	1929.0	1929.0	1929.27	1929.5507	1935.0	1.624	COMPLETED
302	id-00219	7	6	9	1	1930.0	1930.0	1930.64	1931.0	1931.0	26.952	EXPIRED
302	id-00220	5	7	3	6	1930.0	1930.0	1930.21	1930.5391	1936.0	14.236	COMPLETED
302	id-00221	6	10	3	2	1932.0	1932.0	1932.11	1932.4399	1934.0	3.971	COMPLETED
302	id-00222	2	4	3	2	1933.0	1933.0	1933.11	1933.5991	1935.0	1.324	COMPLETED
302	id-00223	6	7	3	1	1935.0	1935.0	1935.1	1936.0	1936.0	3.61	EXPIRED
302	id-00224	4	6	4	4	1935.0	1935.0	1935.15	1935.3088	1939.0	3.61	COMPLETED
302	id-00225	10	10	1	5	1936.0	1936.0	1936.03	1936.1775	1941.0	2.088	COMPLETED
302	id-00226	8	4	8	7	1936.0	1936.0	1936.31	1936.5653	1943.0	20.765	COMPLETED
302	id-00227	8	16	2	7	1936.0	1936.0	1936.07	1936.5276	1943.0	4.029	COMPLETED
302	id-00228	9	13	1	3	1937.0	1937.0	1937.07	1937.1815	1940.0	3.79	COMPLETED
302	id-00229	4	2	8	7	1937.0	1937.0	1937.3	1937.7411	1944.0	7.219	COMPLETED
302	id-00230	3	3	9	7	1937.0	1937.0	1937.35	1937.7129	1944.0	6.317	COMPLETED
302	id-00231	5	4	8	2	1937.0	1937.0	1937.55	1937.9427	1939.0	42.471	COMPLETED
302	id-00232	7	9	3	2	1938.0	1938.0	1938.21	1938.5853	1940.0	8.844	COMPLETED
302	id-00233	1	2	7	2	1938.0	1938.0	1938.26	1938.3992	1940.0	1.564	COMPLETED
302	id-00234	7	12	10	1	1938.0	1938.0	1938.69	1939.0	1939.0	61.584	EXPIRED
302	id-00235	10	3	3	3	1939.0	1939.0	1939.1	1939.5285	1942.0	6.959	COMPLETED
302	id-00236	4	4	9	2	1940.0	1940.0	1940.31	1940.6997	1942.0	7.46	COMPLETED
302	id-00237	1	2	5	1	1941.0	1941.0	1941.34	1942.0	1942.0	2.045	EXPIRED
302	id-00238	9	14	1	5	1941.0	1941.0	1941.07	1941.2812	1946.0	4.45	COMPLETED
302	id-00239	3	5	5	6	1942.0	1942.0	1942.19	1942.3912	1948.0	3.429	COMPLETED
302	id-00240	6	9	3	2	1942.0	1942.0	1942.1	1942.4217	1944.0	3.61	COMPLETED
302	id-00241	4	4	1	1	1943.0	1943.0	1943.03	1944.0	1944.0	0.722	EXPIRED
302	id-00242	5	5	4	4	1944.0	1944.0	1944.28	1944.6134	1948.0	8.422	COMPLETED
302	id-00243	3	2	8	1	1944.0	1944.0	1944.55	1945.0	1945.0	9.926	EXPIRED
302	id-00244	3	5	9	1	1946.0	1946.0	1946.28	1947.0	1947.0	5.053	EXPIRED
302	id-00245	1	2	5	3	1947.0	1947.0	1947.31	1947.61	1950.0	1.865	COMPLETED
302	id-00246	4	5	10	2	1947.0	1947.0	1947.62	1948.0743	1949.0	14.92	COMPLETED
302	id-00247	7	11	8	1	1950.0	1950.0	1950.27	1951.0	1951.0	11.37	EXPIRED
302	id-00248	2	4	7	1	1954.0	1954.0	1954.23	1955.0	1955.0	2.767	EXPIRED
302	id-00249	3	4	3	7	1955.0	1955.0	1955.11	1955.5243	1962.0	1.985	COMPLETED
302	id-00250	5	8	8	1	1957.0	1957.0	1957.3	1958.0	1958.0	9.024	EXPIRED
302	id-00251	6	7	9	4	1959.0	1959.0	1959.33	1959.5167	1963.0	11.912	COMPLETED
302	id-00252	6	9	7	1	1959.0	1959.0	1959.26	1960.0	1960.0	9.385	EXPIRED
302	id-00253	9	12	8	3	1961.0	1961.0	1961.59	1961.8818	1964.0	43.07	COMPLETED
302	id-00254	9	17	3	3	1961.0	1961.0	1961.11	1961.2438	1964.0	8.03	COMPLETED
302	id-00255	7	12	1	5	1961.0	1961.0	1961.07	1961.2615	1966.0	7.568	COMPLETED
302	id-00256	10	14	10	3	1962.0	1962.0	1962.37	1962.4768	1965.0	32.724	COMPLETED
302	id-00257	7	13	4	5	1963.0	1963.0	1963.15	1963.5421	1968.0	6.317	COMPLETED
302	id-00258	3	6	9	7	1964.0	1964.0	1964.33	1964.5597	1971.0	5.956	COMPLETED
302	id-00259	2	2	4	6	1965.0	1965.0	1965.15	1965.4846	1971.0	1.805	COMPLETED
302	id-00260	2	3	5	3	1966.0	1966.0	1966.19	1966.5242	1969.0	2.286	COMPLETED
302	id-00261	3	6	4	4	1967.0	1967.0	1967.31	1967.6096	1971.0	5.595	COMPLETED
302	id-00262	9	11	2	1	1967.0	1967.0	1967.07	1968.0	1968.0	5.11	EXPIRED
302	id-00263	3	3	9	1	1967.0	1967.0	1967.69	1968.0	1968.0	12.453	EXPIRED
302	id-00264	2	2	8	5	1968.0	1968.0	1968.3	1968.471	1973.0	3.61	COMPLETED
302	id-00265	3	4	9	6	1969.0	1969.0	1969.35	1969.7727	1975.0	6.317	COMPLETED
302	id-00266	3	2	2	2	1969.0	1969.0	1969.07	1969.3108	1971.0	1.263	COMPLETED
302	id-00267	5	2	4	4	1970.0	1970.0	1970.15	1970.4576	1974.0	4.512	COMPLETED
302	id-00268	2	4	9	3	1971.0	1971.0	1971.33	1971.7305	1974.0	3.971	COMPLETED
302	id-00269	4	5	2	4	1972.0	1972.0	1972.07	1972.2773	1976.0	1.684	COMPLETED
302	id-00270	2	2	1	3	1973.0	1973.0	1973.04	1973.2006	1976.0	0.481	COMPLETED
302	id-00271	1	2	10	2	1975.0	1975.0	1975.4	1975.7513	1977.0	2.406	COMPLETED
302	id-00272	7	3	1	4	1976.0	1976.0	1976.04	1976.5176	1980.0	2.439	COMPLETED
302	id-00273	3	4	6	5	1977.0	1977.0	1977.24	1977.438	1982.0	4.332	COMPLETED
302	id-00274	1	2	6	6	1978.0	1978.0	1978.24	1978.4718	1984.0	1.444	COMPLETED
302	id-00275	5	9	1	6	1979.0	1979.0	1979.08	1979.5048	1985.0	2.406	COMPLETED
302	id-00276	1	2	2	2	1979.0	1979.0	1979.16	1979.3183	1981.0	2.471	COMPLETED
302	id-00277	1	2	9	1	1980.0	1980.0	1980.35	1981.0	1981.0	2.106	EXPIRED
302	id-00278	1	2	8	1	1980.0	1980.0	1980.3	1981.0	1981.0	1.805	EXPIRED
302	id-00279	6	4	10	6	1980.0	1980.0	1980.4	1980.8531	1986.0	18.21	COMPLETED
302	id-00280	3	6	7	3	1981.0	1981.0	1981.52	1981.9204	1984.0	9.385	COMPLETED
302	id-00281	2	2	6	5	1981.0	1981.0	1981.44	1981.8019	1986.0	5.294	COMPLETED
302	id-00282	3	2	5	1	1984.0	1984.0	1984.19	1985.0	1985.0	3.429	EXPIRED
302	id-00283	8	14	4	6	1985.0	1985.0	1985.15	1985.4851	1991.0	10.048	COMPLETED
302	id-00284	9	12	8	3	1987.0	1987.0	1987.62	1987.9444	1990.0	51.105	COMPLETED
302	id-00285	5	3	1	6	1987.0	1987.0	1987.08	1987.2628	1993.0	6.178	COMPLETED
302	id-00286	7	14	5	7	1987.0	1987.0	1987.19	1987.3859	1994.0	9.793	COMPLETED
302	id-00287	3	6	3	6	1988.0	1988.0	1988.12	1988.595	1994.0	2.166	COMPLETED
302	id-00288	5	6	1	4	1988.0	1988.0	1988.04	1988.2944	1992.0	1.203	COMPLETED
302	id-00289	9	14	6	1	1989.0	1989.0	1989.69	1990.0	1990.0	56.875	EXPIRED
302	id-00290	5	2	1	5	1989.0	1989.0	1989.12	1989.5196	1994.0	9.266	COMPLETED
302	id-00291	4	8	1	5	1989.0	1989.0	1989.08	1989.5402	1994.0	1.925	COMPLETED
302	id-00292	9	13	9	2	1989.0	1989.0	1989.69	1989.9833	1991.0	82.897	COMPLETED
302	id-00293	2	2	2	3	1989.0	1989.0	1989.23	1989.3342	1992.0	7.104	COMPLETED
302	id-00294	2	3	8	3	1991.0	1991.0	1991.3	1991.638	1994.0	3.61	COMPLETED
302	id-00295	9	7	7	5	1992.0	1992.0	1992.26	1992.6561	1997.0	18.98	COMPLETED
302	id-00296	4	4	6	4	1996.0	1996.0	1996.21	1996.5893	2000.0	5.053	COMPLETED
302	id-00297	4	7	2	4	1997.0	1997.0	1997.07	1997.2632	2001.0	1.684	COMPLETED
302	id-00298	5	4	5	6	1998.0	1998.0	1998.17	1998.3905	2004.0	5.114	COMPLETED
302	id-00299	5	6	9	2	1999.0	1999.0	1999.31	1999.5366	2001.0	9.325	COMPLETED
302	id-00300	8	5	1	2	2000.0	2000.0	2000.03	2000.4646	2002.0	1.444	COMPLETED
302	id-00301	5	2	2	3	2000.0	2000.0	2000.08	2000.5078	2003.0	2.406	COMPLETED
