326	id-00000	3	3	4	7	1703.0	1703.0	1703.16	1703.302	1710.0	2.888	COMPLETED
326	id-00001	7	4	4	2	1704.0	1704.0	1704.16	1704.4015	1706.0	9.755	COMPLETED
326	id-00002	4	7	9	6	1704.0	1704.0	1704.39	1704.7953	1710.0	13.062	COMPLETED
326	id-00003	3	2	8	3	1704.0	1704.0	1704.33	1704.5003	1707.0	5.956	COMPLETED
326	id-00004	9	11	4	6	1706.0	1706.0	1706.17	1706.5229	1712.0	17.218	COMPLETED
326	id-00005	9	15	1	1	1706.0	1706.0	1706.04	1707.0	1707.0	4.051	EXPIRED
326	id-00006	10	6	8	4	1708.0	1708.0	1708.33	1708.6551	1712.0	38.52	COMPLETED
326	id-00007	6	11	2	1	1709.0	1709.0	1709.08	1710.0	1710.0	4.396	EXPIRED
326	id-00008	10	3	9	3	1714.0	1714.0	1714.38	1714.8605	1717.0	44.357	COMPLETED
326	id-00009	1	2	2	4	1718.0	1718.0	1718.08	1718.2162	1722.0	0.481	COMPLETED
326	id-00010	1	2	5	1	1719.0	1719.0	1719.2	1720.0	1720.0	1.203	EXPIRED
326	id-00011	8	15	6	4	1722.0	1722.0	1722.25	1722.4929	1726.0	21.46	COMPLETED
326	id-00012	4	2	5	1	1728.0	1728.0	1728.21	1729.0	1729.0	5.053	EXPIRED
326	id-00013	7	3	5	7	1728.0	1728.0	1728.21	1728.6879	1735.0	14.783	COMPLETED
326	id-00014	1	2	9	1	1729.0	1729.0	1729.38	1730.0	1730.0	2.286	EXPIRED
326	id-00015	2	2	2	2	1730.0	1730.0	1730.08	1730.3569	1732.0	0.963	COMPLETED
326	id-00016	9	6	1	1	1731.0	1731.0	1731.04	1732.0	1732.0	4.051	EXPIRED
326	id-00017	5	5	3	4	1731.0	1731.0	1731.12	1731.3994	1735.0	4.741	COMPLETED
326	id-00018	7	7	8	7	1732.0	1732.0	1732.33	1732.5247	1739.0	23.231	COMPLETED
326	id-00019	10	14	2	4	1736.0	1736.0	1736.16	1736.2719	1740.0	17.168	COMPLETED
326	id-00020	9	5	5	7	1736.0	1736.0	1736.22	1736.3545	1743.0	24.357	COMPLETED
326	id-00021	6	3	7	2	1736.0	1736.0	1736.56	1736.7563	1738.0	51.892	COMPLETED
326	id-00022	2	3	9	2	1737.0	1737.0	1737.36	1737.8243	1739.0	4.332	COMPLETED
326	id-00023	2	3	8	2	1738.0	1738.0	1738.64	1739.0278	1740.0	7.7	COMPLETED
326	id-00024	3	6	4	6	1738.0	1738.0	1738.32	1738.4996	1744.0	5.775	COMPLETED
326	id-00025	7	7	10	4	1739.0	1739.0	1739.43	1739.61	1743.0	34.324	COMPLETED
326	id-00026	2	4	10	3	1739.0	1739.0	1740.2	1740.4988	1742.0	14.438	COMPLETED
326	id-00027	6	12	7	5	1739.0	1739.0	1739.84	1740.1498	1744.0	54.079	COMPLETED
326	id-00028	9	17	6	7	1739.0	1739.0	1739.72	1739.9572	1746.0	100.077	COMPLETED
326	id-00029	1	2	2	7	1740.0	1740.0	1740.08	1740.2623	1747.0	0.481	COMPLETED
326	id-00030	1	2	8	3	1740.0	1740.0	1740.35	1740.5038	1743.0	2.106	COMPLETED
326	id-00031	10	19	7	3	1740.0	1740.0	1740.61	1740.9238	1743.0	76.955	COMPLETED
326	id-00032	1	2	3	7	1740.0	1740.0	1740.26	1740.4976	1747.0	4.015	COMPLETED
326	id-00033	9	15	3	2	1741.0	1741.0	1741.12	1741.467	1743.0	11.023	COMPLETED
326	id-00034	3	6	8	7	1742.0	1742.0	1742.32	1742.803	1749.0	5.775	COMPLETED
326	id-00035	2	2	2	6	1745.0	1745.0	1745.08	1745.3057	1751.0	0.963	COMPLETED
326	id-00036	7	14	4	2	1746.0	1746.0	1746.17	1746.3617	1748.0	11.967	COMPLETED
326	id-00037	9	16	5	2	1747.0	1747.0	1747.21	1747.5363	1749.0	21.27	COMPLETED
326	id-00038	5	9	4	7	1749.0	1749.0	1749.17	1749.5877	1756.0	6.716	COMPLETED
326	id-00039	5	6	5	3	1750.0	1750.0	1750.21	1750.5021	1753.0	8.297	COMPLETED
326	id-00040	6	3	8	1	1751.0	1751.0	1751.33	1752.0	1752.0	18.134	EXPIRED
326	id-00041	8	5	9	6	1751.0	1751.0	1751.39	1751.7592	1757.0	37.155	COMPLETED
326	id-00042	2	4	7	7	1752.0	1752.0	1752.58	1752.9225	1759.0	6.979	COMPLETED
326	id-00043	1	2	8	4	1752.0	1752.0	1752.67	1753.1574	1756.0	4.031	COMPLETED
326	id-00044	5	5	5	7	1754.0	1754.0	1754.21	1754.5892	1761.0	8.297	COMPLETED
326	id-00045	8	10	10	1	1754.0	1754.0	1754.43	1755.0	1755.0	40.965	EXPIRED
326	id-00046	5	5	7	1	1755.0	1755.0	1755.29	1756.0	1756.0	11.457	EXPIRED
326	id-00047	2	2	6	5	1756.0	1756.0	1756.25	1756.6907	1761.0	3.008	COMPLETED
326	id-00048	7	10	7	5	1756.0	1756.0	1756.29	1756.6496	1761.0	20.415	COMPLETED
326	id-00049	5	5	4	2	1757.0	1757.0	1757.17	1757.5243	1759.0	6.716	COMPLETED
326	id-00050	9	5	8	3	1757.0	1757.0	1757.33	1757.5373	1760.0	33.424	COMPLETED
326	id-00051	6	8	5	1	1758.0	1758.0	1758.21	1759.0	1759.0	11.54	EXPIRED
326	id-00052	5	3	6	4	1758.0	1758.0	1758.25	1758.7466	1762.0	9.877	COMPLETED
326	id-00053	5	10	3	4	1759.0	1759.0	1759.25	1759.6251	1763.0	9.877	COMPLETED
326	id-00054	9	3	8	5	1759.0	1759.0	1759.33	1759.7778	1764.0	33.424	COMPLETED
326	id-00055	6	4	2	6	1759.0	1759.0	1759.17	1759.3199	1765.0	15.753	COMPLETED
326	id-00056	1	2	8	3	1760.0	1760.0	1760.33	1760.7966	1763.0	1.985	COMPLETED
326	id-00057	5	6	3	7	1761.0	1761.0	1761.12	1761.5743	1768.0	4.741	COMPLETED
326	id-00058	6	3	4	3	1761.0	1761.0	1761.33	1761.5228	1764.0	18.134	COMPLETED
326	id-00059	7	10	2	4	1761.0	1761.0	1761.17	1761.5767	1765.0	18.378	COMPLETED
326	id-00060	4	6	8	5	1762.0	1762.0	1762.33	1762.6215	1767.0	7.941	COMPLETED
326	id-00061	4	3	2	6	1763.0	1763.0	1763.09	1763.5769	1769.0	3.863	COMPLETED
326	id-00062	6	3	1	4	1763.0	1763.0	1763.08	1763.4637	1767.0	4.396	COMPLETED
326	id-00063	10	5	1	1	1763.0	1763.0	1763.04	1764.0	1764.0	4.669	EXPIRED
326	id-00064	3	6	7	2	1763.0	1763.0	1763.58	1763.926	1765.0	26.873	COMPLETED
326	id-00065	2	2	3	6	1764.0	1764.0	1764.12	1764.463	1770.0	1.444	COMPLETED
326	id-00066	5	9	9	1	1765.0	1765.0	1765.78	1766.0	1766.0	38.17	EXPIRED
326	id-00067	2	2	5	4	1765.0	1765.0	1765.43	1765.8551	1769.0	13.282	COMPLETED
326	id-00068	10	19	10	2	1767.0	1767.0	1767.43	1767.531	1769.0	54.247	COMPLETED
326	id-00069	8	10	3	2	1768.0	1768.0	1768.13	1768.4667	1770.0	12.385	COMPLETED
326	id-00070	4	2	4	3	1768.0	1768.0	1768.17	1768.2707	1771.0	5.694	COMPLETED
326	id-00071	4	3	7	5	1768.0	1768.0	1768.3	1768.7017	1773.0	10.048	COMPLETED
326	id-00072	9	11	5	4	1770.0	1770.0	1770.21	1770.5688	1774.0	21.27	COMPLETED
326	id-00073	1	2	9	7	1771.0	1771.0	1771.39	1771.5458	1778.0	2.346	COMPLETED
326	id-00074	4	3	1	7	1771.0	1771.0	1771.04	1771.4769	1778.0	0.963	COMPLETED
326	id-00075	1	2	2	4	1773.0	1773.0	1773.08	1773.3761	1777.0	0.481	COMPLETED
326	id-00076	10	7	9	2	1775.0	1775.0	1775.36	1775.7236	1777.0	38.628	COMPLETED
326	id-00077	9	7	5	1	1777.0	1777.0	1777.2	1778.0	1778.0	18.371	EXPIRED
326	id-00078	4	7	10	5	1778.0	1778.0	1778.45	1778.9003	1783.0	19.314	COMPLETED
326	id-00079	10	20	5	4	1778.0	1778.0	1778.4	1778.7122	1782.0	42.92	COMPLETED
326	id-00080	5	4	9	4	1778.0	1778.0	1778.75	1779.17	1782.0	29.631	COMPLETED
326	id-00081	3	2	4	7	1778.0	1778.0	1778.32	1778.5468	1785.0	14.826	COMPLETED
326	id-00082	4	7	7	7	1778.0	1778.0	1778.58	1778.7942	1785.0	35.83	COMPLETED
326	id-00083	10	5	10	2	1782.0	1782.0	1782.42	1782.8694	1784.0	49.026	COMPLETED
326	id-00084	9	3	10	5	1782.0	1782.0	1782.43	1782.6939	1787.0	47.606	COMPLETED
326	id-00085	8	14	7	5	1783.0	1783.0	1783.27	1783.7303	1788.0	18.086	COMPLETED
326	id-00086	2	2	3	2	1784.0	1784.0	1784.12	1784.4412	1786.0	1.444	COMPLETED
326	id-00087	5	8	10	5	1784.0	1784.0	1784.42	1784.5326	1789.0	16.593	COMPLETED
326	id-00088	8	9	5	5	1785.0	1785.0	1785.2	1785.4333	1790.0	15.282	COMPLETED
326	id-00089	4	5	9	5	1786.0	1786.0	1786.36	1786.7808	1791.0	8.663	COMPLETED
326	id-00090	6	6	6	3	1788.0	1788.0	1788.5	1788.835	1791.0	27.476	COMPLETED
326	id-00091	1	2	2	6	1788.0	1788.0	1788.17	1788.2844	1794.0	2.625	COMPLETED
326	id-00092	3	3	2	3	1788.0	1788.0	1788.08	1788.4677	1791.0	1.444	COMPLETED
326	id-00093	6	11	2	4	1789.0	1789.0	1789.08	1789.2144	1793.0	3.642	COMPLETED
326	id-00094	6	9	6	7	1790.0	1790.0	1790.23	1790.41	1797.0	8.302	COMPLETED
326	id-00095	5	2	8	7	1791.0	1791.0	1791.32	1791.6214	1798.0	9.626	COMPLETED
326	id-00096	3	4	9	1	1791.0	1791.0	1791.69	1792.0	1792.0	12.453	EXPIRED
326	id-00097	8	9	4	7	1791.0	1791.0	1791.31	1791.55	1798.0	29.533	COMPLETED
326	id-00098	10	11	1	2	1792.0	1792.0	1792.08	1792.5273	1794.0	7.83	COMPLETED
326	id-00099	5	3	7	1	1792.0	1792.0	1792.54	1793.0	1793.0	41.699	EXPIRED
326	id-00100	4	6	4	5	1794.0	1794.0	1794.15	1794.6239	1799.0	3.61	COMPLETED
326	id-00101	4	6	8	4	1796.0	1796.0	1796.3	1796.7321	1800.0	7.219	COMPLETED
326	id-00102	5	8	5	7	1797.0	1797.0	1797.19	1797.4255	1804.0	5.715	COMPLETED
326	id-00103	5	3	7	7	1798.0	1798.0	1798.28	1798.425	1805.0	8.422	COMPLETED
326	id-00104	7	13	7	6	1798.0	1798.0	1798.26	1798.3971	1804.0	10.949	COMPLETED
326	id-00105	6	5	5	6	1799.0	1799.0	1799.2	1799.4966	1805.0	9.105	COMPLETED
326	id-00106	8	3	9	7	1799.0	1799.0	1799.39	1799.5003	1806.0	37.155	COMPLETED
326	id-00107	9	2	1	2	1799.0	1799.0	1799.04	1799.4056	1801.0	2.92	COMPLETED
326	id-00108	9	11	9	6	1799.0	1799.0	1799.38	1799.8304	1805.0	38.488	COMPLETED
326	id-00109	7	4	7	3	1800.0	1800.0	1800.26	1800.5959	1803.0	10.949	COMPLETED
326	id-00110	9	12	9	1	1802.0	1802.0	1802.33	1803.0	1803.0	24.09	EXPIRED
326	id-00111	4	4	5	1	1804.0	1804.0	1804.19	1805.0	1805.0	4.572	EXPIRED
326	id-00112	8	8	5	7	1805.0	1805.0	1805.19	1805.5158	1812.0	10.936	COMPLETED
326	id-00113	10	13	10	5	1807.0	1807.0	1807.4	1807.7933	1812.0	42.92	COMPLETED
326	id-00114	2	2	5	6	1809.0	1809.0	1809.4	1809.7171	1815.0	4.813	COMPLETED
326	id-00115	1	2	4	1	1809.0	1809.0	1809.3	1810.0	1810.0	1.805	EXPIRED
326	id-00116	6	8	9	6	1809.0	1809.0	1809.38	1809.828	1815.0	20.882	COMPLETED
326	id-00117	4	8	8	2	1809.0	1809.0	1809.64	1809.8403	1811.0	21.435	COMPLETED
326	id-00118	6	6	3	4	1809.0	1809.0	1809.22	1809.4582	1813.0	7.941	COMPLETED
326	id-00119	8	6	3	3	1810.0	1810.0	1810.1	1810.2179	1813.0	4.813	COMPLETED
326	id-00120	8	5	2	5	1813.0	1813.0	1813.06	1813.5176	1818.0	2.888	COMPLETED
326	id-00121	2	2	5	5	1813.0	1813.0	1813.19	1813.3076	1818.0	2.286	COMPLETED
326	id-00122	5	4	5	5	1813.0	1813.0	1813.2	1813.5601	1818.0	6.016	COMPLETED
326	id-00123	4	8	3	7	1814.0	1814.0	1814.1	1814.2185	1821.0	2.406	COMPLETED
326	id-00124	7	8	10	3	1814.0	1814.0	1814.38	1814.6291	1817.0	19.585	COMPLETED
326	id-00125	4	3	1	2	1816.0	1816.0	1816.03	1816.1578	1818.0	0.722	COMPLETED
326	id-00126	8	12	8	5	1816.0	1816.0	1816.32	1816.6025	1821.0	24.452	COMPLETED
326	id-00127	1	2	1	3	1816.0	1816.0	1816.04	1816.4677	1819.0	0.241	COMPLETED
326	id-00128	6	12	9	2	1820.0	1820.0	1820.33	1820.615	1822.0	11.912	COMPLETED
326	id-00129	4	2	3	1	1820.0	1820.0	1820.1	1821.0	1821.0	2.406	EXPIRED
326	id-00130	10	5	3	3	1822.0	1822.0	1822.11	1822.2888	1825.0	9.729	COMPLETED
326	id-00131	7	10	4	7	1823.0	1823.0	1823.15	1823.4084	1830.0	6.317	COMPLETED
326	id-00132	9	7	1	7	1823.0	1823.0	1823.03	1823.4893	1830.0	1.624	COMPLETED
326	id-00133	3	6	7	2	1824.0	1824.0	1824.24	1824.4644	1826.0	4.332	COMPLETED
326	id-00134	10	8	1	7	1826.0	1826.0	1826.04	1826.3876	1833.0	3.915	COMPLETED
326	id-00135	2	4	4	5	1828.0	1828.0	1828.15	1828.2575	1833.0	1.805	COMPLETED
326	id-00136	9	7	9	7	1829.0	1829.0	1829.35	1829.5158	1836.0	28.85	COMPLETED
326	id-00137	10	20	10	2	1829.0	1829.0	1829.38	1829.8098	1831.0	37.191	COMPLETED
326	id-00138	2	4	9	4	1833.0	1833.0	1833.33	1833.7968	1837.0	3.971	COMPLETED
326	id-00139	2	4	10	6	1833.0	1833.0	1833.38	1833.5555	1839.0	4.572	COMPLETED
326	id-00140	1	2	4	5	1834.0	1834.0	1834.15	1834.2842	1839.0	0.902	COMPLETED
326	id-00141	1	2	8	3	1835.0	1835.0	1835.3	1835.5623	1838.0	1.805	COMPLETED
326	id-00142	10	11	2	4	1836.0	1836.0	1836.07	1836.2691	1840.0	6.191	COMPLETED
326	id-00143	10	5	5	6	1838.0	1838.0	1838.21	1838.3457	1844.0	24.513	COMPLETED
326	id-00144	2	3	2	3	1838.0	1838.0	1838.07	1838.4648	1841.0	0.842	COMPLETED
326	id-00145	3	2	5	5	1838.0	1838.0	1838.19	1838.3131	1843.0	3.429	COMPLETED
326	id-00146	9	4	3	4	1839.0	1839.0	1839.11	1839.56	1843.0	8.03	COMPLETED
326	id-00147	6	12	9	5	1840.0	1840.0	1840.35	1840.4919	1845.0	12.634	COMPLETED
326	id-00148	6	12	7	2	1840.0	1840.0	1840.52	1841.0043	1842.0	18.77	COMPLETED
326	id-00149	8	13	9	6	1840.0	1840.0	1840.36	1840.5664	1846.0	27.508	COMPLETED
326	id-00150	5	5	8	1	1840.0	1840.0	1840.59	1841.0	1841.0	39.997	EXPIRED
326	id-00151	10	15	10	7	1843.0	1843.0	1843.38	1843.7318	1850.0	37.191	COMPLETED
326	id-00152	1	2	4	3	1843.0	1843.0	1843.15	1843.2728	1846.0	0.902	COMPLETED
326	id-00153	9	16	5	2	1844.0	1844.0	1844.19	1844.4301	1846.0	13.87	COMPLETED
326	id-00154	7	5	8	3	1844.0	1844.0	1844.31	1844.4344	1847.0	15.977	COMPLETED
326	id-00155	6	9	1	7	1846.0	1846.0	1846.07	1846.2946	1853.0	2.527	COMPLETED
326	id-00156	2	3	8	4	1846.0	1846.0	1846.59	1847.0078	1850.0	12.661	COMPLETED
326	id-00157	1	2	9	6	1846.0	1846.0	1846.36	1846.4989	1852.0	2.166	COMPLETED
326	id-00158	9	10	4	4	1847.0	1847.0	1847.15	1847.4532	1851.0	10.95	COMPLETED
326	id-00159	8	15	7	1	1847.0	1847.0	1847.28	1848.0	1848.0	21.395	EXPIRED
326	id-00160	8	12	3	7	1848.0	1848.0	1848.11	1848.5568	1855.0	6.331	COMPLETED
326	id-00161	8	6	9	7	1849.0	1849.0	1849.36	1849.6066	1856.0	27.508	COMPLETED
326	id-00162	4	6	3	4	1849.0	1849.0	1849.11	1849.5032	1853.0	2.647	COMPLETED
326	id-00163	3	6	2	6	1850.0	1850.0	1850.08	1850.3983	1856.0	1.444	COMPLETED
326	id-00164	9	13	7	1	1850.0	1850.0	1850.28	1851.0	1851.0	25.72	EXPIRED
326	id-00165	1	2	8	4	1850.0	1850.0	1850.33	1850.6707	1854.0	1.985	COMPLETED
326	id-00166	10	16	10	5	1852.0	1852.0	1852.4	1852.5639	1857.0	42.92	COMPLETED
326	id-00167	9	8	2	6	1853.0	1853.0	1853.08	1853.4603	1859.0	7.348	COMPLETED
326	id-00168	4	4	3	7	1853.0	1853.0	1853.25	1853.6577	1860.0	6.016	COMPLETED
326	id-00169	2	2	3	6	1853.0	1853.0	1853.24	1853.5547	1859.0	2.888	COMPLETED
326	id-00170	3	4	9	6	1853.0	1853.0	1853.75	1854.1804	1859.0	34.749	COMPLETED
326	id-00171	8	5	5	2	1853.0	1853.0	1853.4	1853.8433	1855.0	38.107	COMPLETED
326	id-00172	6	3	1	5	1855.0	1855.0	1855.08	1855.183	1860.0	3.642	COMPLETED
326	id-00173	6	10	10	3	1855.0	1855.0	1855.8	1855.9459	1858.0	36.419	COMPLETED
326	id-00174	2	3	7	4	1855.0	1855.0	1855.56	1855.9732	1859.0	17.297	COMPLETED
326	id-00175	3	4	6	3	1855.0	1855.0	1855.48	1855.624	1858.0	22.239	COMPLETED
326	id-00176	10	20	5	4	1858.0	1858.0	1858.4	1858.5317	1862.0	42.92	COMPLETED
326	id-00177	6	12	3	2	1858.0	1858.0	1858.12	1858.3545	1860.0	5.463	COMPLETED
326	id-00178	1	2	4	5	1858.0	1858.0	1858.32	1858.4452	1863.0	4.942	COMPLETED
326	id-00179	7	5	2	4	1860.0	1860.0	1860.08	1860.4504	1864.0	4.123	COMPLETED
326	id-00180	8	11	6	2	1861.0	1861.0	1861.24	1861.3887	1863.0	18.339	COMPLETED
326	id-00181	9	14	5	5	1861.0	1861.0	1861.21	1861.5978	1866.0	21.27	COMPLETED
326	id-00182	3	5	5	1	1861.0	1861.0	1861.19	1862.0	1862.0	3.429	EXPIRED
326	id-00183	6	9	4	1	1863.0	1863.0	1863.15	1864.0	1864.0	5.414	EXPIRED
326	id-00184	7	12	7	5	1865.0	1865.0	1865.28	1865.768	1870.0	17.071	COMPLETED
326	id-00185	6	2	2	3	1865.0	1865.0	1865.08	1865.2579	1868.0	3.642	COMPLETED
326	id-00186	5	9	8	5	1867.0	1867.0	1867.32	1867.434	1872.0	9.626	COMPLETED
326	id-00187	6	11	7	3	1868.0	1868.0	1868.28	1868.7426	1871.0	12.747	COMPLETED
326	id-00188	6	4	4	6	1869.0	1869.0	1869.16	1869.3811	1875.0	7.284	COMPLETED
326	id-00189	1	2	8	5	1870.0	1870.0	1870.31	1870.4341	1875.0	1.865	COMPLETED
326	id-00190	6	7	6	1	1870.0	1870.0	1870.23	1871.0	1871.0	8.302	EXPIRED
326	id-00191	7	7	4	2	1871.0	1871.0	1871.15	1871.4696	1873.0	7.731	COMPLETED
326	id-00192	10	14	8	5	1872.0	1872.0	1872.31	1872.4735	1877.0	30.34	COMPLETED
326	id-00193	6	12	7	2	1874.0	1874.0	1874.27	1874.6023	1876.0	9.746	COMPLETED
326	id-00194	4	8	10	3	1875.0	1875.0	1875.37	1875.7902	1878.0	8.904	COMPLETED
326	id-00195	10	17	6	1	1878.0	1878.0	1878.44	1879.0	1879.0	38.915	EXPIRED
326	id-00196	4	5	1	7	1878.0	1878.0	1878.07	1878.2798	1885.0	4.324	COMPLETED
326	id-00197	6	2	7	3	1879.0	1879.0	1879.26	1879.509	1882.0	9.385	COMPLETED
326	id-00198	1	2	9	3	1882.0	1882.0	1882.67	1882.9794	1885.0	4.031	COMPLETED
326	id-00199	8	15	3	4	1882.0	1882.0	1882.22	1882.5748	1886.0	14.736	COMPLETED
326	id-00200	6	4	3	7	1882.0	1882.0	1882.23	1882.4079	1889.0	8.302	COMPLETED
326	id-00201	6	6	9	3	1882.0	1882.0	1882.69	1883.1137	1885.0	63.938	COMPLETED
326	id-00202	7	10	4	1	1884.0	1884.0	1884.15	1885.0	1885.0	6.317	EXPIRED
326	id-00203	10	18	10	7	1885.0	1885.0	1885.4	1885.6251	1892.0	42.92	COMPLETED
326	id-00204	6	2	5	5	1886.0	1886.0	1886.19	1886.3434	1891.0	6.858	COMPLETED
326	id-00205	10	19	5	2	1887.0	1887.0	1887.4	1887.7562	1889.0	42.92	COMPLETED
326	id-00206	5	8	2	5	1887.0	1887.0	1887.16	1887.3137	1892.0	12.355	COMPLETED
326	id-00207	6	7	10	2	1889.0	1889.0	1889.38	1889.5141	1891.0	13.716	COMPLETED
326	id-00208	4	4	3	2	1891.0	1891.0	1891.12	1891.225	1893.0	2.888	COMPLETED
326	id-00209	5	6	4	5	1893.0	1893.0	1893.15	1893.4822	1898.0	4.512	COMPLETED
326	id-00210	4	7	7	2	1894.0	1894.0	1894.27	1894.419	1896.0	6.497	COMPLETED
326	id-00211	5	9	9	7	1894.0	1894.0	1894.38	1894.8081	1901.0	15.013	COMPLETED
326	id-00212	4	3	2	5	1895.0	1895.0	1895.08	1895.2013	1900.0	1.925	COMPLETED
326	id-00213	9	17	7	3	1896.0	1896.0	1896.27	1896.4851	1899.0	22.256	COMPLETED
326	id-00214	3	6	6	7	1898.0	1898.0	1898.23	1898.5956	1905.0	4.151	COMPLETED
326	id-00215	10	2	1	3	1900.0	1900.0	1900.04	1900.3676	1903.0	3.915	COMPLETED
326	id-00216	4	7	2	4	1900.0	1900.0	1900.08	1900.204	1904.0	1.925	COMPLETED
326	id-00217	7	3	6	2	1901.0	1901.0	1901.23	1901.4449	1903.0	11.854	COMPLETED
326	id-00218	7	4	2	7	1901.0	1901.0	1901.08	1901.1807	1908.0	5.632	COMPLETED
326	id-00219	8	2	2	6	1901.0	1901.0	1901.08	1901.5204	1907.0	5.359	COMPLETED
326	id-00220	9	15	1	2	1903.0	1903.0	1903.04	1903.3152	1905.0	3.297	COMPLETED
326	id-00221	8	16	1	5	1904.0	1904.0	1904.04	1904.197	1909.0	2.679	COMPLETED
326	id-00222	8	9	4	5	1905.0	1905.0	1905.15	1905.3581	1910.0	8.633	COMPLETED
326	id-00223	4	6	10	3	1908.0	1908.0	1908.74	1909.0104	1911.0	17.807	COMPLETED
326	id-00224	4	6	9	7	1908.0	1908.0	1908.35	1908.8031	1915.0	8.422	COMPLETED
326	id-00225	7	13	8	5	1908.0	1908.0	1908.59	1908.922	1913.0	47.096	COMPLETED
326	id-00226	7	12	3	6	1910.0	1910.0	1910.12	1910.3422	1916.0	7.316	COMPLETED
326	id-00227	3	6	7	5	1911.0	1911.0	1911.28	1911.7106	1916.0	5.053	COMPLETED
326	id-00228	6	2	6	1	1911.0	1911.0	1911.24	1912.0	1912.0	10.926	EXPIRED
326	id-00229	1	2	2	5	1913.0	1913.0	1913.08	1913.416	1918.0	0.481	COMPLETED
326	id-00230	6	4	7	5	1913.0	1913.0	1913.29	1913.7708	1918.0	15.936	COMPLETED
326	id-00231	2	2	1	3	1913.0	1913.0	1913.04	1913.509	1916.0	0.481	COMPLETED
326	id-00232	8	10	4	6	1918.0	1918.0	1918.15	1918.4916	1924.0	10.048	COMPLETED
326	id-00233	3	4	10	5	1919.0	1919.0	1919.38	1919.5541	1924.0	6.858	COMPLETED
326	id-00234	9	8	2	4	1920.0	1920.0	1920.07	1920.2956	1924.0	5.11	COMPLETED
326	id-00235	2	4	2	7	1920.0	1920.0	1920.08	1920.1859	1927.0	0.963	COMPLETED
326	id-00236	4	7	10	7	1921.0	1921.0	1921.42	1921.6445	1928.0	10.107	COMPLETED
326	id-00237	6	10	4	3	1921.0	1921.0	1921.15	1921.2777	1924.0	5.414	COMPLETED
326	id-00238	1	2	2	3	1921.0	1921.0	1921.07	1921.257	1924.0	0.421	COMPLETED
326	id-00239	2	3	10	2	1923.0	1923.0	1923.37	1923.4885	1925.0	4.452	COMPLETED
326	id-00240	6	7	7	1	1924.0	1924.0	1924.26	1925.0	1925.0	9.385	EXPIRED
326	id-00241	10	4	2	3	1926.0	1926.0	1926.15	1926.3737	1929.0	14.681	COMPLETED
326	id-00242	7	11	8	5	1926.0	1926.0	1926.33	1926.8053	1931.0	23.231	COMPLETED
326	id-00243	5	6	7	2	1926.0	1926.0	1926.54	1927.032	1928.0	41.699	COMPLETED
326	id-00244	5	5	10	7	1928.0	1928.0	1928.42	1928.5361	1935.0	16.593	COMPLETED
326	id-00245	7	6	10	5	1928.0	1928.0	1928.38	1928.6379	1933.0	19.585	COMPLETED
326	id-00246	4	8	7	4	1930.0	1930.0	1930.25	1930.503	1934.0	6.016	COMPLETED
326	id-00247	10	10	10	4	1931.0	1931.0	1931.36	1931.652	1935.0	28.446	COMPLETED
326	id-00248	6	3	3	2	1931.0	1931.0	1931.11	1931.2471	1933.0	3.971	COMPLETED
326	id-00249	2	3	10	4	1932.0	1932.0	1932.36	1932.5565	1936.0	4.332	COMPLETED
326	id-00250	10	15	4	3	1933.0	1933.0	1933.14	1933.5136	1936.0	11.062	COMPLETED
326	id-00251	10	20	6	2	1933.0	1933.0	1933.43	1933.5779	1935.0	33.977	COMPLETED
326	id-00252	7	6	4	7	1933.0	1933.0	1933.29	1933.7788	1940.0	31.351	COMPLETED
326	id-00253	4	4	7	5	1934.0	1934.0	1934.25	1934.7318	1939.0	6.016	COMPLETED
326	id-00254	8	16	8	6	1934.0	1934.0	1934.57	1934.795	1940.0	27.433	COMPLETED
326	id-00255	3	5	9	5	1934.0	1934.0	1934.64	1934.7814	1939.0	29.652	COMPLETED
326	id-00256	6	8	9	1	1935.0	1935.0	1935.31	1936.0	1936.0	11.19	EXPIRED
326	id-00257	5	3	6	3	1937.0	1937.0	1937.21	1937.4223	1940.0	6.317	COMPLETED
326	id-00258	5	4	9	4	1938.0	1938.0	1938.62	1938.8437	1942.0	18.65	COMPLETED
326	id-00259	3	4	2	7	1938.0	1938.0	1938.14	1938.2795	1945.0	2.527	COMPLETED
326	id-00260	1	2	10	6	1939.0	1939.0	1939.34	1939.6563	1945.0	2.045	COMPLETED
326	id-00261	1	2	1	5	1940.0	1940.0	1940.03	1940.3129	1945.0	0.18	COMPLETED
326	id-00262	4	5	1	6	1940.0	1940.0	1940.04	1940.4517	1946.0	0.963	COMPLETED
326	id-00263	3	6	2	5	1942.0	1942.0	1942.14	1942.5501	1947.0	2.527	COMPLETED
326	id-00264	9	17	3	3	1942.0	1942.0	1942.21	1942.3803	1945.0	17.31	COMPLETED
326	id-00265	1	2	6	1	1943.0	1943.0	1943.21	1944.0	1944.0	1.263	EXPIRED
326	id-00266	6	10	8	2	1943.0	1943.0	1943.31	1943.5563	1945.0	11.19	COMPLETED
326	id-00267	9	14	4	7	1944.0	1944.0	1944.14	1944.6249	1951.0	7.58	COMPLETED
326	id-00268	6	12	5	2	1945.0	1945.0	1945.4	1945.6035	1947.0	18.21	COMPLETED
326	id-00269	9	13	5	1	1945.0	1945.0	1945.16	1946.0	1946.0	8.663	EXPIRED
326	id-00270	7	8	6	1	1945.0	1945.0	1945.48	1946.0	1946.0	51.892	EXPIRED
326	id-00271	2	4	10	1	1947.0	1947.0	1947.31	1948.0	1948.0	3.73	EXPIRED
326	id-00272	8	3	1	1	1948.0	1948.0	1948.03	1949.0	1949.0	1.444	EXPIRED
326	id-00273	4	7	7	4	1948.0	1948.0	1948.28	1948.591	1952.0	6.738	COMPLETED
326	id-00274	7	11	7	6	1949.0	1949.0	1949.44	1949.6625	1955.0	18.529	COMPLETED
326	id-00275	10	14	10	3	1949.0	1949.0	1949.62	1949.9894	1952.0	66.526	COMPLETED
326	id-00276	5	6	10	7	1949.0	1949.0	1949.4	1949.8624	1956.0	12.032	COMPLETED
326	id-00277	9	7	3	2	1950.0	1950.0	1950.1	1950.5547	1952.0	5.414	COMPLETED
326	id-00278	8	10	1	3	1952.0	1952.0	1952.03	1952.4311	1955.0	1.444	COMPLETED
326	id-00279	5	10	1	7	1953.0	1953.0	1953.03	1953.3759	1960.0	0.902	COMPLETED
326	id-00280	10	9	1	1	1954.0	1954.0	1954.03	1955.0	1955.0	1.805	EXPIRED
326	id-00281	9	10	9	5	1956.0	1956.0	1956.33	1956.5869	1961.0	24.09	COMPLETED
326	id-00282	4	6	2	2	1957.0	1957.0	1957.07	1957.2898	1959.0	1.684	COMPLETED
326	id-00283	5	7	8	6	1958.0	1958.0	1958.3	1958.4591	1964.0	9.024	COMPLETED
326	id-00284	6	9	7	4	1959.0	1959.0	1959.26	1959.7255	1963.0	9.385	COMPLETED
326	id-00285	6	2	7	3	1961.0	1961.0	1961.26	1961.4289	1964.0	9.385	COMPLETED
326	id-00286	8	10	8	6	1962.0	1962.0	1962.3	1962.4189	1968.0	17.267	COMPLETED
326	id-00287	2	2	10	6	1963.0	1963.0	1963.37	1963.7513	1969.0	4.452	COMPLETED
326	id-00288	9	16	8	1	1963.0	1963.0	1963.3	1964.0	1964.0	21.9	EXPIRED
326	id-00289	5	2	7	1	1964.0	1964.0	1964.26	1965.0	1965.0	7.821	EXPIRED
326	id-00290	9	18	1	1	1964.0	1964.0	1964.04	1965.0	1965.0	2.92	EXPIRED
326	id-00291	4	6	8	1	1965.0	1965.0	1965.3	1966.0	1966.0	7.219	EXPIRED
326	id-00292	10	15	6	1	1966.0	1966.0	1966.22	1967.0	1967.0	19.458	EXPIRED
326	id-00293	3	3	6	2	1967.0	1967.0	1967.44	1967.5415	1969.0	7.941	COMPLETED
326	id-00294	5	2	7	7	1967.0	1967.0	1967.27	1967.7522	1974.0	8.122	COMPLETED
326	id-00295	4	7	4	3	1967.0	1967.0	1967.3	1967.4966	1970.0	7.219	COMPLETED
326	id-00296	6	12	9	4	1969.0	1969.0	1969.33	1969.5954	1973.0	11.912	COMPLETED
326	id-00297	5	2	7	6	1970.0	1970.0	1970.26	1970.6991	1976.0	7.821	COMPLETED
326	id-00298	4	5	8	7	1970.0	1970.0	1970.32	1970.632	1977.0	7.7	COMPLETED
326	id-00299	9	17	8	1	1971.0	1971.0	1971.3	1972.0	1972.0	21.9	EXPIRED
326	id-00300	10	16	8	2	1971.0	1971.0	1971.32	1971.5399	1973.0	34.336	COMPLETED
326	id-00301	9	10	5	2	1972.0	1972.0	1972.19	1972.6562	1974.0	13.87	COMPLETED
326	id-00302	5	7	9	5	1972.0	1972.0	1972.36	1972.6127	1977.0	10.829	COMPLETED
326	id-00303	1	2	5	7	1977.0	1977.0	1977.2	1977.3633	1984.0	1.203	COMPLETED
326	id-00304	9	17	7	7	1978.0	1978.0	1978.28	1978.5601	1985.0	25.72	COMPLETED
326	id-00305	10	5	2	3	1979.0	1979.0	1979.08	1979.2492	1982.0	8.584	COMPLETED
326	id-00306	8	15	3	2	1980.0	1980.0	1980.11	1980.4917	1982.0	6.331	COMPLETED
326	id-00307	6	8	8	7	1980.0	1980.0	1980.31	1980.6495	1987.0	11.19	COMPLETED
326	id-00308	7	6	9	6	1981.0	1981.0	1981.35	1981.5449	1987.0	18.039	COMPLETED
326	id-00309	3	4	8	5	1981.0	1981.0	1981.3	1981.4723	1986.0	5.414	COMPLETED
326	id-00310	10	3	4	5	1982.0	1982.0	1982.15	1982.4867	1987.0	13.267	COMPLETED
326	id-00311	10	19	5	6	1982.0	1982.0	1982.19	1982.4383	1988.0	18.596	COMPLETED
326	id-00312	9	17	10	1	1983.0	1983.0	1983.37	1984.0	1984.0	27.01	EXPIRED
326	id-00313	6	4	7	2	1984.0	1984.0	1984.26	1984.5666	1986.0	9.385	COMPLETED
326	id-00314	3	2	8	7	1985.0	1985.0	1985.31	1985.8065	1992.0	5.595	COMPLETED
326	id-00315	1	2	8	4	1987.0	1987.0	1987.31	1987.4906	1991.0	1.865	COMPLETED
326	id-00316	9	2	6	3	1989.0	1989.0	1989.23	1989.5216	1992.0	18.958	COMPLETED
326	id-00317	3	5	10	6	1993.0	1993.0	1993.37	1993.7879	1999.0	6.678	COMPLETED
326	id-00318	4	8	3	4	1993.0	1993.0	1993.11	1993.3519	1997.0	2.647	COMPLETED
326	id-00319	3	4	9	6	1995.0	1995.0	1995.31	1995.7266	2001.0	5.595	COMPLETED
326	id-00320	6	2	5	2	1997.0	1997.0	1997.17	1997.5379	1999.0	6.136	COMPLETED
326	id-00321	10	12	2	4	1998.0	1998.0	1998.07	1998.4689	2002.0	4.871	COMPLETED
326	id-00322	2	4	3	5	1999.0	1999.0	1999.21	1999.6796	2004.0	2.527	COMPLETED
326	id-00323	5	7	4	3	1999.0	1999.0	1999.28	1999.6143	2002.0	8.422	COMPLETED
326	id-00324	2	3	9	3	1999.0	1999.0	1999.36	1999.5644	2002.0	4.332	COMPLETED
326	id-00325	3	3	2	6	2000.0	2000.0	2000.06	2000.4195	2006.0	1.083	COMPLETED
