302	id-00000	2	3	2	1	1700.0	1700.0	1700.08	1701.0	1701.0	0.963	EXPIRED
302	id-00001	1	2	3	1	1700.0	1700.0	1700.12	1701.0	1701.0	0.722	EXPIRED
302	id-00002	3	3	2	1	1701.0	1701.0	1701.08	1702.0	1702.0	1.444	EXPIRED
302	id-00003	5	4	7	1	1704.0	1704.0	1704.28	1705.0	1705.0	8.422	EXPIRED
302	id-00004	4	8	9	1	1705.0	1705.0	1705.41	1706.0	1706.0	17.597	EXPIRED
302	id-00005	4	7	1	1	1705.0	1705.0	1705.04	1706.0	1706.0	0.963	EXPIRED
302	id-00006	3	3	7	1	1705.0	1705.0	1705.3	1706.0	1706.0	5.414	EXPIRED
302	id-00007	2	3	9	1	1705.0	1705.0	1705.41	1706.0	1706.0	4.933	EXPIRED
302	id-00008	4	6	7	1	1705.0	1705.0	1705.32	1706.0	1706.0	13.734	EXPIRED
302	id-00009	7	7	6	1	1705.0	1705.0	1705.25	1706.0	1706.0	17.599	EXPIRED
302	id-00010	5	3	5	1	1706.0	1706.0	1706.21	1707.0	1707.0	8.297	EXPIRED
302	id-00011	3	3	6	1	1710.0	1710.0	1710.25	1711.0	1711.0	4.512	EXPIRED
302	id-00012	10	12	6	1	1713.0	1713.0	1713.25	1714.0	1714.0	29.182	EXPIRED
302	id-00013	3	4	7	1	1713.0	1713.0	1713.29	1714.0	1714.0	5.234	EXPIRED
302	id-00014	1	2	6	1	1715.0	1715.0	1715.24	1716.0	1716.0	1.444	EXPIRED
302	id-00015	1	2	5	1	1716.0	1716.0	1716.2	1717.0	1717.0	1.203	EXPIRED
302	id-00016	5	8	7	1	1718.0	1718.0	1718.29	1719.0	1719.0	11.457	EXPIRED
302	id-00017	2	3	2	1	1718.0	1718.0	1718.08	1719.0	1719.0	0.963	EXPIRED
302	id-00018	10	20	2	1	1722.0	1722.0	1722.08	1723.0	1723.0	9.338	EXPIRED
302	id-00019	8	14	6	1	1723.0	1723.0	1723.25	1724.0	1724.0	21.46	EXPIRED
302	id-00020	3	3	9	1	1724.0	1724.0	1724.38	1725.0	1725.0	6.858	EXPIRED
302	id-00021	3	6	3	1	1725.0	1725.0	1725.12	1726.0	1726.0	2.166	EXPIRED
302	id-00022	9	13	6	1	1725.0	1725.0	1725.25	1726.0	1726.0	25.321	EXPIRED
302	id-00023	2	3	3	1	1727.0	1727.0	1727.12	1728.0	1728.0	1.444	EXPIRED
302	id-00024	5	9	8	1	1729.0	1729.0	1729.33	1730.0	1730.0	13.038	EXPIRED
302	id-00025	4	3	8	1	1730.0	1730.0	1730.33	1731.0	1731.0	7.941	EXPIRED
302	id-00026	6	2	1	1	1733.0	1733.0	1733.04	1734.0	1734.0	2.198	EXPIRED
302	id-00027	7	2	8	1	1736.0	1736.0	1736.35	1737.0	1737.0	27.938	EXPIRED
302	id-00028	3	5	3	1	1736.0	1736.0	1736.12	1737.0	1737.0	2.166	EXPIRED
302	id-00029	6	9	5	1	1737.0	1737.0	1737.2	1738.0	1738.0	9.105	EXPIRED
302	id-00030	3	3	2	1	1738.0	1738.0	1738.08	1739.0	1739.0	1.444	EXPIRED
302	id-00031	8	15	8	1	1738.0	1738.0	1738.35	1739.0	1739.0	33.344	EXPIRED
302	id-00032	1	2	4	1	1738.0	1738.0	1738.17	1739.0	1739.0	1.023	EXPIRED
302	id-00033	8	13	1	1	1739.0	1739.0	1739.04	1740.0	1740.0	3.056	EXPIRED
302	id-00034	3	2	9	1	1739.0	1739.0	1739.39	1740.0	1740.0	7.039	EXPIRED
302	id-00035	2	2	10	1	1740.0	1740.0	1740.4	1741.0	1741.0	4.813	EXPIRED
302	id-00036	8	3	9	1	1741.0	1741.0	1741.36	1742.0	1742.0	27.508	EXPIRED
302	id-00037	4	7	5	1	1742.0	1742.0	1742.2	1743.0	1743.0	4.813	EXPIRED
302	id-00038	3	3	6	1	1742.0	1742.0	1742.24	1743.0	1743.0	4.332	EXPIRED
302	id-00039	6	2	8	1	1742.0	1742.0	1742.35	1743.0	1743.0	22.533	EXPIRED
302	id-00040	9	2	7	1	1742.0	1742.0	1742.3	1743.0	1743.0	33.214	EXPIRED
302	id-00041	1	2	8	1	1743.0	1743.0	1743.32	1744.0	1744.0	1.925	EXPIRED
302	id-00042	7	2	10	1	1743.0	1743.0	1743.43	1744.0	1744.0	34.324	EXPIRED
302	id-00043	6	8	3	1	1743.0	1743.0	1743.12	1744.0	1744.0	5.463	EXPIRED
302	id-00044	8	2	8	1	1744.0	1744.0	1744.32	1745.0	1745.0	24.452	EXPIRED
302	id-00045	7	12	5	1	1745.0	1745.0	1745.21	1746.0	1746.0	14.783	EXPIRED
302	id-00046	7	14	7	1	1746.0	1746.0	1746.29	1747.0	1747.0	20.415	EXPIRED
302	id-00047	8	12	1	1	1747.0	1747.0	1747.04	1748.0	1748.0	3.434	EXPIRED
302	id-00048	1	2	7	1	1749.0	1749.0	1749.29	1750.0	1750.0	1.745	EXPIRED
302	id-00049	5	8	5	1	1751.0	1751.0	1751.21	1752.0	1752.0	8.297	EXPIRED
302	id-00050	5	3	3	1	1754.0	1754.0	1754.12	1755.0	1755.0	4.741	EXPIRED
302	id-00051	10	10	2	1	1756.0	1756.0	1756.08	1757.0	1757.0	9.338	EXPIRED
302	id-00052	9	17	1	1	1759.0	1759.0	1759.04	1760.0	1760.0	4.051	EXPIRED
302	id-00053	6	4	2	1	1760.0	1760.0	1760.08	1761.0	1761.0	4.396	EXPIRED
302	id-00054	8	12	10	1	1760.0	1760.0	1760.45	1761.0	1761.0	47.113	EXPIRED
302	id-00055	6	11	9	1	1760.0	1760.0	1760.38	1761.0	1761.0	20.882	EXPIRED
302	id-00056	2	2	3	1	1762.0	1762.0	1762.12	1763.0	1763.0	1.444	EXPIRED
302	id-00057	10	13	8	1	1762.0	1762.0	1762.33	1763.0	1763.0	38.52	EXPIRED
302	id-00058	3	3	4	1	1767.0	1767.0	1767.17	1768.0	1768.0	3.068	EXPIRED
302	id-00059	10	9	8	1	1768.0	1768.0	1768.35	1769.0	1769.0	44.155	EXPIRED
302	id-00060	4	3	10	1	1768.0	1768.0	1768.43	1769.0	1769.0	14.402	EXPIRED
302	id-00061	9	2	3	1	1769.0	1769.0	1769.13	1770.0	1770.0	14.393	EXPIRED
302	id-00062	4	4	9	1	1770.0	1770.0	1770.39	1771.0	1771.0	13.062	EXPIRED
302	id-00063	3	2	6	1	1770.0	1770.0	1770.25	1771.0	1771.0	4.512	EXPIRED
302	id-00064	6	12	9	1	1772.0	1772.0	1772.38	1773.0	1773.0	20.882	EXPIRED
302	id-00065	1	2	6	1	1774.0	1774.0	1774.26	1775.0	1775.0	1.564	EXPIRED
302	id-00066	2	2	1	1	1774.0	1774.0	1774.04	1775.0	1775.0	0.481	EXPIRED
302	id-00067	8	4	6	1	1774.0	1774.0	1774.26	1775.0	1775.0	24.77	EXPIRED
302	id-00068	5	3	9	1	1775.0	1775.0	1775.36	1776.0	1776.0	10.829	EXPIRED
302	id-00069	9	14	6	1	1777.0	1777.0	1777.24	1778.0	1778.0	22.045	EXPIRED
302	id-00070	10	3	6	1	1778.0	1778.0	1778.24	1779.0	1779.0	25.752	EXPIRED
302	id-00071	2	2	5	1	1779.0	1779.0	1779.2	1780.0	1780.0	2.406	EXPIRED
302	id-00072	1	2	7	1	1779.0	1779.0	1779.28	1780.0	1780.0	1.684	EXPIRED
302	id-00073	5	4	9	1	1780.0	1780.0	1780.35	1781.0	1781.0	10.528	EXPIRED
302	id-00074	8	14	2	1	1781.0	1781.0	1781.08	1782.0	1782.0	6.867	EXPIRED
302	id-00075	2	3	1	1	1781.0	1781.0	1781.04	1782.0	1782.0	0.481	EXPIRED
302	id-00076	4	4	2	1	1782.0	1782.0	1782.08	1783.0	1783.0	1.925	EXPIRED
302	id-00077	6	10	4	1	1783.0	1783.0	1783.15	1784.0	1784.0	5.414	EXPIRED
302	id-00078	3	2	4	1	1783.0	1783.0	1783.17	1784.0	1784.0	3.068	EXPIRED
302	id-00079	5	4	3	1	1784.0	1784.0	1784.12	1785.0	1785.0	3.61	EXPIRED
302	id-00080	10	2	7	1	1784.0	1784.0	1784.29	1785.0	1785.0	33.851	EXPIRED
302	id-00081	9	9	2	1	1786.0	1786.0	1786.08	1787.0	1787.0	7.348	EXPIRED
302	id-00082	2	4	3	1	1787.0	1787.0	1787.12	1788.0	1788.0	1.444	EXPIRED
302	id-00083	5	6	4	1	1788.0	1788.0	1788.16	1789.0	1789.0	4.813	EXPIRED
302	id-00084	2	2	1	1	1792.0	1792.0	1792.04	1793.0	1793.0	0.481	EXPIRED
302	id-00085	9	3	2	1	1794.0	1794.0	1794.08	1795.0	1795.0	6.594	EXPIRED
302	id-00086	4	5	8	1	1798.0	1798.0	1798.3	1799.0	1799.0	7.219	EXPIRED
302	id-00087	2	3	10	1	1800.0	1800.0	1800.37	1801.0	1801.0	4.452	EXPIRED
302	id-00088	6	12	1	1	1802.0	1802.0	1802.04	1803.0	1803.0	1.444	EXPIRED
302	id-00089	3	2	1	1	1803.0	1803.0	1803.04	1804.0	1804.0	0.722	EXPIRED
302	id-00090	4	8	3	1	1806.0	1806.0	1806.11	1807.0	1807.0	2.647	EXPIRED
302	id-00091	10	10	10	1	1807.0	1807.0	1807.43	1808.0	1808.0	54.247	EXPIRED
302	id-00092	8	10	7	1	1807.0	1807.0	1807.28	1808.0	1808.0	21.395	EXPIRED
302	id-00093	6	12	9	1	1807.0	1807.0	1807.38	1808.0	1808.0	20.882	EXPIRED
302	id-00094	1	2	6	1	1807.0	1807.0	1807.22	1808.0	1808.0	1.324	EXPIRED
302	id-00095	10	6	8	1	1808.0	1808.0	1808.32	1809.0	1809.0	34.336	EXPIRED
302	id-00096	4	2	6	1	1811.0	1811.0	1811.23	1812.0	1812.0	5.535	EXPIRED
302	id-00097	8	8	1	1	1811.0	1811.0	1811.03	1812.0	1812.0	1.444	EXPIRED
302	id-00098	6	7	5	1	1812.0	1812.0	1812.16	1813.0	1813.0	5.775	EXPIRED
302	id-00099	5	6	7	1	1812.0	1812.0	1812.27	1813.0	1813.0	8.122	EXPIRED
302	id-00100	4	3	10	1	1816.0	1816.0	1816.34	1817.0	1817.0	8.182	EXPIRED
302	id-00101	6	3	10	1	1817.0	1817.0	1817.34	1818.0	1818.0	12.273	EXPIRED
302	id-00102	1	2	2	1	1818.0	1818.0	1818.07	1819.0	1819.0	0.421	EXPIRED
302	id-00103	9	2	4	1	1819.0	1819.0	1819.14	1820.0	1820.0	7.58	EXPIRED
302	id-00104	9	3	4	1	1819.0	1819.0	1819.15	1820.0	1820.0	12.364	EXPIRED
302	id-00105	1	2	7	1	1820.0	1820.0	1820.24	1821.0	1821.0	1.444	EXPIRED
302	id-00106	10	4	3	1	1821.0	1821.0	1821.11	1822.0	1822.0	9.729	EXPIRED
302	id-00107	10	14	4	1	1822.0	1822.0	1822.15	1823.0	1823.0	13.267	EXPIRED
302	id-00108	1	2	4	1	1822.0	1822.0	1822.15	1823.0	1823.0	0.902	EXPIRED
302	id-00109	5	3	8	1	1822.0	1822.0	1822.32	1823.0	1823.0	9.626	EXPIRED
302	id-00110	1	2	1	1	1823.0	1823.0	1823.03	1824.0	1824.0	0.18	EXPIRED
302	id-00111	6	5	5	1	1823.0	1823.0	1823.19	1824.0	1824.0	6.858	EXPIRED
302	id-00112	1	2	5	1	1823.0	1823.0	1823.19	1824.0	1824.0	1.143	EXPIRED
302	id-00113	5	10	7	1	1825.0	1825.0	1825.27	1826.0	1826.0	8.122	EXPIRED
302	id-00114	3	3	3	1	1826.0	1826.0	1826.12	1827.0	1827.0	2.166	EXPIRED
302	id-00115	6	12	6	1	1827.0	1827.0	1827.23	1828.0	1828.0	8.302	EXPIRED
302	id-00116	2	4	3	1	1827.0	1827.0	1827.12	1828.0	1828.0	1.444	EXPIRED
302	id-00117	10	9	3	1	1827.0	1827.0	1827.12	1828.0	1828.0	11.745	EXPIRED
302	id-00118	2	4	9	1	1827.0	1827.0	1827.35	1828.0	1828.0	4.211	EXPIRED
302	id-00119	10	14	9	1	1828.0	1828.0	1828.35	1829.0	1829.0	34.255	EXPIRED
302	id-00120	10	20	10	1	1828.0	1828.0	1828.38	1829.0	1829.0	37.191	EXPIRED
302	id-00121	4	2	6	1	1828.0	1828.0	1828.23	1829.0	1829.0	5.535	EXPIRED
302	id-00122	4	5	4	1	1829.0	1829.0	1829.15	1830.0	1830.0	3.61	EXPIRED
302	id-00123	6	7	8	1	1831.0	1831.0	1831.31	1832.0	1832.0	11.19	EXPIRED
302	id-00124	6	11	2	1	1831.0	1831.0	1831.07	1832.0	1832.0	2.527	EXPIRED
302	id-00125	2	3	1	1	1832.0	1832.0	1832.04	1833.0	1833.0	0.481	EXPIRED
302	id-00126	7	7	9	1	1832.0	1832.0	1832.38	1833.0	1833.0	26.75	EXPIRED
302	id-00127	6	12	5	1	1832.0	1832.0	1832.19	1833.0	1833.0	6.858	EXPIRED
302	id-00128	6	7	8	1	1836.0	1836.0	1836.31	1837.0	1837.0	11.19	EXPIRED
302	id-00129	8	9	4	1	1836.0	1836.0	1836.15	1837.0	1837.0	8.633	EXPIRED
302	id-00130	4	3	2	1	1837.0	1837.0	1837.07	1838.0	1838.0	1.684	EXPIRED
302	id-00131	4	2	8	1	1837.0	1837.0	1837.31	1838.0	1838.0	7.46	EXPIRED
302	id-00132	10	17	9	1	1838.0	1838.0	1838.38	1839.0	1839.0	44.357	EXPIRED
302	id-00133	5	10	7	1	1838.0	1838.0	1838.27	1839.0	1839.0	8.122	EXPIRED
302	id-00134	6	10	6	1	1838.0	1838.0	1838.22	1839.0	1839.0	7.941	EXPIRED
302	id-00135	6	5	8	1	1839.0	1839.0	1839.31	1840.0	1840.0	11.19	EXPIRED
302	id-00136	2	4	4	1	1839.0	1839.0	1839.15	1840.0	1840.0	1.805	EXPIRED
302	id-00137	10	15	7	1	1840.0	1840.0	1840.26	1841.0	1841.0	22.995	EXPIRED
302	id-00138	10	7	9	1	1841.0	1841.0	1841.35	1842.0	1842.0	34.255	EXPIRED
302	id-00139	7	5	1	1	1841.0	1841.0	1841.04	1842.0	1842.0	1.684	EXPIRED
302	id-00140	9	2	3	1	1842.0	1842.0	1842.11	1843.0	1843.0	8.03	EXPIRED
302	id-00141	7	5	8	1	1842.0	1842.0	1842.31	1843.0	1843.0	15.977	EXPIRED
302	id-00142	7	3	4	1	1843.0	1843.0	1843.15	1844.0	1844.0	6.317	EXPIRED
302	id-00143	2	2	2	1	1844.0	1844.0	1844.07	1845.0	1845.0	0.842	EXPIRED
302	id-00144	7	10	4	1	1844.0	1844.0	1844.15	1845.0	1845.0	7.731	EXPIRED
302	id-00145	4	5	5	1	1844.0	1844.0	1844.2	1845.0	1845.0	4.813	EXPIRED
302	id-00146	1	2	2	1	1845.0	1845.0	1845.07	1846.0	1846.0	0.421	EXPIRED
302	id-00147	4	4	3	1	1845.0	1845.0	1845.12	1846.0	1846.0	2.888	EXPIRED
302	id-00148	3	4	10	1	1846.0	1846.0	1846.37	1847.0	1847.0	6.678	EXPIRED
302	id-00149	6	4	4	1	1847.0	1847.0	1847.15	1848.0	1848.0	5.414	EXPIRED
302	id-00150	1	2	2	1	1848.0	1848.0	1848.07	1849.0	1849.0	0.421	EXPIRED
302	id-00151	1	2	5	1	1849.0	1849.0	1849.19	1850.0	1850.0	1.143	EXPIRED
302	id-00152	1	2	10	1	1850.0	1850.0	1850.4	1851.0	1851.0	2.406	EXPIRED
302	id-00153	1	2	6	1	1851.0	1851.0	1851.24	1852.0	1852.0	1.444	EXPIRED
302	id-00154	5	9	9	1	1852.0	1852.0	1852.36	1853.0	1853.0	10.829	EXPIRED
302	id-00155	1	2	6	1	1852.0	1852.0	1852.24	1853.0	1853.0	1.444	EXPIRED
302	id-00156	10	15	2	1	1854.0	1854.0	1854.08	1855.0	1855.0	8.584	EXPIRED
302	id-00157	8	4	4	1	1855.0	1855.0	1855.16	1856.0	1856.0	12.226	EXPIRED
302	id-00158	3	5	1	1	1860.0	1860.0	1860.04	1861.0	1861.0	0.722	EXPIRED
302	id-00159	7	10	8	1	1860.0	1860.0	1860.32	1861.0	1861.0	19.51	EXPIRED
302	id-00160	9	11	4	1	1862.0	1862.0	1862.15	1863.0	1863.0	12.364	EXPIRED
302	id-00161	5	7	3	1	1863.0	1863.0	1863.12	1864.0	1864.0	3.61	EXPIRED
302	id-00162	2	3	6	1	1864.0	1864.0	1864.23	1865.0	1865.0	2.767	EXPIRED
302	id-00163	7	8	3	1	1865.0	1865.0	1865.12	1866.0	1866.0	7.316	EXPIRED
302	id-00164	6	2	7	1	1866.0	1866.0	1866.28	1867.0	1867.0	12.747	EXPIRED
302	id-00165	5	8	10	1	1866.0	1866.0	1866.4	1867.0	1867.0	12.032	EXPIRED
302	id-00166	6	3	4	1	1867.0	1867.0	1867.16	1868.0	1868.0	7.284	EXPIRED
302	id-00167	9	8	6	1	1868.0	1868.0	1868.24	1869.0	1869.0	22.045	EXPIRED
302	id-00168	10	19	7	1	1869.0	1869.0	1869.28	1870.0	1870.0	30.044	EXPIRED
302	id-00169	10	11	7	1	1869.0	1869.0	1869.28	1870.0	1870.0	30.044	EXPIRED
302	id-00170	5	9	7	1	1870.0	1870.0	1870.27	1871.0	1871.0	8.122	EXPIRED
302	id-00171	5	2	2	1	1871.0	1871.0	1871.08	1872.0	1872.0	2.406	EXPIRED
302	id-00172	1	2	7	1	1873.0	1873.0	1873.27	1874.0	1874.0	1.624	EXPIRED
302	id-00173	2	4	6	1	1874.0	1874.0	1874.23	1875.0	1875.0	2.767	EXPIRED
302	id-00174	8	3	4	1	1877.0	1877.0	1877.15	1878.0	1878.0	8.633	EXPIRED
302	id-00175	8	4	5	1	1877.0	1877.0	1877.19	1878.0	1878.0	12.727	EXPIRED
302	id-00176	5	2	3	1	1878.0	1878.0	1878.11	1879.0	1879.0	3.309	EXPIRED
302	id-00177	5	5	2	1	1879.0	1879.0	1879.07	1880.0	1880.0	2.106	EXPIRED
302	id-00178	2	3	3	1	1881.0	1881.0	1881.12	1882.0	1882.0	1.444	EXPIRED
302	id-00179	1	2	2	1	1881.0	1881.0	1881.07	1882.0	1882.0	0.421	EXPIRED
302	id-00180	3	4	4	1	1886.0	1886.0	1886.15	1887.0	1887.0	2.707	EXPIRED
302	id-00181	9	14	10	1	1888.0	1888.0	1888.38	1889.0	1889.0	31.323	EXPIRED
302	id-00182	8	13	7	1	1890.0	1890.0	1890.27	1891.0	1891.0	18.086	EXPIRED
302	id-00183	7	7	5	1	1891.0	1891.0	1891.21	1892.0	1892.0	14.783	EXPIRED
302	id-00184	3	4	3	1	1891.0	1891.0	1891.12	1892.0	1892.0	2.166	EXPIRED
302	id-00185	7	12	5	1	1891.0	1891.0	1891.21	1892.0	1892.0	14.783	EXPIRED
302	id-00186	10	9	9	1	1893.0	1893.0	1893.38	1894.0	1894.0	44.357	EXPIRED
302	id-00187	1	2	8	1	1894.0	1894.0	1894.31	1895.0	1895.0	1.865	EXPIRED
302	id-00188	9	4	7	1	1898.0	1898.0	1898.27	1899.0	1899.0	22.256	EXPIRED
302	id-00189	2	2	3	1	1899.0	1899.0	1899.12	1900.0	1900.0	1.444	EXPIRED
302	id-00190	10	3	6	1	1900.0	1900.0	1900.23	1901.0	1901.0	22.511	EXPIRED
302	id-00191	10	15	3	1	1902.0	1902.0	1902.12	1903.0	1903.0	11.745	EXPIRED
302	id-00192	1	2	8	1	1902.0	1902.0	1902.33	1903.0	1903.0	1.985	EXPIRED
302	id-00193	6	10	10	1	1903.0	1903.0	1903.38	1904.0	1904.0	13.716	EXPIRED
302	id-00194	9	17	2	1	1904.0	1904.0	1904.08	1905.0	1905.0	6.594	EXPIRED
302	id-00195	5	2	8	1	1906.0	1906.0	1906.3	1907.0	1907.0	9.024	EXPIRED
302	id-00196	7	10	8	1	1907.0	1907.0	1907.31	1908.0	1908.0	15.977	EXPIRED
302	id-00197	6	2	5	1	1907.0	1907.0	1907.19	1908.0	1908.0	6.858	EXPIRED
302	id-00198	5	2	9	1	1908.0	1908.0	1908.33	1909.0	1909.0	9.926	EXPIRED
302	id-00199	10	4	2	1	1909.0	1909.0	1909.07	1910.0	1910.0	6.191	EXPIRED
302	id-00200	4	8	5	1	1910.0	1910.0	1910.2	1911.0	1911.0	4.813	EXPIRED
302	id-00201	3	4	10	1	1911.0	1911.0	1911.4	1912.0	1912.0	7.219	EXPIRED
302	id-00202	8	6	10	1	1915.0	1915.0	1915.38	1916.0	1916.0	25.454	EXPIRED
302	id-00203	3	4	8	1	1915.0	1915.0	1915.31	1916.0	1916.0	5.595	EXPIRED
302	id-00204	8	14	5	1	1917.0	1917.0	1917.19	1918.0	1918.0	12.727	EXPIRED
302	id-00205	3	2	7	1	1918.0	1918.0	1918.27	1919.0	1919.0	4.873	EXPIRED
302	id-00206	10	3	6	1	1918.0	1918.0	1918.23	1919.0	1919.0	22.511	EXPIRED
302	id-00207	4	4	10	1	1918.0	1918.0	1918.42	1919.0	1919.0	10.107	EXPIRED
302	id-00208	10	19	8	1	1919.0	1919.0	1919.31	1920.0	1920.0	30.34	EXPIRED
302	id-00209	8	2	9	1	1923.0	1923.0	1923.33	1924.0	1924.0	18.993	EXPIRED
302	id-00210	8	7	4	1	1924.0	1924.0	1924.15	1925.0	1925.0	8.633	EXPIRED
302	id-00211	8	7	10	1	1926.0	1926.0	1926.42	1927.0	1927.0	36.053	EXPIRED
302	id-00212	9	12	9	1	1926.0	1926.0	1926.38	1927.0	1927.0	38.488	EXPIRED
302	id-00213	8	12	8	1	1926.0	1926.0	1926.31	1927.0	1927.0	20.765	EXPIRED
302	id-00214	8	11	1	1	1927.0	1927.0	1927.04	1928.0	1928.0	2.679	EXPIRED
302	id-00215	8	14	3	1	1928.0	1928.0	1928.12	1929.0	1929.0	10.301	EXPIRED
302	id-00216	8	8	10	1	1928.0	1928.0	1928.42	1929.0	1929.0	36.053	EXPIRED
302	id-00217	3	4	1	1	1928.0	1928.0	1928.04	1929.0	1929.0	0.722	EXPIRED
302	id-00218	4	8	7	1	1929.0	1929.0	1929.27	1930.0	1930.0	6.497	EXPIRED
302	id-00219	9	15	2	1	1930.0	1930.0	1930.07	1931.0	1931.0	4.45	EXPIRED
302	id-00220	9	8	9	1	1930.0	1930.0	1930.32	1931.0	1931.0	20.343	EXPIRED
302	id-00221	10	15	9	1	1932.0	1932.0	1932.32	1933.0	1933.0	25.285	EXPIRED
302	id-00222	1	2	4	1	1933.0	1933.0	1933.14	1934.0	1934.0	0.842	EXPIRED
302	id-00223	9	15	2	1	1935.0	1935.0	1935.07	1936.0	1936.0	3.79	EXPIRED
302	id-00224	1	2	5	1	1935.0	1935.0	1935.19	1936.0	1936.0	1.143	EXPIRED
302	id-00225	8	11	6	1	1936.0	1936.0	1936.22	1937.0	1937.0	12.662	EXPIRED
302	id-00226	1	2	3	1	1936.0	1936.0	1936.1	1937.0	1937.0	0.602	EXPIRED
302	id-00227	4	2	9	1	1936.0	1936.0	1936.35	1937.0	1937.0	8.422	EXPIRED
302	id-00228	8	5	3	1	1937.0	1937.0	1937.1	1938.0	1938.0	4.813	EXPIRED
302	id-00229	8	2	5	1	1937.0	1937.0	1937.19	1938.0	1938.0	10.936	EXPIRED
302	id-00230	10	5	7	1	1937.0	1937.0	1937.32	1938.0	1938.0	43.387	EXPIRED
302	id-00231	10	15	6	1	1937.0	1937.0	1937.23	1938.0	1938.0	22.511	EXPIRED
302	id-00232	4	2	2	1	1938.0	1938.0	1938.07	1939.0	1939.0	1.684	EXPIRED
302	id-00233	7	8	1	1	1938.0	1938.0	1938.03	1939.0	1939.0	1.263	EXPIRED
302	id-00234	8	9	8	1	1938.0	1938.0	1938.31	1939.0	1939.0	20.765	EXPIRED
302	id-00235	4	7	4	1	1939.0	1939.0	1939.14	1940.0	1940.0	3.369	EXPIRED
302	id-00236	6	5	1	1	1940.0	1940.0	1940.03	1941.0	1941.0	1.083	EXPIRED
302	id-00237	9	14	9	1	1941.0	1941.0	1941.31	1942.0	1942.0	16.785	EXPIRED
302	id-00238	1	2	10	1	1941.0	1941.0	1941.38	1942.0	1942.0	2.286	EXPIRED
302	id-00239	7	9	1	1	1942.0	1942.0	1942.03	1943.0	1943.0	1.263	EXPIRED
302	id-00240	6	7	9	1	1942.0	1942.0	1942.35	1943.0	1943.0	12.634	EXPIRED
302	id-00241	1	2	7	1	1943.0	1943.0	1943.24	1944.0	1944.0	1.444	EXPIRED
302	id-00242	2	4	9	1	1944.0	1944.0	1944.31	1945.0	1945.0	3.73	EXPIRED
302	id-00243	2	3	9	1	1944.0	1944.0	1944.35	1945.0	1945.0	4.211	EXPIRED
302	id-00244	4	8	6	1	1946.0	1946.0	1946.19	1947.0	1947.0	4.572	EXPIRED
302	id-00245	9	8	6	1	1947.0	1947.0	1947.19	1948.0	1948.0	10.287	EXPIRED
302	id-00246	9	12	7	1	1947.0	1947.0	1947.28	1948.0	1948.0	25.72	EXPIRED
302	id-00247	8	5	7	1	1950.0	1950.0	1950.23	1951.0	1951.0	11.069	EXPIRED
302	id-00248	10	11	3	1	1954.0	1954.0	1954.1	1955.0	1955.0	6.016	EXPIRED
302	id-00249	2	4	6	1	1955.0	1955.0	1955.22	1956.0	1956.0	2.647	EXPIRED
302	id-00250	4	2	5	1	1957.0	1957.0	1957.19	1958.0	1958.0	4.572	EXPIRED
302	id-00251	10	5	2	1	1959.0	1959.0	1959.07	1960.0	1960.0	6.191	EXPIRED
302	id-00252	7	7	9	1	1959.0	1959.0	1959.33	1960.0	1960.0	13.897	EXPIRED
302	id-00253	6	5	7	1	1961.0	1961.0	1961.26	1962.0	1962.0	9.385	EXPIRED
302	id-00254	4	5	2	1	1961.0	1961.0	1961.07	1962.0	1962.0	1.684	EXPIRED
302	id-00255	5	8	10	1	1961.0	1961.0	1961.38	1962.0	1962.0	11.43	EXPIRED
302	id-00256	4	4	10	1	1962.0	1962.0	1962.37	1963.0	1963.0	8.904	EXPIRED
302	id-00257	2	4	2	1	1963.0	1963.0	1963.07	1964.0	1964.0	0.842	EXPIRED
302	id-00258	5	5	10	1	1964.0	1964.0	1964.37	1965.0	1965.0	11.13	EXPIRED
302	id-00259	3	5	2	1	1965.0	1965.0	1965.07	1966.0	1966.0	1.263	EXPIRED
302	id-00260	3	6	6	1	1966.0	1966.0	1966.22	1967.0	1967.0	3.971	EXPIRED
302	id-00261	5	4	8	1	1967.0	1967.0	1967.33	1968.0	1968.0	13.038	EXPIRED
302	id-00262	7	3	2	1	1967.0	1967.0	1967.07	1968.0	1968.0	2.948	EXPIRED
302	id-00263	5	9	4	1	1967.0	1967.0	1967.15	1968.0	1968.0	4.512	EXPIRED
302	id-00264	5	3	8	1	1968.0	1968.0	1968.3	1969.0	1969.0	9.024	EXPIRED
302	id-00265	10	17	7	1	1969.0	1969.0	1969.27	1970.0	1970.0	26.425	EXPIRED
302	id-00266	2	2	5	1	1969.0	1969.0	1969.19	1970.0	1970.0	2.286	EXPIRED
302	id-00267	10	4	2	1	1970.0	1970.0	1970.07	1971.0	1971.0	6.191	EXPIRED
302	id-00268	7	13	3	1	1971.0	1971.0	1971.11	1972.0	1972.0	4.632	EXPIRED
302	id-00269	5	8	9	1	1972.0	1972.0	1972.33	1973.0	1973.0	9.926	EXPIRED
302	id-00270	5	2	10	1	1973.0	1973.0	1973.37	1974.0	1974.0	11.13	EXPIRED
302	id-00271	5	9	2	1	1975.0	1975.0	1975.08	1976.0	1976.0	2.406	EXPIRED
302	id-00272	3	5	6	1	1976.0	1976.0	1976.24	1977.0	1977.0	4.332	EXPIRED
302	id-00273	9	11	9	1	1977.0	1977.0	1977.36	1978.0	1978.0	33.068	EXPIRED
302	id-00274	3	4	1	1	1978.0	1978.0	1978.04	1979.0	1979.0	0.722	EXPIRED
302	id-00275	10	9	6	1	1979.0	1979.0	1979.24	1980.0	1980.0	25.752	EXPIRED
302	id-00276	10	18	3	1	1979.0	1979.0	1979.12	1980.0	1980.0	12.876	EXPIRED
302	id-00277	10	17	10	1	1980.0	1980.0	1980.4	1981.0	1981.0	42.92	EXPIRED
302	id-00278	10	5	1	1	1980.0	1980.0	1980.04	1981.0	1981.0	3.538	EXPIRED
302	id-00279	8	11	4	1	1980.0	1980.0	1980.15	1981.0	1981.0	10.048	EXPIRED
302	id-00280	10	12	3	1	1981.0	1981.0	1981.11	1982.0	1982.0	9.729	EXPIRED
302	id-00281	7	9	8	1	1981.0	1981.0	1981.31	1982.0	1982.0	15.977	EXPIRED
302	id-00282	7	11	10	1	1984.0	1984.0	1984.37	1985.0	1985.0	15.581	EXPIRED
302	id-00283	2	2	4	1	1985.0	1985.0	1985.15	1986.0	1986.0	1.805	EXPIRED
302	id-00284	2	2	2	1	1987.0	1987.0	1987.08	1988.0	1988.0	0.963	EXPIRED
302	id-00285	4	6	4	1	1987.0	1987.0	1987.16	1988.0	1988.0	3.85	EXPIRED
302	id-00286	5	3	1	1	1987.0	1987.0	1987.04	1988.0	1988.0	1.203	EXPIRED
302	id-00287	6	10	2	1	1988.0	1988.0	1988.08	1989.0	1989.0	2.888	EXPIRED
302	id-00288	8	7	6	1	1988.0	1988.0	1988.23	1989.0	1989.0	15.406	EXPIRED
302	id-00289	9	15	2	1	1989.0	1989.0	1989.08	1990.0	1990.0	6.594	EXPIRED
302	id-00290	1	2	6	1	1989.0	1989.0	1989.26	1990.0	1990.0	1.564	EXPIRED
302	id-00291	1	2	5	1	1989.0	1989.0	1989.21	1990.0	1990.0	1.263	EXPIRED
302	id-00292	5	10	2	1	1989.0	1989.0	1989.08	1990.0	1990.0	2.406	EXPIRED
302	id-00293	4	7	4	1	1989.0	1989.0	1989.16	1990.0	1990.0	3.85	EXPIRED
302	id-00294	2	2	10	1	1991.0	1991.0	1991.37	1992.0	1992.0	4.452	EXPIRED
302	id-00295	8	14	6	1	1992.0	1992.0	1992.22	1993.0	1993.0	12.662	EXPIRED
302	id-00296	3	5	4	1	1996.0	1996.0	1996.14	1997.0	1997.0	2.527	EXPIRED
302	id-00297	3	2	5	1	1997.0	1997.0	1997.17	1998.0	1998.0	3.068	EXPIRED
302	id-00298	8	5	2	1	1998.0	1998.0	1998.07	1999.0	1999.0	3.369	EXPIRED
302	id-00299	4	4	6	1	1999.0	1999.0	1999.21	2000.0	2000.0	5.053	EXPIRED
302	id-00300	4	2	8	1	2000.0	2000.0	2000.31	2001.0	2001.0	7.46	EXPIRED
302	id-00301	9	8	1	1	2000.0	2000.0	2000.03	2001.0	2001.0	1.624	EXPIRED
