326	id-00000	1	2	5	5	1703.0	1703.0	1703.2	1703.6375	1708.0	1.203	COMPLETED
326	id-00001	4	8	2	3	1704.0	1704.0	1704.08	1704.4782	1707.0	1.925	COMPLETED
326	id-00002	2	3	2	4	1704.0	1704.0	1704.09	1704.3698	1708.0	1.083	COMPLETED
326	id-00003	6	5	2	2	1704.0	1704.0	1704.08	1704.5645	1706.0	3.642	COMPLETED
326	id-00004	10	14	10	2	1706.0	1706.0	1706.83	1707.0553	1708.0	96.884	COMPLETED
326	id-00005	5	3	9	5	1706.0	1706.0	1706.75	1706.928	1711.0	57.915	COMPLETED
326	id-00006	10	12	9	1	1708.0	1708.0	1708.38	1709.0	1709.0	44.357	EXPIRED
326	id-00007	7	7	6	5	1709.0	1709.0	1709.25	1709.4095	1714.0	17.599	COMPLETED
326	id-00008	10	4	5	3	1714.0	1714.0	1714.21	1714.5531	1717.0	24.513	COMPLETED
326	id-00009	7	7	3	5	1718.0	1718.0	1718.12	1718.2297	1723.0	7.316	COMPLETED
326	id-00010	1	2	5	3	1719.0	1719.0	1719.2	1719.364	1722.0	1.203	COMPLETED
326	id-00011	10	13	8	4	1722.0	1722.0	1722.33	1722.5533	1726.0	38.52	COMPLETED
326	id-00012	1	2	1	4	1728.0	1728.0	1728.08	1728.3616	1732.0	0.481	COMPLETED
326	id-00013	3	4	6	2	1728.0	1728.0	1728.5	1728.9384	1730.0	9.024	COMPLETED
326	id-00014	4	2	9	1	1729.0	1729.0	1729.38	1730.0	1730.0	9.144	EXPIRED
326	id-00015	7	2	10	4	1730.0	1730.0	1730.42	1730.7995	1734.0	29.566	COMPLETED
326	id-00016	9	4	9	3	1731.0	1731.0	1731.38	1731.5937	1734.0	38.488	COMPLETED
326	id-00017	5	5	4	3	1731.0	1731.0	1731.17	1731.5133	1734.0	6.716	COMPLETED
326	id-00018	5	5	8	4	1732.0	1732.0	1732.33	1732.6372	1736.0	13.038	COMPLETED
326	id-00019	1	2	6	4	1736.0	1736.0	1736.52	1736.8417	1740.0	3.128	COMPLETED
326	id-00020	5	2	10	3	1736.0	1736.0	1736.87	1737.1711	1739.0	50.777	COMPLETED
326	id-00021	5	3	2	3	1736.0	1736.0	1736.08	1736.454	1739.0	2.406	COMPLETED
326	id-00022	7	11	1	4	1737.0	1737.0	1737.04	1737.2111	1741.0	2.439	COMPLETED
326	id-00023	6	6	10	4	1738.0	1738.0	1738.43	1738.6442	1742.0	27.683	COMPLETED
326	id-00024	2	3	5	2	1738.0	1738.0	1738.2	1738.3723	1740.0	2.406	COMPLETED
326	id-00025	8	3	1	3	1739.0	1739.0	1739.04	1739.3027	1742.0	3.056	COMPLETED
326	id-00026	4	6	5	3	1739.0	1739.0	1739.43	1739.8596	1742.0	14.402	COMPLETED
326	id-00027	2	3	1	3	1739.0	1739.0	1739.04	1739.5353	1742.0	0.481	COMPLETED
326	id-00028	7	2	3	5	1739.0	1739.0	1739.26	1739.626	1744.0	28.108	COMPLETED
326	id-00029	2	4	5	3	1740.0	1740.0	1740.22	1740.4557	1743.0	2.647	COMPLETED
326	id-00030	10	3	10	3	1740.0	1740.0	1740.43	1740.8904	1743.0	54.247	COMPLETED
326	id-00031	7	5	3	1	1740.0	1740.0	1740.12	1741.0	1741.0	7.316	EXPIRED
326	id-00032	3	3	4	2	1740.0	1740.0	1740.16	1740.5046	1742.0	2.888	COMPLETED
326	id-00033	6	2	6	1	1741.0	1741.0	1741.24	1742.0	1742.0	10.926	EXPIRED
326	id-00034	8	13	5	1	1742.0	1742.0	1742.2	1743.0	1743.0	15.282	EXPIRED
326	id-00035	4	5	5	1	1745.0	1745.0	1745.21	1746.0	1746.0	5.053	EXPIRED
326	id-00036	3	3	5	1	1746.0	1746.0	1746.21	1747.0	1747.0	3.79	EXPIRED
326	id-00037	5	3	6	4	1747.0	1747.0	1747.25	1747.5934	1751.0	9.877	COMPLETED
326	id-00038	8	15	2	5	1749.0	1749.0	1749.08	1749.5784	1754.0	6.867	COMPLETED
326	id-00039	7	7	9	5	1750.0	1750.0	1750.38	1750.6834	1755.0	26.75	COMPLETED
326	id-00040	5	4	2	3	1751.0	1751.0	1751.08	1751.4852	1754.0	3.161	COMPLETED
326	id-00041	1	2	3	4	1751.0	1751.0	1751.13	1751.4783	1755.0	0.782	COMPLETED
326	id-00042	9	4	4	1	1752.0	1752.0	1752.17	1753.0	1753.0	17.218	EXPIRED
326	id-00043	5	2	3	3	1752.0	1752.0	1752.13	1752.5413	1755.0	6.362	COMPLETED
326	id-00044	4	5	5	4	1754.0	1754.0	1754.42	1754.6946	1758.0	10.107	COMPLETED
326	id-00045	5	8	2	5	1754.0	1754.0	1754.17	1754.6689	1759.0	13.127	COMPLETED
326	id-00046	6	6	1	4	1755.0	1755.0	1755.04	1755.3466	1759.0	2.198	COMPLETED
326	id-00047	5	2	2	2	1756.0	1756.0	1756.17	1756.2762	1758.0	6.716	COMPLETED
326	id-00048	5	7	8	1	1756.0	1756.0	1756.67	1757.0	1757.0	51.737	EXPIRED
326	id-00049	8	8	10	4	1757.0	1757.0	1757.42	1757.8336	1761.0	36.053	COMPLETED
326	id-00050	8	12	7	2	1757.0	1757.0	1757.29	1757.4337	1759.0	24.894	COMPLETED
326	id-00051	6	12	3	3	1758.0	1758.0	1758.12	1758.5091	1761.0	6.594	COMPLETED
326	id-00052	8	3	2	2	1758.0	1758.0	1758.08	1758.281	1760.0	6.867	COMPLETED
326	id-00053	6	2	10	1	1759.0	1759.0	1759.43	1760.0	1760.0	27.683	EXPIRED
326	id-00054	4	2	6	1	1759.0	1759.0	1759.25	1760.0	1760.0	6.016	EXPIRED
326	id-00055	1	2	2	1	1759.0	1759.0	1759.08	1760.0	1760.0	0.481	EXPIRED
326	id-00056	9	5	1	5	1760.0	1760.0	1760.04	1760.5327	1765.0	4.051	COMPLETED
326	id-00057	5	8	6	3	1761.0	1761.0	1761.25	1761.6101	1764.0	9.877	COMPLETED
326	id-00058	1	2	9	5	1761.0	1761.0	1761.41	1761.6403	1766.0	2.467	COMPLETED
326	id-00059	5	9	2	2	1761.0	1761.0	1761.08	1761.4187	1763.0	3.161	COMPLETED
326	id-00060	6	9	8	4	1762.0	1762.0	1762.33	1762.4767	1766.0	18.134	COMPLETED
326	id-00061	7	12	3	1	1763.0	1763.0	1763.25	1764.0	1764.0	17.599	EXPIRED
326	id-00062	9	17	7	4	1763.0	1763.0	1763.32	1763.784	1767.0	38.445	COMPLETED
326	id-00063	8	10	1	2	1763.0	1763.0	1763.08	1763.3595	1765.0	9.884	COMPLETED
326	id-00064	2	2	4	1	1763.0	1763.0	1763.17	1764.0	1764.0	2.045	EXPIRED
326	id-00065	10	18	6	5	1764.0	1764.0	1764.25	1764.7401	1769.0	29.182	COMPLETED
326	id-00066	4	3	7	1	1765.0	1765.0	1765.3	1766.0	1766.0	10.048	EXPIRED
326	id-00067	8	12	10	3	1765.0	1765.0	1765.43	1765.6383	1768.0	40.965	COMPLETED
326	id-00068	6	6	2	1	1767.0	1767.0	1767.09	1768.0	1768.0	5.794	EXPIRED
326	id-00069	2	2	2	1	1768.0	1768.0	1768.09	1769.0	1769.0	1.083	EXPIRED
326	id-00070	10	17	10	4	1768.0	1768.0	1768.43	1768.6559	1772.0	54.247	COMPLETED
326	id-00071	2	4	7	3	1768.0	1768.0	1768.3	1768.6121	1771.0	3.61	COMPLETED
326	id-00072	8	13	2	4	1770.0	1770.0	1770.08	1770.4946	1774.0	6.867	COMPLETED
326	id-00073	9	4	10	1	1771.0	1771.0	1771.42	1772.0	1772.0	42.539	EXPIRED
326	id-00074	5	5	5	3	1771.0	1771.0	1771.22	1771.6371	1774.0	10.766	COMPLETED
326	id-00075	5	6	9	1	1773.0	1773.0	1773.38	1774.0	1774.0	15.013	EXPIRED
326	id-00076	9	8	2	3	1775.0	1775.0	1775.08	1775.2788	1778.0	7.348	COMPLETED
326	id-00077	6	11	3	4	1777.0	1777.0	1777.12	1777.4008	1781.0	5.463	COMPLETED
326	id-00078	7	10	7	4	1778.0	1778.0	1778.32	1778.765	1782.0	28.561	COMPLETED
326	id-00079	10	3	9	2	1778.0	1778.0	1778.72	1779.0056	1780.0	77.256	COMPLETED
326	id-00080	4	5	10	1	1778.0	1778.0	1778.8	1779.0	1779.0	49.421	EXPIRED
326	id-00081	8	4	6	1	1778.0	1778.0	1778.24	1779.0	1779.0	18.339	EXPIRED
326	id-00082	3	6	3	4	1778.0	1778.0	1778.12	1778.2999	1782.0	2.166	COMPLETED
326	id-00083	9	17	8	2	1782.0	1782.0	1782.33	1782.743	1784.0	33.424	COMPLETED
326	id-00084	4	8	1	2	1782.0	1782.0	1782.04	1782.4869	1784.0	0.963	COMPLETED
326	id-00085	6	8	3	4	1783.0	1783.0	1783.12	1783.5916	1787.0	4.332	COMPLETED
326	id-00086	5	3	5	5	1784.0	1784.0	1784.19	1784.6424	1789.0	5.715	COMPLETED
326	id-00087	5	8	9	2	1784.0	1784.0	1784.38	1784.5571	1786.0	15.013	COMPLETED
326	id-00088	8	14	3	2	1785.0	1785.0	1785.12	1785.2369	1787.0	9.169	COMPLETED
326	id-00089	5	10	7	2	1786.0	1786.0	1786.28	1786.4878	1788.0	8.422	COMPLETED
326	id-00090	7	7	9	3	1788.0	1788.0	1788.38	1788.8593	1791.0	26.75	COMPLETED
326	id-00091	7	6	10	1	1788.0	1788.0	1788.8	1789.0	1789.0	48.774	EXPIRED
326	id-00092	1	2	6	3	1788.0	1788.0	1788.48	1788.646	1791.0	7.413	COMPLETED
326	id-00093	5	8	1	2	1789.0	1789.0	1789.04	1789.4975	1791.0	1.203	COMPLETED
326	id-00094	8	10	5	3	1790.0	1790.0	1790.19	1790.4912	1793.0	12.727	COMPLETED
326	id-00095	9	18	9	3	1791.0	1791.0	1791.36	1791.6236	1794.0	33.068	COMPLETED
326	id-00096	5	5	2	2	1791.0	1791.0	1791.08	1791.3025	1793.0	2.406	COMPLETED
326	id-00097	6	11	7	5	1791.0	1791.0	1791.28	1791.4269	1796.0	12.747	COMPLETED
326	id-00098	4	3	5	2	1792.0	1792.0	1792.2	1792.6123	1794.0	4.813	COMPLETED
326	id-00099	9	18	5	1	1792.0	1792.0	1792.19	1793.0	1793.0	15.661	EXPIRED
326	id-00100	5	2	10	5	1794.0	1794.0	1794.38	1794.7812	1799.0	11.43	COMPLETED
326	id-00101	9	6	7	5	1796.0	1796.0	1796.26	1796.7181	1801.0	18.98	COMPLETED
326	id-00102	1	2	4	1	1797.0	1797.0	1797.15	1798.0	1798.0	0.902	EXPIRED
326	id-00103	1	2	3	4	1798.0	1798.0	1798.22	1798.6443	1802.0	1.324	COMPLETED
326	id-00104	4	4	8	1	1798.0	1798.0	1798.59	1799.0	1799.0	14.198	EXPIRED
326	id-00105	5	6	6	2	1799.0	1799.0	1799.44	1799.8561	1801.0	13.235	COMPLETED
326	id-00106	8	16	8	2	1799.0	1799.0	1799.32	1799.5529	1801.0	24.452	COMPLETED
326	id-00107	1	2	8	2	1799.0	1799.0	1799.33	1799.6791	1801.0	1.985	COMPLETED
326	id-00108	3	3	2	5	1799.0	1799.0	1799.15	1799.5719	1804.0	4.121	COMPLETED
326	id-00109	7	9	4	5	1800.0	1800.0	1800.15	1800.5416	1805.0	6.317	COMPLETED
326	id-00110	3	4	9	5	1802.0	1802.0	1802.33	1802.7259	1807.0	5.956	COMPLETED
326	id-00111	5	6	4	2	1804.0	1804.0	1804.15	1804.337	1806.0	4.512	COMPLETED
326	id-00112	6	7	2	4	1805.0	1805.0	1805.07	1805.2557	1809.0	2.527	COMPLETED
326	id-00113	7	2	6	3	1807.0	1807.0	1807.22	1807.4694	1810.0	9.265	COMPLETED
326	id-00114	10	18	5	1	1809.0	1809.0	1809.2	1810.0	1810.0	21.46	EXPIRED
326	id-00115	9	13	9	2	1809.0	1809.0	1810.12	1811.0	1811.0	113.438	EXPIRED
326	id-00116	4	3	10	2	1809.0	1809.0	1809.43	1809.6191	1811.0	14.402	COMPLETED
326	id-00117	2	4	7	5	1809.0	1809.0	1809.88	1809.9961	1814.0	27.181	COMPLETED
326	id-00118	6	3	10	1	1809.0	1809.0	1810.25	1810.0	1810.0	115.83	EXPIRED
326	id-00119	1	2	10	4	1810.0	1810.0	1810.32	1810.8178	1814.0	1.925	COMPLETED
326	id-00120	2	3	2	5	1813.0	1813.0	1813.13	1813.3054	1818.0	1.564	COMPLETED
326	id-00121	8	6	2	5	1813.0	1813.0	1813.08	1813.5472	1818.0	5.359	COMPLETED
326	id-00122	3	5	9	1	1813.0	1813.0	1813.58	1814.0	1814.0	10.468	EXPIRED
326	id-00123	2	3	3	1	1814.0	1814.0	1814.1	1815.0	1815.0	1.203	EXPIRED
326	id-00124	6	11	6	1	1814.0	1814.0	1814.23	1815.0	1815.0	8.302	EXPIRED
326	id-00125	10	9	4	3	1816.0	1816.0	1816.15	1816.4831	1819.0	14.681	COMPLETED
326	id-00126	8	12	2	1	1816.0	1816.0	1816.07	1817.0	1817.0	3.369	EXPIRED
326	id-00127	2	4	8	5	1816.0	1816.0	1816.32	1816.6866	1821.0	3.85	COMPLETED
326	id-00128	3	3	6	4	1820.0	1820.0	1820.23	1820.6508	1824.0	4.151	COMPLETED
326	id-00129	10	10	4	3	1820.0	1820.0	1820.15	1820.3749	1823.0	13.267	COMPLETED
326	id-00130	9	16	8	1	1822.0	1822.0	1822.28	1823.0	1823.0	15.16	EXPIRED
326	id-00131	2	3	9	1	1823.0	1823.0	1823.62	1824.0	1824.0	7.46	EXPIRED
326	id-00132	1	2	8	5	1823.0	1823.0	1823.55	1823.9007	1828.0	3.309	COMPLETED
326	id-00133	2	3	10	3	1824.0	1824.0	1824.34	1824.4419	1827.0	4.091	COMPLETED
326	id-00134	1	2	10	3	1826.0	1826.0	1826.38	1826.7441	1829.0	2.286	COMPLETED
326	id-00135	1	2	9	1	1828.0	1828.0	1828.35	1829.0	1829.0	2.106	EXPIRED
326	id-00136	10	11	5	1	1829.0	1829.0	1829.19	1830.0	1830.0	18.596	EXPIRED
326	id-00137	9	7	6	3	1829.0	1829.0	1829.23	1829.4439	1832.0	18.958	COMPLETED
326	id-00138	6	10	8	2	1833.0	1833.0	1833.59	1833.7162	1835.0	21.297	COMPLETED
326	id-00139	5	6	3	3	1833.0	1833.0	1833.22	1833.5876	1836.0	14.914	COMPLETED
326	id-00140	2	2	8	1	1834.0	1834.0	1834.3	1835.0	1835.0	3.61	EXPIRED
326	id-00141	10	18	5	5	1835.0	1835.0	1835.19	1835.6495	1840.0	16.804	COMPLETED
326	id-00142	3	2	10	3	1836.0	1836.0	1836.37	1836.8187	1839.0	6.678	COMPLETED
326	id-00143	8	5	10	1	1838.0	1838.0	1838.37	1839.0	1839.0	21.296	EXPIRED
326	id-00144	1	2	5	3	1838.0	1838.0	1838.21	1838.4298	1841.0	1.263	COMPLETED
326	id-00145	10	11	3	2	1838.0	1838.0	1838.12	1838.2219	1840.0	11.745	COMPLETED
326	id-00146	9	12	5	4	1839.0	1839.0	1839.19	1839.4993	1843.0	13.87	COMPLETED
326	id-00147	8	16	5	1	1840.0	1840.0	1840.19	1841.0	1841.0	10.936	EXPIRED
326	id-00148	10	8	2	4	1840.0	1840.0	1840.15	1840.5109	1844.0	14.681	COMPLETED
326	id-00149	5	2	6	5	1840.0	1840.0	1840.24	1840.3732	1845.0	7.219	COMPLETED
326	id-00150	2	2	4	3	1840.0	1840.0	1840.31	1840.5973	1843.0	9.575	COMPLETED
326	id-00151	6	7	3	4	1843.0	1843.0	1843.22	1843.5301	1847.0	7.941	COMPLETED
326	id-00152	8	16	4	2	1843.0	1843.0	1843.3	1843.6401	1845.0	34.237	COMPLETED
326	id-00153	6	4	6	4	1844.0	1844.0	1844.44	1844.892	1848.0	15.882	COMPLETED
326	id-00154	1	2	8	2	1844.0	1844.0	1844.59	1844.7192	1846.0	3.549	COMPLETED
326	id-00155	8	2	7	1	1846.0	1846.0	1846.26	1847.0	1847.0	14.965	EXPIRED
326	id-00156	9	16	6	3	1846.0	1846.0	1846.24	1846.7012	1849.0	22.045	COMPLETED
326	id-00157	5	7	3	5	1846.0	1846.0	1846.12	1846.289	1851.0	3.61	COMPLETED
326	id-00158	2	4	6	1	1847.0	1847.0	1847.22	1848.0	1848.0	2.647	EXPIRED
326	id-00159	1	2	7	4	1847.0	1847.0	1847.28	1847.6554	1851.0	1.684	COMPLETED
326	id-00160	6	5	1	4	1848.0	1848.0	1848.04	1848.4342	1852.0	1.444	COMPLETED
326	id-00161	3	6	9	1	1849.0	1849.0	1849.33	1850.0	1850.0	5.956	EXPIRED
326	id-00162	6	5	10	4	1849.0	1849.0	1849.4	1849.8835	1853.0	18.21	COMPLETED
326	id-00163	5	7	6	5	1850.0	1850.0	1850.25	1850.4754	1855.0	9.877	COMPLETED
326	id-00164	4	4	6	2	1850.0	1850.0	1850.24	1850.6187	1852.0	5.775	COMPLETED
326	id-00165	8	8	6	1	1850.0	1850.0	1850.24	1851.0	1851.0	18.339	EXPIRED
326	id-00166	2	4	1	2	1852.0	1852.0	1852.04	1852.2701	1854.0	0.481	COMPLETED
326	id-00167	9	2	4	3	1853.0	1853.0	1853.16	1853.2665	1856.0	14.697	COMPLETED
326	id-00168	7	8	7	4	1853.0	1853.0	1853.29	1853.3969	1857.0	20.415	COMPLETED
326	id-00169	1	2	8	5	1853.0	1853.0	1853.7	1854.0994	1858.0	4.211	COMPLETED
326	id-00170	2	3	10	4	1853.0	1853.0	1853.87	1854.1786	1857.0	10.468	COMPLETED
326	id-00171	1	2	4	4	1853.0	1853.0	1853.16	1853.3818	1857.0	0.963	COMPLETED
326	id-00172	5	6	7	1	1855.0	1855.0	1855.28	1856.0	1856.0	8.422	EXPIRED
326	id-00173	10	14	5	2	1855.0	1855.0	1855.4	1855.742	1857.0	42.92	COMPLETED
326	id-00174	9	18	6	4	1855.0	1855.0	1855.25	1855.5419	1859.0	25.321	COMPLETED
326	id-00175	2	4	4	5	1855.0	1855.0	1855.32	1855.5902	1860.0	9.884	COMPLETED
326	id-00176	9	12	10	3	1858.0	1858.0	1858.4	1858.591	1861.0	36.742	COMPLETED
326	id-00177	9	4	2	5	1858.0	1858.0	1858.08	1858.3642	1863.0	8.103	COMPLETED
326	id-00178	3	6	1	5	1858.0	1858.0	1858.04	1858.3429	1863.0	0.722	COMPLETED
326	id-00179	5	9	9	4	1860.0	1860.0	1860.35	1860.5314	1864.0	10.528	COMPLETED
326	id-00180	4	7	8	5	1861.0	1861.0	1861.32	1861.7953	1866.0	7.7	COMPLETED
326	id-00181	6	6	10	3	1861.0	1861.0	1861.77	1861.9391	1864.0	27.794	COMPLETED
326	id-00182	2	3	5	4	1861.0	1861.0	1861.38	1861.8687	1865.0	11.737	COMPLETED
326	id-00183	7	12	1	4	1863.0	1863.0	1863.04	1863.2639	1867.0	2.062	COMPLETED
326	id-00184	5	2	9	5	1865.0	1865.0	1865.36	1865.652	1870.0	10.829	COMPLETED
326	id-00185	5	8	6	4	1865.0	1865.0	1865.24	1865.4675	1869.0	7.219	COMPLETED
326	id-00186	8	15	2	3	1867.0	1867.0	1867.08	1867.5154	1870.0	6.113	COMPLETED
326	id-00187	6	9	10	1	1868.0	1868.0	1868.4	1869.0	1869.0	18.21	EXPIRED
326	id-00188	1	2	6	1	1869.0	1869.0	1869.24	1870.0	1870.0	1.444	EXPIRED
326	id-00189	6	10	8	2	1870.0	1870.0	1870.62	1871.0744	1872.0	22.38	COMPLETED
326	id-00190	4	4	1	5	1870.0	1870.0	1870.08	1870.2758	1875.0	4.942	COMPLETED
326	id-00191	2	4	5	4	1871.0	1871.0	1871.19	1871.677	1875.0	2.286	COMPLETED
326	id-00192	10	8	10	4	1872.0	1872.0	1872.38	1872.6063	1876.0	37.191	COMPLETED
326	id-00193	8	2	6	2	1874.0	1874.0	1874.23	1874.5104	1876.0	15.406	COMPLETED
326	id-00194	6	5	2	3	1875.0	1875.0	1875.07	1875.3528	1878.0	2.527	COMPLETED
326	id-00195	9	12	1	1	1878.0	1878.0	1878.04	1879.0	1879.0	2.92	EXPIRED
326	id-00196	6	12	6	2	1878.0	1878.0	1878.23	1878.6049	1880.0	8.302	COMPLETED
326	id-00197	10	15	9	1	1879.0	1879.0	1879.33	1880.0	1880.0	29.187	EXPIRED
326	id-00198	8	12	3	4	1882.0	1882.0	1882.22	1882.6297	1886.0	12.662	COMPLETED
326	id-00199	8	11	9	5	1882.0	1882.0	1882.36	1882.7212	1887.0	27.508	COMPLETED
326	id-00200	10	11	5	5	1882.0	1882.0	1882.19	1882.624	1887.0	18.596	COMPLETED
326	id-00201	1	2	5	2	1882.0	1882.0	1882.37	1882.5778	1884.0	5.714	COMPLETED
326	id-00202	4	3	2	4	1884.0	1884.0	1884.07	1884.4173	1888.0	1.684	COMPLETED
326	id-00203	4	4	4	1	1885.0	1885.0	1885.15	1886.0	1886.0	3.61	EXPIRED
326	id-00204	3	6	3	1	1886.0	1886.0	1886.12	1887.0	1887.0	2.166	EXPIRED
326	id-00205	7	13	4	4	1887.0	1887.0	1887.15	1887.5331	1891.0	7.731	COMPLETED
326	id-00206	4	5	10	4	1887.0	1887.0	1887.4	1887.7529	1891.0	9.626	COMPLETED
326	id-00207	1	2	1	5	1889.0	1889.0	1889.04	1889.457	1894.0	0.241	COMPLETED
326	id-00208	3	6	6	4	1891.0	1891.0	1891.23	1891.4461	1895.0	4.151	COMPLETED
326	id-00209	7	11	8	2	1893.0	1893.0	1893.31	1893.6774	1895.0	15.977	COMPLETED
326	id-00210	1	2	9	4	1894.0	1894.0	1894.38	1894.5887	1898.0	2.286	COMPLETED
326	id-00211	6	4	1	2	1894.0	1894.0	1894.04	1894.5346	1896.0	1.444	COMPLETED
326	id-00212	9	5	1	5	1895.0	1895.0	1895.04	1895.3651	1900.0	3.297	COMPLETED
326	id-00213	1	2	5	5	1896.0	1896.0	1896.19	1896.5738	1901.0	1.143	COMPLETED
326	id-00214	10	8	2	2	1898.0	1898.0	1898.08	1898.4416	1900.0	7.83	COMPLETED
326	id-00215	5	4	9	5	1900.0	1900.0	1900.35	1900.7015	1905.0	10.528	COMPLETED
326	id-00216	9	15	7	5	1900.0	1900.0	1900.27	1900.7337	1905.0	22.256	COMPLETED
326	id-00217	10	7	2	4	1901.0	1901.0	1901.15	1901.4595	1905.0	14.681	COMPLETED
326	id-00218	4	4	4	2	1901.0	1901.0	1901.31	1901.4163	1903.0	19.151	COMPLETED
326	id-00219	2	3	3	3	1901.0	1901.0	1901.12	1901.5242	1904.0	1.444	COMPLETED
326	id-00220	4	3	4	4	1903.0	1903.0	1903.15	1903.3407	1907.0	3.61	COMPLETED
326	id-00221	2	3	2	4	1904.0	1904.0	1904.08	1904.2512	1908.0	0.963	COMPLETED
326	id-00222	4	3	6	4	1905.0	1905.0	1905.22	1905.6508	1909.0	5.294	COMPLETED
326	id-00223	2	4	5	3	1908.0	1908.0	1908.37	1908.5917	1911.0	4.452	COMPLETED
326	id-00224	2	4	2	5	1908.0	1908.0	1908.08	1908.3495	1913.0	0.963	COMPLETED
326	id-00225	9	8	1	5	1908.0	1908.0	1908.07	1908.2954	1913.0	6.43	COMPLETED
326	id-00226	4	5	9	1	1910.0	1910.0	1910.36	1911.0	1911.0	8.663	EXPIRED
326	id-00227	3	5	8	2	1911.0	1911.0	1911.32	1911.663	1913.0	5.775	COMPLETED
326	id-00228	2	3	10	2	1911.0	1911.0	1911.4	1911.7263	1913.0	4.813	COMPLETED
326	id-00229	3	5	2	3	1913.0	1913.0	1913.08	1913.3147	1916.0	1.444	COMPLETED
326	id-00230	8	14	6	4	1913.0	1913.0	1913.24	1913.4329	1917.0	18.339	COMPLETED
326	id-00231	5	10	9	4	1913.0	1913.0	1913.38	1913.5129	1917.0	15.013	COMPLETED
326	id-00232	4	4	3	1	1918.0	1918.0	1918.12	1919.0	1919.0	2.888	EXPIRED
326	id-00233	8	8	6	4	1919.0	1919.0	1919.23	1919.3958	1923.0	15.406	COMPLETED
326	id-00234	10	14	3	5	1920.0	1920.0	1920.11	1920.2633	1925.0	9.729	COMPLETED
326	id-00235	5	5	9	5	1920.0	1920.0	1920.35	1920.4616	1925.0	10.528	COMPLETED
326	id-00236	6	10	2	1	1921.0	1921.0	1921.07	1922.0	1922.0	2.527	EXPIRED
326	id-00237	4	7	2	4	1921.0	1921.0	1921.08	1921.4238	1925.0	1.925	COMPLETED
326	id-00238	2	2	5	4	1921.0	1921.0	1921.21	1921.3115	1925.0	2.527	COMPLETED
326	id-00239	1	2	10	3	1923.0	1923.0	1923.37	1923.6302	1926.0	2.226	COMPLETED
326	id-00240	1	2	6	3	1924.0	1924.0	1924.22	1924.3891	1927.0	1.324	COMPLETED
326	id-00241	8	9	4	1	1926.0	1926.0	1926.17	1927.0	1927.0	14.593	EXPIRED
326	id-00242	1	2	7	1	1926.0	1926.0	1926.29	1927.0	1927.0	1.745	EXPIRED
326	id-00243	7	13	2	1	1926.0	1926.0	1926.08	1927.0	1927.0	4.123	EXPIRED
326	id-00244	6	6	2	1	1928.0	1928.0	1928.08	1929.0	1929.0	2.888	EXPIRED
326	id-00245	8	12	4	4	1928.0	1928.0	1928.17	1928.3734	1932.0	14.593	COMPLETED
326	id-00246	6	12	2	4	1930.0	1930.0	1930.07	1930.5446	1934.0	2.527	COMPLETED
326	id-00247	10	3	6	2	1931.0	1931.0	1931.21	1931.3249	1933.0	16.593	COMPLETED
326	id-00248	4	5	6	3	1931.0	1931.0	1931.21	1931.6281	1934.0	5.053	COMPLETED
326	id-00249	4	4	6	2	1932.0	1932.0	1932.21	1932.3731	1934.0	5.053	COMPLETED
326	id-00250	9	2	10	3	1933.0	1933.0	1933.71	1934.114	1936.0	45.136	COMPLETED
326	id-00251	6	3	8	4	1933.0	1933.0	1933.57	1933.7661	1937.0	52.818	COMPLETED
326	id-00252	4	8	1	1	1933.0	1933.0	1933.04	1934.0	1934.0	0.963	EXPIRED
326	id-00253	10	6	9	2	1934.0	1934.0	1934.64	1934.9919	1936.0	50.57	COMPLETED
326	id-00254	2	2	4	4	1934.0	1934.0	1934.14	1934.2561	1938.0	1.684	COMPLETED
326	id-00255	5	6	1	4	1934.0	1934.0	1934.07	1934.477	1938.0	5.405	COMPLETED
326	id-00256	7	14	4	1	1935.0	1935.0	1935.14	1936.0	1936.0	5.896	EXPIRED
326	id-00257	3	3	6	1	1937.0	1937.0	1937.21	1938.0	1938.0	3.79	EXPIRED
326	id-00258	4	5	8	2	1938.0	1938.0	1938.55	1938.8666	1940.0	13.235	COMPLETED
326	id-00259	2	4	6	5	1938.0	1938.0	1938.41	1938.7114	1943.0	4.933	COMPLETED
326	id-00260	1	2	10	4	1939.0	1939.0	1939.34	1939.5734	1943.0	2.045	COMPLETED
326	id-00261	2	4	9	5	1940.0	1940.0	1940.35	1940.7806	1945.0	4.211	COMPLETED
326	id-00262	1	2	9	3	1940.0	1940.0	1940.31	1940.579	1943.0	1.865	COMPLETED
326	id-00263	1	2	1	2	1942.0	1942.0	1942.03	1942.1651	1944.0	0.18	COMPLETED
326	id-00264	1	2	8	4	1942.0	1942.0	1942.31	1942.6826	1946.0	1.865	COMPLETED
326	id-00265	8	9	10	5	1943.0	1943.0	1943.38	1943.6635	1948.0	25.454	COMPLETED
326	id-00266	1	2	6	2	1943.0	1943.0	1943.21	1943.7031	1945.0	1.263	COMPLETED
326	id-00267	9	13	5	2	1944.0	1944.0	1944.17	1944.3175	1946.0	9.204	COMPLETED
326	id-00268	3	2	8	5	1945.0	1945.0	1945.32	1945.7655	1950.0	5.775	COMPLETED
326	id-00269	3	6	8	1	1945.0	1945.0	1945.25	1946.0	1946.0	4.512	EXPIRED
326	id-00270	3	2	8	5	1945.0	1945.0	1945.33	1945.5829	1950.0	5.956	COMPLETED
326	id-00271	10	5	9	4	1947.0	1947.0	1947.28	1947.4857	1951.0	16.845	COMPLETED
326	id-00272	8	2	5	1	1948.0	1948.0	1948.16	1949.0	1949.0	7.7	EXPIRED
326	id-00273	9	4	9	3	1948.0	1948.0	1948.36	1948.5266	1951.0	33.068	COMPLETED
326	id-00274	9	13	2	3	1949.0	1949.0	1949.06	1949.2788	1952.0	3.249	COMPLETED
326	id-00275	8	12	7	3	1949.0	1949.0	1949.28	1949.6201	1952.0	21.395	COMPLETED
326	id-00276	8	3	9	4	1949.0	1949.0	1949.38	1949.5253	1953.0	32.619	COMPLETED
326	id-00277	5	3	7	4	1950.0	1950.0	1950.23	1950.5532	1954.0	6.918	COMPLETED
326	id-00278	7	5	8	2	1952.0	1952.0	1952.27	1952.4022	1954.0	11.37	COMPLETED
326	id-00279	10	18	4	1	1953.0	1953.0	1953.13	1954.0	1954.0	7.821	EXPIRED
326	id-00280	2	4	9	3	1954.0	1954.0	1954.3	1954.7773	1957.0	3.61	COMPLETED
326	id-00281	8	13	9	2	1956.0	1956.0	1956.33	1956.4418	1958.0	18.993	COMPLETED
326	id-00282	9	7	10	4	1957.0	1957.0	1957.37	1957.5504	1961.0	27.01	COMPLETED
326	id-00283	3	6	10	2	1958.0	1958.0	1958.37	1958.6552	1960.0	6.678	COMPLETED
326	id-00284	8	14	7	5	1959.0	1959.0	1959.26	1959.5449	1964.0	14.965	COMPLETED
326	id-00285	7	3	7	1	1961.0	1961.0	1961.26	1962.0	1962.0	10.949	EXPIRED
326	id-00286	3	2	10	5	1962.0	1962.0	1962.37	1962.8092	1967.0	6.678	COMPLETED
326	id-00287	10	4	1	2	1963.0	1963.0	1963.04	1963.47	1965.0	3.538	COMPLETED
326	id-00288	8	2	9	4	1963.0	1963.0	1963.33	1963.703	1967.0	18.993	COMPLETED
326	id-00289	4	7	5	3	1964.0	1964.0	1964.19	1964.3764	1967.0	4.572	COMPLETED
326	id-00290	1	2	6	5	1964.0	1964.0	1964.22	1964.5821	1969.0	1.324	COMPLETED
326	id-00291	10	17	3	3	1965.0	1965.0	1965.11	1965.5518	1968.0	9.729	COMPLETED
326	id-00292	1	2	8	2	1966.0	1966.0	1966.3	1966.5119	1968.0	1.805	COMPLETED
326	id-00293	8	7	1	4	1967.0	1967.0	1967.04	1967.2361	1971.0	2.302	COMPLETED
326	id-00294	6	3	9	5	1967.0	1967.0	1967.69	1968.107	1972.0	24.906	COMPLETED
326	id-00295	10	11	10	2	1967.0	1967.0	1967.77	1968.045	1969.0	118.919	COMPLETED
326	id-00296	8	16	7	4	1969.0	1969.0	1969.26	1969.5227	1973.0	14.965	COMPLETED
326	id-00297	1	2	3	5	1970.0	1970.0	1970.11	1970.2197	1975.0	0.662	COMPLETED
326	id-00298	6	10	5	5	1970.0	1970.0	1970.2	1970.3199	1975.0	9.105	COMPLETED
326	id-00299	8	10	4	1	1971.0	1971.0	1971.16	1972.0	1972.0	12.226	EXPIRED
326	id-00300	9	10	3	1	1971.0	1971.0	1971.11	1972.0	1972.0	8.03	EXPIRED
326	id-00301	8	7	8	5	1972.0	1972.0	1972.32	1972.6128	1977.0	24.452	COMPLETED
326	id-00302	8	6	6	5	1972.0	1972.0	1972.22	1972.6378	1977.0	12.662	COMPLETED
326	id-00303	1	2	4	1	1977.0	1977.0	1977.16	1978.0	1978.0	0.963	EXPIRED
326	id-00304	7	13	5	1	1978.0	1978.0	1978.2	1979.0	1979.0	12.194	EXPIRED
326	id-00305	10	15	4	2	1979.0	1979.0	1979.16	1979.41	1981.0	17.168	COMPLETED
326	id-00306	4	5	5	5	1980.0	1980.0	1980.19	1980.5114	1985.0	4.572	COMPLETED
326	id-00307	9	6	3	1	1980.0	1980.0	1980.11	1981.0	1981.0	8.03	EXPIRED
326	id-00308	5	10	2	2	1981.0	1981.0	1981.07	1981.2348	1983.0	2.106	COMPLETED
326	id-00309	7	12	3	2	1981.0	1981.0	1981.12	1981.326	1983.0	6.185	COMPLETED
326	id-00310	3	4	1	3	1982.0	1982.0	1982.04	1982.4326	1985.0	0.722	COMPLETED
326	id-00311	8	6	4	3	1982.0	1982.0	1982.15	1982.5829	1985.0	10.048	COMPLETED
326	id-00312	4	4	2	2	1983.0	1983.0	1983.07	1983.2403	1985.0	1.684	COMPLETED
326	id-00313	8	11	7	1	1984.0	1984.0	1984.26	1985.0	1985.0	14.965	EXPIRED
326	id-00314	4	2	4	3	1985.0	1985.0	1985.15	1985.6366	1988.0	3.61	COMPLETED
326	id-00315	10	11	2	3	1987.0	1987.0	1987.08	1987.2027	1990.0	7.83	COMPLETED
326	id-00316	7	8	10	4	1989.0	1989.0	1989.38	1989.5639	1993.0	19.585	COMPLETED
326	id-00317	2	3	5	4	1993.0	1993.0	1993.19	1993.3902	1997.0	2.286	COMPLETED
326	id-00318	5	4	5	2	1993.0	1993.0	1993.19	1993.3109	1995.0	5.715	COMPLETED
326	id-00319	1	2	2	3	1995.0	1995.0	1995.07	1995.5317	1998.0	0.421	COMPLETED
326	id-00320	5	4	6	1	1997.0	1997.0	1997.21	1998.0	1998.0	6.317	EXPIRED
326	id-00321	9	13	5	4	1998.0	1998.0	1998.17	1998.4825	2002.0	9.204	COMPLETED
326	id-00322	1	2	7	1	1999.0	1999.0	1999.28	2000.0	2000.0	1.684	EXPIRED
326	id-00323	9	10	7	1	1999.0	1999.0	1999.28	2000.0	2000.0	25.72	EXPIRED
326	id-00324	5	3	1	1	1999.0	1999.0	1999.03	2000.0	2000.0	0.902	EXPIRED
326	id-00325	1	2	10	4	2000.0	2000.0	2000.32	2000.7455	2004.0	1.925	COMPLETED
