0.0024623870849609375
0.0008385181427001953
0.0019145011901855469
0.0008666515350341797
0.0010979175567626953
0.001165151596069336
0.0019407272338867188
0.0008869171142578125
0.0009827613830566406
0.0017757415771484375
0.0012469291687011719
0.0011398792266845703
0.0017666816711425781
0.0024344921112060547
0.0010726451873779297
0.0008478164672851562
0.0029191970825195312
0.0021882057189941406
0.0009872913360595703
0.002743959426879883
0.0009491443634033203
0.0014383792877197266
0.0009200572967529297
0.001054525375366211
0.0017886161804199219
0.0009317398071289062
0.0020971298217773438
0.0011196136474609375
0.001829385757446289
0.0011143684387207031
0.0009095668792724609
0.0018115043640136719
0.001789093017578125
0.0014431476593017578
0.0022885799407958984
0.0017969608306884766
0.0012066364288330078
0.0011248588562011719
0.0009517669677734375
0.0020797252655029297
0.0019392967224121094
0.0018353462219238281
0.0008802413940429688
0.0010755062103271484
0.0020902156829833984
0.0009000301361083984
0.0009062290191650391
0.0010390281677246094
0.0011894702911376953
0.0023081302642822266
0.0010666847229003906
0.002744436264038086
0.0012140274047851562
0.001827239990234375
0.0015964508056640625
0.0029206275939941406
0.0010302066802978516
0.001399993896484375
0.0016460418701171875
0.001262664794921875
0.0009737014770507812
0.0015811920166015625
0.0018835067749023438
0.0008802413940429688
0.000743865966796875
0.0006988048553466797
0.0015294551849365234
0.001931905746459961
0.0007441043853759766
0.0017201900482177734
0.001821279525756836
0.0024268627166748047
0.0015451908111572266
0.0022068023681640625
0.001291513442993164
0.0006425380706787109
0.001194000244140625
0.0017468929290771484
0.0007815361022949219
0.0006747245788574219
0.0012042522430419922
0.0006225109100341797
0.0006618499755859375
0.0008137226104736328
0.0006678104400634766
0.0029735565185546875
0.0007441043853759766
0.0010378360748291016
0.0007922649383544922
0.0017552375793457031
0.0008535385131835938
0.0019578933715820312
0.0009424686431884766
0.0009503364562988281
0.0006740093231201172
0.0008196830749511719
0.0028955936431884766
0.0009965896606445312
0.0008037090301513672
0.0007445812225341797
0.0011491775512695312
0.0010750293731689453
0.0014171600341796875
0.0009255409240722656
0.0022499561309814453
0.0010657310485839844
0.0009081363677978516
0.0034058094024658203
0.002389192581176758
0.0018928050994873047
0.0014438629150390625
0.0009396076202392578
0.0014181137084960938
0.0007586479187011719
0.001422882080078125
0.0008873939514160156
0.002216815948486328
0.0006585121154785156
0.0012392997741699219
0.0006859302520751953
0.0012142658233642578
0.0009202957153320312
0.0016524791717529297
0.0007779598236083984
0.0008893013000488281
0.0015285015106201172
0.0008819103240966797
0.0011317729949951172
0.0009312629699707031
0.0007901191711425781
0.0011949539184570312
0.0014095306396484375
0.0006866455078125
0.001477956771850586
0.0009427070617675781
0.0014200210571289062
0.0008544921875
0.0007550716400146484
0.0031309127807617188
0.0017478466033935547
0.001497507095336914
0.0008823871612548828
0.0008938312530517578
0.0008082389831542969
0.000904083251953125
0.0013880729675292969
0.0008418560028076172
0.001338958740234375
0.0012273788452148438
0.0007996559143066406
0.0006906986236572266
0.0007181167602539062
0.0018014907836914062
0.0008835792541503906
0.0008800029754638672
0.0015370845794677734
0.0008687973022460938
0.0012433528900146484
0.0014259815216064453
0.0016558170318603516
0.0017364025115966797
0.001444101333618164
0.0011186599731445312
0.0010766983032226562
0.0019931793212890625
0.0008418560028076172
0.0027561187744140625
0.0010111331939697266
0.0013475418090820312
0.00128936767578125
0.0008630752563476562
0.0023832321166992188
0.0007565021514892578
0.0011594295501708984
0.0018391609191894531
0.0011396408081054688
0.002019166946411133
0.0014011859893798828
0.0009624958038330078
0.0009174346923828125
0.0018367767333984375
0.0020461082458496094
0.0016231536865234375
0.0015151500701904297
0.0010290145874023438
