0.0023086071014404297
0.0006964206695556641
0.0009272098541259766
0.0041522979736328125
0.0006701946258544922
0.0008485317230224609
0.0010132789611816406
0.000782012939453125
0.0007326602935791016
0.002109527587890625
0.0008890628814697266
0.00086212158203125
0.0007855892181396484
0.001302957534790039
0.0011985301971435547
0.0012111663818359375
0.0008664131164550781
0.0010633468627929688
0.0014808177947998047
0.0013506412506103516
0.0011944770812988281
0.0010683536529541016
0.000982522964477539
0.002068042755126953
0.0023458003997802734
0.0018918514251708984
0.0011136531829833984
0.0010285377502441406
0.0009477138519287109
0.0009162425994873047
0.0009188652038574219
0.001951456069946289
0.001848459243774414
0.001046895980834961
0.0010671615600585938
0.001878976821899414
0.0020732879638671875
0.0014414787292480469
0.001829385757446289
0.00067138671875
0.001035928726196289
0.0008885860443115234
0.0018014907836914062
0.0014002323150634766
0.0013892650604248047
0.001821756362915039
0.0019800662994384766
0.0007917881011962891
0.0013318061828613281
0.0006511211395263672
0.0017061233520507812
0.0022859573364257812
0.0007908344268798828
0.0006527900695800781
0.0008509159088134766
0.0009813308715820312
0.0009055137634277344
0.0009675025939941406
0.0007925033569335938
0.0009927749633789062
0.0018820762634277344
0.0008337497711181641
0.0013709068298339844
0.0006415843963623047
0.001500844955444336
0.0012829303741455078
0.0007598400115966797
0.0011796951293945312
0.0008895397186279297
0.0011141300201416016
0.0009386539459228516
0.0008933544158935547
0.0024728775024414062
0.001341104507446289
0.0008268356323242188
0.0009014606475830078
0.0023887157440185547
0.0026383399963378906
0.0010056495666503906
0.0017714500427246094
0.0017709732055664062
0.0014150142669677734
0.001630544662475586
0.002496004104614258
0.0018138885498046875
0.0006682872772216797
0.0016160011291503906
0.0010442733764648438
0.0009775161743164062
0.0013840198516845703
0.0013246536254882812
0.0012497901916503906
0.0010447502136230469
0.0009377002716064453
0.0009677410125732422
0.0008697509765625
0.0009281635284423828
0.002027750015258789
0.0010476112365722656
0.0006940364837646484
0.0012950897216796875
0.0009260177612304688
0.0008807182312011719
0.0010516643524169922
0.0009808540344238281
0.001667022705078125
0.000652313232421875
0.0006623268127441406
0.0015573501586914062
0.0007791519165039062
0.0006945133209228516
0.0007925033569335938
0.0007011890411376953
0.0009086132049560547
0.0009660720825195312
0.0009667873382568359
0.0014102458953857422
0.0008730888366699219
0.0009331703186035156
0.0007908344268798828
0.003015279769897461
0.0008146762847900391
0.0006883144378662109
0.00110626220703125
0.00070953369140625
0.0006644725799560547
0.0012679100036621094
0.001176595687866211
0.0010783672332763672
0.0008764266967773438
0.0014071464538574219
0.0009546279907226562
0.0007615089416503906
0.0008628368377685547
0.0008106231689453125
0.0016372203826904297
0.001012563705444336
0.002493143081665039
0.0009987354278564453
0.0010294914245605469
0.0008602142333984375
0.0020530223846435547
0.0011696815490722656
0.0027871131896972656
0.0008897781372070312
0.0017948150634765625
0.0008571147918701172
0.0007305145263671875
0.0026328563690185547
0.001392364501953125
0.002173185348510742
0.0015411376953125
0.000751495361328125
0.0007069110870361328
0.0009186267852783203
0.0007593631744384766
0.0009548664093017578
0.0013818740844726562
0.0008428096771240234
0.0010061264038085938
0.0008740425109863281
0.0009493827819824219
0.0008592605590820312
0.0008728504180908203
0.0015513896942138672
0.0016138553619384766
0.0007472038269042969
0.0010173320770263672
0.001062154769897461
0.0008416175842285156
0.0008015632629394531
0.0014081001281738281
0.0007648468017578125
0.0014123916625976562
0.0008423328399658203
0.0007255077362060547
0.0010266304016113281
0.0009951591491699219
0.0008254051208496094
0.0007500648498535156
0.0008828639984130859
0.0011854171752929688
0.0019745826721191406
0.0013413429260253906
0.0014498233795166016
0.000823974609375
0.000782012939453125
0.001543283462524414
0.0017902851104736328
0.002104520797729492
0.0007898807525634766
0.0006558895111083984
0.0010650157928466797
0.0009799003601074219
0.0008873939514160156
0.0010695457458496094
0.0007925033569335938
