0.002453327178955078
0.0008840560913085938
0.0008807182312011719
0.003308534622192383
0.0008389949798583984
0.0008616447448730469
0.0009734630584716797
0.0008709430694580078
0.0007627010345458984
0.001642465591430664
0.0010037422180175781
0.0012619495391845703
0.0009446144104003906
0.0014934539794921875
0.0010027885437011719
0.0008924007415771484
0.0010535717010498047
0.0009753704071044922
0.0014829635620117188
0.0008802413940429688
0.0014607906341552734
0.0007882118225097656
0.0007576942443847656
0.0010004043579101562
0.002283811569213867
0.001463174819946289
0.0007791519165039062
0.0008537769317626953
0.0007326602935791016
0.0006892681121826172
0.0009105205535888672
0.0009145736694335938
0.0009300708770751953
0.000873565673828125
0.0009694099426269531
0.0026404857635498047
0.0014340877532958984
0.0008833408355712891
0.0012829303741455078
0.000675201416015625
0.0013167858123779297
0.0009479522705078125
0.0015976428985595703
0.0012097358703613281
0.0009353160858154297
0.0008502006530761719
0.0014264583587646484
0.0008492469787597656
0.0007407665252685547
0.0006768703460693359
0.0014157295227050781
0.0014758110046386719
0.0008237361907958984
0.0008332729339599609
0.000820159912109375
0.0009224414825439453
0.0008375644683837891
0.0010924339294433594
0.0009646415710449219
0.0008966922760009766
0.0007851123809814453
0.0009126663208007812
0.0022716522216796875
0.0012867450714111328
0.0014641284942626953
0.0013680458068847656
0.0008141994476318359
0.0008041858673095703
0.0013339519500732422
0.0007407665252685547
0.000766754150390625
0.0006928443908691406
0.0018956661224365234
0.0013632774353027344
0.0007641315460205078
0.001192331314086914
0.0019102096557617188
0.0020825862884521484
0.0013003349304199219
0.0013070106506347656
0.0012454986572265625
0.0013654232025146484
0.0011630058288574219
0.0012292861938476562
0.0009059906005859375
0.0006971359252929688
0.0012412071228027344
0.0012118816375732422
0.00063323974609375
0.0014133453369140625
0.0013420581817626953
0.00067138671875
0.0006399154663085938
0.0007960796356201172
0.0008909702301025391
0.0007843971252441406
0.0006976127624511719
0.0012149810791015625
0.0007486343383789062
0.0008008480072021484
0.0012814998626708984
0.0007319450378417969
0.0008180141448974609
0.0010097026824951172
0.0011065006256103516
0.0018444061279296875
0.0008828639984130859
0.0008752346038818359
0.0009381771087646484
0.0007803440093994141
0.0008976459503173828
0.0008749961853027344
0.0009899139404296875
0.0020470619201660156
0.0009696483612060547
0.0009913444519042969
0.0019485950469970703
0.0009086132049560547
0.0011148452758789062
0.0008220672607421875
0.002814769744873047
0.0008697509765625
0.0007264614105224609
0.0008876323699951172
0.0007548332214355469
0.0011768341064453125
0.001863718032836914
0.0008134841918945312
0.0007889270782470703
0.0009179115295410156
0.0007929801940917969
0.0007493495941162109
0.0007464885711669922
0.0008993148803710938
0.0007846355438232422
0.0014231204986572266
0.0007693767547607422
0.0013146400451660156
0.0007457733154296875
0.0009150505065917969
0.0007879734039306641
0.0017726421356201172
0.0007126331329345703
0.001928091049194336
0.0009019374847412109
0.0009133815765380859
0.0008134841918945312
0.0007333755493164062
0.0014257431030273438
0.0018963813781738281
0.0019345283508300781
0.0013022422790527344
0.0007045269012451172
0.0008037090301513672
0.0007228851318359375
0.002096414566040039
0.0009572505950927734
0.0010728836059570312
0.0007534027099609375
0.0006654262542724609
0.0007727146148681641
0.0009779930114746094
0.000926971435546875
0.0009553432464599609
0.0016829967498779297
0.0015866756439208984
0.0007002353668212891
0.0007064342498779297
0.0007050037384033203
0.0008978843688964844
0.0007402896881103516
0.0013573169708251953
0.0008244514465332031
0.0016202926635742188
0.0008449554443359375
0.0007762908935546875
0.0008058547973632812
0.0007929801940917969
0.0008554458618164062
0.0007493495941162109
0.0007033348083496094
0.0007028579711914062
0.0007307529449462891
0.001911163330078125
0.0006718635559082031
0.0007913112640380859
0.0007781982421875
0.0014109611511230469
0.0012471675872802734
0.0012731552124023438
0.0008223056793212891
0.0006551742553710938
0.0007824897766113281
0.0006320476531982422
0.0008058547973632812
0.0007476806640625
0.0012679100036621094
