303	id-00000	4	8	4	6	1700.0	1700.0	1700.32	1700.4456	1706.0	7.7	COMPLETED
303	id-00001	5	8	3	7	1700.0	1700.0	1700.24	1700.3513	1707.0	16.27	COMPLETED
303	id-00002	6	10	6	2	1702.0	1702.0	1702.24	1702.4336	1704.0	10.926	COMPLETED
303	id-00003	4	7	8	5	1703.0	1703.0	1703.32	1703.5031	1708.0	7.7	COMPLETED
303	id-00004	7	2	10	8	1703.0	1703.0	1703.42	1703.7789	1711.0	29.566	COMPLETED
303	id-00005	3	2	9	10	1703.0	1703.0	1703.39	1703.8558	1713.0	7.039	COMPLETED
303	id-00006	5	3	1	4	1705.0	1705.0	1705.04	1705.2468	1709.0	1.58	COMPLETED
303	id-00007	10	13	5	1	1706.0	1706.0	1706.21	1707.0	1707.0	24.513	EXPIRED
303	id-00008	5	5	9	6	1709.0	1709.0	1709.38	1709.5519	1715.0	15.013	COMPLETED
303	id-00009	10	11	3	10	1711.0	1711.0	1711.12	1711.481	1721.0	14.007	COMPLETED
303	id-00010	6	9	2	1	1711.0	1711.0	1711.08	1712.0	1712.0	4.396	EXPIRED
303	id-00011	9	18	10	8	1712.0	1712.0	1712.42	1712.7013	1720.0	42.539	COMPLETED
303	id-00012	7	9	6	2	1714.0	1714.0	1714.25	1714.3825	1716.0	17.599	COMPLETED
303	id-00013	4	2	1	10	1715.0	1715.0	1715.08	1715.4711	1725.0	1.925	COMPLETED
303	id-00014	8	6	4	5	1715.0	1715.0	1715.32	1715.631	1720.0	36.52	COMPLETED
303	id-00015	4	3	9	5	1717.0	1717.0	1717.36	1717.5146	1722.0	8.663	COMPLETED
303	id-00016	5	10	8	2	1719.0	1719.0	1719.32	1719.5678	1721.0	9.626	COMPLETED
303	id-00017	2	2	1	6	1720.0	1720.0	1720.08	1720.2656	1726.0	0.963	COMPLETED
303	id-00018	9	9	3	2	1720.0	1720.0	1720.25	1720.5737	1722.0	30.035	COMPLETED
303	id-00019	6	12	4	7	1722.0	1722.0	1722.17	1722.5269	1729.0	10.945	COMPLETED
303	id-00020	1	2	1	3	1722.0	1722.0	1722.04	1722.199	1725.0	0.241	COMPLETED
303	id-00021	1	2	2	4	1722.0	1722.0	1722.09	1722.4712	1726.0	0.541	COMPLETED
303	id-00022	6	9	9	9	1724.0	1724.0	1724.38	1724.5321	1733.0	20.882	COMPLETED
303	id-00023	8	8	10	3	1725.0	1725.0	1725.42	1725.9031	1728.0	36.053	COMPLETED
303	id-00024	8	3	3	6	1726.0	1726.0	1726.12	1726.5256	1732.0	10.301	COMPLETED
303	id-00025	8	13	5	5	1726.0	1726.0	1726.21	1726.5686	1731.0	18.026	COMPLETED
303	id-00026	5	6	10	9	1726.0	1726.0	1726.42	1726.8689	1735.0	16.593	COMPLETED
303	id-00027	5	5	2	6	1728.0	1728.0	1728.17	1728.5622	1734.0	6.716	COMPLETED
303	id-00028	3	2	10	2	1728.0	1728.0	1728.83	1729.2241	1730.0	38.456	COMPLETED
303	id-00029	8	13	7	4	1729.0	1729.0	1729.29	1729.7116	1733.0	24.894	COMPLETED
303	id-00030	8	16	6	1	1732.0	1732.0	1732.25	1733.0	1733.0	21.46	EXPIRED
303	id-00031	7	4	9	5	1732.0	1732.0	1732.38	1732.7062	1737.0	26.75	COMPLETED
303	id-00032	7	9	9	8	1732.0	1732.0	1732.39	1732.5293	1740.0	31.131	COMPLETED
303	id-00033	5	7	1	8	1733.0	1733.0	1733.04	1733.1902	1741.0	1.58	COMPLETED
303	id-00034	7	4	4	6	1735.0	1735.0	1735.16	1735.5784	1741.0	9.755	COMPLETED
303	id-00035	8	6	6	10	1735.0	1735.0	1735.26	1735.5315	1745.0	24.77	COMPLETED
303	id-00036	7	5	8	3	1736.0	1736.0	1736.32	1736.5835	1739.0	19.51	COMPLETED
303	id-00037	5	7	9	7	1739.0	1739.0	1739.36	1739.6592	1746.0	10.829	COMPLETED
303	id-00038	7	8	5	1	1740.0	1740.0	1740.2	1741.0	1741.0	12.194	EXPIRED
303	id-00039	9	13	10	5	1740.0	1740.0	1740.8	1741.1896	1745.0	73.485	COMPLETED
303	id-00040	10	4	9	6	1740.0	1740.0	1740.72	1740.9427	1746.0	111.197	COMPLETED
303	id-00041	7	11	5	3	1741.0	1741.0	1741.2	1741.4573	1744.0	12.194	COMPLETED
303	id-00042	10	7	2	3	1743.0	1743.0	1743.08	1743.4996	1746.0	8.584	COMPLETED
303	id-00043	4	5	9	8	1743.0	1743.0	1743.39	1743.6886	1751.0	13.062	COMPLETED
303	id-00044	5	8	5	10	1747.0	1747.0	1747.21	1747.3254	1757.0	8.297	COMPLETED
303	id-00045	3	5	5	1	1748.0	1748.0	1748.21	1749.0	1749.0	3.79	EXPIRED
303	id-00046	7	14	10	2	1748.0	1748.0	1748.43	1748.7591	1750.0	34.324	COMPLETED
303	id-00047	4	4	4	1	1750.0	1750.0	1750.17	1751.0	1751.0	4.091	EXPIRED
303	id-00048	2	2	1	6	1753.0	1753.0	1753.04	1753.482	1759.0	0.481	COMPLETED
303	id-00049	6	11	2	8	1754.0	1754.0	1754.08	1754.5583	1762.0	4.396	COMPLETED
303	id-00050	4	7	10	6	1754.0	1754.0	1754.43	1754.7308	1760.0	14.402	COMPLETED
303	id-00051	4	5	7	1	1755.0	1755.0	1755.29	1756.0	1756.0	6.979	EXPIRED
303	id-00052	6	10	9	9	1755.0	1755.0	1755.38	1755.5226	1764.0	20.882	COMPLETED
303	id-00053	8	15	2	5	1757.0	1757.0	1757.17	1757.4533	1762.0	14.593	COMPLETED
303	id-00054	8	9	7	4	1757.0	1757.0	1757.58	1757.8192	1761.0	71.66	COMPLETED
303	id-00055	6	8	10	7	1759.0	1759.0	1759.83	1760.098	1766.0	45.61	COMPLETED
303	id-00056	7	8	2	9	1759.0	1759.0	1759.17	1759.415	1768.0	18.378	COMPLETED
303	id-00057	8	15	3	3	1760.0	1760.0	1760.25	1760.6521	1763.0	21.46	COMPLETED
303	id-00058	5	7	6	1	1760.0	1760.0	1760.5	1761.0	1761.0	38.61	EXPIRED
303	id-00059	6	2	5	2	1763.0	1763.0	1763.21	1763.5238	1765.0	11.54	COMPLETED
303	id-00060	4	7	10	10	1764.0	1764.0	1764.42	1764.7798	1774.0	10.107	COMPLETED
303	id-00061	8	4	5	2	1765.0	1765.0	1765.22	1765.5402	1767.0	20.959	COMPLETED
303	id-00062	4	5	9	10	1767.0	1767.0	1767.39	1767.5356	1777.0	13.062	COMPLETED
303	id-00063	7	7	5	1	1768.0	1768.0	1768.22	1769.0	1769.0	17.561	EXPIRED
303	id-00064	5	2	9	9	1768.0	1768.0	1768.39	1768.7481	1777.0	19.085	COMPLETED
303	id-00065	10	4	2	1	1769.0	1769.0	1769.09	1770.0	1770.0	11.354	EXPIRED
303	id-00066	7	13	10	6	1770.0	1770.0	1770.42	1770.8497	1776.0	29.566	COMPLETED
303	id-00067	2	2	5	5	1773.0	1773.0	1773.21	1773.5024	1778.0	2.527	COMPLETED
303	id-00068	10	5	5	4	1774.0	1774.0	1774.22	1774.4581	1778.0	27.754	COMPLETED
303	id-00069	9	4	6	2	1774.0	1774.0	1774.26	1774.7152	1776.0	28.785	COMPLETED
303	id-00070	2	4	2	9	1775.0	1775.0	1775.08	1775.261	1784.0	0.963	COMPLETED
303	id-00071	9	9	1	5	1777.0	1777.0	1777.04	1777.2107	1782.0	3.674	COMPLETED
303	id-00072	5	2	7	3	1778.0	1778.0	1778.28	1778.744	1781.0	8.422	COMPLETED
303	id-00073	9	5	2	9	1779.0	1779.0	1779.08	1779.3309	1788.0	7.348	COMPLETED
303	id-00074	4	4	2	1	1780.0	1780.0	1780.08	1781.0	1781.0	1.925	EXPIRED
303	id-00075	8	16	6	3	1780.0	1780.0	1780.5	1780.6217	1783.0	42.92	COMPLETED
303	id-00076	7	10	1	8	1780.0	1780.0	1780.08	1780.3252	1788.0	8.649	COMPLETED
303	id-00077	6	10	10	2	1782.0	1782.0	1782.38	1782.6969	1784.0	13.716	COMPLETED
303	id-00078	10	7	5	2	1783.0	1783.0	1783.42	1783.7122	1785.0	49.026	COMPLETED
303	id-00079	2	2	9	5	1783.0	1783.0	1783.39	1783.8759	1788.0	4.692	COMPLETED
303	id-00080	3	4	3	9	1783.0	1783.0	1783.25	1783.6287	1792.0	11.583	COMPLETED
303	id-00081	3	4	1	7	1785.0	1785.0	1785.04	1785.4257	1792.0	0.722	COMPLETED
303	id-00082	4	3	7	2	1787.0	1787.0	1787.56	1788.0435	1789.0	13.476	COMPLETED
303	id-00083	7	5	3	6	1787.0	1787.0	1787.24	1787.3479	1793.0	23.683	COMPLETED
303	id-00084	7	9	6	6	1788.0	1788.0	1788.48	1788.719	1794.0	29.265	COMPLETED
303	id-00085	5	10	4	8	1788.0	1788.0	1788.32	1788.8141	1796.0	24.71	COMPLETED
303	id-00086	3	5	8	9	1792.0	1792.0	1792.32	1792.7767	1801.0	5.775	COMPLETED
303	id-00087	1	2	6	7	1792.0	1792.0	1792.46	1792.6606	1799.0	2.767	COMPLETED
303	id-00088	1	2	7	4	1792.0	1792.0	1792.54	1792.7873	1796.0	3.249	COMPLETED
303	id-00089	10	13	8	9	1794.0	1794.0	1794.31	1794.6297	1803.0	30.34	COMPLETED
303	id-00090	10	7	9	3	1795.0	1795.0	1795.36	1795.6691	1798.0	38.628	COMPLETED
303	id-00091	2	2	5	2	1795.0	1795.0	1795.19	1795.3297	1797.0	2.286	COMPLETED
303	id-00092	5	2	4	8	1796.0	1796.0	1796.15	1796.3594	1804.0	4.512	COMPLETED
303	id-00093	1	2	4	8	1796.0	1796.0	1796.16	1796.5813	1804.0	0.963	COMPLETED
303	id-00094	5	7	3	6	1798.0	1798.0	1798.11	1798.4748	1804.0	3.309	COMPLETED
303	id-00095	4	5	6	8	1799.0	1799.0	1799.22	1799.6826	1807.0	5.294	COMPLETED
303	id-00096	7	7	10	8	1802.0	1802.0	1802.4	1802.7999	1810.0	24.387	COMPLETED
303	id-00097	10	5	4	7	1802.0	1802.0	1802.15	1802.4385	1809.0	14.681	COMPLETED
303	id-00098	5	9	7	5	1803.0	1803.0	1803.26	1803.7519	1808.0	7.821	COMPLETED
303	id-00099	10	20	1	9	1803.0	1803.0	1803.04	1803.229	1812.0	3.915	COMPLETED
303	id-00100	5	7	2	8	1805.0	1805.0	1805.07	1805.329	1813.0	2.106	COMPLETED
303	id-00101	3	5	4	8	1806.0	1806.0	1806.15	1806.5359	1814.0	2.707	COMPLETED
303	id-00102	10	18	6	6	1807.0	1807.0	1807.24	1807.6533	1813.0	25.752	COMPLETED
303	id-00103	7	9	1	9	1808.0	1808.0	1808.04	1808.4976	1817.0	1.684	COMPLETED
303	id-00104	10	7	5	3	1808.0	1808.0	1808.2	1808.5522	1811.0	21.46	COMPLETED
303	id-00105	10	5	8	2	1813.0	1813.0	1813.62	1813.8094	1815.0	60.681	COMPLETED
303	id-00106	8	13	7	3	1813.0	1813.0	1813.54	1813.6448	1816.0	66.718	COMPLETED
303	id-00107	9	18	10	1	1814.0	1814.0	1814.32	1815.0	1815.0	17.326	EXPIRED
303	id-00108	4	8	4	3	1822.0	1822.0	1822.14	1822.373	1825.0	3.369	COMPLETED
303	id-00109	1	2	6	6	1824.0	1824.0	1824.62	1824.8875	1830.0	3.73	COMPLETED
303	id-00110	3	6	1	10	1824.0	1824.0	1824.1	1824.3728	1834.0	1.805	COMPLETED
303	id-00111	4	4	2	9	1824.0	1824.0	1824.21	1824.5139	1833.0	5.053	COMPLETED
303	id-00112	6	5	10	8	1827.0	1827.0	1827.77	1827.91	1835.0	27.794	COMPLETED
303	id-00113	4	7	4	8	1827.0	1827.0	1827.15	1827.2706	1835.0	3.61	COMPLETED
303	id-00114	1	2	4	9	1827.0	1827.0	1827.31	1827.772	1836.0	4.788	COMPLETED
303	id-00115	8	9	2	8	1828.0	1828.0	1828.08	1828.4092	1836.0	5.359	COMPLETED
303	id-00116	1	2	1	8	1828.0	1828.0	1828.04	1828.3978	1836.0	0.241	COMPLETED
303	id-00117	1	2	1	3	1829.0	1829.0	1829.04	1829.3144	1832.0	0.241	COMPLETED
303	id-00118	10	13	9	4	1829.0	1829.0	1829.35	1829.4679	1833.0	34.255	COMPLETED
303	id-00119	9	9	10	2	1829.0	1829.0	1829.38	1829.8021	1831.0	31.323	COMPLETED
303	id-00120	1	2	7	7	1830.0	1830.0	1830.27	1830.7334	1837.0	1.624	COMPLETED
303	id-00121	8	13	3	7	1830.0	1830.0	1830.11	1830.5641	1837.0	6.331	COMPLETED
303	id-00122	7	13	5	2	1831.0	1831.0	1831.19	1831.376	1833.0	8.001	COMPLETED
303	id-00123	4	7	8	5	1832.0	1832.0	1832.3	1832.6245	1837.0	7.219	COMPLETED
303	id-00124	5	4	10	6	1832.0	1832.0	1832.38	1832.8393	1838.0	11.43	COMPLETED
303	id-00125	9	17	5	7	1833.0	1833.0	1833.19	1833.5368	1840.0	13.87	COMPLETED
303	id-00126	5	8	10	9	1833.0	1833.0	1833.42	1833.5667	1842.0	16.593	COMPLETED
303	id-00127	10	15	8	8	1833.0	1833.0	1833.31	1833.7292	1841.0	30.34	COMPLETED
303	id-00128	7	5	7	9	1835.0	1835.0	1835.26	1835.6614	1844.0	10.949	COMPLETED
303	id-00129	4	7	1	5	1836.0	1836.0	1836.04	1836.4423	1841.0	0.963	COMPLETED
303	id-00130	7	10	9	7	1837.0	1837.0	1837.35	1837.5174	1844.0	18.039	COMPLETED
303	id-00131	7	8	8	2	1837.0	1837.0	1837.3	1837.637	1839.0	12.634	COMPLETED
303	id-00132	3	6	2	6	1838.0	1838.0	1838.07	1838.319	1844.0	1.263	COMPLETED
303	id-00133	6	11	9	2	1839.0	1839.0	1839.33	1839.641	1841.0	11.912	COMPLETED
303	id-00134	8	13	10	10	1841.0	1841.0	1841.37	1841.7429	1851.0	21.296	COMPLETED
303	id-00135	8	11	2	1	1842.0	1842.0	1842.07	1843.0	1843.0	4.029	EXPIRED
303	id-00136	8	8	4	10	1845.0	1845.0	1845.15	1845.4329	1855.0	8.633	COMPLETED
303	id-00137	3	2	6	4	1845.0	1845.0	1845.24	1845.4941	1849.0	4.332	COMPLETED
303	id-00138	6	12	8	9	1845.0	1845.0	1845.33	1845.4598	1854.0	18.134	COMPLETED
303	id-00139	3	5	8	9	1845.0	1845.0	1845.35	1845.7009	1854.0	6.317	COMPLETED
303	id-00140	8	15	5	1	1845.0	1845.0	1845.2	1846.0	1846.0	15.282	EXPIRED
303	id-00141	2	3	6	9	1846.0	1846.0	1846.22	1846.5465	1855.0	2.647	COMPLETED
303	id-00142	7	2	1	9	1848.0	1848.0	1848.04	1848.4051	1857.0	1.684	COMPLETED
303	id-00143	1	2	3	6	1849.0	1849.0	1849.11	1849.3752	1855.0	0.662	COMPLETED
303	id-00144	8	14	9	4	1850.0	1850.0	1850.36	1850.7911	1854.0	27.508	COMPLETED
303	id-00145	3	6	3	9	1850.0	1850.0	1850.12	1850.4224	1859.0	2.166	COMPLETED
303	id-00146	2	3	1	8	1851.0	1851.0	1851.04	1851.2302	1859.0	0.481	COMPLETED
303	id-00147	7	5	10	9	1852.0	1852.0	1852.8	1852.9954	1861.0	48.774	COMPLETED
303	id-00148	7	3	2	2	1852.0	1852.0	1852.08	1852.2258	1854.0	4.877	COMPLETED
303	id-00149	3	6	3	10	1852.0	1852.0	1852.24	1852.4484	1862.0	11.12	COMPLETED
303	id-00150	6	3	4	1	1853.0	1853.0	1853.16	1854.0	1854.0	7.284	EXPIRED
303	id-00151	2	4	9	1	1855.0	1855.0	1855.36	1856.0	1856.0	4.332	EXPIRED
303	id-00152	7	13	7	1	1856.0	1856.0	1856.28	1857.0	1857.0	17.071	EXPIRED
303	id-00153	5	7	7	5	1858.0	1858.0	1858.28	1858.5228	1863.0	8.422	COMPLETED
303	id-00154	2	4	5	1	1861.0	1861.0	1861.38	1862.0	1862.0	4.572	EXPIRED
303	id-00155	1	2	7	9	1861.0	1861.0	1861.56	1861.855	1870.0	3.369	COMPLETED
303	id-00156	8	11	5	10	1861.0	1861.0	1861.4	1861.6362	1871.0	34.336	COMPLETED
303	id-00157	9	5	2	3	1861.0	1861.0	1861.15	1861.6058	1864.0	15.193	COMPLETED
303	id-00158	2	4	6	2	1862.0	1862.0	1862.23	1862.6216	1864.0	2.767	COMPLETED
303	id-00159	9	4	2	10	1863.0	1863.0	1863.08	1863.2028	1873.0	6.594	COMPLETED
303	id-00160	7	7	7	8	1865.0	1865.0	1865.28	1865.6033	1873.0	17.071	COMPLETED
303	id-00161	8	13	4	10	1866.0	1866.0	1866.16	1866.4643	1876.0	12.226	COMPLETED
303	id-00162	3	5	2	4	1866.0	1866.0	1866.08	1866.3856	1870.0	1.444	COMPLETED
303	id-00163	7	8	8	8	1868.0	1868.0	1868.32	1868.7881	1876.0	19.51	COMPLETED
303	id-00164	10	17	4	10	1871.0	1871.0	1871.15	1871.5431	1881.0	14.681	COMPLETED
303	id-00165	2	4	3	7	1871.0	1871.0	1871.12	1871.4276	1878.0	1.444	COMPLETED
303	id-00166	6	10	1	5	1872.0	1872.0	1872.04	1872.34	1877.0	1.444	COMPLETED
303	id-00167	2	4	10	8	1874.0	1874.0	1874.38	1874.6833	1882.0	4.572	COMPLETED
303	id-00168	6	12	6	6	1874.0	1874.0	1874.23	1874.3395	1880.0	8.302	COMPLETED
303	id-00169	10	12	2	3	1875.0	1875.0	1875.07	1875.2347	1878.0	6.191	COMPLETED
303	id-00170	7	4	9	4	1876.0	1876.0	1876.33	1876.7919	1880.0	13.897	COMPLETED
303	id-00171	8	6	9	9	1878.0	1878.0	1878.35	1878.5407	1887.0	23.444	COMPLETED
303	id-00172	1	2	8	1	1878.0	1878.0	1878.89	1879.0	1879.0	5.354	EXPIRED
303	id-00173	5	4	1	8	1878.0	1878.0	1878.11	1878.2327	1886.0	3.309	COMPLETED
303	id-00174	4	4	4	7	1878.0	1878.0	1878.44	1878.6424	1885.0	23.033	COMPLETED
303	id-00175	4	3	10	10	1880.0	1880.0	1880.4	1880.8295	1890.0	9.626	COMPLETED
303	id-00176	7	10	4	2	1880.0	1880.0	1880.15	1880.3701	1882.0	6.317	COMPLETED
303	id-00177	5	6	6	4	1880.0	1880.0	1880.23	1880.7135	1884.0	6.918	COMPLETED
303	id-00178	3	2	6	5	1881.0	1881.0	1881.22	1881.4299	1886.0	3.971	COMPLETED
303	id-00179	10	9	8	3	1881.0	1881.0	1881.31	1881.5801	1884.0	30.34	COMPLETED
303	id-00180	8	13	8	8	1881.0	1881.0	1881.32	1881.4905	1889.0	24.452	COMPLETED
303	id-00181	5	10	9	1	1885.0	1885.0	1885.35	1886.0	1886.0	10.528	EXPIRED
303	id-00182	6	11	4	2	1885.0	1885.0	1885.16	1885.4879	1887.0	7.284	COMPLETED
303	id-00183	4	3	9	1	1886.0	1886.0	1886.35	1887.0	1887.0	8.422	EXPIRED
303	id-00184	9	7	1	9	1887.0	1887.0	1887.04	1887.4188	1896.0	3.297	COMPLETED
303	id-00185	4	2	7	10	1887.0	1887.0	1887.28	1887.6803	1897.0	6.738	COMPLETED
303	id-00186	4	8	3	10	1888.0	1888.0	1888.12	1888.5859	1898.0	2.888	COMPLETED
303	id-00187	1	2	6	5	1890.0	1890.0	1890.46	1890.616	1895.0	2.767	COMPLETED
303	id-00188	4	7	1	6	1890.0	1890.0	1890.08	1890.5761	1896.0	1.925	COMPLETED
303	id-00189	8	2	1	9	1893.0	1893.0	1893.04	1893.5219	1902.0	2.679	COMPLETED
303	id-00190	2	2	8	7	1895.0	1895.0	1895.32	1895.4262	1902.0	3.85	COMPLETED
303	id-00191	7	4	8	1	1895.0	1895.0	1895.62	1896.0	1896.0	31.955	EXPIRED
303	id-00192	7	5	2	7	1895.0	1895.0	1895.15	1895.3911	1902.0	16.216	COMPLETED
303	id-00193	8	9	10	2	1896.0	1896.0	1896.38	1896.6166	1898.0	25.454	COMPLETED
303	id-00194	2	3	9	9	1898.0	1898.0	1898.36	1898.7839	1907.0	4.332	COMPLETED
303	id-00195	7	2	4	4	1898.0	1898.0	1898.15	1898.3786	1902.0	7.731	COMPLETED
303	id-00196	10	19	4	1	1899.0	1899.0	1899.15	1900.0	1900.0	14.681	EXPIRED
303	id-00197	3	2	10	3	1900.0	1900.0	1900.77	1901.2091	1903.0	13.897	COMPLETED
303	id-00198	1	2	7	7	1900.0	1900.0	1900.54	1900.9846	1907.0	3.249	COMPLETED
303	id-00199	3	6	5	9	1901.0	1901.0	1901.19	1901.509	1910.0	3.429	COMPLETED
303	id-00200	4	6	6	1	1903.0	1903.0	1903.23	1904.0	1904.0	5.535	EXPIRED
303	id-00201	6	6	10	2	1903.0	1903.0	1903.38	1903.7131	1905.0	13.716	COMPLETED
303	id-00202	2	2	5	1	1904.0	1904.0	1904.19	1905.0	1905.0	2.286	EXPIRED
303	id-00203	8	10	4	7	1905.0	1905.0	1905.15	1905.2595	1912.0	8.633	COMPLETED
303	id-00204	10	7	2	6	1906.0	1906.0	1906.07	1906.3426	1912.0	6.191	COMPLETED
303	id-00205	5	2	9	10	1906.0	1906.0	1906.35	1906.5694	1916.0	10.528	COMPLETED
303	id-00206	3	4	3	10	1909.0	1909.0	1909.11	1909.5232	1919.0	1.985	COMPLETED
303	id-00207	2	3	7	9	1910.0	1910.0	1910.28	1910.6692	1919.0	3.369	COMPLETED
303	id-00208	2	3	3	10	1913.0	1913.0	1913.12	1913.45	1923.0	1.444	COMPLETED
303	id-00209	3	5	2	6	1914.0	1914.0	1914.08	1914.2278	1920.0	1.444	COMPLETED
303	id-00210	10	12	4	9	1917.0	1917.0	1917.15	1917.593	1926.0	14.681	COMPLETED
303	id-00211	1	2	1	6	1918.0	1918.0	1918.04	1918.4213	1924.0	0.241	COMPLETED
303	id-00212	10	11	7	6	1918.0	1918.0	1918.27	1918.5924	1924.0	26.425	COMPLETED
303	id-00213	6	10	4	2	1919.0	1919.0	1919.15	1919.5811	1921.0	5.414	COMPLETED
303	id-00214	4	5	7	5	1920.0	1920.0	1920.27	1920.5609	1925.0	6.497	COMPLETED
303	id-00215	8	9	2	5	1920.0	1920.0	1920.07	1920.4861	1925.0	4.029	COMPLETED
303	id-00216	4	4	7	10	1922.0	1922.0	1922.26	1922.673	1932.0	6.257	COMPLETED
303	id-00217	9	13	7	1	1923.0	1923.0	1923.52	1924.0	1924.0	37.96	EXPIRED
303	id-00218	6	12	4	9	1923.0	1923.0	1923.3	1923.5473	1932.0	27.799	COMPLETED
303	id-00219	1	2	9	5	1925.0	1925.0	1925.35	1925.6891	1930.0	2.106	COMPLETED
303	id-00220	2	3	3	2	1926.0	1926.0	1926.12	1926.5213	1928.0	1.444	COMPLETED
303	id-00221	4	6	6	9	1927.0	1927.0	1927.5	1927.866	1936.0	12.032	COMPLETED
303	id-00222	5	5	6	2	1927.0	1927.0	1927.46	1927.848	1929.0	13.837	COMPLETED
303	id-00223	4	6	9	6	1927.0	1927.0	1927.75	1928.1994	1933.0	46.332	COMPLETED
303	id-00224	4	2	7	8	1927.0	1927.0	1927.29	1927.596	1935.0	6.979	COMPLETED
303	id-00225	1	2	5	4	1927.0	1927.0	1927.38	1927.7647	1931.0	2.286	COMPLETED
303	id-00226	10	16	2	10	1928.0	1928.0	1928.08	1928.2193	1938.0	7.83	COMPLETED
303	id-00227	1	2	10	6	1928.0	1928.0	1928.42	1928.8701	1934.0	2.527	COMPLETED
303	id-00228	9	6	9	6	1928.0	1928.0	1928.38	1928.5843	1934.0	38.488	COMPLETED
303	id-00229	1	2	4	7	1929.0	1929.0	1929.17	1929.5552	1936.0	1.023	COMPLETED
303	id-00230	6	12	4	5	1929.0	1929.0	1929.15	1929.4698	1934.0	5.414	COMPLETED
303	id-00231	6	10	5	5	1930.0	1930.0	1930.18	1930.3021	1935.0	6.497	COMPLETED
303	id-00232	3	4	10	5	1934.0	1934.0	1934.36	1934.7772	1939.0	6.497	COMPLETED
303	id-00233	8	11	2	2	1935.0	1935.0	1935.07	1935.3451	1937.0	3.369	COMPLETED
303	id-00234	5	9	1	4	1937.0	1937.0	1937.03	1937.4296	1941.0	0.902	COMPLETED
303	id-00235	4	6	3	3	1938.0	1938.0	1938.11	1938.3387	1941.0	2.647	COMPLETED
303	id-00236	4	6	3	1	1938.0	1938.0	1938.1	1939.0	1939.0	2.406	EXPIRED
303	id-00237	6	4	3	8	1941.0	1941.0	1941.1	1941.3163	1949.0	3.61	COMPLETED
303	id-00238	4	8	2	10	1943.0	1943.0	1943.14	1943.4256	1953.0	3.369	COMPLETED
303	id-00239	8	4	6	7	1943.0	1943.0	1943.41	1943.642	1950.0	31.329	COMPLETED
303	id-00240	3	3	8	9	1944.0	1944.0	1944.31	1944.6605	1953.0	5.595	COMPLETED
303	id-00241	7	13	5	3	1944.0	1944.0	1944.17	1944.6601	1947.0	7.159	COMPLETED
303	id-00242	5	5	2	3	1945.0	1945.0	1945.06	1945.2872	1948.0	1.805	COMPLETED
303	id-00243	5	3	4	2	1946.0	1946.0	1946.12	1946.5236	1948.0	3.61	COMPLETED
303	id-00244	5	7	6	8	1948.0	1948.0	1948.19	1948.5464	1956.0	5.715	COMPLETED
303	id-00245	4	2	6	9	1949.0	1949.0	1949.48	1949.6955	1958.0	11.551	COMPLETED
303	id-00246	2	2	1	2	1949.0	1949.0	1949.03	1949.5099	1951.0	0.361	COMPLETED
303	id-00247	10	15	10	3	1949.0	1949.0	1949.8	1949.9786	1952.0	116.01	COMPLETED
303	id-00248	8	12	4	4	1950.0	1950.0	1950.13	1950.581	1954.0	6.257	COMPLETED
303	id-00249	10	17	3	6	1951.0	1951.0	1951.1	1951.3189	1957.0	6.016	COMPLETED
303	id-00250	4	5	8	7	1953.0	1953.0	1953.53	1953.8629	1960.0	12.754	COMPLETED
303	id-00251	6	8	5	9	1953.0	1953.0	1953.33	1953.6916	1962.0	11.912	COMPLETED
303	id-00252	4	2	5	2	1956.0	1956.0	1956.19	1956.6005	1958.0	4.572	COMPLETED
303	id-00253	5	10	1	1	1958.0	1958.0	1958.04	1959.0	1959.0	1.203	EXPIRED
303	id-00254	1	2	5	7	1960.0	1960.0	1960.19	1960.4841	1967.0	1.143	COMPLETED
303	id-00255	5	9	2	1	1960.0	1960.0	1960.07	1961.0	1961.0	2.106	EXPIRED
303	id-00256	6	2	6	7	1962.0	1962.0	1962.44	1962.8183	1969.0	15.882	COMPLETED
303	id-00257	4	2	9	5	1962.0	1962.0	1962.67	1962.831	1967.0	35.073	COMPLETED
303	id-00258	5	10	7	3	1963.0	1963.0	1963.52	1963.6886	1966.0	15.642	COMPLETED
303	id-00259	4	6	3	9	1963.0	1963.0	1963.22	1963.3282	1972.0	9.442	COMPLETED
303	id-00260	1	2	9	1	1965.0	1965.0	1965.35	1966.0	1966.0	2.106	EXPIRED
303	id-00261	10	15	8	1	1965.0	1965.0	1965.3	1966.0	1966.0	26.533	EXPIRED
303	id-00262	3	3	5	3	1966.0	1966.0	1966.19	1966.4257	1969.0	3.429	COMPLETED
303	id-00263	4	6	3	3	1967.0	1967.0	1967.11	1967.35	1970.0	2.647	COMPLETED
303	id-00264	5	10	2	2	1969.0	1969.0	1969.07	1969.2023	1971.0	2.106	COMPLETED
303	id-00265	2	3	9	9	1969.0	1969.0	1969.35	1969.7035	1978.0	4.211	COMPLETED
303	id-00266	3	6	5	4	1970.0	1970.0	1970.19	1970.539	1974.0	3.429	COMPLETED
303	id-00267	1	2	5	3	1973.0	1973.0	1973.37	1973.775	1976.0	2.226	COMPLETED
303	id-00268	5	6	4	9	1973.0	1973.0	1973.16	1973.4193	1982.0	4.813	COMPLETED
303	id-00269	1	2	2	5	1973.0	1973.0	1973.15	1973.2872	1978.0	0.902	COMPLETED
303	id-00270	7	11	10	4	1974.0	1974.0	1974.37	1974.6746	1978.0	15.581	COMPLETED
303	id-00271	5	8	2	7	1975.0	1975.0	1975.16	1975.4516	1982.0	4.813	COMPLETED
303	id-00272	7	14	5	2	1975.0	1975.0	1975.4	1975.6506	1977.0	43.243	COMPLETED
303	id-00273	4	3	2	7	1976.0	1976.0	1976.16	1976.3818	1983.0	3.85	COMPLETED
303	id-00274	2	2	10	6	1976.0	1976.0	1976.8	1977.122	1982.0	17.168	COMPLETED
303	id-00275	6	7	6	3	1977.0	1977.0	1977.24	1977.4397	1980.0	10.926	COMPLETED
303	id-00276	4	3	2	3	1979.0	1979.0	1979.08	1979.5229	1982.0	1.925	COMPLETED
303	id-00277	8	13	10	4	1979.0	1979.0	1979.4	1979.8751	1983.0	30.565	COMPLETED
303	id-00278	10	10	1	3	1979.0	1979.0	1979.04	1979.4958	1982.0	4.292	COMPLETED
303	id-00279	7	5	4	8	1980.0	1980.0	1980.15	1980.4679	1988.0	6.317	COMPLETED
303	id-00280	8	15	10	1	1981.0	1981.0	1981.74	1982.0	1982.0	42.591	EXPIRED
303	id-00281	8	10	3	10	1981.0	1981.0	1981.22	1981.4948	1991.0	27.181	COMPLETED
303	id-00282	3	4	9	9	1984.0	1984.0	1984.35	1984.6228	1993.0	6.317	COMPLETED
303	id-00283	8	9	8	2	1984.0	1984.0	1984.59	1984.9155	1986.0	33.958	COMPLETED
303	id-00284	5	8	3	3	1984.0	1984.0	1984.22	1984.5486	1987.0	16.988	COMPLETED
303	id-00285	3	5	6	5	1988.0	1988.0	1988.23	1988.6436	1993.0	4.151	COMPLETED
303	id-00286	7	14	4	6	1990.0	1990.0	1990.3	1990.7781	1996.0	12.634	COMPLETED
303	id-00287	8	11	5	9	1990.0	1990.0	1990.19	1990.5145	1999.0	10.936	COMPLETED
303	id-00288	10	10	8	2	1990.0	1990.0	1990.59	1990.8549	1992.0	91.12	COMPLETED
303	id-00289	5	10	6	10	1991.0	1991.0	1991.22	1991.6524	2001.0	6.618	COMPLETED
303	id-00290	10	18	2	6	1991.0	1991.0	1991.07	1991.5582	1997.0	6.191	COMPLETED
303	id-00291	5	3	8	4	1992.0	1992.0	1992.3	1992.4783	1996.0	9.024	COMPLETED
303	id-00292	1	2	10	6	1993.0	1993.0	1993.37	1993.6321	1999.0	2.226	COMPLETED
303	id-00293	5	7	2	1	1997.0	1997.0	1997.07	1998.0	1998.0	2.106	EXPIRED
303	id-00294	9	7	6	4	1997.0	1997.0	1997.24	1997.6442	2001.0	22.045	COMPLETED
303	id-00295	5	4	8	2	1998.0	1998.0	1998.55	1999.0481	2000.0	16.544	COMPLETED
303	id-00296	4	7	6	10	1998.0	1998.0	1998.24	1998.7255	2008.0	5.775	COMPLETED
303	id-00297	10	14	5	5	1998.0	1998.0	1998.34	1998.7651	2003.0	39.688	COMPLETED
303	id-00298	3	3	4	1	1999.0	1999.0	1999.14	2000.0	2000.0	2.527	EXPIRED
303	id-00299	3	6	4	1	1999.0	1999.0	1999.16	2000.0	2000.0	2.888	EXPIRED
303	id-00300	7	9	9	2	2000.0	2000.0	2000.29	2000.71	2002.0	12.212	COMPLETED
303	id-00301	9	12	9	3	2000.0	2000.0	2000.35	2000.4898	2003.0	28.85	COMPLETED
303	id-00302	8	10	7	9	2001.0	2001.0	2001.23	2010.0	2010.0	None	SUBMITTED
