326	id-00000	1	2	10	1	1703.0	1703.0	1703.4	1704.0	1704.0	2.406	EXPIRED
326	id-00001	3	2	5	10	1704.0	1704.0	1704.21	1704.7013	1714.0	3.79	COMPLETED
326	id-00002	7	10	8	7	1704.0	1704.0	1704.64	1704.9002	1711.0	39.02	COMPLETED
326	id-00003	8	8	3	10	1704.0	1704.0	1704.24	1704.3572	1714.0	29.652	COMPLETED
326	id-00004	9	15	3	6	1706.0	1706.0	1706.13	1706.4287	1712.0	14.393	COMPLETED
326	id-00005	10	17	3	1	1706.0	1706.0	1706.12	1707.0	1707.0	14.007	EXPIRED
326	id-00006	10	7	4	9	1708.0	1708.0	1708.17	1708.5292	1717.0	19.844	COMPLETED
326	id-00007	10	8	5	10	1709.0	1709.0	1709.21	1709.4853	1719.0	24.513	COMPLETED
326	id-00008	3	3	3	5	1714.0	1714.0	1714.12	1714.5311	1719.0	2.166	COMPLETED
326	id-00009	8	15	8	8	1718.0	1718.0	1718.32	1718.7335	1726.0	24.452	COMPLETED
326	id-00010	4	4	1	7	1719.0	1719.0	1719.04	1719.4578	1726.0	0.963	COMPLETED
326	id-00011	2	4	2	1	1722.0	1722.0	1722.08	1723.0	1723.0	0.963	EXPIRED
326	id-00012	9	10	4	9	1728.0	1728.0	1728.17	1728.5204	1737.0	17.218	COMPLETED
326	id-00013	6	8	3	6	1728.0	1728.0	1728.12	1728.2934	1734.0	6.594	COMPLETED
326	id-00014	3	6	3	9	1729.0	1729.0	1729.12	1729.5955	1738.0	2.166	COMPLETED
326	id-00015	7	12	6	7	1730.0	1730.0	1730.25	1730.5538	1737.0	17.599	COMPLETED
326	id-00016	7	2	9	5	1731.0	1731.0	1731.38	1731.7892	1736.0	26.75	COMPLETED
326	id-00017	3	6	5	4	1731.0	1731.0	1731.21	1731.4581	1735.0	3.79	COMPLETED
326	id-00018	6	3	2	2	1732.0	1732.0	1732.08	1732.5301	1734.0	4.396	COMPLETED
326	id-00019	9	15	9	1	1736.0	1736.0	1737.08	1737.0	1737.0	99.204	EXPIRED
326	id-00020	9	16	4	5	1736.0	1736.0	1736.48	1736.8369	1741.0	66.718	COMPLETED
326	id-00021	5	6	1	8	1736.0	1736.0	1736.12	1736.533	1744.0	9.266	COMPLETED
326	id-00022	4	8	8	7	1737.0	1737.0	1737.35	1737.4713	1744.0	11.722	COMPLETED
326	id-00023	7	8	6	5	1738.0	1738.0	1738.24	1738.3871	1743.0	14.632	COMPLETED
326	id-00024	1	2	9	9	1738.0	1738.0	1738.39	1738.8522	1747.0	2.346	COMPLETED
326	id-00025	2	2	1	7	1739.0	1739.0	1739.04	1739.4896	1746.0	0.481	COMPLETED
326	id-00026	5	9	1	3	1739.0	1739.0	1739.04	1739.4498	1742.0	1.203	COMPLETED
326	id-00027	9	17	2	6	1739.0	1739.0	1739.09	1739.4667	1745.0	9.964	COMPLETED
326	id-00028	4	6	7	6	1739.0	1739.0	1739.3	1739.4016	1745.0	10.048	COMPLETED
326	id-00029	1	2	3	9	1740.0	1740.0	1740.13	1740.5703	1749.0	0.782	COMPLETED
326	id-00030	8	3	3	8	1740.0	1740.0	1740.12	1740.5683	1748.0	9.169	COMPLETED
326	id-00031	1	2	6	10	1740.0	1740.0	1740.26	1740.4268	1750.0	1.564	COMPLETED
326	id-00032	6	3	1	7	1740.0	1740.0	1740.04	1740.1577	1747.0	1.821	COMPLETED
326	id-00033	8	15	2	3	1741.0	1741.0	1741.08	1741.5685	1744.0	6.113	COMPLETED
326	id-00034	3	6	9	1	1742.0	1742.0	1742.36	1743.0	1743.0	6.497	EXPIRED
326	id-00035	3	3	2	9	1745.0	1745.0	1745.08	1745.2581	1754.0	1.444	COMPLETED
326	id-00036	1	2	7	9	1746.0	1746.0	1746.29	1746.4051	1755.0	1.745	COMPLETED
326	id-00037	7	6	1	7	1747.0	1747.0	1747.04	1747.4181	1754.0	2.816	COMPLETED
326	id-00038	8	9	6	7	1749.0	1749.0	1749.25	1749.7161	1756.0	21.46	COMPLETED
326	id-00039	8	5	4	6	1750.0	1750.0	1750.17	1750.3926	1756.0	14.593	COMPLETED
326	id-00040	5	6	10	4	1751.0	1751.0	1751.43	1751.6567	1755.0	21.042	COMPLETED
326	id-00041	10	6	4	4	1751.0	1751.0	1751.17	1751.505	1755.0	21.447	COMPLETED
326	id-00042	3	5	6	1	1752.0	1752.0	1752.25	1753.0	1753.0	4.512	EXPIRED
326	id-00043	6	6	9	4	1752.0	1752.0	1752.39	1752.7172	1756.0	25.108	COMPLETED
326	id-00044	4	8	9	8	1754.0	1754.0	1754.38	1754.5755	1762.0	9.144	COMPLETED
326	id-00045	7	4	3	10	1754.0	1754.0	1754.13	1754.5434	1764.0	10.377	COMPLETED
326	id-00046	7	6	7	9	1755.0	1755.0	1755.29	1755.486	1764.0	20.415	COMPLETED
326	id-00047	9	10	4	8	1756.0	1756.0	1756.17	1756.5151	1764.0	17.218	COMPLETED
326	id-00048	3	6	3	6	1756.0	1756.0	1756.12	1756.3614	1762.0	2.166	COMPLETED
326	id-00049	3	3	10	3	1757.0	1757.0	1757.42	1757.755	1760.0	7.58	COMPLETED
326	id-00050	10	14	8	2	1757.0	1757.0	1757.33	1757.6495	1759.0	38.52	COMPLETED
326	id-00051	5	8	7	6	1758.0	1758.0	1758.29	1758.4659	1764.0	11.457	COMPLETED
326	id-00052	8	6	2	3	1758.0	1758.0	1758.08	1758.4676	1761.0	6.867	COMPLETED
326	id-00053	8	9	3	1	1759.0	1759.0	1759.12	1760.0	1760.0	10.301	EXPIRED
326	id-00054	4	5	7	5	1759.0	1759.0	1759.29	1759.4665	1764.0	6.979	COMPLETED
326	id-00055	8	6	10	10	1759.0	1759.0	1759.43	1759.5868	1769.0	40.965	COMPLETED
326	id-00056	8	3	10	10	1760.0	1760.0	1760.42	1760.7897	1770.0	36.053	COMPLETED
326	id-00057	6	12	5	5	1761.0	1761.0	1761.21	1761.6379	1766.0	11.54	COMPLETED
326	id-00058	6	7	6	10	1761.0	1761.0	1761.27	1761.7513	1771.0	19.928	COMPLETED
326	id-00059	10	13	1	1	1761.0	1761.0	1761.04	1762.0	1762.0	4.669	EXPIRED
326	id-00060	9	10	2	3	1762.0	1762.0	1762.08	1762.2732	1765.0	8.103	COMPLETED
326	id-00061	10	13	2	8	1763.0	1763.0	1763.17	1763.3992	1771.0	19.844	COMPLETED
326	id-00062	6	7	8	7	1763.0	1763.0	1763.67	1764.1153	1770.0	62.085	COMPLETED
326	id-00063	7	12	7	3	1763.0	1763.0	1763.58	1764.0422	1766.0	40.83	COMPLETED
326	id-00064	7	13	2	5	1763.0	1763.0	1763.17	1763.3578	1768.0	18.378	COMPLETED
326	id-00065	8	5	3	3	1764.0	1764.0	1764.12	1764.5777	1767.0	10.301	COMPLETED
326	id-00066	7	8	5	7	1765.0	1765.0	1765.22	1765.6457	1772.0	17.561	COMPLETED
326	id-00067	5	9	2	5	1765.0	1765.0	1765.09	1765.2431	1770.0	4.404	COMPLETED
326	id-00068	4	3	5	5	1767.0	1767.0	1767.22	1767.4338	1772.0	7.368	COMPLETED
326	id-00069	9	17	5	9	1768.0	1768.0	1768.22	1768.6064	1777.0	24.357	COMPLETED
326	id-00070	3	3	1	6	1768.0	1768.0	1768.04	1768.392	1774.0	0.722	COMPLETED
326	id-00071	2	2	1	5	1768.0	1768.0	1768.04	1768.5315	1773.0	0.481	COMPLETED
326	id-00072	2	2	3	3	1770.0	1770.0	1770.12	1770.5402	1773.0	1.444	COMPLETED
326	id-00073	3	5	4	3	1771.0	1771.0	1771.17	1771.4563	1774.0	3.068	COMPLETED
326	id-00074	9	2	8	3	1771.0	1771.0	1771.35	1771.5372	1774.0	38.749	COMPLETED
326	id-00075	2	3	9	4	1773.0	1773.0	1773.38	1773.5431	1777.0	4.572	COMPLETED
326	id-00076	3	6	7	8	1775.0	1775.0	1775.28	1775.6934	1783.0	5.053	COMPLETED
326	id-00077	10	3	7	1	1777.0	1777.0	1777.28	1778.0	1778.0	30.044	EXPIRED
326	id-00078	5	9	7	2	1778.0	1778.0	1778.56	1778.7969	1780.0	16.845	COMPLETED
326	id-00079	3	3	10	10	1778.0	1778.0	1778.45	1778.59	1788.0	12.364	COMPLETED
326	id-00080	8	8	6	8	1778.0	1778.0	1778.48	1778.8417	1786.0	59.305	COMPLETED
326	id-00081	9	9	3	2	1778.0	1778.0	1778.12	1778.516	1780.0	11.023	COMPLETED
326	id-00082	3	4	8	10	1778.0	1778.0	1778.33	1778.5426	1788.0	5.956	COMPLETED
326	id-00083	9	11	4	1	1782.0	1782.0	1782.15	1783.0	1783.0	12.364	EXPIRED
326	id-00084	1	2	10	3	1782.0	1782.0	1782.42	1782.7662	1785.0	2.527	COMPLETED
326	id-00085	2	2	10	4	1783.0	1783.0	1783.38	1783.6254	1787.0	4.572	COMPLETED
326	id-00086	10	13	2	8	1784.0	1784.0	1784.08	1784.2702	1792.0	9.338	COMPLETED
326	id-00087	1	2	7	9	1784.0	1784.0	1784.3	1784.594	1793.0	1.805	COMPLETED
326	id-00088	6	10	2	8	1785.0	1785.0	1785.08	1785.3099	1793.0	3.642	COMPLETED
326	id-00089	5	2	1	9	1786.0	1786.0	1786.04	1786.3283	1795.0	1.203	COMPLETED
326	id-00090	6	10	5	4	1788.0	1788.0	1788.21	1788.3559	1792.0	11.54	COMPLETED
326	id-00091	1	2	3	1	1788.0	1788.0	1788.12	1789.0	1789.0	0.722	EXPIRED
326	id-00092	1	2	4	4	1788.0	1788.0	1788.17	1788.4862	1792.0	1.023	COMPLETED
326	id-00093	9	3	9	7	1789.0	1789.0	1789.36	1789.7364	1796.0	33.068	COMPLETED
326	id-00094	3	5	10	1	1790.0	1790.0	1790.38	1791.0	1791.0	6.858	EXPIRED
326	id-00095	4	7	2	4	1791.0	1791.0	1791.15	1791.5319	1795.0	3.61	COMPLETED
326	id-00096	4	8	5	1	1791.0	1791.0	1791.38	1792.0	1792.0	16.31	EXPIRED
326	id-00097	1	2	8	6	1791.0	1791.0	1791.32	1791.6773	1797.0	1.925	COMPLETED
326	id-00098	6	9	6	9	1792.0	1792.0	1792.46	1792.8402	1801.0	16.604	COMPLETED
326	id-00099	2	4	9	3	1792.0	1792.0	1792.69	1792.8629	1795.0	21.313	COMPLETED
326	id-00100	7	4	7	5	1794.0	1794.0	1794.27	1794.5513	1799.0	13.916	COMPLETED
326	id-00101	6	7	6	2	1796.0	1796.0	1796.22	1796.3874	1798.0	7.941	COMPLETED
326	id-00102	8	2	10	7	1797.0	1797.0	1797.37	1797.7708	1804.0	21.296	COMPLETED
326	id-00103	1	2	1	2	1798.0	1798.0	1798.04	1798.3058	1800.0	0.241	COMPLETED
326	id-00104	6	9	3	3	1798.0	1798.0	1798.12	1798.2675	1801.0	5.463	COMPLETED
326	id-00105	8	10	6	4	1799.0	1799.0	1799.24	1799.4372	1803.0	18.339	COMPLETED
326	id-00106	6	5	10	5	1799.0	1799.0	1799.42	1799.8856	1804.0	23.08	COMPLETED
326	id-00107	5	3	2	10	1799.0	1799.0	1799.15	1799.3655	1809.0	4.512	COMPLETED
326	id-00108	4	5	4	3	1799.0	1799.0	1799.3	1799.5928	1802.0	12.876	COMPLETED
326	id-00109	1	2	5	4	1800.0	1800.0	1800.19	1800.4391	1804.0	1.143	COMPLETED
326	id-00110	9	10	5	2	1802.0	1802.0	1802.19	1802.3097	1804.0	13.87	COMPLETED
326	id-00111	9	6	7	7	1804.0	1804.0	1804.26	1804.4874	1811.0	18.98	COMPLETED
326	id-00112	7	7	9	8	1805.0	1805.0	1805.33	1805.5905	1813.0	13.897	COMPLETED
326	id-00113	2	3	10	3	1807.0	1807.0	1807.37	1807.7577	1810.0	4.452	COMPLETED
326	id-00114	3	2	2	4	1809.0	1809.0	1809.08	1809.3641	1813.0	1.444	COMPLETED
326	id-00115	9	11	9	9	1809.0	1809.0	1809.41	1809.6451	1818.0	49.257	COMPLETED
326	id-00116	3	2	5	8	1809.0	1809.0	1809.21	1809.3667	1817.0	3.79	COMPLETED
326	id-00117	10	19	5	8	1809.0	1809.0	1809.22	1809.4126	1817.0	27.754	COMPLETED
326	id-00118	4	7	2	1	1809.0	1809.0	1809.07	1810.0	1810.0	1.684	EXPIRED
326	id-00119	8	6	9	1	1810.0	1810.0	1810.29	1811.0	1811.0	13.957	EXPIRED
326	id-00120	6	4	7	9	1813.0	1813.0	1813.45	1813.5758	1822.0	16.243	COMPLETED
326	id-00121	3	3	9	4	1813.0	1813.0	1813.58	1813.8257	1817.0	10.468	COMPLETED
326	id-00122	2	3	9	7	1813.0	1813.0	1813.35	1813.6472	1820.0	4.211	COMPLETED
326	id-00123	6	7	10	4	1814.0	1814.0	1814.65	1814.848	1818.0	23.462	COMPLETED
326	id-00124	2	4	9	8	1814.0	1814.0	1814.58	1814.705	1822.0	6.979	COMPLETED
326	id-00125	4	5	4	10	1816.0	1816.0	1816.28	1816.4483	1826.0	6.738	COMPLETED
326	id-00126	4	2	6	5	1816.0	1816.0	1816.41	1816.906	1821.0	9.866	COMPLETED
326	id-00127	6	7	10	6	1816.0	1816.0	1816.38	1816.7628	1822.0	13.716	COMPLETED
326	id-00128	5	2	8	8	1820.0	1820.0	1820.28	1820.4676	1828.0	8.422	COMPLETED
326	id-00129	1	2	9	8	1820.0	1820.0	1820.33	1820.7671	1828.0	1.985	COMPLETED
326	id-00130	6	9	10	2	1822.0	1822.0	1822.34	1822.7072	1824.0	12.273	COMPLETED
326	id-00131	8	6	6	1	1823.0	1823.0	1823.22	1824.0	1824.0	12.662	EXPIRED
326	id-00132	2	2	3	1	1823.0	1823.0	1823.1	1824.0	1824.0	1.203	EXPIRED
326	id-00133	2	4	9	1	1824.0	1824.0	1824.31	1825.0	1825.0	3.73	EXPIRED
326	id-00134	3	6	6	6	1826.0	1826.0	1826.23	1826.6071	1832.0	4.151	COMPLETED
326	id-00135	8	2	8	3	1828.0	1828.0	1828.31	1828.7602	1831.0	20.765	COMPLETED
326	id-00136	7	14	8	1	1829.0	1829.0	1829.31	1830.0	1830.0	15.977	EXPIRED
326	id-00137	9	3	4	7	1829.0	1829.0	1829.15	1829.5849	1836.0	12.364	COMPLETED
326	id-00138	3	2	9	5	1833.0	1833.0	1833.67	1833.9484	1838.0	12.092	COMPLETED
326	id-00139	9	14	8	8	1833.0	1833.0	1833.59	1833.9573	1841.0	59.758	COMPLETED
326	id-00140	3	2	2	5	1834.0	1834.0	1834.07	1834.2766	1839.0	1.263	COMPLETED
326	id-00141	6	10	5	10	1835.0	1835.0	1835.19	1835.5453	1845.0	6.858	COMPLETED
326	id-00142	3	6	5	4	1836.0	1836.0	1836.19	1836.4253	1840.0	3.429	COMPLETED
326	id-00143	2	3	2	1	1838.0	1838.0	1838.07	1839.0	1839.0	0.842	EXPIRED
326	id-00144	7	9	10	5	1838.0	1838.0	1838.42	1838.8248	1843.0	29.566	COMPLETED
326	id-00145	7	2	3	5	1838.0	1838.0	1838.12	1838.3274	1843.0	6.185	COMPLETED
326	id-00146	5	4	2	6	1839.0	1839.0	1839.07	1839.2106	1845.0	2.106	COMPLETED
326	id-00147	7	2	3	10	1840.0	1840.0	1840.23	1840.6316	1850.0	11.854	COMPLETED
326	id-00148	1	2	9	5	1840.0	1840.0	1840.69	1841.1721	1845.0	10.656	COMPLETED
326	id-00149	2	2	10	10	1840.0	1840.0	1840.4	1840.5455	1850.0	4.813	COMPLETED
326	id-00150	6	7	3	2	1840.0	1840.0	1840.11	1840.286	1842.0	3.971	COMPLETED
326	id-00151	2	2	3	9	1843.0	1843.0	1843.12	1843.5102	1852.0	1.444	COMPLETED
326	id-00152	4	8	3	5	1843.0	1843.0	1843.11	1843.2711	1848.0	2.647	COMPLETED
326	id-00153	9	2	1	2	1844.0	1844.0	1844.04	1844.2966	1846.0	2.92	COMPLETED
326	id-00154	8	13	10	1	1844.0	1844.0	1844.38	1845.0	1845.0	25.454	EXPIRED
326	id-00155	9	8	8	6	1846.0	1846.0	1846.3	1846.7978	1852.0	21.9	COMPLETED
326	id-00156	9	5	9	8	1846.0	1846.0	1846.36	1846.8114	1854.0	33.068	COMPLETED
326	id-00157	8	9	9	1	1846.0	1846.0	1846.36	1847.0	1847.0	27.508	EXPIRED
326	id-00158	6	10	3	1	1847.0	1847.0	1847.11	1848.0	1848.0	3.971	EXPIRED
326	id-00159	4	6	4	3	1847.0	1847.0	1847.16	1847.3254	1850.0	3.85	COMPLETED
326	id-00160	1	2	8	7	1848.0	1848.0	1848.3	1848.7691	1855.0	1.805	COMPLETED
326	id-00161	7	14	7	6	1849.0	1849.0	1849.28	1849.5061	1855.0	17.071	COMPLETED
326	id-00162	1	2	3	5	1849.0	1849.0	1849.11	1849.365	1854.0	0.662	COMPLETED
326	id-00163	3	3	3	2	1850.0	1850.0	1850.12	1850.5574	1852.0	2.166	COMPLETED
326	id-00164	8	4	2	8	1850.0	1850.0	1850.08	1850.4266	1858.0	6.113	COMPLETED
326	id-00165	9	9	4	6	1850.0	1850.0	1850.17	1850.6438	1856.0	17.218	COMPLETED
326	id-00166	3	2	8	8	1852.0	1852.0	1852.32	1852.7658	1860.0	5.775	COMPLETED
326	id-00167	5	3	2	9	1853.0	1853.0	1853.08	1853.2462	1862.0	2.406	COMPLETED
326	id-00168	10	19	8	7	1853.0	1853.0	1853.64	1853.9026	1860.0	68.672	COMPLETED
326	id-00169	4	8	10	1	1853.0	1853.0	1853.8	1854.0	1854.0	49.421	EXPIRED
326	id-00170	3	2	9	5	1853.0	1853.0	1853.75	1854.092	1858.0	13.536	COMPLETED
326	id-00171	3	2	2	9	1853.0	1853.0	1853.17	1853.6114	1862.0	6.274	COMPLETED
326	id-00172	9	18	4	7	1855.0	1855.0	1855.16	1855.2947	1862.0	14.697	COMPLETED
326	id-00173	7	10	6	4	1855.0	1855.0	1855.48	1855.6396	1859.0	29.265	COMPLETED
326	id-00174	3	2	10	5	1855.0	1855.0	1855.42	1855.8247	1860.0	7.58	COMPLETED
326	id-00175	5	2	4	10	1855.0	1855.0	1855.32	1855.8053	1865.0	24.71	COMPLETED
326	id-00176	9	5	2	5	1858.0	1858.0	1858.08	1858.1864	1863.0	7.348	COMPLETED
326	id-00177	6	12	8	2	1858.0	1858.0	1858.64	1858.899	1860.0	29.135	COMPLETED
326	id-00178	1	2	3	5	1858.0	1858.0	1858.24	1858.5803	1863.0	3.707	COMPLETED
326	id-00179	1	2	1	2	1860.0	1860.0	1860.04	1860.3687	1862.0	0.241	COMPLETED
326	id-00180	7	4	4	6	1861.0	1861.0	1861.16	1861.5829	1867.0	9.755	COMPLETED
326	id-00181	10	20	10	4	1861.0	1861.0	1861.43	1861.7715	1865.0	54.247	COMPLETED
326	id-00182	7	5	4	4	1861.0	1861.0	1861.15	1861.421	1865.0	7.731	COMPLETED
326	id-00183	1	2	6	5	1863.0	1863.0	1863.23	1863.563	1868.0	1.384	COMPLETED
326	id-00184	6	8	9	1	1865.0	1865.0	1865.36	1866.0	1866.0	16.389	EXPIRED
326	id-00185	10	19	4	6	1865.0	1865.0	1865.16	1865.2646	1871.0	17.168	COMPLETED
326	id-00186	6	5	7	8	1867.0	1867.0	1867.28	1867.5211	1875.0	12.747	COMPLETED
326	id-00187	10	7	6	3	1868.0	1868.0	1868.24	1868.6813	1871.0	25.752	COMPLETED
326	id-00188	7	4	4	9	1869.0	1869.0	1869.16	1869.371	1878.0	9.755	COMPLETED
326	id-00189	10	10	2	3	1870.0	1870.0	1870.08	1870.5408	1873.0	7.83	COMPLETED
326	id-00190	6	2	10	2	1870.0	1870.0	1870.38	1870.5871	1872.0	13.716	COMPLETED
326	id-00191	3	3	10	10	1871.0	1871.0	1871.38	1871.7779	1881.0	6.858	COMPLETED
326	id-00192	4	7	7	6	1872.0	1872.0	1872.27	1872.5986	1878.0	6.497	COMPLETED
326	id-00193	8	7	4	8	1874.0	1874.0	1874.15	1874.3193	1882.0	10.048	COMPLETED
326	id-00194	6	4	7	6	1875.0	1875.0	1875.26	1875.4202	1881.0	9.385	COMPLETED
326	id-00195	4	3	9	7	1878.0	1878.0	1878.35	1878.5482	1885.0	8.422	COMPLETED
326	id-00196	5	5	6	2	1878.0	1878.0	1878.22	1878.7165	1880.0	6.618	COMPLETED
326	id-00197	6	9	4	4	1879.0	1879.0	1879.15	1879.2634	1883.0	5.414	COMPLETED
326	id-00198	2	3	10	4	1882.0	1882.0	1882.37	1882.6094	1886.0	4.452	COMPLETED
326	id-00199	1	2	8	6	1882.0	1882.0	1882.32	1882.59	1888.0	1.925	COMPLETED
326	id-00200	8	14	3	8	1882.0	1882.0	1882.23	1882.5417	1890.0	15.406	COMPLETED
326	id-00201	1	2	5	6	1882.0	1882.0	1882.38	1882.6876	1888.0	5.869	COMPLETED
326	id-00202	1	2	2	6	1884.0	1884.0	1884.07	1884.2676	1890.0	0.421	COMPLETED
326	id-00203	1	2	1	6	1885.0	1885.0	1885.04	1885.459	1891.0	0.241	COMPLETED
326	id-00204	8	2	4	6	1886.0	1886.0	1886.15	1886.4016	1892.0	10.048	COMPLETED
326	id-00205	9	17	5	9	1887.0	1887.0	1887.2	1887.5147	1896.0	18.371	COMPLETED
326	id-00206	4	2	1	6	1887.0	1887.0	1887.04	1887.3571	1893.0	0.963	COMPLETED
326	id-00207	6	4	4	3	1889.0	1889.0	1889.15	1889.4422	1892.0	5.414	COMPLETED
326	id-00208	7	4	9	4	1891.0	1891.0	1891.35	1891.6274	1895.0	18.039	COMPLETED
326	id-00209	9	15	8	8	1893.0	1893.0	1893.31	1893.7285	1901.0	25.553	COMPLETED
326	id-00210	1	2	6	10	1894.0	1894.0	1894.23	1894.6773	1904.0	1.384	COMPLETED
326	id-00211	6	4	8	10	1894.0	1894.0	1894.33	1894.4363	1904.0	18.134	COMPLETED
326	id-00212	5	9	3	9	1895.0	1895.0	1895.12	1895.4668	1904.0	3.61	COMPLETED
326	id-00213	2	4	6	10	1896.0	1896.0	1896.23	1896.6851	1906.0	2.767	COMPLETED
326	id-00214	10	19	4	2	1898.0	1898.0	1898.15	1898.3515	1900.0	14.681	COMPLETED
326	id-00215	7	3	6	9	1900.0	1900.0	1900.23	1900.3547	1909.0	11.854	COMPLETED
326	id-00216	7	5	2	6	1900.0	1900.0	1900.08	1900.2925	1906.0	4.123	COMPLETED
326	id-00217	7	2	5	4	1901.0	1901.0	1901.38	1901.5229	1905.0	19.585	COMPLETED
326	id-00218	1	2	2	8	1901.0	1901.0	1901.15	1901.5113	1909.0	2.317	COMPLETED
326	id-00219	2	3	2	8	1901.0	1901.0	1901.08	1901.4024	1909.0	0.963	COMPLETED
326	id-00220	4	2	9	4	1903.0	1903.0	1903.35	1903.6895	1907.0	8.422	COMPLETED
326	id-00221	7	10	10	6	1904.0	1904.0	1904.38	1904.5159	1910.0	19.585	COMPLETED
326	id-00222	6	6	1	6	1905.0	1905.0	1905.04	1905.4952	1911.0	1.444	COMPLETED
326	id-00223	10	10	10	6	1908.0	1908.0	1908.8	1908.9011	1914.0	85.84	COMPLETED
326	id-00224	1	2	6	4	1908.0	1908.0	1908.22	1908.4348	1912.0	1.324	COMPLETED
326	id-00225	10	9	9	8	1908.0	1908.0	1908.72	1909.0518	1916.0	111.197	COMPLETED
326	id-00226	10	15	10	1	1910.0	1910.0	1910.4	1911.0	1911.0	42.92	EXPIRED
326	id-00227	2	3	1	9	1911.0	1911.0	1911.04	1911.2781	1920.0	0.481	COMPLETED
326	id-00228	1	2	2	9	1911.0	1911.0	1911.08	1911.5629	1920.0	0.481	COMPLETED
326	id-00229	6	11	3	2	1913.0	1913.0	1913.12	1913.5035	1915.0	5.463	COMPLETED
326	id-00230	9	14	8	7	1913.0	1913.0	1913.33	1913.6588	1920.0	33.424	COMPLETED
326	id-00231	6	10	6	2	1913.0	1913.0	1913.24	1913.6246	1915.0	10.926	COMPLETED
326	id-00232	4	6	10	6	1918.0	1918.0	1918.38	1918.7772	1924.0	9.144	COMPLETED
326	id-00233	10	2	9	4	1919.0	1919.0	1919.35	1919.8412	1923.0	34.255	COMPLETED
326	id-00234	4	3	8	8	1920.0	1920.0	1920.31	1920.4255	1928.0	7.46	COMPLETED
326	id-00235	7	11	6	6	1920.0	1920.0	1920.22	1920.5695	1926.0	9.265	COMPLETED
326	id-00236	1	2	9	6	1921.0	1921.0	1921.35	1921.7729	1927.0	2.106	COMPLETED
326	id-00237	7	9	7	2	1921.0	1921.0	1921.52	1921.932	1923.0	21.898	COMPLETED
326	id-00238	5	2	4	5	1921.0	1921.0	1921.3	1921.6131	1926.0	23.166	COMPLETED
326	id-00239	1	2	4	10	1923.0	1923.0	1923.15	1923.3046	1933.0	0.902	COMPLETED
326	id-00240	10	17	9	1	1924.0	1924.0	1924.33	1925.0	1925.0	29.187	EXPIRED
326	id-00241	1	2	10	6	1926.0	1926.0	1926.42	1926.8512	1932.0	2.527	COMPLETED
326	id-00242	5	6	4	4	1926.0	1926.0	1926.31	1926.7356	1930.0	9.325	COMPLETED
326	id-00243	3	3	9	1	1926.0	1926.0	1926.69	1927.0	1927.0	25.464	EXPIRED
326	id-00244	2	4	4	9	1928.0	1928.0	1928.17	1928.565	1937.0	2.045	COMPLETED
326	id-00245	7	9	2	2	1928.0	1928.0	1928.08	1928.4975	1930.0	4.123	COMPLETED
326	id-00246	5	6	7	1	1930.0	1930.0	1930.25	1931.0	1931.0	7.52	EXPIRED
326	id-00247	4	3	1	10	1931.0	1931.0	1931.07	1931.396	1941.0	1.684	COMPLETED
326	id-00248	3	3	8	4	1931.0	1931.0	1931.57	1931.699	1935.0	10.287	COMPLETED
326	id-00249	6	5	1	5	1932.0	1932.0	1932.04	1932.4196	1937.0	1.444	COMPLETED
326	id-00250	9	18	6	5	1933.0	1933.0	1933.21	1933.3392	1938.0	13.35	COMPLETED
326	id-00251	7	6	10	9	1933.0	1933.0	1933.42	1933.9059	1942.0	29.566	COMPLETED
326	id-00252	10	10	9	4	1933.0	1933.0	1933.32	1933.7249	1937.0	25.285	COMPLETED
326	id-00253	4	5	8	9	1934.0	1934.0	1934.29	1934.4074	1943.0	6.979	COMPLETED
326	id-00254	2	2	8	6	1934.0	1934.0	1934.29	1934.6331	1940.0	3.489	COMPLETED
326	id-00255	7	2	10	10	1934.0	1934.0	1934.42	1934.5797	1944.0	29.566	COMPLETED
326	id-00256	8	7	9	5	1935.0	1935.0	1935.31	1935.5111	1940.0	14.92	COMPLETED
326	id-00257	6	9	1	1	1937.0	1937.0	1937.03	1938.0	1938.0	1.083	EXPIRED
326	id-00258	4	7	4	9	1938.0	1938.0	1938.28	1938.6625	1947.0	6.738	COMPLETED
326	id-00259	4	8	10	4	1938.0	1938.0	1938.69	1939.0045	1942.0	16.604	COMPLETED
326	id-00260	10	18	3	7	1939.0	1939.0	1939.1	1939.353	1946.0	6.959	COMPLETED
326	id-00261	9	8	2	5	1940.0	1940.0	1940.07	1940.5047	1945.0	3.79	COMPLETED
326	id-00262	4	6	2	9	1940.0	1940.0	1940.08	1940.346	1949.0	1.925	COMPLETED
326	id-00263	5	6	5	6	1942.0	1942.0	1942.17	1942.4534	1948.0	5.114	COMPLETED
326	id-00264	4	6	5	7	1942.0	1942.0	1942.19	1942.37	1949.0	4.572	COMPLETED
326	id-00265	6	8	5	10	1943.0	1943.0	1943.34	1943.8331	1953.0	12.273	COMPLETED
326	id-00266	9	12	10	1	1943.0	1943.0	1943.69	1944.0	1944.0	76.391	EXPIRED
326	id-00267	9	14	6	7	1944.0	1944.0	1944.21	1944.392	1951.0	11.37	COMPLETED
326	id-00268	10	2	8	10	1945.0	1945.0	1945.32	1945.5027	1955.0	34.336	COMPLETED
326	id-00269	9	9	5	5	1945.0	1945.0	1945.31	1945.6675	1950.0	16.785	COMPLETED
326	id-00270	10	12	10	2	1945.0	1945.0	1945.62	1945.8294	1947.0	78.217	COMPLETED
326	id-00271	1	2	5	6	1947.0	1947.0	1947.16	1947.3811	1953.0	0.963	COMPLETED
326	id-00272	2	2	3	1	1948.0	1948.0	1948.09	1949.0	1949.0	1.083	EXPIRED
326	id-00273	6	10	6	5	1948.0	1948.0	1948.24	1948.5016	1953.0	10.926	COMPLETED
326	id-00274	8	4	7	4	1949.0	1949.0	1949.44	1949.8545	1953.0	21.176	COMPLETED
326	id-00275	10	7	7	5	1949.0	1949.0	1949.28	1949.4626	1954.0	30.044	COMPLETED
326	id-00276	6	3	4	7	1949.0	1949.0	1949.25	1949.3706	1956.0	13.738	COMPLETED
326	id-00277	1	2	2	6	1950.0	1950.0	1950.07	1950.4463	1956.0	0.421	COMPLETED
326	id-00278	10	14	1	4	1952.0	1952.0	1952.03	1952.1754	1956.0	1.805	COMPLETED
326	id-00279	3	4	10	7	1953.0	1953.0	1953.33	1953.6307	1960.0	5.956	COMPLETED
326	id-00280	3	6	7	4	1954.0	1954.0	1954.23	1954.4358	1958.0	4.151	COMPLETED
326	id-00281	3	6	10	2	1956.0	1956.0	1956.37	1956.5754	1958.0	6.678	COMPLETED
326	id-00282	8	8	2	2	1957.0	1957.0	1957.07	1957.2448	1959.0	4.029	COMPLETED
326	id-00283	10	12	9	2	1958.0	1958.0	1958.33	1958.5505	1960.0	29.187	COMPLETED
326	id-00284	1	2	2	9	1959.0	1959.0	1959.07	1959.4095	1968.0	0.421	COMPLETED
326	id-00285	5	8	8	7	1961.0	1961.0	1961.3	1961.5228	1968.0	9.024	COMPLETED
326	id-00286	8	12	4	4	1962.0	1962.0	1962.15	1962.3997	1966.0	8.633	COMPLETED
326	id-00287	6	7	9	8	1963.0	1963.0	1963.33	1963.7245	1971.0	11.912	COMPLETED
326	id-00288	3	4	3	7	1963.0	1963.0	1963.11	1963.2583	1970.0	1.985	COMPLETED
326	id-00289	1	2	5	5	1964.0	1964.0	1964.19	1964.5083	1969.0	1.143	COMPLETED
326	id-00290	3	4	9	5	1964.0	1964.0	1964.33	1964.7886	1969.0	5.956	COMPLETED
326	id-00291	5	2	5	5	1965.0	1965.0	1965.19	1965.3891	1970.0	5.715	COMPLETED
326	id-00292	8	16	8	10	1966.0	1966.0	1966.3	1966.5705	1976.0	17.267	COMPLETED
326	id-00293	6	4	3	5	1967.0	1967.0	1967.22	1967.529	1972.0	7.941	COMPLETED
326	id-00294	3	4	9	2	1967.0	1967.0	1967.67	1967.8709	1969.0	24.726	COMPLETED
326	id-00295	9	12	8	4	1967.0	1967.0	1967.31	1967.5589	1971.0	25.553	COMPLETED
326	id-00296	3	5	3	2	1969.0	1969.0	1969.11	1969.3105	1971.0	1.985	COMPLETED
326	id-00297	2	3	4	3	1970.0	1970.0	1970.15	1970.4193	1973.0	1.805	COMPLETED
326	id-00298	3	4	5	4	1970.0	1970.0	1970.2	1970.675	1974.0	3.61	COMPLETED
326	id-00299	3	2	1	5	1971.0	1971.0	1971.07	1971.5128	1976.0	1.263	COMPLETED
326	id-00300	8	15	8	2	1971.0	1971.0	1971.59	1972.0739	1973.0	50.646	COMPLETED
326	id-00301	8	8	7	8	1972.0	1972.0	1972.28	1972.5478	1980.0	21.395	COMPLETED
326	id-00302	2	2	5	4	1972.0	1972.0	1972.19	1972.5422	1976.0	2.286	COMPLETED
326	id-00303	4	6	3	1	1977.0	1977.0	1977.12	1978.0	1978.0	2.888	EXPIRED
326	id-00304	8	5	3	3	1978.0	1978.0	1978.12	1978.4137	1981.0	9.169	COMPLETED
326	id-00305	4	2	9	9	1979.0	1979.0	1979.36	1979.499	1988.0	8.663	COMPLETED
326	id-00306	10	6	10	4	1980.0	1980.0	1980.38	1980.6984	1984.0	37.191	COMPLETED
326	id-00307	2	4	4	3	1980.0	1980.0	1980.15	1980.5086	1983.0	1.805	COMPLETED
326	id-00308	4	8	2	4	1981.0	1981.0	1981.07	1981.4198	1985.0	1.684	COMPLETED
326	id-00309	1	2	4	8	1981.0	1981.0	1981.15	1981.5589	1989.0	0.902	COMPLETED
326	id-00310	4	6	10	4	1982.0	1982.0	1982.38	1982.5214	1986.0	9.144	COMPLETED
326	id-00311	7	11	7	3	1982.0	1982.0	1982.26	1982.5828	1985.0	10.949	COMPLETED
326	id-00312	6	2	9	6	1983.0	1983.0	1983.33	1983.6065	1989.0	11.912	COMPLETED
326	id-00313	1	2	9	5	1984.0	1984.0	1984.33	1984.6272	1989.0	1.985	COMPLETED
326	id-00314	5	4	7	6	1985.0	1985.0	1985.27	1985.5271	1991.0	8.122	COMPLETED
326	id-00315	2	4	5	9	1987.0	1987.0	1987.19	1987.5838	1996.0	2.286	COMPLETED
326	id-00316	6	2	9	4	1989.0	1989.0	1989.35	1989.8381	1993.0	12.634	COMPLETED
326	id-00317	7	12	9	5	1993.0	1993.0	1993.67	1993.9346	1998.0	28.215	COMPLETED
326	id-00318	2	2	5	8	1993.0	1993.0	1993.37	1993.6119	2001.0	11.429	COMPLETED
326	id-00319	2	3	10	1	1995.0	1995.0	1995.34	1996.0	1996.0	4.091	EXPIRED
326	id-00320	1	2	8	1	1997.0	1997.0	1997.28	1998.0	1998.0	1.684	EXPIRED
326	id-00321	3	5	2	1	1998.0	1998.0	1998.07	1999.0	1999.0	1.263	EXPIRED
326	id-00322	10	2	8	10	1999.0	1999.0	1999.32	1999.5652	2009.0	34.336	COMPLETED
326	id-00323	4	2	1	4	1999.0	1999.0	1999.03	1999.4789	2003.0	0.722	COMPLETED
326	id-00324	4	8	7	4	1999.0	1999.0	1999.28	1999.6143	2003.0	6.738	COMPLETED
326	id-00325	1	2	7	3	2000.0	2000.0	2000.23	2000.5181	2003.0	1.384	COMPLETED
