0.0016875267028808594
0.0008256435394287109
0.0014941692352294922
0.0008866786956787109
0.0007393360137939453
0.0011353492736816406
0.0015187263488769531
0.0007424354553222656
0.0010898113250732422
0.001371622085571289
0.0009865760803222656
0.0008485317230224609
0.0009479522705078125
0.0015566349029541016
0.0008122920989990234
0.0007510185241699219
0.001605987548828125
0.002141714096069336
0.00075531005859375
0.0016202926635742188
0.0010082721710205078
0.0015540122985839844
0.001119852066040039
0.0009245872497558594
0.002002239227294922
0.0010814666748046875
0.0010688304901123047
0.0011429786682128906
0.0018155574798583984
0.0010890960693359375
0.001222372055053711
0.001990795135498047
0.0017664432525634766
0.001867055892944336
0.0012087821960449219
0.001819610595703125
0.0010800361633300781
0.0008928775787353516
0.0010082721710205078
0.002367734909057617
0.0009102821350097656
0.0009288787841796875
0.0010235309600830078
0.0009143352508544922
0.00160980224609375
0.0008339881896972656
0.0008847713470458984
0.0007786750793457031
0.0009963512420654297
0.0015380382537841797
0.0008232593536376953
0.0014472007751464844
0.0008177757263183594
0.0008449554443359375
0.0012845993041992188
0.0014655590057373047
0.0009000301361083984
0.0014646053314208984
0.0012078285217285156
0.0007066726684570312
0.0008924007415771484
0.0014901161193847656
0.0007293224334716797
0.0008244514465332031
0.0007812976837158203
0.0007658004760742188
0.0012354850769042969
0.0016391277313232422
0.0007154941558837891
0.0008471012115478516
0.0021514892578125
0.0014126300811767578
0.0012009143829345703
0.0016930103302001953
0.0017514228820800781
0.0007126331329345703
0.0006723403930664062
0.0023071765899658203
0.0008678436279296875
0.0008018016815185547
0.0012650489807128906
0.0009438991546630859
0.0007536411285400391
0.0008440017700195312
0.0007145404815673828
0.0031354427337646484
0.0007076263427734375
0.0009191036224365234
0.0007109642028808594
0.0011334419250488281
0.0007865428924560547
0.0014472007751464844
0.0008919239044189453
0.00072479248046875
0.0006442070007324219
0.0010676383972167969
0.002455472946166992
0.0006260871887207031
0.0008730888366699219
0.0007588863372802734
0.000690460205078125
0.0009758472442626953
0.0013663768768310547
0.0006864070892333984
0.001058340072631836
0.0008542537689208984
0.0007550716400146484
0.00157928466796875
0.0013885498046875
0.0018470287322998047
0.0014564990997314453
0.0007529258728027344
0.0007576942443847656
0.0013175010681152344
0.0013799667358398438
0.0010242462158203125
0.0014352798461914062
0.0006799697875976562
0.0018858909606933594
0.0009264945983886719
0.0017104148864746094
0.00098419189453125
0.0021867752075195312
0.0010614395141601562
0.0010433197021484375
0.0020678043365478516
0.0011737346649169922
0.000919342041015625
0.0010979175567626953
0.0008041858673095703
0.001142263412475586
0.0019030570983886719
0.0010123252868652344
0.002040386199951172
0.0011453628540039062
0.0010838508605957031
0.0008950233459472656
0.0007305145263671875
0.0016140937805175781
0.0023069381713867188
0.0016980171203613281
0.0008692741394042969
0.0009412765502929688
0.0008537769317626953
0.0009083747863769531
0.0008215904235839844
0.0008778572082519531
0.0013909339904785156
0.001260519027709961
0.0007801055908203125
0.0006597042083740234
0.0007619857788085938
0.0018246173858642578
0.000858306884765625
0.0008943080902099609
0.0008862018585205078
0.0009107589721679688
0.0009233951568603516
0.0014901161193847656
0.0015540122985839844
0.0016312599182128906
0.0014674663543701172
0.0008656978607177734
0.0007548332214355469
0.0014243125915527344
0.0006978511810302734
0.0015978813171386719
0.0008206367492675781
0.0011508464813232422
0.0018897056579589844
0.0009703636169433594
0.0020647048950195312
0.0008709430694580078
0.0016663074493408203
0.0018935203552246094
0.001092672348022461
0.0018329620361328125
0.0012471675872802734
0.0007226467132568359
0.0007953643798828125
0.0008652210235595703
0.0023698806762695312
0.0009980201721191406
0.0016772747039794922
0.0012369155883789062
