0.0019059181213378906
0.0020339488983154297
0.002026796340942383
0.0011806488037109375
0.0019192695617675781
0.0009856224060058594
0.0009279251098632812
0.0008084774017333984
0.0009055137634277344
0.002209901809692383
0.0017139911651611328
0.0009620189666748047
0.0028116703033447266
0.0013782978057861328
0.002709627151489258
0.0008852481842041016
0.0012230873107910156
0.002325773239135742
0.002422809600830078
0.0011909008026123047
0.0010273456573486328
0.0009350776672363281
0.0008146762847900391
0.0007421970367431641
0.002847909927368164
0.0008299350738525391
0.0017206668853759766
0.0019192695617675781
0.001857757568359375
0.0007448196411132812
0.001308441162109375
0.0014882087707519531
0.0013630390167236328
0.002345561981201172
0.0009469985961914062
0.002035856246948242
0.0009677410125732422
0.0039975643157958984
0.0007245540618896484
0.0013971328735351562
0.0007865428924560547
0.0029578208923339844
0.0008683204650878906
0.0014011859893798828
0.0008416175842285156
0.0008459091186523438
0.0008525848388671875
0.004080057144165039
0.0015177726745605469
0.0009274482727050781
0.002198934555053711
0.000982522964477539
0.0011241436004638672
0.0022821426391601562
0.0008907318115234375
0.0009145736694335938
0.0022437572479248047
0.0015711784362792969
0.0011026859283447266
0.0008487701416015625
0.0008161067962646484
0.0012319087982177734
0.0028693675994873047
0.0007917881011962891
0.0008106231689453125
0.0009007453918457031
0.0008492469787597656
0.0008208751678466797
0.003080606460571289
0.0009174346923828125
0.00319671630859375
0.001237630844116211
0.002095460891723633
0.0013592243194580078
0.0008571147918701172
0.0017886161804199219
0.0006985664367675781
0.0008428096771240234
0.0011069774627685547
0.0018191337585449219
0.0017483234405517578
0.001032114028930664
0.0007715225219726562
0.0007069110870361328
0.0020101070404052734
0.0006642341613769531
0.002799510955810547
0.0016665458679199219
0.001508474349975586
0.0017955303192138672
0.0011200904846191406
0.0006363391876220703
0.0011494159698486328
0.00235748291015625
0.0009114742279052734
0.003251791000366211
0.0031108856201171875
0.0022118091583251953
0.0007674694061279297
0.0019254684448242188
0.0008757114410400391
0.0013055801391601562
0.0009860992431640625
0.001085042953491211
0.0010051727294921875
0.0016474723815917969
0.0009109973907470703
0.0010352134704589844
0.0010592937469482422
0.0010466575622558594
0.002096414566040039
0.0008754730224609375
0.003537893295288086
0.0020186901092529297
0.00084686279296875
0.0008208751678466797
0.0013699531555175781
0.000823974609375
0.0008945465087890625
0.0008625984191894531
0.002542257308959961
0.0008478164672851562
0.0009267330169677734
0.0011165142059326172
0.0014109611511230469
0.0019137859344482422
0.0010485649108886719
0.0007770061492919922
0.0008809566497802734
0.002930164337158203
0.0008842945098876953
0.001977205276489258
0.004674673080444336
0.0010595321655273438
0.0009455680847167969
0.001890420913696289
0.001986265182495117
0.0008077621459960938
0.0007526874542236328
0.0019648075103759766
0.0016095638275146484
0.0008487701416015625
0.0013492107391357422
0.0009605884552001953
0.002629995346069336
0.001920461654663086
0.0010530948638916016
0.0009226799011230469
0.00136566162109375
0.0009775161743164062
0.0013382434844970703
0.001560211181640625
0.0017516613006591797
0.0006427764892578125
0.0018417835235595703
0.0009226799011230469
0.0015683174133300781
0.002984762191772461
0.0008223056793212891
0.0011737346649169922
0.0010223388671875
0.0011131763458251953
0.0011243820190429688
0.0010464191436767578
0.0010035037994384766
0.0009918212890625
0.0011296272277832031
0.0010495185852050781
0.0018851757049560547
0.002245187759399414
0.0008597373962402344
0.0010459423065185547
0.0028176307678222656
0.0009429454803466797
0.0018613338470458984
0.0017139911651611328
0.0018165111541748047
0.0010983943939208984
0.0009090900421142578
0.001055002212524414
0.0019223690032958984
0.0012314319610595703
0.0011987686157226562
0.0008807182312011719
0.0013439655303955078
0.0007524490356445312
0.0009312629699707031
0.0009200572967529297
0.0016303062438964844
0.0009539127349853516
0.0009200572967529297
0.0008311271667480469
0.0016820430755615234
0.0007877349853515625
