0.0018038749694824219
0.0020897388458251953
0.0018839836120605469
0.0013756752014160156
0.0010254383087158203
0.0008375644683837891
0.0009808540344238281
0.0007908344268798828
0.0014691352844238281
0.001383066177368164
0.0013077259063720703
0.00091552734375
0.0019915103912353516
0.0009751319885253906
0.0015430450439453125
0.000774383544921875
0.0014467239379882812
0.002307415008544922
0.0025587081909179688
0.0009572505950927734
0.0008184909820556641
0.0009999275207519531
0.0008282661437988281
0.00081634521484375
0.0011949539184570312
0.0008857250213623047
0.0014162063598632812
0.001802206039428711
0.0010497570037841797
0.0007891654968261719
0.0010037422180175781
0.0015692710876464844
0.002021312713623047
0.0025243759155273438
0.0008902549743652344
0.002261638641357422
0.0008754730224609375
0.0032706260681152344
0.0007655620574951172
0.001363515853881836
0.0008578300476074219
0.0026133060455322266
0.0008227825164794922
0.0015726089477539062
0.0008547306060791016
0.0008943080902099609
0.0008831024169921875
0.0034635066986083984
0.0017218589782714844
0.0009572505950927734
0.0013797283172607422
0.0008392333984375
0.0008800029754638672
0.001260519027709961
0.0008029937744140625
0.0023245811462402344
0.003957271575927734
0.0020351409912109375
0.0009827613830566406
0.0008299350738525391
0.00069427490234375
0.0007452964782714844
0.0022966861724853516
0.0008859634399414062
0.0010521411895751953
0.0008690357208251953
0.000797271728515625
0.0008025169372558594
0.003276348114013672
0.0008082389831542969
0.0014140605926513672
0.0012814998626708984
0.0019686222076416016
0.0018100738525390625
0.0007202625274658203
0.0006833076477050781
0.0006451606750488281
0.0008225440979003906
0.0008692741394042969
0.0017969608306884766
0.0009062290191650391
0.0012202262878417969
0.0007600784301757812
0.0006740093231201172
0.0021677017211914062
0.0008974075317382812
0.001917123794555664
0.0010445117950439453
0.0009424686431884766
0.0019085407257080078
0.001155853271484375
0.0009086132049560547
0.001875162124633789
0.0017743110656738281
0.0007233619689941406
0.0022716522216796875
0.0019345283508300781
0.0018720626831054688
0.0008137226104736328
0.0012357234954833984
0.0007789134979248047
0.0017158985137939453
0.0007798671722412109
0.0006973743438720703
0.0007059574127197266
0.0009391307830810547
0.0009818077087402344
0.0006682872772216797
0.0007481575012207031
0.0009441375732421875
0.001562356948852539
0.0007603168487548828
0.0025141239166259766
0.0010111331939697266
0.0009250640869140625
0.0007860660552978516
0.0019466876983642578
0.0009417533874511719
0.0008778572082519531
0.0008308887481689453
0.0018358230590820312
0.0011296272277832031
0.0008790493011474609
0.0007991790771484375
0.0016334056854248047
0.002452373504638672
0.0009107589721679688
0.0008130073547363281
0.0008840560913085938
0.0021347999572753906
0.0008740425109863281
0.001377105712890625
0.0020437240600585938
0.0008821487426757812
0.0007090568542480469
0.001905202865600586
0.0020008087158203125
0.0008876323699951172
0.0007891654968261719
0.002197265625
0.0017063617706298828
0.0008556842803955078
0.0013556480407714844
0.0007007122039794922
0.00140380859375
0.001439809799194336
0.0008428096771240234
0.0008635520935058594
0.001336812973022461
0.00104522705078125
0.0012459754943847656
0.0014522075653076172
0.0014719963073730469
0.0007326602935791016
0.002027273178100586
0.000990152359008789
0.001374959945678711
0.0021047592163085938
0.0008327960968017578
0.0009410381317138672
0.0008251667022705078
0.001013040542602539
0.0009331703186035156
0.0008649826049804688
0.0008642673492431641
0.0012085437774658203
0.000946044921875
0.0011377334594726562
0.0016241073608398438
0.0014526844024658203
0.0008363723754882812
0.0007965564727783203
0.0016422271728515625
0.0009119510650634766
0.0015099048614501953
0.0015668869018554688
0.0020406246185302734
0.0009198188781738281
0.0007643699645996094
0.0007386207580566406
0.0013909339904785156
0.0012936592102050781
0.001415252685546875
0.0006844997406005859
0.0006945133209228516
0.0007860660552978516
0.0007739067077636719
0.0008685588836669922
0.0015017986297607422
0.0007436275482177734
0.0009176731109619141
0.0009829998016357422
0.0019829273223876953
0.0006854534149169922
