0.0018107891082763672
0.0009181499481201172
0.0020520687103271484
0.0009186267852783203
0.002229928970336914
0.0009708404541015625
0.0013806819915771484
0.0007007122039794922
0.0009567737579345703
0.0009107589721679688
0.001008749008178711
0.0008685588836669922
0.0009477138519287109
0.002119779586791992
0.0008172988891601562
0.0008978843688964844
0.002254962921142578
0.0009238719940185547
0.0007781982421875
0.0021543502807617188
0.0007929801940917969
0.001455545425415039
0.0006439685821533203
0.0008296966552734375
0.0013725757598876953
0.0009510517120361328
0.0020842552185058594
0.0009367465972900391
0.0013892650604248047
0.0008714199066162109
0.0009195804595947266
0.0014314651489257812
0.001409292221069336
0.000858306884765625
0.0009562969207763672
0.0009849071502685547
0.0009031295776367188
0.0007302761077880859
0.0008664131164550781
0.0008270740509033203
0.0012378692626953125
0.001646280288696289
0.0010187625885009766
0.0009386539459228516
0.002090930938720703
0.0008325576782226562
0.0008566379547119141
0.0007433891296386719
0.0007703304290771484
0.001482248306274414
0.0008697509765625
0.001955270767211914
0.0008568763732910156
0.0007531642913818359
0.0006711483001708984
0.0014483928680419922
0.0009350776672363281
0.0016849040985107422
0.0013394355773925781
0.0011632442474365234
0.0008172988891601562
0.002182483673095703
0.0013315677642822266
0.0009076595306396484
0.0007166862487792969
0.0015032291412353516
0.0012149810791015625
0.0014781951904296875
0.0007052421569824219
0.0008294582366943359
0.0007483959197998047
0.0013892650604248047
0.0012385845184326172
0.0017406940460205078
0.001338958740234375
0.0006504058837890625
0.0011773109436035156
0.0017430782318115234
0.0008034706115722656
0.0007987022399902344
0.0012602806091308594
0.0006885528564453125
0.0007529258728027344
0.0008475780487060547
0.0008502006530761719
0.0035686492919921875
0.0009980201721191406
0.001096963882446289
0.0007555484771728516
0.0014693737030029297
0.0008533000946044922
0.0015523433685302734
0.0008234977722167969
0.0008332729339599609
0.0008752346038818359
0.0007867813110351562
0.0014801025390625
0.0009655952453613281
0.0009138584136962891
0.0008115768432617188
0.0012683868408203125
0.0008761882781982422
0.00148773193359375
0.00080108642578125
0.0015981197357177734
0.0008585453033447266
0.0014383792877197266
0.0024275779724121094
0.002140522003173828
0.002088308334350586
0.0017871856689453125
0.0007662773132324219
0.0013911724090576172
0.0007236003875732422
0.001108407974243164
0.0008907318115234375
0.0013649463653564453
0.0008699893951416016
0.0015294551849365234
0.0007090568542480469
0.0006887912750244141
0.0006546974182128906
0.0016427040100097656
0.0008034706115722656
0.0008680820465087891
0.0014734268188476562
0.0009753704071044922
0.0009229183197021484
0.0009379386901855469
0.0007984638214111328
0.0008816719055175781
0.0018117427825927734
0.0009639263153076172
0.0015480518341064453
0.0008842945098876953
0.0007951259613037109
0.0008540153503417969
0.0007112026214599609
0.0019843578338623047
0.0018537044525146484
0.0015630722045898438
0.0009202957153320312
0.0009083747863769531
0.0008490085601806641
0.0009529590606689453
0.0015494823455810547
0.0008604526519775391
0.0008265972137451172
0.001331329345703125
0.0008671283721923828
0.0007102489471435547
0.0007517337799072266
0.0015685558319091797
0.0009036064147949219
0.0008831024169921875
0.0009069442749023438
0.0008718967437744141
0.001293182373046875
0.0015499591827392578
0.0010576248168945312
0.0009965896606445312
0.002020597457885742
0.0009775161743164062
0.0008625984191894531
0.0016393661499023438
0.0009291172027587891
0.0021848678588867188
0.0008032321929931641
0.0011899471282958984
0.0008563995361328125
0.0007572174072265625
0.0027518272399902344
0.0008058547973632812
0.0008423328399658203
0.001443624496459961
0.0008456707000732422
0.0013513565063476562
0.001817464828491211
0.00086212158203125
0.0007123947143554688
0.0014896392822265625
0.0017974376678466797
0.001306295394897461
0.0011548995971679688
0.0006814002990722656
