322	id-00000	8	9	4	6	1700.0	1700.0	1700.16	1700.403	1706.0	12.226	COMPLETED
322	id-00001	10	19	1	3	1701.0	1701.0	1701.04	1701.4431	1704.0	4.292	COMPLETED
322	id-00002	4	5	5	4	1702.0	1702.0	1702.2	1702.3634	1706.0	4.813	COMPLETED
322	id-00003	2	3	10	5	1704.0	1704.0	1704.42	1704.6002	1709.0	5.053	COMPLETED
322	id-00004	3	5	2	1	1704.0	1704.0	1704.08	1705.0	1705.0	1.444	EXPIRED
322	id-00005	10	15	10	5	1704.0	1704.0	1704.43	1704.7533	1709.0	54.247	COMPLETED
322	id-00006	1	2	9	4	1705.0	1705.0	1705.38	1705.8565	1709.0	2.286	COMPLETED
322	id-00007	1	2	5	7	1708.0	1708.0	1708.21	1708.4428	1715.0	1.263	COMPLETED
322	id-00008	1	2	5	6	1712.0	1712.0	1712.21	1712.4413	1718.0	1.263	COMPLETED
322	id-00009	9	9	6	1	1714.0	1714.0	1714.25	1715.0	1715.0	25.321	EXPIRED
322	id-00010	5	2	3	5	1715.0	1715.0	1715.25	1715.5954	1720.0	9.877	COMPLETED
322	id-00011	3	4	5	2	1715.0	1715.0	1715.4	1715.6344	1717.0	7.219	COMPLETED
322	id-00012	7	9	1	5	1715.0	1715.0	1715.08	1715.2599	1720.0	7.14	COMPLETED
322	id-00013	5	2	9	4	1715.0	1715.0	1715.75	1716.0734	1719.0	57.915	COMPLETED
322	id-00014	7	7	10	2	1717.0	1717.0	1717.4	1717.812	1719.0	24.387	COMPLETED
322	id-00015	8	10	10	2	1718.0	1718.0	1718.4	1718.863	1720.0	30.565	COMPLETED
322	id-00016	9	3	4	2	1719.0	1719.0	1719.32	1719.7698	1721.0	29.394	COMPLETED
322	id-00017	10	18	7	1	1719.0	1719.0	1719.56	1720.0	1720.0	86.486	EXPIRED
322	id-00018	3	3	3	6	1720.0	1720.0	1720.25	1720.747	1726.0	4.512	COMPLETED
322	id-00019	10	10	7	1	1720.0	1720.0	1720.58	1721.0	1721.0	84.107	EXPIRED
322	id-00020	2	4	7	4	1720.0	1720.0	1720.3	1720.6076	1724.0	3.61	COMPLETED
322	id-00021	1	2	1	6	1722.0	1722.0	1722.04	1722.3794	1728.0	0.241	COMPLETED
322	id-00022	9	7	1	5	1725.0	1725.0	1725.04	1725.1505	1730.0	4.051	COMPLETED
322	id-00023	9	6	9	4	1725.0	1725.0	1725.38	1725.743	1729.0	38.488	COMPLETED
322	id-00024	2	4	7	5	1727.0	1727.0	1727.29	1727.5597	1732.0	3.489	COMPLETED
322	id-00025	4	8	4	6	1730.0	1730.0	1730.17	1730.6232	1736.0	4.091	COMPLETED
322	id-00026	9	8	1	3	1732.0	1732.0	1732.04	1732.2693	1735.0	4.051	COMPLETED
322	id-00027	9	13	8	4	1732.0	1732.0	1732.33	1732.5214	1736.0	33.424	COMPLETED
322	id-00028	3	5	7	6	1733.0	1733.0	1733.29	1733.7829	1739.0	5.234	COMPLETED
322	id-00029	8	12	5	7	1733.0	1733.0	1733.21	1733.5981	1740.0	18.026	COMPLETED
322	id-00030	8	12	4	5	1735.0	1735.0	1735.32	1735.4511	1740.0	24.452	COMPLETED
322	id-00031	10	15	6	1	1735.0	1735.0	1735.48	1736.0	1736.0	74.131	EXPIRED
322	id-00032	6	5	7	1	1736.0	1736.0	1736.56	1737.0	1737.0	25.493	EXPIRED
322	id-00033	9	17	10	5	1736.0	1736.0	1736.43	1736.9129	1741.0	47.606	COMPLETED
322	id-00034	9	13	2	6	1736.0	1736.0	1736.16	1736.2677	1742.0	22.239	COMPLETED
322	id-00035	5	5	5	7	1737.0	1737.0	1737.22	1737.6916	1744.0	10.766	COMPLETED
322	id-00036	8	3	2	4	1737.0	1737.0	1737.16	1737.5358	1741.0	12.226	COMPLETED
322	id-00037	4	4	2	4	1737.0	1737.0	1737.09	1737.5048	1741.0	3.014	COMPLETED
322	id-00038	2	4	4	1	1737.0	1737.0	1737.32	1738.0	1738.0	9.884	EXPIRED
322	id-00039	7	10	4	4	1737.0	1737.0	1737.35	1737.7177	1741.0	27.938	COMPLETED
322	id-00040	7	2	2	7	1737.0	1737.0	1737.17	1737.3738	1744.0	18.378	COMPLETED
322	id-00041	8	3	9	3	1738.0	1738.0	1738.36	1738.6183	1741.0	27.508	COMPLETED
322	id-00042	8	3	9	4	1738.0	1738.0	1738.39	1738.6228	1742.0	37.155	COMPLETED
322	id-00043	8	10	1	5	1739.0	1739.0	1739.08	1739.3958	1744.0	6.113	COMPLETED
322	id-00044	5	4	10	4	1739.0	1739.0	1739.8	1740.2719	1743.0	61.776	COMPLETED
322	id-00045	2	2	5	6	1739.0	1739.0	1739.43	1739.641	1745.0	5.174	COMPLETED
322	id-00046	5	9	10	4	1739.0	1739.0	1739.87	1740.1028	1743.0	58.979	COMPLETED
322	id-00047	4	2	2	5	1740.0	1740.0	1740.08	1740.3092	1745.0	1.925	COMPLETED
322	id-00048	3	6	9	3	1741.0	1741.0	1741.36	1741.6542	1744.0	6.497	COMPLETED
322	id-00049	9	9	5	7	1742.0	1742.0	1742.2	1742.6833	1749.0	18.371	COMPLETED
322	id-00050	9	13	1	3	1742.0	1742.0	1742.04	1742.5166	1745.0	3.674	COMPLETED
322	id-00051	7	10	5	5	1743.0	1743.0	1743.2	1743.5804	1748.0	12.194	COMPLETED
322	id-00052	8	13	8	2	1744.0	1744.0	1744.32	1744.4818	1746.0	24.452	COMPLETED
322	id-00053	9	7	5	5	1744.0	1744.0	1744.2	1744.4026	1749.0	18.371	COMPLETED
322	id-00054	3	2	3	2	1746.0	1746.0	1746.12	1746.3409	1748.0	2.166	COMPLETED
322	id-00055	10	17	9	5	1746.0	1746.0	1746.39	1746.7303	1751.0	49.201	COMPLETED
322	id-00056	3	4	6	5	1750.0	1750.0	1750.5	1750.8313	1755.0	9.024	COMPLETED
322	id-00057	3	5	7	1	1750.0	1750.0	1750.58	1751.0	1751.0	21.404	EXPIRED
322	id-00058	5	8	10	1	1750.0	1750.0	1750.43	1751.0	1751.0	21.042	EXPIRED
322	id-00059	2	4	6	7	1753.0	1753.0	1753.25	1753.5695	1760.0	3.008	COMPLETED
322	id-00060	2	3	9	6	1754.0	1754.0	1754.78	1755.2076	1760.0	9.385	COMPLETED
322	id-00061	9	3	10	3	1754.0	1754.0	1754.87	1755.3121	1757.0	112.724	COMPLETED
322	id-00062	8	2	1	3	1754.0	1754.0	1754.04	1754.2316	1757.0	3.434	COMPLETED
322	id-00063	8	6	2	4	1755.0	1755.0	1755.08	1755.4885	1759.0	6.867	COMPLETED
322	id-00064	9	8	1	5	1756.0	1756.0	1756.04	1756.2717	1761.0	4.051	COMPLETED
322	id-00065	4	4	9	1	1757.0	1757.0	1757.75	1758.0	1758.0	18.048	EXPIRED
322	id-00066	8	14	9	4	1757.0	1757.0	1757.38	1757.7564	1761.0	32.619	COMPLETED
322	id-00067	5	8	5	5	1757.0	1757.0	1757.42	1757.5521	1762.0	32.432	COMPLETED
322	id-00068	7	2	7	2	1758.0	1758.0	1758.58	1758.8527	1760.0	40.83	COMPLETED
322	id-00069	9	16	5	7	1758.0	1758.0	1758.42	1758.6416	1765.0	58.378	COMPLETED
322	id-00070	4	4	9	5	1758.0	1758.0	1758.38	1758.7675	1763.0	9.144	COMPLETED
322	id-00071	10	13	5	4	1759.0	1759.0	1759.21	1759.532	1763.0	24.513	COMPLETED
322	id-00072	8	2	7	6	1759.0	1759.0	1759.29	1759.662	1765.0	24.894	COMPLETED
322	id-00073	8	3	2	7	1760.0	1760.0	1760.17	1760.5376	1767.0	14.593	COMPLETED
322	id-00074	7	6	4	6	1760.0	1760.0	1760.33	1760.6302	1766.0	35.676	COMPLETED
322	id-00075	2	2	2	1	1766.0	1766.0	1766.09	1767.0	1767.0	1.083	EXPIRED
322	id-00076	3	5	7	6	1768.0	1768.0	1768.3	1768.5731	1774.0	5.414	COMPLETED
322	id-00077	5	5	1	6	1770.0	1770.0	1770.04	1770.5263	1776.0	1.58	COMPLETED
322	id-00078	5	7	5	5	1772.0	1772.0	1772.22	1772.5982	1777.0	10.766	COMPLETED
322	id-00079	3	5	9	5	1772.0	1772.0	1772.39	1772.8622	1777.0	7.039	COMPLETED
322	id-00080	5	9	4	5	1772.0	1772.0	1772.17	1772.537	1777.0	6.716	COMPLETED
322	id-00081	2	2	4	1	1773.0	1773.0	1773.17	1774.0	1774.0	2.045	EXPIRED
322	id-00082	2	4	8	1	1773.0	1773.0	1773.35	1774.0	1774.0	4.211	EXPIRED
322	id-00083	8	5	2	1	1774.0	1774.0	1774.08	1775.0	1775.0	6.867	EXPIRED
322	id-00084	8	12	9	5	1775.0	1775.0	1775.36	1775.5935	1780.0	27.508	COMPLETED
322	id-00085	2	2	2	1	1775.0	1775.0	1775.08	1776.0	1776.0	0.963	EXPIRED
322	id-00086	5	2	4	1	1776.0	1776.0	1776.36	1777.0	1777.0	21.011	EXPIRED
322	id-00087	10	2	10	2	1776.0	1776.0	1776.95	1777.4194	1778.0	137.761	COMPLETED
322	id-00088	8	6	10	2	1776.0	1776.0	1776.48	1776.7165	1778.0	54.78	COMPLETED
322	id-00089	10	19	1	1	1776.0	1776.0	1776.04	1777.0	1777.0	4.292	EXPIRED
322	id-00090	1	2	2	1	1776.0	1776.0	1776.08	1777.0	1777.0	0.481	EXPIRED
322	id-00091	7	7	2	5	1776.0	1776.0	1776.18	1776.528	1781.0	19.459	COMPLETED
322	id-00092	5	7	4	3	1776.0	1776.0	1776.38	1776.8644	1779.0	29.344	COMPLETED
322	id-00093	1	2	10	6	1777.0	1777.0	1777.4	1777.8921	1783.0	2.406	COMPLETED
322	id-00094	3	5	7	2	1778.0	1778.0	1778.28	1778.4015	1780.0	5.053	COMPLETED
322	id-00095	5	8	5	1	1779.0	1779.0	1779.2	1780.0	1780.0	6.016	EXPIRED
322	id-00096	4	3	2	5	1780.0	1780.0	1780.08	1780.2992	1785.0	1.925	COMPLETED
322	id-00097	10	12	4	6	1780.0	1780.0	1780.17	1780.3404	1786.0	19.844	COMPLETED
322	id-00098	5	3	6	3	1781.0	1781.0	1781.23	1781.6617	1784.0	6.918	COMPLETED
322	id-00099	2	2	8	1	1784.0	1784.0	1784.62	1785.0	1785.0	7.46	EXPIRED
322	id-00100	3	4	3	4	1784.0	1784.0	1784.23	1784.5171	1788.0	4.151	COMPLETED
322	id-00101	6	11	2	6	1788.0	1788.0	1788.08	1788.386	1794.0	3.642	COMPLETED
322	id-00102	3	4	6	2	1789.0	1789.0	1789.24	1789.4874	1791.0	4.332	COMPLETED
322	id-00103	10	4	1	6	1791.0	1791.0	1791.08	1791.4274	1797.0	7.83	COMPLETED
322	id-00104	6	9	4	4	1791.0	1791.0	1791.31	1791.6446	1795.0	28.726	COMPLETED
322	id-00105	3	4	10	3	1795.0	1795.0	1795.37	1795.8482	1798.0	6.678	COMPLETED
322	id-00106	10	3	7	4	1795.0	1795.0	1795.28	1795.5636	1799.0	30.044	COMPLETED
322	id-00107	7	4	2	2	1796.0	1796.0	1796.07	1796.4812	1798.0	2.948	COMPLETED
322	id-00108	1	2	1	1	1797.0	1797.0	1797.04	1798.0	1798.0	0.241	EXPIRED
322	id-00109	10	5	6	2	1798.0	1798.0	1798.24	1798.3517	1800.0	25.752	COMPLETED
322	id-00110	1	2	2	3	1799.0	1799.0	1799.07	1799.1765	1802.0	0.421	COMPLETED
322	id-00111	5	9	6	4	1799.0	1799.0	1799.24	1799.4504	1803.0	7.219	COMPLETED
322	id-00112	10	15	9	3	1800.0	1800.0	1800.35	1800.6515	1803.0	34.255	COMPLETED
322	id-00113	6	6	6	2	1800.0	1800.0	1800.22	1800.6045	1802.0	7.941	COMPLETED
322	id-00114	4	8	2	7	1806.0	1806.0	1806.08	1806.391	1813.0	1.925	COMPLETED
322	id-00115	5	6	1	4	1806.0	1806.0	1806.04	1806.388	1810.0	1.203	COMPLETED
322	id-00116	6	4	2	6	1806.0	1806.0	1806.08	1806.2778	1812.0	3.642	COMPLETED
322	id-00117	8	14	10	2	1812.0	1812.0	1812.32	1812.8173	1814.0	15.401	COMPLETED
322	id-00118	8	3	4	1	1813.0	1813.0	1813.13	1814.0	1814.0	6.257	EXPIRED
322	id-00119	10	6	3	2	1813.0	1813.0	1813.12	1813.4748	1815.0	11.745	COMPLETED
322	id-00120	2	2	1	3	1814.0	1814.0	1814.06	1814.247	1817.0	0.722	COMPLETED
322	id-00121	4	3	2	2	1814.0	1814.0	1814.13	1814.3673	1816.0	3.128	COMPLETED
322	id-00122	4	3	5	7	1815.0	1815.0	1815.17	1815.3872	1822.0	4.091	COMPLETED
322	id-00123	10	8	10	1	1815.0	1815.0	1815.38	1816.0	1816.0	37.191	EXPIRED
322	id-00124	10	13	7	7	1816.0	1816.0	1816.27	1816.7349	1823.0	26.425	COMPLETED
322	id-00125	2	3	2	5	1817.0	1817.0	1817.07	1817.1964	1822.0	0.842	COMPLETED
322	id-00126	8	16	8	7	1818.0	1818.0	1818.28	1818.5567	1825.0	13.476	COMPLETED
322	id-00127	10	3	8	5	1819.0	1819.0	1819.31	1819.7873	1824.0	30.34	COMPLETED
322	id-00128	1	2	3	5	1819.0	1819.0	1819.1	1819.442	1824.0	0.602	COMPLETED
322	id-00129	2	3	3	7	1820.0	1820.0	1820.1	1820.5395	1827.0	1.203	COMPLETED
322	id-00130	1	2	4	1	1824.0	1824.0	1824.14	1825.0	1825.0	0.842	EXPIRED
322	id-00131	10	2	6	6	1825.0	1825.0	1825.23	1825.7129	1831.0	22.511	COMPLETED
322	id-00132	4	8	7	1	1828.0	1828.0	1828.27	1829.0	1829.0	6.497	EXPIRED
322	id-00133	10	2	3	6	1829.0	1829.0	1829.12	1829.3597	1835.0	11.745	COMPLETED
322	id-00134	9	9	9	7	1829.0	1829.0	1829.35	1829.6728	1836.0	28.85	COMPLETED
322	id-00135	8	3	1	7	1829.0	1829.0	1829.04	1829.207	1836.0	2.679	COMPLETED
322	id-00136	9	17	9	4	1830.0	1830.0	1830.67	1831.0595	1834.0	48.91	COMPLETED
322	id-00137	6	6	6	5	1830.0	1830.0	1830.44	1830.6095	1835.0	40.772	COMPLETED
322	id-00138	9	18	3	5	1832.0	1832.0	1832.22	1832.3921	1837.0	16.06	COMPLETED
322	id-00139	1	2	7	2	1832.0	1832.0	1832.52	1832.7485	1834.0	8.031	COMPLETED
322	id-00140	10	7	7	2	1832.0	1832.0	1832.27	1832.5785	1834.0	26.425	COMPLETED
322	id-00141	3	3	1	7	1833.0	1833.0	1833.04	1833.3981	1840.0	0.722	COMPLETED
322	id-00142	4	7	1	7	1833.0	1833.0	1833.04	1833.3641	1840.0	0.963	COMPLETED
322	id-00143	6	8	4	3	1836.0	1836.0	1836.3	1836.638	1839.0	10.829	COMPLETED
322	id-00144	8	7	1	7	1836.0	1836.0	1836.07	1836.4071	1843.0	7.989	COMPLETED
322	id-00145	2	2	8	2	1836.0	1836.0	1836.31	1836.4628	1838.0	3.73	COMPLETED
322	id-00146	7	4	7	2	1839.0	1839.0	1839.26	1839.724	1841.0	10.949	COMPLETED
322	id-00147	6	11	3	3	1842.0	1842.0	1842.11	1842.4368	1845.0	3.971	COMPLETED
322	id-00148	5	5	5	4	1842.0	1842.0	1842.19	1842.649	1846.0	5.715	COMPLETED
322	id-00149	2	2	5	3	1843.0	1843.0	1843.19	1843.4471	1846.0	2.286	COMPLETED
322	id-00150	6	10	5	6	1844.0	1844.0	1844.19	1844.4269	1850.0	6.858	COMPLETED
322	id-00151	10	7	6	4	1845.0	1845.0	1845.22	1845.3281	1849.0	19.458	COMPLETED
322	id-00152	1	2	5	7	1847.0	1847.0	1847.19	1847.4151	1854.0	1.143	COMPLETED
322	id-00153	10	19	3	4	1848.0	1848.0	1848.11	1848.2556	1852.0	9.729	COMPLETED
322	id-00154	9	17	4	5	1848.0	1848.0	1848.16	1848.5781	1853.0	14.697	COMPLETED
322	id-00155	1	2	2	6	1849.0	1849.0	1849.07	1849.3074	1855.0	0.421	COMPLETED
322	id-00156	7	4	1	6	1850.0	1850.0	1850.04	1850.412	1856.0	2.439	COMPLETED
322	id-00157	2	3	7	1	1851.0	1851.0	1851.28	1852.0	1852.0	3.369	EXPIRED
322	id-00158	5	7	10	3	1852.0	1852.0	1852.4	1852.8993	1855.0	12.032	COMPLETED
322	id-00159	3	6	6	3	1855.0	1855.0	1855.24	1855.5456	1858.0	4.332	COMPLETED
322	id-00160	7	8	5	2	1855.0	1855.0	1855.2	1855.5526	1857.0	12.194	COMPLETED
322	id-00161	6	8	7	3	1857.0	1857.0	1857.28	1857.6274	1860.0	12.747	COMPLETED
322	id-00162	2	3	4	2	1858.0	1858.0	1858.16	1858.2795	1860.0	1.925	COMPLETED
322	id-00163	4	8	2	2	1860.0	1860.0	1860.08	1860.4834	1862.0	1.925	COMPLETED
322	id-00164	3	3	10	3	1861.0	1861.0	1861.38	1861.6773	1864.0	6.858	COMPLETED
322	id-00165	3	4	2	5	1863.0	1863.0	1863.08	1863.3103	1868.0	1.444	COMPLETED
322	id-00166	9	12	9	5	1864.0	1864.0	1864.35	1864.6505	1869.0	28.85	COMPLETED
322	id-00167	8	9	10	4	1865.0	1865.0	1865.4	1865.7766	1869.0	30.565	COMPLETED
322	id-00168	2	3	10	4	1865.0	1865.0	1865.42	1865.7121	1869.0	5.053	COMPLETED
322	id-00169	9	2	5	4	1865.0	1865.0	1865.2	1865.404	1869.0	18.371	COMPLETED
322	id-00170	6	6	1	3	1867.0	1867.0	1867.04	1867.1461	1870.0	1.821	COMPLETED
322	id-00171	7	7	2	4	1867.0	1867.0	1867.08	1867.373	1871.0	4.877	COMPLETED
322	id-00172	4	4	4	4	1868.0	1868.0	1868.32	1868.6614	1872.0	7.7	COMPLETED
322	id-00173	1	2	5	2	1868.0	1868.0	1868.4	1868.5667	1870.0	2.406	COMPLETED
322	id-00174	9	6	2	2	1869.0	1869.0	1869.08	1869.5407	1871.0	7.348	COMPLETED
322	id-00175	8	2	2	1	1869.0	1869.0	1869.08	1870.0	1870.0	6.113	EXPIRED
322	id-00176	1	2	2	2	1872.0	1872.0	1872.08	1872.3389	1874.0	0.481	COMPLETED
322	id-00177	3	4	9	3	1873.0	1873.0	1873.35	1873.8293	1876.0	6.317	COMPLETED
322	id-00178	2	4	10	2	1874.0	1874.0	1874.38	1874.5709	1876.0	4.572	COMPLETED
322	id-00179	10	8	3	1	1875.0	1875.0	1875.11	1876.0	1876.0	9.729	EXPIRED
322	id-00180	1	2	6	4	1877.0	1877.0	1877.44	1877.8441	1881.0	2.647	COMPLETED
322	id-00181	9	14	7	2	1877.0	1877.0	1877.52	1877.7023	1879.0	42.863	COMPLETED
322	id-00182	3	5	7	2	1878.0	1878.0	1878.26	1878.7147	1880.0	4.692	COMPLETED
322	id-00183	9	8	6	5	1879.0	1879.0	1879.22	1879.4826	1884.0	16.06	COMPLETED
322	id-00184	1	2	4	4	1880.0	1880.0	1880.15	1880.4049	1884.0	0.902	COMPLETED
322	id-00185	3	3	1	1	1880.0	1880.0	1880.04	1881.0	1881.0	0.722	EXPIRED
322	id-00186	7	4	10	6	1881.0	1881.0	1881.37	1881.5653	1887.0	15.581	COMPLETED
322	id-00187	1	2	4	7	1884.0	1884.0	1884.15	1884.4461	1891.0	0.902	COMPLETED
322	id-00188	9	7	5	7	1885.0	1885.0	1885.2	1885.6201	1892.0	18.371	COMPLETED
322	id-00189	8	12	5	3	1885.0	1885.0	1885.19	1885.644	1888.0	12.727	COMPLETED
322	id-00190	6	5	4	5	1886.0	1886.0	1886.15	1886.5392	1891.0	5.414	COMPLETED
322	id-00191	1	2	7	6	1887.0	1887.0	1887.28	1887.6091	1893.0	1.684	COMPLETED
322	id-00192	7	6	3	1	1887.0	1887.0	1887.12	1888.0	1888.0	6.185	EXPIRED
322	id-00193	2	2	6	2	1888.0	1888.0	1888.24	1888.3551	1890.0	2.888	COMPLETED
322	id-00194	6	12	2	1	1888.0	1888.0	1888.08	1889.0	1889.0	2.888	EXPIRED
322	id-00195	1	2	8	7	1888.0	1888.0	1888.32	1888.5257	1895.0	1.925	COMPLETED
322	id-00196	9	2	3	4	1889.0	1889.0	1889.12	1889.232	1893.0	9.891	COMPLETED
322	id-00197	9	9	10	1	1889.0	1889.0	1889.8	1890.0	1890.0	73.485	EXPIRED
322	id-00198	1	2	6	7	1889.0	1889.0	1889.24	1889.3475	1896.0	1.444	COMPLETED
322	id-00199	3	3	2	7	1889.0	1889.0	1889.16	1889.3729	1896.0	7.413	COMPLETED
322	id-00200	5	4	3	6	1890.0	1890.0	1890.12	1890.4797	1896.0	3.61	COMPLETED
322	id-00201	8	14	10	7	1890.0	1890.0	1890.42	1890.6365	1897.0	36.053	COMPLETED
322	id-00202	9	3	4	1	1892.0	1892.0	1892.15	1893.0	1893.0	12.364	EXPIRED
322	id-00203	3	5	9	7	1892.0	1892.0	1892.38	1892.8562	1899.0	6.858	COMPLETED
322	id-00204	5	3	3	2	1892.0	1892.0	1892.12	1892.2881	1894.0	4.741	COMPLETED
322	id-00205	7	9	3	2	1893.0	1893.0	1893.12	1893.4617	1895.0	6.185	COMPLETED
322	id-00206	8	3	6	6	1893.0	1893.0	1893.25	1893.3932	1899.0	21.46	COMPLETED
322	id-00207	5	8	1	6	1895.0	1895.0	1895.04	1895.2675	1901.0	1.203	COMPLETED
322	id-00208	4	3	10	6	1895.0	1895.0	1895.4	1895.6243	1901.0	9.626	COMPLETED
322	id-00209	1	2	1	6	1895.0	1895.0	1895.04	1895.2754	1901.0	0.241	COMPLETED
322	id-00210	8	11	2	4	1896.0	1896.0	1896.08	1896.1999	1900.0	5.359	COMPLETED
322	id-00211	9	13	9	3	1897.0	1897.0	1897.35	1897.5059	1900.0	28.85	COMPLETED
322	id-00212	9	16	10	4	1897.0	1897.0	1897.4	1897.6504	1901.0	36.742	COMPLETED
322	id-00213	2	2	2	7	1899.0	1899.0	1899.16	1899.596	1906.0	1.925	COMPLETED
322	id-00214	6	11	4	6	1899.0	1899.0	1899.32	1899.5081	1905.0	20.602	COMPLETED
322	id-00215	2	4	1	1	1899.0	1899.0	1899.04	1900.0	1900.0	0.481	EXPIRED
322	id-00216	2	3	5	3	1900.0	1900.0	1900.19	1900.4973	1903.0	2.286	COMPLETED
322	id-00217	6	4	4	2	1901.0	1901.0	1901.15	1901.4675	1903.0	5.414	COMPLETED
322	id-00218	4	8	10	2	1901.0	1901.0	1901.38	1901.8329	1903.0	9.144	COMPLETED
322	id-00219	9	16	9	1	1902.0	1902.0	1902.35	1903.0	1903.0	28.85	EXPIRED
322	id-00220	2	2	4	6	1902.0	1902.0	1902.15	1902.3192	1908.0	1.805	COMPLETED
322	id-00221	3	5	2	6	1903.0	1903.0	1903.08	1903.4341	1909.0	1.444	COMPLETED
322	id-00222	9	9	1	3	1904.0	1904.0	1904.04	1904.4811	1907.0	3.297	COMPLETED
322	id-00223	7	11	7	7	1904.0	1904.0	1904.29	1904.4213	1911.0	20.415	COMPLETED
322	id-00224	4	4	7	1	1904.0	1904.0	1904.27	1905.0	1905.0	6.497	EXPIRED
322	id-00225	3	3	8	2	1904.0	1904.0	1904.33	1904.8297	1906.0	5.956	COMPLETED
322	id-00226	6	2	5	5	1905.0	1905.0	1905.19	1905.5079	1910.0	6.858	COMPLETED
322	id-00227	9	10	6	4	1905.0	1905.0	1905.24	1905.5706	1909.0	22.045	COMPLETED
322	id-00228	3	2	9	4	1905.0	1905.0	1905.39	1905.8454	1909.0	7.039	COMPLETED
322	id-00229	8	5	2	4	1905.0	1905.0	1905.07	1905.5604	1909.0	4.029	COMPLETED
322	id-00230	7	8	7	5	1906.0	1906.0	1906.26	1906.4923	1911.0	10.949	COMPLETED
322	id-00231	6	2	3	1	1907.0	1907.0	1907.11	1908.0	1908.0	3.971	EXPIRED
322	id-00232	7	2	1	1	1911.0	1911.0	1911.04	1912.0	1912.0	2.439	EXPIRED
322	id-00233	8	3	4	5	1911.0	1911.0	1911.16	1911.5948	1916.0	12.226	COMPLETED
322	id-00234	3	4	6	6	1912.0	1912.0	1912.24	1912.4421	1918.0	4.332	COMPLETED
322	id-00235	5	8	1	3	1914.0	1914.0	1914.04	1914.2352	1917.0	1.203	COMPLETED
322	id-00236	2	4	10	7	1916.0	1916.0	1916.42	1916.7797	1923.0	5.053	COMPLETED
322	id-00237	7	5	2	3	1916.0	1916.0	1916.08	1916.4177	1919.0	4.123	COMPLETED
322	id-00238	1	2	2	2	1916.0	1916.0	1916.08	1916.3718	1918.0	0.481	COMPLETED
322	id-00239	2	4	2	4	1917.0	1917.0	1917.15	1917.2779	1921.0	1.805	COMPLETED
322	id-00240	10	5	1	6	1917.0	1917.0	1917.08	1917.3734	1923.0	9.338	COMPLETED
322	id-00241	10	13	9	7	1918.0	1918.0	1918.35	1918.8222	1925.0	34.255	COMPLETED
322	id-00242	5	5	7	3	1922.0	1922.0	1922.26	1922.6886	1925.0	7.821	COMPLETED
322	id-00243	2	4	6	5	1923.0	1923.0	1923.22	1923.6483	1928.0	2.647	COMPLETED
322	id-00244	5	9	7	3	1925.0	1925.0	1925.27	1925.7514	1928.0	8.122	COMPLETED
322	id-00245	7	13	10	7	1925.0	1925.0	1925.42	1925.7257	1932.0	29.566	COMPLETED
322	id-00246	3	5	6	4	1928.0	1928.0	1928.25	1928.574	1932.0	4.512	COMPLETED
322	id-00247	2	4	6	1	1928.0	1928.0	1928.23	1929.0	1929.0	2.767	EXPIRED
322	id-00248	3	2	2	5	1931.0	1931.0	1931.07	1931.1842	1936.0	1.263	COMPLETED
322	id-00249	10	19	10	1	1932.0	1932.0	1932.71	1933.0	1933.0	56.101	EXPIRED
322	id-00250	4	2	9	2	1932.0	1932.0	1932.64	1933.1193	1934.0	39.537	COMPLETED
322	id-00251	8	7	8	7	1936.0	1936.0	1936.28	1936.4401	1943.0	13.476	COMPLETED
322	id-00252	8	16	7	4	1937.0	1937.0	1937.24	1937.4137	1941.0	11.551	COMPLETED
322	id-00253	9	3	5	6	1938.0	1938.0	1938.34	1938.7646	1944.0	18.409	COMPLETED
322	id-00254	7	4	5	6	1938.0	1938.0	1938.19	1938.6123	1944.0	8.001	COMPLETED
322	id-00255	5	10	9	2	1938.0	1938.0	1938.62	1938.7706	1940.0	47.876	COMPLETED
322	id-00256	7	6	3	5	1942.0	1942.0	1942.31	1942.5797	1947.0	13.055	COMPLETED
322	id-00257	2	2	4	3	1942.0	1942.0	1942.41	1942.9034	1945.0	4.933	COMPLETED
322	id-00258	10	15	5	2	1942.0	1942.0	1942.52	1942.9149	1944.0	80.309	COMPLETED
322	id-00259	5	6	10	2	1944.0	1944.0	1944.34	1944.5388	1946.0	10.227	COMPLETED
322	id-00260	4	6	9	2	1947.0	1947.0	1947.56	1947.9876	1949.0	13.476	COMPLETED
322	id-00261	2	4	2	3	1947.0	1947.0	1947.12	1947.3857	1950.0	1.444	COMPLETED
322	id-00262	5	4	2	7	1948.0	1948.0	1948.06	1948.3643	1955.0	1.805	COMPLETED
322	id-00263	2	3	6	4	1949.0	1949.0	1949.19	1949.6334	1953.0	2.286	COMPLETED
322	id-00264	5	3	2	4	1950.0	1950.0	1950.13	1950.3324	1954.0	3.91	COMPLETED
322	id-00265	1	2	3	2	1950.0	1950.0	1950.12	1950.4012	1952.0	0.722	COMPLETED
322	id-00266	8	9	3	1	1950.0	1950.0	1950.2	1951.0	1951.0	15.282	EXPIRED
322	id-00267	10	6	8	5	1951.0	1951.0	1951.27	1951.5515	1956.0	16.243	COMPLETED
322	id-00268	2	3	2	2	1954.0	1954.0	1954.07	1954.2876	1956.0	0.842	COMPLETED
322	id-00269	6	7	10	7	1956.0	1956.0	1956.38	1956.8267	1963.0	13.716	COMPLETED
322	id-00270	5	2	6	1	1956.0	1956.0	1956.22	1957.0	1957.0	6.618	EXPIRED
322	id-00271	4	7	8	5	1956.0	1956.0	1956.3	1956.6735	1961.0	7.219	COMPLETED
322	id-00272	10	20	9	4	1957.0	1957.0	1957.67	1958.0574	1961.0	59.257	COMPLETED
322	id-00273	2	4	2	7	1957.0	1957.0	1957.15	1957.52	1964.0	4.633	COMPLETED
322	id-00274	1	2	3	4	1958.0	1958.0	1958.22	1958.7063	1962.0	1.324	COMPLETED
322	id-00275	3	2	8	2	1958.0	1958.0	1958.59	1959.0467	1960.0	10.648	COMPLETED
322	id-00276	5	5	9	1	1959.0	1959.0	1959.33	1960.0	1960.0	9.926	EXPIRED
322	id-00277	9	6	9	6	1962.0	1962.0	1962.33	1962.6733	1968.0	24.09	COMPLETED
322	id-00278	6	2	7	6	1962.0	1962.0	1962.26	1962.6356	1968.0	9.385	COMPLETED
322	id-00279	8	6	5	6	1964.0	1964.0	1964.19	1964.6609	1970.0	10.936	COMPLETED
322	id-00280	1	2	2	1	1965.0	1965.0	1965.07	1966.0	1966.0	0.421	EXPIRED
322	id-00281	8	6	3	1	1965.0	1965.0	1965.23	1966.0	1966.0	15.406	EXPIRED
322	id-00282	1	2	2	2	1965.0	1965.0	1965.15	1965.5259	1967.0	2.317	COMPLETED
322	id-00283	8	5	10	5	1966.0	1966.0	1966.38	1966.5423	1971.0	25.454	COMPLETED
322	id-00284	6	8	9	3	1966.0	1966.0	1966.33	1966.8102	1969.0	11.912	COMPLETED
322	id-00285	2	2	3	6	1967.0	1967.0	1967.11	1967.4288	1973.0	1.324	COMPLETED
322	id-00286	2	4	5	6	1968.0	1968.0	1968.19	1968.4217	1974.0	2.286	COMPLETED
322	id-00287	3	3	2	6	1968.0	1968.0	1968.07	1968.5001	1974.0	1.263	COMPLETED
322	id-00288	9	3	2	5	1969.0	1969.0	1969.07	1969.1937	1974.0	5.11	COMPLETED
322	id-00289	3	6	10	7	1970.0	1970.0	1970.37	1970.492	1977.0	6.678	COMPLETED
322	id-00290	5	4	7	5	1972.0	1972.0	1972.26	1972.4819	1977.0	7.821	COMPLETED
322	id-00291	1	2	9	6	1972.0	1972.0	1972.36	1972.8266	1978.0	2.166	COMPLETED
322	id-00292	7	3	2	4	1973.0	1973.0	1973.07	1973.5319	1977.0	2.948	COMPLETED
322	id-00293	3	4	5	5	1974.0	1974.0	1974.19	1974.311	1979.0	3.429	COMPLETED
322	id-00294	1	2	2	1	1978.0	1978.0	1978.08	1979.0	1979.0	0.481	EXPIRED
322	id-00295	1	2	5	2	1979.0	1979.0	1979.2	1979.3054	1981.0	1.203	COMPLETED
322	id-00296	2	3	5	2	1979.0	1979.0	1979.2	1979.3743	1981.0	2.406	COMPLETED
322	id-00297	7	12	2	1	1980.0	1980.0	1980.07	1981.0	1981.0	2.948	EXPIRED
322	id-00298	2	3	7	5	1981.0	1981.0	1981.26	1981.603	1986.0	3.128	COMPLETED
322	id-00299	8	12	8	6	1982.0	1982.0	1982.31	1982.6377	1988.0	20.765	COMPLETED
322	id-00300	7	13	6	2	1982.0	1982.0	1982.22	1982.6171	1984.0	9.265	COMPLETED
322	id-00301	6	5	2	4	1983.0	1983.0	1983.07	1983.2505	1987.0	2.527	COMPLETED
322	id-00302	9	8	7	7	1983.0	1983.0	1983.54	1983.7009	1990.0	44.511	COMPLETED
322	id-00303	3	6	9	5	1983.0	1983.0	1983.69	1984.1633	1988.0	31.969	COMPLETED
322	id-00304	5	9	1	2	1984.0	1984.0	1984.07	1984.2582	1986.0	2.106	COMPLETED
322	id-00305	6	9	10	1	1984.0	1984.0	1984.74	1985.0	1985.0	54.618	EXPIRED
322	id-00306	4	4	3	6	1984.0	1984.0	1984.12	1984.4881	1990.0	2.888	COMPLETED
322	id-00307	10	4	10	3	1985.0	1985.0	1985.38	1985.7481	1988.0	37.191	COMPLETED
322	id-00308	4	4	7	1	1986.0	1986.0	1986.27	1987.0	1987.0	6.497	EXPIRED
322	id-00309	3	4	1	7	1990.0	1990.0	1990.04	1990.2199	1997.0	0.722	COMPLETED
322	id-00310	1	2	1	4	1990.0	1990.0	1990.04	1990.1563	1994.0	0.241	COMPLETED
322	id-00311	1	2	1	2	1991.0	1991.0	1991.04	1991.533	1993.0	0.241	COMPLETED
322	id-00312	2	3	9	1	1992.0	1992.0	1993.0	1993.0	1993.0	12.032	EXPIRED
322	id-00313	8	3	6	6	1992.0	1992.0	1992.22	1992.465	1998.0	12.662	COMPLETED
322	id-00314	1	2	1	7	1992.0	1992.0	1992.11	1992.5471	1999.0	0.662	COMPLETED
322	id-00315	4	8	3	5	1992.0	1992.0	1992.33	1992.7703	1997.0	7.941	COMPLETED
322	id-00316	7	11	9	7	1993.0	1993.0	1993.33	1993.536	2000.0	13.897	COMPLETED
322	id-00317	7	14	2	6	1995.0	1995.0	1995.07	1995.4276	2001.0	2.948	COMPLETED
322	id-00318	3	2	4	5	1997.0	1997.0	1997.14	1997.5615	2002.0	2.527	COMPLETED
322	id-00319	8	10	10	1	2000.0	2000.0	2000.65	2001.0	2001.0	31.283	EXPIRED
322	id-00320	1	2	2	6	2000.0	2000.0	2000.13	2000.2678	2006.0	0.782	COMPLETED
322	id-00321	5	3	10	7	2000.0	2000.0	2000.38	2000.6557	2007.0	11.43	COMPLETED
