1001110	1
1001111	1
1001112	1
1001113	1
1001114	1
1001115	1
1001116	1
1001117	1
1001118	1
1001119	1
1001120	2
1001121	2
1001122	2
1001123	2
1001124	2
1001125	2
1001126	2
1001127	2
1001128	2
1001129	2
1001130	2
1001131	2
1001132	2
1001133	2
1001134	2
1001135	2
1001136	2
1001137	1
1001138	1
1001139	3
1001140	3
1001141	4
1001142	4
1001143	4
1001144	3
1001145	3
1001146	3
1001147	3
1001148	3
1001149	3
1001150	3
1001151	4
1001152	3
1001153	3
1001154	3
1001155	2
1001156	2
1001157	2
1001158	3
1001159	4
1001160	4
1001161	4
1001162	4
1001163	4
1001164	4
1001165	4
1001166	3
1001167	3
1001168	3
1001169	4
1001170	3
1001171	3
1001172	3
1001173	3
1001174	3
1001175	3
1001176	3
1001177	3
1001178	3
1001179	3
1001180	3
1001181	3
1001182	3
1001183	3
1001184	3
1001185	3
1001186	3
1001187	3
1001188	2
1001189	2
1001190	2
1001191	2
1001192	2
1001193	1
1001194	1
1001195	0
1001196	0
1001197	0
1001198	0
1001199	1
1001200	1
1001201	1
1001202	1
1001203	1
1001204	0
1001205	0
1001206	1
1001207	1
1001208	1
1001209	1
1001210	2
1001211	2
1001212	2
1001213	2
1001214	2
1001215	2
1001216	2
1001217	2
1001218	2
1001219	2
1001220	2
1001221	2
1001222	2
1001223	2
1001224	2
1001225	3
1001226	3
1001227	3
1001228	3
1001229	3
1001230	3
1001231	3
1001232	2
1001233	2
1001234	2
1001235	2
1001236	2
1001237	2
1001238	2
1001239	2
1001240	2
1001241	2
1001242	1
1001243	1
1001244	1
1001245	1
1001246	1
1001247	1
1001248	1
1001249	1
1001250	0
1001251	0
1001252	0
1001253	1
1001254	1
1001255	1
1001256	1
1001257	1
1001258	1
1001259	0
1001260	0
1001261	0
1001262	0
1001263	1
1001264	1
1001265	2
1001266	2
1001267	2
1001268	1
1001269	1
1001270	1
1001271	1
1001272	1
1001273	1
1001274	1
1001275	1
1001276	2
1001277	2
1001278	2
1001279	2
1001280	2
1001281	3
1001282	3
1001283	2
1001284	1
1001285	1
1001286	1
1001287	1
1001288	1
1001289	1
1001290	1
1001291	1
1001292	1
1001293	1
1001294	1
1001295	1
1001296	1
1001297	1
1001298	1
1001299	0
1001300	0
1001301	0
1001302	0
1001303	0
1001304	0
1001305	0
1001306	0
1001307	1
1001308	1
1001309	1
1001310	1
1001311	1
1001312	1
1001313	1
1001314	0
1001315	1
1001316	1
1001317	1
1001318	1
1001319	1
1001320	2
1001321	3
1001322	3
1001323	3
1001324	3
1001325	2
1001326	2
1001327	3
1001328	2
1001329	2
1001330	2
1001331	2
1001332	1
1001333	1
1001334	1
1001335	1
1001336	1
1001337	1
1001338	1
1001339	1
1001340	1
1001341	1
1001342	1
1001343	1
1001344	1
1001345	1
1001346	1
1001347	1
1001348	1
1001349	1
1001350	2
1001351	2
1001352	2
1001353	2
1001354	2
1001355	2
1001356	2
1001357	2
1001358	2
1001359	2
1001360	2
1001361	3
1001362	3
1001363	3
1001364	3
1001365	3
1001366	3
1001367	3
1001368	3
1001369	1
1001370	1
1001371	1
1001372	2
1001373	2
1001374	2
1001375	2
1001376	1
1001377	1
1001378	1
1001379	1
1001380	1
1001381	1
1001382	1
1001383	1
1001384	0
1001385	0
1001386	1
1001387	1
1001388	1
1001389	1
1001390	1
1001391	1
1001392	1
1001393	1
1001394	1
1001395	1
1001396	0
1001397	0
1001398	0
1001399	0
1001400	0
1001401	0
1001402	1
1001403	1
1001404	1
1001405	1
1001406	1
1001407	1
1001408	1
1001409	1
1001410	0
1001411	0
1001412	0
1001413	0
1001414	0
1001415	0
1001416	0
1001417	0
1001418	0
1001419	0
1001420	0
1001421	0
1001422	0
1001423	0
1001424	0
1001425	0
1001426	0
1001427	0
1001428	1
1001429	1
1001430	1
1001431	1
1001432	1
1001433	0
1001434	0
1001435	0
1001436	0
1001437	0
1001438	0
1001439	1
1001440	1
1001441	1
1001442	1
1001443	1
1001444	1
1001445	1
1001446	1
1001447	1
1001448	1
1001449	1
1001450	1
1001451	1
1001452	1
1001453	2
1001454	3
1001455	4
1001456	4
1001457	4
1001458	4
1001459	3
1001460	2
1001461	2
1001462	1
1001463	1
1001464	1
1001465	1
1001466	1
1001467	1
1001468	0
1001469	0
1001470	0
1001471	0
1001472	0
1001473	0
1001474	0
1001475	0
1001476	0
1001477	0
1001478	0
1001479	1
1001480	2
1001481	2
1001482	3
1001483	3
1001484	3
1001485	3
1001486	3
1001487	3
1001488	3
1001489	3
1001490	3
1001491	3
1001492	3
1001493	3
1001494	3
1001495	3
1001496	3
1001497	3
1001498	2
1001499	1
1001500	1
1001501	1
1001502	1
1001503	1
1001504	1
1001505	1
1001506	1
1001507	1
1001508	1
1001509	2
1001510	2
1001511	2
1001512	2
1001513	2
1001514	2
1001515	2
1001516	2
1001517	2
1001518	2
1001519	2
1001520	2
1001521	2
1001522	2
1001523	1
1001524	1
1001525	1
1001526	1
1001527	1
1001528	1
1001529	1
1001530	1
1001531	1
1001532	1
1001533	1
1001534	1
1001535	1
1001536	1
1001537	2
1001538	2
1001539	2
1001540	2
1001541	2
1001542	2
1001543	2
1001544	2
1001545	2
1001546	2
1001547	2
1001548	2
1001549	2
1001550	2
1001551	3
1001552	3
1001553	3
1001554	2
1001555	2
1001556	2
1001557	2
1001558	2
1001559	2
1001560	1
1001561	1
1001562	1
1001563	1
1001564	1
1001565	3
1001566	3
1001567	3
1001568	3
1001569	3
1001570	3
1001571	3
1001572	3
1001573	4
1001574	3
1001575	3
1001576	3
1001577	3
1001578	3
1001579	3
1001580	3
1001581	3
1001582	3
1001583	3
1001584	2
1001585	2
1001586	2
1001587	2
1001588	2
1001589	4
1001590	4
1001591	4
1001592	5
1001593	5
1001594	5
1001595	3
1001596	3
1001597	3
1001598	3
1001599	3
1001600	3
1001601	2
1001602	2
1001603	2
1001604	2
1001605	2
1001606	1
1001607	1
1001608	1
1001609	1
1001610	2
1001611	2
1001612	1
1001613	1
1001614	1
1001615	1
1001616	1
1001617	1
1001618	0
1001619	1
1001620	1
1001621	1
1001622	2
1001623	2
1001624	2
1001625	2
1001626	1
1001627	1
1001628	1
1001629	1
1001630	1
1001631	1
1001632	1
1001633	1
1001634	1
1001635	1
1001636	2
1001637	1
1001638	1
1001639	1
1001640	1
1001641	1
1001642	1
1001643	1
1001644	0
1001645	0
1001646	0
1001647	0
1001648	0
1001649	0
1001650	0
1001651	0
1001652	0
1001653	0
1001654	0
1001655	0
1001656	0
1001657	0
1001658	0
1001659	0
1001660	0
1001661	0
1001662	0
1001663	0
1001664	0
1001665	0
1001666	0
1001667	0
1001668	0
1001669	0
1001670	0
1001671	0
1001672	0
1001673	0
1001674	0
1001675	0
1001676	0
1001677	0
1001678	0
1001679	1
1001680	1
1001681	1
1001682	1
1001683	1
1001684	1
1001685	1
1001686	2
1001687	2
1001688	2
1001689	2
1001690	2
1001691	2
1001692	2
1001693	2
1001694	2
1001695	2
1001696	2
1001697	2
1001698	2
1001699	2
1001700	2
1001701	2
1001702	2
1001703	2
1001704	1
1001705	2
1001706	2
1001707	2
1001708	2
1001709	1
1001710	1
1001711	1
1001712	0
1001713	0
1001714	0
1001715	0
1001716	0
1001717	0
1001718	0
1001719	0
1001720	1
1001721	1
1001722	1
1001723	1
1001724	1
1001725	1
1001726	1
1001727	2
1001728	2
1001729	2
1001730	2
1001731	2
1001732	2
1001733	2
1001734	2
1001735	2
1001736	2
1001737	2
1001738	2
1001739	2
1001740	2
1001741	2
1001742	2
1001743	2
1001744	2
1001745	2
1001746	1
1001747	1
1001748	1
1001749	1
1001750	1
1001751	1
1001752	1
1001753	1
1001754	1
1001755	1
1001756	1
1001757	1
1001758	2
1001759	2
1001760	3
1001761	3
1001762	3
1001763	2
1001764	1
1001765	1
1001766	1
1001767	1
1001768	1
1001769	3
1001770	3
1001771	3
1001772	3
1001773	3
1001774	3
1001775	3
1001776	3
1001777	3
1001778	2
1001779	2
1001780	2
1001781	2
1001782	2
1001783	2
1001784	2
1001785	2
1001786	2
1001787	2
1001788	2
1001789	1
1001790	1
1001791	1
1001792	1
1001793	1
1001794	1
1001795	1
1001796	2
1001797	2
1001798	2
1001799	2
1001800	2
1001801	2
1001802	2
1001803	2
1001804	2
1001805	1
1001806	1
1001807	1
1001808	1
1001809	1
1001810	1
1001811	1
1001812	1
1001813	1
1001814	1
1001815	1
1001816	1
1001817	0
1001818	0
1001819	0
1001820	0
1001821	0
1001822	0
1001823	1
1001824	1
1001825	1
1001826	1
1001827	1
1001828	1
1001829	1
1001830	1
1001831	1
1001832	1
1001833	2
1001834	3
1001835	3
1001836	2
1001837	2
1001838	2
1001839	1
1001840	1
1001841	0
1001842	0
1001843	0
1001844	0
1001845	0
1001846	0
1001847	1
1001848	2
1001849	2
1001850	2
1001851	2
1001852	2
1001853	2
1001854	2
1001855	2
1001856	2
1001857	2
1001858	2
1001859	2
1001860	1
1001861	1
1001862	1
1001863	1
1001864	1
1001865	1
1001866	1
1001867	1
1001868	1
1001869	1
1001870	1
1001871	1
1001872	1
1001873	1
1001874	2
1001875	2
1001876	2
1001877	2
1001878	2
1001879	2
1001880	2
1001881	2
1001882	2
1001883	2
1001884	2
1001885	2
1001886	2
1001887	2
1001888	1
1001889	1
1001890	1
1001891	1
1001892	1
1001893	1
1001894	1
1001895	1
1001896	1
1001897	1
1001898	1
1001899	1
1001900	1
1001901	1
1001902	2
1001903	2
1001904	2
1001905	2
1001906	2
1001907	2
1001908	2
1001909	2
1001910	1
1001911	1
1001912	1
1001913	1
1001914	1
1001915	1
1001916	0
1001917	0
1001918	0
1001919	1
1001920	1
1001921	1
1001922	1
1001923	1
1001924	1
1001925	1
1001926	1
1001927	1
1001928	1
1001929	1
1001930	1
1001931	1
1001932	1
1001933	1
1001934	1
1001935	1
1001936	1
1001937	1
1001938	1
1001939	1
1001940	1
1001941	1
1001942	0
1001943	0
1001944	0
1001945	0
1001946	0
1001947	0
1001948	0
1001949	0
1001950	0
1001951	0
1001952	0
1001953	0
1001954	0
1001955	0
1001956	0
1001957	0
1001958	0
1001959	0
1001960	0
1001961	1
1001962	1
1001963	1
1001964	1
1001965	1
1001966	1
1001967	1
1001968	1
1001969	2
1001970	2
1001971	3
1001972	3
1001973	3
1001974	3
1001975	1
1001976	1
1001977	1
1001978	1
1001979	1
1001980	1
1001981	1
1001982	1
1001983	1
1001984	1
1001985	1
1001986	1
1001987	2
1001988	2
1001989	2
1001990	2
1001991	2
1001992	2
1001993	2
1001994	1
1001995	1
1001996	1
1001997	1
1001998	1
1001999	1
1002000	1
1002001	1
1002002	1
1002003	1
1002004	1
1002005	1
1002006	1
1002007	1
1002008	1
1002009	3
1002010	3
1002011	3
1002012	3
1002013	2
1002014	2
1002015	2
1002016	2
1002017	2
1002018	2
1002019	2
1002020	2
1002021	1
1002022	1
1002023	1
1002024	1
1002025	1
1002026	1
1002027	1
1002028	2
1002029	2
1002030	2
1002031	2
1002032	2
1002033	2
1002034	2
1002035	2
1002036	2
1002037	2
1002038	2
1002039	1
1002040	1
1002041	1
1002042	1
1002043	1
1002044	1
1002045	1
1002046	1
1002047	1
1002048	1
1002049	2
1002050	2
1002051	3
1002052	3
1002053	3
1002054	4
1002055	3
1002056	3
1002057	3
1002058	2
1002059	2
1002060	2
1002061	3
1002062	3
1002063	3
1002064	3
1002065	3
1002066	3
1002067	2
1002068	2
1002069	2
1002070	2
1002071	2
1002072	3
1002073	3
1002074	4
1002075	4
1002076	4
1002077	2
1002078	2
1002079	2
1002080	2
1002081	1
1002082	1
1002083	1
1002084	1
1002085	1
1002086	1
1002087	1
1002088	1
1002089	1
1002090	2
1002091	2
1002092	2
1002093	2
1002094	2
1002095	2
1002096	2
1002097	1
1002098	1
1002099	1
1002100	1
1002101	1
1002102	1
1002103	1
1002104	1
1002105	1
1002106	1
1002107	1
1002108	1
1002109	1
1002110	1
1002111	1
1002112	1
1002113	1
1002114	1
1002115	1
1002116	1
1002117	1
1002118	1
1002119	1
1002120	1
1002121	2
1002122	2
1002123	2
1002124	2
1002125	2
1002126	3
1002127	3
1002128	4
1002129	3
1002130	2
1002131	2
1002132	2
1002133	2
1002134	2
1002135	1
1002136	1
1002137	2
1002138	2
1002139	2
1002140	2
1002141	2
1002142	2
1002143	2
1002144	2
1002145	3
1002146	3
1002147	2
1002148	2
1002149	2
1002150	1
1002151	2
1002152	2
1002153	2
1002154	1
1002155	1
1002156	1
1002157	1
1002158	0
1002159	0
1002160	0
1002161	0
1002162	0
1002163	0
1002164	0
1002165	0
1002166	0
1002167	0
1002168	0
1002169	1
1002170	2
1002171	2
1002172	2
1002173	1
1002174	1
1002175	2
1002176	1
1002177	1
1002178	1
1002179	1
1002180	1
1002181	1
1002182	1
1002183	1
1002184	0
1002185	0
1002186	0
1002187	0
1002188	0
1002189	0
1002190	0
1002191	0
1002192	0
1002193	0
1002194	0
1002195	1
1002196	1
1002197	1
1002198	1
1002199	1
1002200	1
1002201	1
1002202	1
1002203	1
1002204	1
1002205	1
1002206	1
1002207	1
1002208	1
1002209	1
1002210	1
1002211	2
1002212	2
1002213	2
1002214	2
1002215	2
1002216	2
1002217	1
1002218	1
1002219	1
1002220	1
1002221	1
1002222	1
1002223	1
1002224	2
1002225	2
1002226	3
1002227	3
1002228	4
1002229	4
1002230	4
1002231	4
1002232	4
1002233	2
1002234	2
1002235	3
1002236	3
1002237	3
1002238	3
1002239	2
1002240	2
1002241	3
1002242	2
1002243	2
1002244	2
1002245	2
1002246	2
1002247	2
1002248	2
1002249	3
1002250	3
1002251	3
1002252	2
1002253	2
1002254	2
1002255	2
1002256	2
1002257	2
1002258	2
1002259	2
1002260	2
1002261	3
1002262	3
1002263	3
1002264	3
1002265	3
1002266	3
1002267	3
1002268	2
1002269	3
1002270	3
1002271	3
1002272	3
1002273	3
1002274	2
1002275	2
1002276	2
1002277	2
1002278	3
1002279	3
1002280	4
1002281	4
1002282	4
1002283	2
1002284	1
1002285	1
1002286	1
1002287	1
1002288	1
1002289	1
1002290	1
1002291	1
1002292	2
1002293	2
1002294	2
1002295	1
1002296	0
1002297	0
1002298	0
1002299	0
1002300	1
1002301	2
1002302	2
1002303	2
1002304	2
1002305	1
1002306	1
1002307	1
1002308	1
1002309	2
1002310	1
1002311	1
1002312	0
1002313	0
1002314	0
1002315	0
1002316	1
1002317	1
1002318	1
1002319	1
1002320	1
1002321	1
1002322	2
1002323	2
1002324	2
1002325	2
1002326	2
1002327	3
1002328	3
1002329	3
1002330	3
1002331	3
1002332	4
1002333	3
1002334	3
1002335	2
1002336	1
1002337	1
1002338	1
1002339	1
1002340	1
1002341	1
1002342	1
1002343	1
1002344	1
1002345	1
1002346	1
1002347	1
1002348	1
1002349	1
1002350	1
1002351	1
1002352	2
1002353	2
1002354	2
1002355	2
1002356	2
1002357	2
1002358	2
1002359	3
1002360	3
1002361	4
1002362	4
1002363	3
1002364	3
1002365	3
1002366	3
1002367	3
1002368	3
1002369	3
1002370	3
1002371	2
1002372	2
1002373	1
1002374	1
1002375	1
1002376	1
1002377	1
1002378	1
1002379	1
1002380	1
1002381	1
1002382	1
1002383	2
1002384	2
1002385	2
1002386	2
1002387	1
1002388	1
1002389	1
1002390	1
1002391	1
1002392	1
1002393	1
1002394	2
1002395	2
1002396	2
1002397	2
1002398	1
1002399	1
1002400	1
1002401	1
1002402	0
1002403	0
1002404	0
1002405	0
1002406	0
1002407	0
1002408	0
1002409	0
1002410	0
1002411	0
1002412	0
1002413	0
1002414	0
1002415	0
1002416	0
1002417	0
1002418	0
1002419	0
1002420	1
1002421	1
1002422	1
1002423	1
1002424	1
1002425	1
1002426	1
1002427	1
1002428	1
1002429	2
1002430	2
1002431	2
1002432	2
1002433	2
1002434	2
1002435	1
1002436	1
1002437	1
1002438	1
1002439	1
1002440	1
1002441	1
1002442	1
1002443	1
1002444	1
1002445	1
1002446	1
1002447	0
1002448	0
1002449	0
1002450	0
1002451	1
1002452	1
1002453	1
1002454	1
1002455	1
1002456	1
1002457	1
1002458	2
1002459	2
1002460	2
1002461	2
1002462	1
1002463	1
1002464	1
1002465	1
1002466	3
1002467	3
1002468	3
1002469	3
1002470	3
1002471	2
1002472	1
1002473	1
1002474	1
1002475	1
1002476	1
1002477	1
1002478	1
1002479	1
1002480	1
1002481	1
1002482	1
1002483	1
1002484	1
1002485	1
1002486	1
1002487	0
1002488	0
1002489	0
1002490	0
1002491	0
1002492	0
1002493	0
1002494	0
1002495	0
1002496	0
1002497	0
1002498	0
1002499	0
1002500	0
1002501	0
1002502	1
1002503	1
1002504	1
1002505	1
1002506	0
1002507	0
1002508	0
1002509	0
1002510	0
1002511	1
1002512	1
1002513	1
1002514	1
1002515	1
1002516	1
1002517	1
1002518	1
1002519	1
1002520	2
1002521	2
1002522	2
1002523	2
1002524	2
1002525	2
1002526	2
1002527	2
1002528	2
1002529	2
1002530	2
1002531	2
1002532	2
1002533	1
1002534	1
1002535	1
1002536	1
1002537	1
1002538	0
1002539	0
1002540	0
1002541	0
1002542	0
1002543	0
1002544	0
1002545	0
1002546	0
1002547	0
1002548	0
1002549	0
1002550	0
1002551	0
1002552	0
1002553	0
1002554	0
1002555	0
1002556	0
1002557	0
1002558	0
1002559	0
1002560	0
1002561	0
1002562	0
1002563	0
1002564	0
1002565	0
1002566	0
1002567	0
1002568	0
1002569	0
1002570	0
1002571	0
1002572	0
1002573	0
1002574	0
1002575	0
1002576	0
1002577	0
1002578	0
1002579	0
1002580	0
1002581	0
1002582	0
1002583	0
1002584	0
1002585	0
1002586	0
1002587	0
1002588	0
1002589	0
1002590	0
1002591	0
1002592	0
1002593	0
1002594	0
1002595	0
1002596	0
1002597	0
1002598	0
1002599	0
1002600	1
1002601	1
1002602	1
1002603	1
1002604	1
1002605	0
1002606	0
1002607	0
1002608	0
1002609	0
1002610	0
1002611	0
1002612	0
1002613	0
1002614	0
1002615	0
1002616	0
1002617	0
1002618	0
1002619	0
1002620	0
1002621	0
1002622	0
1002623	0
1002624	0
1002625	0
1002626	0
1002627	0
1002628	0
1002629	0
1002630	0
1002631	1
1002632	1
1002633	1
1002634	1
1002635	1
1002636	1
1002637	1
1002638	1
1002639	1
1002640	1
1002641	0
1002642	0
1002643	0
1002644	0
1002645	0
1002646	0
1002647	1
1002648	1
1002649	1
1002650	1
1002651	1
1002652	1
1002653	1
1002654	1
1002655	1
1002656	1
1002657	1
1002658	1
1002659	1
1002660	1
1002661	1
1002662	1
1002663	1
1002664	1
1002665	1
1002666	1
1002667	1
1002668	1
1002669	1
1002670	0
1002671	0
1002672	0
1002673	0
1002674	0
1002675	0
1002676	0
1002677	0
1002678	0
1002679	0
1002680	0
1002681	0
1002682	0
1002683	0
1002684	0
1002685	1
1002686	1
1002687	1
1002688	1
1002689	1
1002690	1
1002691	2
1002692	2
1002693	1
1002694	1
1002695	1
1002696	1
1002697	1
1002698	1
1002699	1
1002700	1
1002701	1
1002702	1
1002703	1
1002704	1
1002705	1
1002706	1
1002707	1
1002708	1
1002709	0
1002710	0
1002711	1
1002712	1
1002713	1
1002714	1
1002715	1
1002716	1
1002717	0
1002718	0
1002719	1
1002720	1
1002721	1
1002722	1
1002723	1
1002724	1
1002725	1
1002726	1
1002727	1
1002728	0
1002729	0
1002730	0
1002731	0
1002732	1
1002733	1
1002734	1
1002735	1
1002736	1
1002737	1
1002738	0
1002739	0
1002740	1
1002741	1
1002742	2
1002743	2
1002744	2
1002745	2
1002746	2
1002747	1
1002748	1
1002749	1
1002750	1
1002751	1
1002752	1
1002753	1
1002754	1
1002755	1
1002756	1
1002757	1
1002758	1
1002759	1
1002760	2
1002761	2
1002762	2
1002763	2
1002764	1
1002765	1
1002766	1
1002767	1
1002768	1
1002769	1
1002770	1
1002771	1
1002772	1
1002773	2
1002774	2
1002775	2
1002776	2
1002777	2
1002778	2
1002779	2
1002780	2
1002781	2
1002782	2
1002783	2
1002784	2
1002785	1
1002786	1
1002787	0
1002788	0
1002789	1
1002790	1
1002791	2
1002792	2
1002793	2
1002794	2
1002795	2
1002796	2
1002797	2
1002798	2
1002799	2
1002800	2
1002801	2
1002802	3
1002803	3
1002804	3
1002805	3
1002806	2
1002807	2
1002808	1
1002809	1
1002810	1
1002811	1
1002812	1
1002813	1
1002814	1
1002815	1
1002816	1
1002817	1
1002818	1
1002819	2
1002820	2
1002821	2
1002822	2
1002823	2
1002824	2
1002825	2
1002826	2
1002827	2
1002828	2
1002829	2
1002830	3
1002831	3
1002832	3
1002833	3
1002834	4
1002835	4
1002836	4
1002837	3
1002838	2
1002839	2
1002840	2
1002841	1
1002842	1
1002843	1
1002844	1
1002845	0
1002846	0
1002847	0
1002848	0
1002849	0
1002850	0
1002851	0
1002852	0
1002853	0
1002854	0
1002855	1
1002856	1
1002857	1
1002858	1
1002859	1
1002860	1
1002861	2
1002862	2
1002863	2
1002864	2
1002865	3
1002866	2
1002867	2
1002868	2
1002869	2
1002870	2
1002871	1
1002872	1
1002873	1
1002874	1
1002875	1
1002876	1
1002877	1
1002878	1
1002879	1
1002880	1
1002881	1
1002882	1
1002883	1
1002884	1
1002885	1
1002886	1
1002887	2
1002888	2
1002889	2
1002890	2
1002891	2
1002892	2
1002893	3
1002894	3
1002895	3
1002896	3
1002897	4
1002898	4
1002899	4
1002900	4
1002901	4
1002902	3
1002903	3
1002904	3
1002905	3
1002906	4
1002907	4
1002908	4
1002909	3
1002910	3
1002911	3
1002912	3
1002913	2
1002914	2
1002915	1
1002916	1
1002917	1
1002918	1
1002919	1
1002920	1
1002921	1
1002922	1
1002923	1
1002924	1
1002925	1
1002926	1
1002927	2
1002928	2
1002929	2
1002930	2
1002931	1
1002932	0
1002933	0
1002934	1
1002935	1
1002936	2
1002937	3
1002938	3
1002939	3
1002940	3
1002941	1
1002942	1
1002943	1
1002944	3
1002945	3
1002946	3
1002947	3
1002948	3
1002949	3
1002950	3
1002951	2
1002952	2
1002953	2
1002954	1
1002955	1
1002956	0
1002957	0
1002958	0
1002959	0
1002960	0
1002961	0
1002962	0
1002963	0
1002964	0
1002965	0
1002966	0
1002967	0
1002968	0
1002969	0
1002970	0
1002971	0
1002972	0
1002973	0
1002974	0
1002975	0
1002976	0
1002977	0
1002978	0
1002979	0
1002980	0
1002981	0
1002982	1
1002983	1
1002984	1
1002985	1
1002986	1
1002987	2
1002988	1
1002989	1
1002990	1
1002991	1
1002992	1
1002993	1
1002994	1
1002995	0
1002996	0
1002997	0
1002998	0
1002999	2
1003000	2
1003001	2
1003002	1
1003003	0
1003004	0
1003005	0
1003006	0
1003007	0
1003008	0
1003009	0
1003010	0
1003011	0
1003012	0
1003013	0
1003014	0
1003015	0
1003016	1
1003017	1
1003018	1
1003019	1
1003020	1
1003021	1
1003022	1
1003023	2
1003024	2
1003025	2
1003026	2
1003027	2
1003028	2
1003029	2
1003030	2
1003031	2
1003032	2
1003033	2
1003034	1
1003035	1
1003036	1
1003037	1
1003038	1
1003039	1
1003040	1
1003041	2
1003042	1
1003043	1
1003044	1
1003045	0
1003046	1
1003047	1
1003048	1
1003049	1
1003050	1
1003051	1
1003052	1
1003053	1
1003054	1
1003055	1
1003056	1
1003057	0
1003058	0
1003059	0
1003060	0
1003061	0
1003062	0
1003063	0
1003064	0
1003065	0
1003066	0
1003067	0
1003068	0
1003069	0
1003070	0
1003071	0
1003072	0
1003073	0
1003074	0
1003075	0
1003076	0
1003077	0
1003078	1
1003079	1
1003080	1
1003081	1
1003082	0
1003083	0
1003084	0
1003085	0
1003086	0
1003087	0
1003088	0
1003089	0
1003090	0
1003091	0
1003092	0
1003093	0
1003094	0
1003095	0
1003096	0
1003097	0
1003098	0
1003099	0
1003100	1
1003101	1
1003102	1
1003103	1
1003104	0
1003105	0
1003106	0
1003107	0
1003108	0
1003109	0
1003110	0
1003111	0
1003112	0
1003113	0
1003114	0
1003115	0
1003116	0
1003117	2
1003118	2
1003119	2
1003120	2
1003121	1
1003122	1
1003123	1
1003124	1
1003125	1
1003126	1
1003127	2
1003128	2
1003129	2
1003130	2
1003131	2
1003132	2
1003133	1
1003134	1
1003135	0
1003136	0
1003137	0
1003138	0
1003139	0
1003140	0
1003141	0
1003142	1
1003143	1
1003144	1
1003145	1
1003146	1
1003147	1
1003148	1
1003149	1
1003150	1
1003151	1
1003152	1
1003153	1
1003154	1
1003155	1
1003156	1
1003157	1
1003158	1
1003159	1
1003160	1
1003161	2
1003162	2
1003163	2
1003164	2
1003165	2
1003166	1
1003167	1
1003168	1
1003169	1
1003170	1
1003171	1
1003172	1
1003173	1
1003174	1
1003175	1
1003176	2
1003177	2
1003178	2
1003179	2
1003180	3
1003181	3
1003182	3
1003183	3
1003184	3
1003185	3
1003186	2
1003187	2
1003188	2
1003189	2
1003190	2
1003191	2
1003192	2
1003193	2
1003194	2
1003195	2
1003196	2
1003197	2
1003198	2
1003199	2
1003200	2
1003201	2
1003202	2
1003203	3
1003204	3
1003205	3
1003206	3
1003207	3
1003208	3
1003209	2
1003210	2
1003211	1
1003212	0
1003213	0
1003214	0
1003215	0
1003216	0
1003217	0
1003218	0
1003219	0
1003220	0
1003221	0
1003222	0
1003223	0
1003224	0
1003225	0
1003226	1
1003227	3
1003228	2
1003229	2
1003230	2
1003231	2
1003232	2
1003233	2
1003234	2
1003235	2
1003236	2
1003237	2
1003238	2
1003239	2
1003240	2
1003241	2
1003242	2
1003243	2
1003244	1
1003245	1
1003246	1
1003247	1
1003248	1
1003249	1
1003250	1
1003251	2
1003252	2
1003253	2
1003254	1
1003255	1
1003256	1
1003257	1
1003258	1
1003259	1
1003260	2
1003261	2
1003262	1
1003263	1
1003264	1
1003265	1
1003266	1
1003267	1
1003268	2
1003269	2
1003270	1
1003271	1
1003272	1
1003273	1
1003274	1
1003275	1
1003276	1
1003277	1
1003278	2
1003279	2
1003280	2
1003281	3
1003282	2
1003283	2
1003284	1
1003285	1
1003286	0
1003287	0
1003288	0
1003289	0
1003290	0
1003291	0
1003292	0
1003293	1
1003294	1
1003295	1
1003296	1
1003297	1
1003298	1
1003299	1
1003300	1
1003301	1
1003302	1
1003303	1
1003304	2
1003305	2
1003306	2
1003307	2
1003308	2
1003309	2
1003310	2
1003311	2
1003312	2
1003313	2
1003314	2
1003315	2
1003316	1
1003317	3
1003318	3
1003319	3
1003320	3
1003321	3
1003322	2
1003323	2
1003324	2
1003325	2
1003326	2
1003327	2
1003328	2
1003329	3
1003330	3
1003331	3
1003332	3
1003333	3
1003334	2
1003335	2
1003336	2
1003337	2
1003338	2
1003339	2
1003340	2
1003341	2
1003342	2
1003343	2
1003344	2
1003345	2
1003346	2
1003347	2
1003348	2
1003349	2
1003350	2
1003351	2
1003352	2
1003353	2
1003354	2
1003355	2
1003356	2
1003357	2
1003358	2
1003359	2
1003360	2
1003361	2
1003362	2
1003363	2
1003364	1
1003365	1
1003366	1
1003367	1
1003368	1
1003369	2
1003370	2
1003371	2
1003372	2
1003373	1
1003374	1
1003375	1
1003376	2
1003377	2
1003378	2
1003379	2
1003380	2
1003381	2
1003382	2
1003383	2
1003384	3
1003385	3
1003386	3
1003387	3
1003388	3
1003389	3
1003390	2
1003391	2
1003392	3
1003393	3
1003394	3
1003395	3
1003396	3
1003397	3
1003398	2
1003399	1
1003400	0
1003401	0
1003402	0
1003403	0
1003404	0
1003405	0
1003406	0
1003407	1
1003408	1
1003409	1
1003410	1
1003411	1
1003412	1
1003413	1
1003414	1
1003415	1
1003416	1
1003417	1
1003418	1
1003419	1
1003420	1
1003421	2
1003422	2
1003423	2
1003424	3
1003425	3
1003426	3
1003427	3
1003428	3
1003429	3
1003430	4
1003431	4
1003432	3
1003433	3
1003434	4
1003435	3
1003436	3
1003437	4
1003438	4
1003439	4
1003440	4
1003441	3
1003442	3
1003443	3
1003444	3
1003445	2
1003446	2
1003447	2
1003448	2
1003449	3
1003450	3
1003451	4
1003452	4
1003453	3
1003454	3
1003455	3
1003456	3
1003457	3
1003458	3
1003459	3
1003460	3
1003461	3
1003462	4
1003463	4
1003464	4
1003465	4
1003466	4
1003467	3
1003468	3
1003469	2
1003470	2
1003471	3
1003472	3
1003473	3
1003474	3
1003475	3
1003476	3
1003477	3
1003478	3
1003479	2
1003480	1
1003481	1
1003482	1
1003483	1
1003484	1
1003485	1
1003486	0
1003487	0
1003488	0
1003489	0
1003490	0
1003491	0
1003492	0
1003493	0
1003494	0
1003495	0
1003496	1
1003497	2
1003498	3
1003499	3
1003500	3
1003501	3
1003502	3
1003503	3
1003504	2
1003505	2
1003506	2
1003507	1
1003508	1
1003509	1
1003510	1
1003511	1
1003512	1
1003513	1
1003514	2
1003515	2
1003516	2
1003517	2
1003518	2
1003519	2
1003520	2
1003521	2
1003522	2
1003523	2
1003524	2
1003525	2
1003526	1
1003527	1
1003528	1
1003529	1
1003530	1
1003531	0
1003532	0
1003533	0
1003534	0
1003535	0
1003536	0
1003537	0
1003538	0
1003539	0
1003540	0
1003541	0
1003542	0
1003543	0
1003544	0
1003545	0
1003546	0
1003547	0
1003548	0
1003549	0
1003550	0
1003551	0
1003552	0
1003553	0
1003554	0
1003555	0
1003556	0
1003557	0
1003558	0
1003559	0
1003560	0
1003561	0
1003562	0
1003563	0
1003564	0
1003565	0
1003566	0
1003567	0
1003568	0
1003569	0
1003570	0
1003571	0
1003572	0
1003573	0
1003574	1
1003575	1
1003576	1
1003577	1
1003578	1
1003579	0
1003580	0
1003581	0
1003582	0
1003583	1
1003584	1
1003585	1
1003586	1
1003587	1
1003588	1
1003589	1
1003590	1
1003591	1
1003592	0
1003593	0
1003594	0
1003595	0
1003596	0
1003597	0
1003598	0
1003599	0
1003600	0
1003601	0
1003602	0
1003603	0
1003604	0
1003605	0
1003606	0
1003607	0
1003608	1
1003609	1
1003610	1
1003611	1
1003612	1
1003613	1
1003614	1
1003615	1
1003616	1
1003617	1
1003618	1
1003619	1
1003620	1
1003621	2
1003622	2
1003623	2
1003624	2
1003625	2
1003626	2
1003627	2
1003628	2
1003629	2
1003630	3
1003631	3
1003632	2
1003633	2
1003634	2
1003635	2
1003636	2
1003637	2
1003638	2
1003639	2
1003640	2
1003641	2
1003642	2
1003643	2
1003644	2
1003645	2
1003646	1
1003647	1
1003648	1
1003649	1
1003650	1
1003651	1
1003652	1
1003653	1
1003654	1
1003655	1
1003656	1
1003657	1
1003658	1
1003659	1
1003660	0
1003661	0
1003662	0
1003663	0
1003664	0
1003665	0
1003666	0
1003667	0
1003668	0
1003669	0
1003670	0
1003671	0
1003672	0
1003673	0
1003674	0
1003675	1
1003676	1
1003677	1
1003678	1
1003679	1
1003680	1
1003681	1
1003682	2
1003683	2
1003684	2
1003685	2
1003686	1
1003687	1
1003688	1
1003689	1
1003690	1
1003691	1
1003692	0
1003693	0
1003694	0
1003695	0
1003696	0
1003697	1
1003698	1
1003699	1
1003700	1
1003701	1
1003702	1
1003703	1
1003704	1
1003705	0
1003706	0
1003707	0
1003708	0
1003709	0
1003710	0
1003711	1
1003712	2
1003713	2
1003714	2
1003715	2
1003716	2
1003717	2
1003718	2
1003719	2
1003720	2
1003721	1
1003722	1
1003723	1
1003724	1
1003725	1
1003726	2
1003727	2
1003728	3
1003729	3
1003730	3
1003731	3
1003732	3
1003733	3
1003734	3
1003735	3
1003736	3
1003737	3
1003738	3
1003739	2
1003740	2
1003741	2
1003742	2
1003743	2
1003744	3
1003745	3
1003746	3
1003747	3
1003748	4
1003749	4
1003750	4
1003751	3
1003752	3
1003753	3
1003754	3
1003755	3
1003756	4
1003757	4
1003758	4
1003759	4
1003760	4
1003761	4
1003762	4
1003763	3
1003764	2
1003765	2
1003766	2
1003767	2
1003768	2
1003769	2
1003770	2
1003771	2
1003772	2
1003773	1
1003774	1
1003775	1
1003776	1
1003777	1
1003778	1
1003779	1
1003780	1
1003781	2
1003782	2
1003783	2
1003784	2
1003785	2
1003786	2
1003787	2
1003788	2
1003789	1
1003790	1
1003791	1
1003792	1
1003793	1
1003794	1
1003795	1
1003796	1
1003797	1
1003798	1
1003799	0
1003800	0
1003801	0
1003802	0
1003803	0
1003804	1
1003805	2
1003806	3
1003807	3
1003808	3
1003809	3
1003810	2
1003811	3
1003812	3
1003813	4
1003814	4
1003815	4
1003816	5
1003817	5
1003818	5
1003819	6
1003820	6
1003821	4
1003822	4
1003823	3
1003824	3
1003825	3
1003826	3
1003827	3
1003828	3
1003829	3
1003830	3
1003831	3
1003832	3
1003833	3
1003834	3
1003835	3
1003836	3
1003837	3
1003838	3
1003839	3
1003840	3
1003841	3
1003842	3
1003843	3
1003844	3
1003845	5
1003846	5
1003847	4
1003848	4
1003849	4
1003850	4
1003851	4
1003852	3
1003853	2
1003854	2
1003855	2
1003856	2
1003857	2
1003858	2
1003859	1
1003860	1
1003861	1
1003862	0
1003863	0
1003864	0
1003865	0
1003866	0
1003867	0
1003868	1
1003869	1
1003870	1
1003871	2
1003872	2
1003873	2
1003874	2
1003875	1
1003876	1
1003877	1
1003878	1
1003879	2
1003880	2
1003881	2
1003882	2
1003883	1
1003884	1
1003885	1
1003886	0
1003887	0
1003888	0
1003889	0
1003890	0
1003891	0
1003892	0
1003893	0
1003894	0
1003895	1
1003896	1
1003897	1
1003898	1
1003899	1
1003900	1
1003901	1
1003902	0
1003903	0
1003904	0
1003905	0
1003906	0
1003907	0
1003908	0
1003909	0
1003910	0
1003911	1
1003912	1
1003913	1
1003914	1
1003915	1
1003916	1
1003917	0
1003918	0
1003919	0
1003920	0
1003921	0
1003922	0
1003923	1
1003924	1
1003925	0
1003926	0
1003927	0
1003928	0
1003929	0
1003930	0
1003931	1
1003932	1
1003933	1
1003934	1
1003935	1
1003936	0
1003937	0
1003938	0
1003939	0
1003940	0
1003941	0
1003942	0
1003943	0
1003944	0
1003945	0
1003946	0
1003947	0
1003948	1
1003949	1
1003950	1
1003951	1
1003952	0
1003953	0
1003954	0
1003955	0
1003956	0
1003957	0
1003958	0
1003959	0
1003960	0
1003961	0
1003962	1
1003963	1
1003964	1
1003965	1
1003966	0
1003967	0
1003968	0
1003969	0
1003970	0
1003971	0
1003972	0
1003973	1
1003974	2
1003975	2
1003976	2
1003977	1
1003978	0
1003979	0
1003980	0
1003981	0
1003982	0
1003983	0
1003984	0
1003985	0
1003986	0
1003987	0
1003988	2
1003989	2
1003990	2
1003991	2
1003992	0
1003993	0
1003994	1
1003995	1
1003996	2
1003997	2
1003998	2
1003999	2
1004000	2
1004001	2
1004002	1
1004003	1
1004004	2
1004005	2
1004006	2
1004007	2
1004008	2
1004009	2
1004010	2
1004011	2
1004012	2
1004013	2
1004014	2
1004015	2
1004016	2
1004017	2
1004018	1
1004019	1
1004020	1
1004021	2
1004022	1
1004023	1
1004024	1
1004025	1
1004026	2
1004027	3
1004028	3
1004029	3
1004030	2
1004031	2
1004032	2
1004033	2
1004034	2
1004035	2
1004036	3
1004037	2
1004038	1
1004039	1
1004040	1
1004041	1
1004042	1
1004043	0
1004044	0
1004045	0
1004046	0
1004047	0
1004048	1
1004049	1
1004050	1
1004051	1
1004052	1
1004053	1
1004054	1
1004055	0
1004056	0
1004057	0
1004058	0
1004059	0
1004060	0
1004061	0
1004062	0
1004063	0
1004064	0
1004065	0
1004066	0
1004067	0
1004068	0
1004069	0
1004070	0
1004071	0
1004072	0
1004073	0
1004074	0
1004075	0
1004076	0
1004077	1
1004078	1
1004079	2
1004080	1
1004081	1
1004082	1
1004083	1
1004084	1
1004085	1
1004086	1
1004087	1
1004088	0
1004089	0
1004090	0
1004091	0
1004092	0
1004093	0
1004094	0
1004095	0
1004096	1
1004097	1
1004098	1
1004099	1
1004100	1
1004101	1
1004102	1
1004103	1
1004104	0
1004105	0
1004106	0
1004107	0
1004108	0
1004109	0
1004110	0
1004111	0
1004112	0
1004113	0
1004114	0
1004115	0
1004116	0
1004117	0
1004118	0
1004119	0
1004120	0
1004121	0
1004122	0
1004123	0
1004124	0
1004125	0
1004126	0
1004127	0
1004128	0
1004129	0
1004130	0
1004131	0
1004132	0
1004133	0
1004134	1
1004135	1
1004136	1
1004137	1
1004138	1
1004139	1
1004140	1
1004141	1
1004142	1
1004143	1
1004144	1
1004145	1
1004146	2
1004147	2
1004148	2
1004149	2
1004150	0
1004151	0
1004152	0
1004153	0
1004154	0
1004155	0
1004156	0
1004157	0
1004158	0
1004159	0
1004160	0
1004161	0
1004162	0
1004163	0
1004164	0
1004165	0
1004166	0
1004167	0
1004168	0
1004169	0
1004170	0
1004171	0
1004172	0
1004173	0
1004174	0
1004175	0
1004176	0
1004177	0
1004178	0
1004179	0
1004180	0
1004181	0
1004182	1
1004183	1
1004184	1
1004185	1
1004186	1
1004187	1
1004188	0
1004189	0
1004190	0
1004191	0
1004192	0
1004193	0
1004194	0
1004195	0
1004196	0
1004197	0
1004198	0
1004199	0
1004200	1
1004201	1
1004202	1
1004203	1
1004204	1
1004205	0
1004206	0
1004207	0
1004208	0
1004209	0
1004210	0
1004211	0
1004212	0
1004213	0
1004214	0
1004215	0
1004216	0
1004217	0
1004218	0
1004219	0
1004220	0
1004221	0
1004222	0
1004223	0
1004224	0
1004225	0
1004226	0
1004227	0
1004228	0
1004229	0
1004230	0
1004231	0
1004232	0
1004233	0
1004234	0
1004235	0
1004236	0
1004237	1
1004238	1
1004239	0
1004240	1
1004241	1
1004242	1
1004243	1
1004244	1
1004245	1
1004246	1
1004247	1
1004248	1
1004249	0
1004250	1
1004251	1
1004252	1
1004253	2
1004254	1
1004255	2
1004256	3
1004257	3
1004258	3
1004259	3
1004260	3
1004261	3
1004262	3
1004263	3
1004264	4
1004265	4
1004266	4
1004267	4
1004268	4
1004269	4
1004270	4
1004271	3
1004272	3
1004273	3
1004274	3
1004275	3
1004276	3
1004277	3
1004278	2
1004279	2
1004280	2
1004281	2
1004282	2
1004283	2
1004284	2
1004285	2
1004286	2
1004287	2
1004288	2
1004289	2
1004290	2
1004291	2
1004292	2
1004293	2
1004294	2
1004295	2
1004296	3
1004297	3
1004298	3
1004299	3
1004300	2
1004301	3
1004302	2
1004303	2
1004304	2
1004305	2
1004306	2
1004307	3
1004308	3
1004309	1
1004310	1
1004311	3
1004312	3
1004313	3
1004314	4
1004315	4
1004316	4
1004317	4
1004318	4
1004319	4
1004320	4
1004321	4
1004322	3
1004323	3
1004324	3
1004325	3
1004326	5
1004327	5
1004328	5
1004329	5
1004330	5
1004331	5
1004332	5
1004333	5
1004334	5
1004335	4
1004336	4
1004337	4
1004338	2
1004339	1
1004340	1
1004341	1
1004342	1
1004343	2
1004344	3
1004345	3
1004346	3
1004347	3
1004348	4
1004349	4
1004350	4
1004351	4
1004352	2
1004353	2
1004354	2
1004355	2
1004356	2
1004357	2
1004358	2
1004359	2
1004360	2
1004361	2
1004362	2
1004363	2
1004364	2
1004365	1
1004366	1
1004367	1
1004368	2
1004369	2
1004370	2
1004371	2
1004372	2
1004373	2
1004374	2
1004375	2
1004376	2
1004377	1
1004378	2
1004379	2
1004380	1
1004381	1
1004382	1
1004383	1
1004384	1
1004385	1
1004386	1
1004387	1
1004388	2
1004389	2
1004390	2
1004391	2
1004392	2
1004393	2
1004394	2
1004395	2
1004396	2
1004397	2
1004398	2
1004399	2
1004400	2
1004401	2
1004402	2
1004403	2
1004404	2
1004405	1
1004406	1
1004407	0
1004408	0
1004409	0
1004410	0
1004411	0
1004412	0
1004413	0
1004414	0
1004415	0
1004416	0
1004417	1
1004418	2
1004419	2
1004420	2
1004421	2
1004422	2
1004423	2
1004424	2
1004425	2
1004426	2
1004427	2
1004428	2
1004429	2
1004430	2
1004431	2
1004432	2
1004433	2
1004434	2
1004435	3
1004436	3
1004437	2
1004438	2
1004439	1
1004440	1
1004441	1
1004442	1
1004443	1
1004444	1
1004445	0
1004446	0
1004447	0
1004448	0
1004449	0
1004450	0
1004451	0
1004452	0
1004453	0
1004454	0
1004455	0
1004456	0
1004457	0
1004458	1
1004459	1
1004460	1
1004461	1
1004462	1
1004463	1
1004464	1
1004465	1
1004466	1
1004467	1
1004468	1
1004469	2
1004470	2
1004471	2
1004472	3
1004473	2
1004474	2
1004475	2
1004476	1
1004477	1
1004478	1
1004479	1
1004480	1
1004481	1
1004482	1
1004483	1
1004484	1
1004485	1
1004486	1
1004487	1
1004488	1
1004489	1
1004490	1
1004491	1
1004492	1
1004493	1
1004494	1
1004495	1
1004496	1
1004497	1
1004498	1
1004499	1
1004500	1
1004501	1
1004502	1
1004503	1
1004504	1
1004505	1
1004506	1
1004507	1
1004508	1
1004509	1
1004510	1
1004511	1
1004512	0
1004513	0
1004514	0
1004515	0
1004516	0
1004517	1
1004518	1
1004519	1
1004520	1
1004521	0
1004522	0
1004523	0
1004524	0
1004525	0
1004526	0
1004527	0
1004528	1
1004529	1
1004530	1
1004531	1
1004532	1
1004533	1
1004534	1
1004535	1
1004536	1
1004537	1
1004538	1
1004539	1
1004540	1
1004541	1
1004542	1
1004543	1
1004544	0
1004545	0
1004546	0
1004547	0
1004548	0
1004549	0
1004550	0
1004551	0
1004552	0
1004553	0
1004554	0
1004555	0
1004556	0
1004557	0
1004558	0
1004559	0
1004560	0
1004561	0
1004562	0
1004563	0
1004564	1
1004565	1
1004566	2
1004567	2
1004568	2
1004569	1
1004570	1
1004571	1
1004572	1
1004573	2
1004574	2
1004575	1
1004576	1
1004577	1
1004578	0
1004579	0
1004580	0
1004581	0
1004582	0
1004583	0
1004584	0
1004585	0
1004586	0
1004587	0
1004588	0
1004589	0
1004590	0
1004591	0
1004592	0
1004593	1
1004594	1
1004595	1
1004596	1
1004597	0
1004598	0
1004599	0
1004600	0
1004601	0
1004602	0
1004603	1
1004604	1
1004605	1
1004606	1
1004607	1
1004608	1
1004609	1
1004610	1
1004611	1
1004612	1
1004613	1
1004614	1
1004615	1
1004616	2
1004617	2
1004618	1
1004619	1
1004620	1
1004621	1
1004622	0
1004623	0
1004624	0
1004625	0
1004626	0
1004627	0
1004628	0
1004629	0
1004630	0
1004631	1
1004632	1
1004633	1
1004634	1
1004635	1
1004636	1
1004637	1
1004638	1
1004639	1
1004640	1
1004641	1
1004642	1
1004643	2
1004644	2
1004645	2
1004646	2
1004647	2
1004648	2
1004649	2
1004650	1
1004651	2
1004652	2
1004653	2
1004654	2
1004655	1
1004656	2
1004657	2
1004658	2
1004659	1
1004660	1
1004661	2
1004662	2
1004663	2
1004664	1
1004665	1
1004666	1
1004667	1
1004668	1
1004669	1
1004670	1
1004671	2
1004672	2
1004673	1
1004674	1
1004675	1
1004676	1
1004677	1
1004678	1
1004679	1
1004680	2
1004681	2
1004682	2
1004683	2
1004684	2
1004685	1
1004686	0
1004687	0
1004688	0
1004689	0
1004690	0
1004691	0
1004692	0
1004693	0
1004694	0
1004695	0
1004696	0
1004697	0
1004698	0
1004699	0
1004700	0
1004701	0
1004702	0
1004703	0
1004704	0
1004705	0
1004706	0
1004707	0
1004708	0
1004709	1
1004710	1
1004711	1
1004712	1
1004713	1
1004714	1
1004715	1
1004716	0
1004717	0
1004718	0
1004719	0
1004720	0
1004721	0
1004722	0
1004723	0
1004724	0
1004725	0
1004726	0
1004727	0
1004728	0
1004729	0
1004730	0
1004731	1
1004732	1
1004733	1
1004734	1
1004735	1
1004736	1
1004737	1
1004738	1
1004739	0
1004740	0
1004741	0
1004742	0
1004743	0
1004744	0
1004745	0
1004746	0
1004747	1
1004748	1
1004749	1
1004750	1
1004751	1
1004752	1
1004753	1
1004754	1
1004755	1
1004756	1
1004757	1
1004758	1
1004759	1
1004760	2
1004761	3
1004762	3
1004763	3
1004764	3
1004765	2
1004766	2
1004767	2
1004768	2
1004769	2
1004770	2
1004771	3
1004772	3
1004773	3
1004774	3
1004775	3
1004776	3
1004777	3
1004778	3
1004779	3
1004780	3
1004781	3
1004782	3
1004783	3
1004784	3
1004785	3
1004786	3
1004787	3
1004788	3
1004789	2
1004790	3
1004791	4
1004792	4
1004793	4
1004794	4
1004795	3
1004796	3
1004797	3
1004798	3
1004799	3
1004800	3
1004801	3
1004802	3
1004803	3
1004804	3
1004805	3
1004806	3
1004807	3
1004808	2
1004809	2
1004810	2
1004811	2
1004812	2
1004813	2
1004814	2
1004815	1
1004816	1
1004817	1
1004818	2
1004819	2
1004820	4
1004821	3
1004822	3
1004823	3
1004824	2
1004825	2
1004826	2
1004827	1
1004828	1
1004829	1
1004830	1
1004831	1
1004832	1
1004833	1
1004834	1
1004835	1
1004836	1
1004837	0
1004838	0
1004839	0
1004840	0
1004841	0
1004842	0
1004843	1
1004844	1
1004845	1
1004846	1
1004847	2
1004848	2
1004849	1
1004850	1
1004851	1
1004852	1
1004853	1
1004854	1
1004855	1
1004856	0
1004857	0
1004858	0
1004859	0
1004860	0
1004861	0
1004862	0
1004863	0
1004864	0
1004865	0
1004866	0
1004867	0
1004868	0
1004869	0
1004870	1
1004871	1
1004872	1
1004873	1
1004874	1
1004875	1
1004876	1
1004877	1
1004878	1
1004879	1
1004880	1
1004881	2
1004882	2
1004883	2
1004884	2
1004885	2
1004886	2
1004887	1
1004888	1
1004889	1
1004890	1
1004891	1
1004892	1
1004893	0
1004894	0
1004895	0
1004896	1
1004897	1
1004898	1
1004899	1
1004900	1
1004901	1
1004902	2
1004903	3
1004904	2
1004905	1
1004906	1
1004907	1
1004908	1
1004909	1
1004910	1
1004911	1
1004912	1
1004913	1
1004914	2
1004915	2
1004916	2
1004917	2
1004918	2
1004919	1
1004920	2
1004921	2
1004922	1
1004923	0
1004924	0
1004925	0
1004926	0
1004927	0
1004928	0
1004929	1
1004930	1
1004931	1
1004932	1
1004933	1
1004934	1
1004935	1
1004936	1
1004937	1
1004938	1
1004939	1
1004940	1
1004941	1
1004942	1
1004943	1
1004944	1
1004945	2
1004946	2
1004947	2
1004948	2
1004949	3
1004950	3
1004951	2
1004952	2
1004953	2
1004954	1
1004955	1
1004956	1
1004957	1
1004958	1
1004959	1
1004960	2
1004961	2
1004962	3
1004963	3
1004964	3
1004965	3
1004966	3
1004967	3
1004968	3
1004969	3
1004970	3
1004971	3
1004972	3
1004973	3
1004974	3
1004975	3
1004976	3
1004977	3
1004978	3
1004979	3
1004980	3
1004981	3
1004982	3
1004983	3
1004984	3
1004985	3
1004986	3
1004987	2
1004988	2
1004989	2
1004990	2
1004991	2
1004992	2
1004993	2
1004994	2
1004995	2
1004996	2
1004997	2
1004998	2
1004999	2
1005000	2
1005001	1
1005002	0
1005003	0
1005004	0
1005005	0
1005006	0
1005007	0
1005008	0
1005009	0
1005010	0
1005011	0
1005012	0
1005013	0
1005014	0
1005015	0
1005016	1
1005017	2
1005018	2
1005019	2
1005020	3
1005021	2
1005022	2
1005023	2
1005024	2
1005025	2
1005026	2
1005027	2
1005028	2
1005029	2
1005030	2
1005031	1
1005032	1
1005033	1
1005034	0
1005035	0
1005036	0
1005037	0
1005038	0
1005039	0
1005040	0
1005041	0
1005042	0
1005043	0
1005044	0
1005045	0
1005046	0
1005047	0
1005048	0
1005049	0
1005050	0
1005051	0
1005052	0
1005053	1
1005054	1
1005055	1
1005056	1
1005057	1
1005058	1
1005059	1
1005060	2
1005061	2
1005062	1
1005063	1
1005064	1
1005065	1
1005066	1
1005067	1
1005068	1
1005069	1
1005070	1
1005071	1
1005072	1
1005073	1
1005074	1
1005075	1
1005076	0
1005077	0
1005078	0
1005079	0
1005080	0
1005081	0
1005082	0
1005083	0
1005084	0
1005085	0
1005086	0
1005087	0
1005088	0
1005089	0
1005090	0
1005091	1
1005092	1
1005093	1
1005094	1
1005095	0
1005096	0
1005097	0
1005098	0
1005099	0
1005100	1
1005101	1
1005102	1
1005103	0
1005104	1
1005105	1
1005106	2
1005107	2
1005108	2
1005109	2
1005110	2
1005111	2
