1001110	3
1001111	3
1001112	2
1001113	2
1001114	2
1001115	2
1001116	3
1001117	4
1001118	3
1001119	3
1001120	3
1001121	2
1001122	2
1001123	2
1001124	1
1001125	1
1001126	1
1001127	1
1001128	1
1001129	2
1001130	3
1001131	4
1001132	4
1001133	4
1001134	4
1001135	2
1001136	2
1001137	3
1001138	4
1001139	4
1001140	3
1001141	3
1001142	3
1001143	3
1001144	3
1001145	4
1001146	4
1001147	4
1001148	4
1001149	4
1001150	5
1001151	6
1001152	5
1001153	5
1001154	5
1001155	4
1001156	4
1001157	4
1001158	4
1001159	4
1001160	3
1001161	3
1001162	3
1001163	3
1001164	3
1001165	3
1001166	3
1001167	3
1001168	3
1001169	4
1001170	4
1001171	4
1001172	4
1001173	4
1001174	4
1001175	4
1001176	4
1001177	5
1001178	6
1001179	6
1001180	6
1001181	6
1001182	6
1001183	7
1001184	7
1001185	6
1001186	5
1001187	5
1001188	5
1001189	6
1001190	6
1001191	6
1001192	6
1001193	5
1001194	5
1001195	5
1001196	5
1001197	5
1001198	5
1001199	6
1001200	6
1001201	6
1001202	6
1001203	6
1001204	6
1001205	6
1001206	5
1001207	5
1001208	6
1001209	6
1001210	5
1001211	5
1001212	5
1001213	5
1001214	5
1001215	5
1001216	5
1001217	5
1001218	5
1001219	4
1001220	4
1001221	5
1001222	5
1001223	5
1001224	5
1001225	4
1001226	3
1001227	2
1001228	3
1001229	3
1001230	3
1001231	3
1001232	3
1001233	3
1001234	3
1001235	3
1001236	3
1001237	2
1001238	2
1001239	2
1001240	2
1001241	2
1001242	4
1001243	4
1001244	4
1001245	4
1001246	4
1001247	4
1001248	4
1001249	4
1001250	4
1001251	4
1001252	3
1001253	4
1001254	4
1001255	3
1001256	3
1001257	2
1001258	2
1001259	3
1001260	3
1001261	3
1001262	3
1001263	2
1001264	1
1001265	1
1001266	2
1001267	3
1001268	3
1001269	2
1001270	2
1001271	3
1001272	3
1001273	3
1001274	3
1001275	4
1001276	4
1001277	4
1001278	4
1001279	4
1001280	4
1001281	3
1001282	3
1001283	2
1001284	2
1001285	2
1001286	2
1001287	2
1001288	2
1001289	2
1001290	2
1001291	2
1001292	2
1001293	1
1001294	1
1001295	2
1001296	3
1001297	3
1001298	3
1001299	3
1001300	3
1001301	3
1001302	3
1001303	3
1001304	3
1001305	3
1001306	1
1001307	1
1001308	1
1001309	1
1001310	1
1001311	1
1001312	1
1001313	1
1001314	0
1001315	1
1001316	1
1001317	1
1001318	1
1001319	1
1001320	1
1001321	1
1001322	1
1001323	1
1001324	1
1001325	1
1001326	1
1001327	1
1001328	1
1001329	2
1001330	2
1001331	2
1001332	2
1001333	2
1001334	2
1001335	2
1001336	2
1001337	2
1001338	2
1001339	1
1001340	2
1001341	2
1001342	2
1001343	2
1001344	2
1001345	2
1001346	2
1001347	2
1001348	2
1001349	1
1001350	1
1001351	1
1001352	0
1001353	0
1001354	0
1001355	0
1001356	1
1001357	1
1001358	1
1001359	1
1001360	1
1001361	1
1001362	1
1001363	1
1001364	1
1001365	1
1001366	2
1001367	2
1001368	1
1001369	1
1001370	1
1001371	1
1001372	1
1001373	1
1001374	1
1001375	1
1001376	1
1001377	1
1001378	1
1001379	1
1001380	1
1001381	1
1001382	1
1001383	1
1001384	1
1001385	1
1001386	1
1001387	1
1001388	1
1001389	1
1001390	1
1001391	1
1001392	2
1001393	2
1001394	2
1001395	2
1001396	2
1001397	1
1001398	1
1001399	1
1001400	1
1001401	1
1001402	1
1001403	1
1001404	1
1001405	1
1001406	1
1001407	1
1001408	1
1001409	1
1001410	1
1001411	2
1001412	2
1001413	2
1001414	3
1001415	3
1001416	3
1001417	3
1001418	3
1001419	3
1001420	2
1001421	2
1001422	1
1001423	1
1001424	1
1001425	1
1001426	1
1001427	1
1001428	2
1001429	3
1001430	4
1001431	4
1001432	4
1001433	3
1001434	3
1001435	3
1001436	1
1001437	2
1001438	1
1001439	1
1001440	1
1001441	1
1001442	1
1001443	1
1001444	2
1001445	2
1001446	2
1001447	2
1001448	1
1001449	1
1001450	1
1001451	1
1001452	1
1001453	1
1001454	1
1001455	0
1001456	0
1001457	0
1001458	0
1001459	0
1001460	0
1001461	0
1001462	0
1001463	0
1001464	1
1001465	1
1001466	1
1001467	1
1001468	1
1001469	1
1001470	2
1001471	1
1001472	1
1001473	1
1001474	1
1001475	1
1001476	2
1001477	2
1001478	1
1001479	1
1001480	2
1001481	2
1001482	2
1001483	2
1001484	2
1001485	2
1001486	2
1001487	2
1001488	2
1001489	1
1001490	1
1001491	1
1001492	1
1001493	1
1001494	1
1001495	1
1001496	2
1001497	3
1001498	3
1001499	3
1001500	3
1001501	3
1001502	2
1001503	2
1001504	2
1001505	2
1001506	2
1001507	2
1001508	2
1001509	2
1001510	2
1001511	2
1001512	3
1001513	3
1001514	3
1001515	3
1001516	3
1001517	2
1001518	2
1001519	2
1001520	3
1001521	3
1001522	3
1001523	2
1001524	2
1001525	1
1001526	1
1001527	1
1001528	1
1001529	2
1001530	2
1001531	2
1001532	2
1001533	3
1001534	3
1001535	3
1001536	3
1001537	3
1001538	3
1001539	2
1001540	3
1001541	2
1001542	2
1001543	2
1001544	2
1001545	3
1001546	3
1001547	3
1001548	3
1001549	3
1001550	2
1001551	3
1001552	3
1001553	4
1001554	4
1001555	3
1001556	3
1001557	3
1001558	3
1001559	3
1001560	3
1001561	3
1001562	3
1001563	3
1001564	3
1001565	3
1001566	2
1001567	2
1001568	1
1001569	1
1001570	1
1001571	1
1001572	2
1001573	2
1001574	2
1001575	2
1001576	2
1001577	2
1001578	2
1001579	2
1001580	2
1001581	2
1001582	3
1001583	2
1001584	2
1001585	2
1001586	2
1001587	2
1001588	2
1001589	2
1001590	2
1001591	1
1001592	1
1001593	1
1001594	1
1001595	1
1001596	1
1001597	1
1001598	1
1001599	0
1001600	0
1001601	0
1001602	0
1001603	1
1001604	1
1001605	1
1001606	1
1001607	2
1001608	2
1001609	2
1001610	2
1001611	2
1001612	2
1001613	2
1001614	2
1001615	2
1001616	2
1001617	2
1001618	3
1001619	3
1001620	3
1001621	4
1001622	4
1001623	4
1001624	4
1001625	4
1001626	3
1001627	3
1001628	3
1001629	3
1001630	3
1001631	3
1001632	3
1001633	3
1001634	3
1001635	3
1001636	3
1001637	3
1001638	3
1001639	3
1001640	4
1001641	4
1001642	4
1001643	3
1001644	2
1001645	3
1001646	2
1001647	2
1001648	2
1001649	1
1001650	1
1001651	1
1001652	1
1001653	1
1001654	1
1001655	1
1001656	1
1001657	1
1001658	1
1001659	1
1001660	1
1001661	2
1001662	3
1001663	4
1001664	5
1001665	5
1001666	5
1001667	4
1001668	4
1001669	3
1001670	3
1001671	3
1001672	2
1001673	2
1001674	1
1001675	1
1001676	1
1001677	2
1001678	2
1001679	2
1001680	1
1001681	1
1001682	1
1001683	1
1001684	1
1001685	1
1001686	2
1001687	2
1001688	3
1001689	3
1001690	3
1001691	3
1001692	3
1001693	3
1001694	4
1001695	3
1001696	3
1001697	3
1001698	3
1001699	4
1001700	5
1001701	5
1001702	6
1001703	6
1001704	6
1001705	6
1001706	7
1001707	6
1001708	5
1001709	6
1001710	6
1001711	6
1001712	6
1001713	6
1001714	6
1001715	5
1001716	5
1001717	5
1001718	5
1001719	5
1001720	5
1001721	5
1001722	8
1001723	8
1001724	8
1001725	8
1001726	8
1001727	8
1001728	8
1001729	8
1001730	8
1001731	8
1001732	8
1001733	8
1001734	8
1001735	7
1001736	6
1001737	6
1001738	6
1001739	6
1001740	6
1001741	5
1001742	4
1001743	4
1001744	3
1001745	3
1001746	4
1001747	4
1001748	4
1001749	4
1001750	3
1001751	3
1001752	3
1001753	3
1001754	3
1001755	3
1001756	3
1001757	3
1001758	4
1001759	4
1001760	4
1001761	4
1001762	4
1001763	4
1001764	5
1001765	5
1001766	5
1001767	5
1001768	4
1001769	4
1001770	4
1001771	5
1001772	5
1001773	4
1001774	4
1001775	5
1001776	4
1001777	4
1001778	4
1001779	4
1001780	4
1001781	4
1001782	3
1001783	3
1001784	3
1001785	3
1001786	4
1001787	4
1001788	4
1001789	4
1001790	3
1001791	3
1001792	3
1001793	3
1001794	3
1001795	3
1001796	3
1001797	2
1001798	2
1001799	2
1001800	2
1001801	2
1001802	3
1001803	3
1001804	4
1001805	4
1001806	4
1001807	4
1001808	4
1001809	4
1001810	3
1001811	3
1001812	3
1001813	3
1001814	2
1001815	2
1001816	3
1001817	3
1001818	3
1001819	3
1001820	2
1001821	2
1001822	3
1001823	3
1001824	3
1001825	2
1001826	3
1001827	3
1001828	2
1001829	2
1001830	1
1001831	1
1001832	1
1001833	2
1001834	2
1001835	2
1001836	2
1001837	2
1001838	2
1001839	2
1001840	2
1001841	2
1001842	2
1001843	2
1001844	2
1001845	3
1001846	3
1001847	3
1001848	3
1001849	3
1001850	2
1001851	2
1001852	2
1001853	2
1001854	2
1001855	2
1001856	1
1001857	1
1001858	1
1001859	1
1001860	2
1001861	2
1001862	2
1001863	2
1001864	2
1001865	2
1001866	3
1001867	3
1001868	3
1001869	2
1001870	2
1001871	2
1001872	2
1001873	1
1001874	1
1001875	2
1001876	2
1001877	2
1001878	2
1001879	2
1001880	3
1001881	3
1001882	3
1001883	3
1001884	3
1001885	3
1001886	3
1001887	3
1001888	2
1001889	2
1001890	2
1001891	2
1001892	2
1001893	2
1001894	2
1001895	2
1001896	4
1001897	4
1001898	4
1001899	4
1001900	4
1001901	4
1001902	4
1001903	3
1001904	3
1001905	2
1001906	2
1001907	2
1001908	2
1001909	2
1001910	2
1001911	4
1001912	4
1001913	4
1001914	5
1001915	5
1001916	5
1001917	5
1001918	4
1001919	4
1001920	4
1001921	4
1001922	4
1001923	3
1001924	3
1001925	3
1001926	3
1001927	3
1001928	4
1001929	4
1001930	4
1001931	3
1001932	3
1001933	4
1001934	4
1001935	4
1001936	4
1001937	4
1001938	4
1001939	4
1001940	4
1001941	4
1001942	3
1001943	3
1001944	3
1001945	3
1001946	4
1001947	4
1001948	4
1001949	4
1001950	4
1001951	3
1001952	3
1001953	3
1001954	3
1001955	3
1001956	3
1001957	3
1001958	3
1001959	3
1001960	3
1001961	4
1001962	4
1001963	4
1001964	4
1001965	4
1001966	4
1001967	4
1001968	4
1001969	4
1001970	4
1001971	5
1001972	5
1001973	5
1001974	5
1001975	5
1001976	4
1001977	3
1001978	3
1001979	3
1001980	3
1001981	3
1001982	2
1001983	2
1001984	2
1001985	2
1001986	3
1001987	3
1001988	3
1001989	3
1001990	3
1001991	1
1001992	1
1001993	1
1001994	1
1001995	1
1001996	1
1001997	1
1001998	2
1001999	2
1002000	3
1002001	6
1002002	5
1002003	5
1002004	5
1002005	5
1002006	5
1002007	5
1002008	4
1002009	5
1002010	4
1002011	4
1002012	4
1002013	4
1002014	3
1002015	3
1002016	4
1002017	5
1002018	4
1002019	4
1002020	4
1002021	4
1002022	4
1002023	4
1002024	3
1002025	3
1002026	2
1002027	2
1002028	3
1002029	3
1002030	3
1002031	3
1002032	3
1002033	3
1002034	3
1002035	2
1002036	3
1002037	3
1002038	3
1002039	3
1002040	2
1002041	2
1002042	2
1002043	3
1002044	3
1002045	3
1002046	4
1002047	5
1002048	5
1002049	5
1002050	5
1002051	5
1002052	5
1002053	5
1002054	5
1002055	4
1002056	3
1002057	3
1002058	3
1002059	3
1002060	3
1002061	3
1002062	3
1002063	2
1002064	2
1002065	3
1002066	3
1002067	3
1002068	3
1002069	5
1002070	5
1002071	5
1002072	5
1002073	5
1002074	5
1002075	5
1002076	6
1002077	6
1002078	6
1002079	6
1002080	6
1002081	6
1002082	6
1002083	5
1002084	5
1002085	4
1002086	3
1002087	3
1002088	3
1002089	3
1002090	3
1002091	4
1002092	3
1002093	3
1002094	4
1002095	4
1002096	4
1002097	4
1002098	4
1002099	3
1002100	3
1002101	3
1002102	3
1002103	3
1002104	3
1002105	2
1002106	2
1002107	2
1002108	2
1002109	2
1002110	1
1002111	1
1002112	1
1002113	1
1002114	1
1002115	1
1002116	2
1002117	2
1002118	2
1002119	2
1002120	2
1002121	2
1002122	1
1002123	1
1002124	1
1002125	1
1002126	1
1002127	1
1002128	1
1002129	1
1002130	1
1002131	1
1002132	0
1002133	0
1002134	0
1002135	0
1002136	0
1002137	0
1002138	0
1002139	1
1002140	2
1002141	2
1002142	2
1002143	3
1002144	3
1002145	3
1002146	3
1002147	4
1002148	4
1002149	3
1002150	4
1002151	5
1002152	5
1002153	6
1002154	6
1002155	6
1002156	4
1002157	4
1002158	5
1002159	4
1002160	4
1002161	3
1002162	3
1002163	3
1002164	3
1002165	3
1002166	4
1002167	2
1002168	3
1002169	3
1002170	3
1002171	1
1002172	1
1002173	1
1002174	1
1002175	2
1002176	2
1002177	2
1002178	2
1002179	2
1002180	3
1002181	3
1002182	3
1002183	3
1002184	3
1002185	2
1002186	3
1002187	3
1002188	3
1002189	3
1002190	2
1002191	2
1002192	2
1002193	1
1002194	1
1002195	2
1002196	2
1002197	2
1002198	3
1002199	3
1002200	3
1002201	3
1002202	3
1002203	3
1002204	3
1002205	3
1002206	3
1002207	3
1002208	3
1002209	3
1002210	3
1002211	3
1002212	2
1002213	1
1002214	1
1002215	1
1002216	1
1002217	1
1002218	1
1002219	1
1002220	0
1002221	1
1002222	2
1002223	2
1002224	2
1002225	2
1002226	3
1002227	3
1002228	2
1002229	2
1002230	1
1002231	2
1002232	2
1002233	3
1002234	3
1002235	3
1002236	3
1002237	3
1002238	3
1002239	3
1002240	3
1002241	3
1002242	3
1002243	2
1002244	2
1002245	2
1002246	2
1002247	2
1002248	2
1002249	1
1002250	1
1002251	1
1002252	2
1002253	2
1002254	2
1002255	2
1002256	2
1002257	2
1002258	1
1002259	1
1002260	1
1002261	1
1002262	1
1002263	2
1002264	2
1002265	2
1002266	3
1002267	3
1002268	3
1002269	3
1002270	3
1002271	3
1002272	3
1002273	3
1002274	3
1002275	3
1002276	3
1002277	3
1002278	3
1002279	3
1002280	3
1002281	4
1002282	4
1002283	4
1002284	4
1002285	3
1002286	3
1002287	3
1002288	3
1002289	3
1002290	3
1002291	3
1002292	3
1002293	3
1002294	3
1002295	2
1002296	2
1002297	2
1002298	1
1002299	1
1002300	1
1002301	1
1002302	1
1002303	1
1002304	1
1002305	0
1002306	0
1002307	0
1002308	0
1002309	0
1002310	1
1002311	2
1002312	2
1002313	2
1002314	2
1002315	2
1002316	2
1002317	2
1002318	2
1002319	1
1002320	1
1002321	1
1002322	1
1002323	2
1002324	2
1002325	2
1002326	2
1002327	2
1002328	2
1002329	1
1002330	1
1002331	1
1002332	1
1002333	1
1002334	2
1002335	2
1002336	2
1002337	2
1002338	2
1002339	1
1002340	1
1002341	1
1002342	1
1002343	1
1002344	0
1002345	0
1002346	0
1002347	0
1002348	0
1002349	0
1002350	1
1002351	1
1002352	1
1002353	1
1002354	2
1002355	4
1002356	4
1002357	4
1002358	3
1002359	3
1002360	3
1002361	3
1002362	3
1002363	2
1002364	1
1002365	3
1002366	3
1002367	3
1002368	3
1002369	3
1002370	3
1002371	3
1002372	3
1002373	3
1002374	3
1002375	3
1002376	3
1002377	3
1002378	3
1002379	3
1002380	3
1002381	2
1002382	2
1002383	2
1002384	2
1002385	2
1002386	2
1002387	2
1002388	2
1002389	2
1002390	2
1002391	3
1002392	3
1002393	3
1002394	3
1002395	3
1002396	3
1002397	3
1002398	3
1002399	3
1002400	3
1002401	1
1002402	1
1002403	2
1002404	2
1002405	2
1002406	2
1002407	2
1002408	3
1002409	4
1002410	5
1002411	5
1002412	5
1002413	6
1002414	5
1002415	6
1002416	6
1002417	6
1002418	6
1002419	6
1002420	6
1002421	6
1002422	7
1002423	6
1002424	7
1002425	7
1002426	7
1002427	7
1002428	7
1002429	6
1002430	5
1002431	5
1002432	6
1002433	6
1002434	6
1002435	6
1002436	5
1002437	5
1002438	5
1002439	4
1002440	4
1002441	4
1002442	5
1002443	5
1002444	5
1002445	5
1002446	6
1002447	5
1002448	5
1002449	5
1002450	5
1002451	4
1002452	4
1002453	5
1002454	5
1002455	5
1002456	5
1002457	5
1002458	6
1002459	6
1002460	6
1002461	4
1002462	4
1002463	4
1002464	3
1002465	3
1002466	3
1002467	3
1002468	4
1002469	4
1002470	4
1002471	4
1002472	5
1002473	5
1002474	5
1002475	5
1002476	5
1002477	5
1002478	5
1002479	5
1002480	5
1002481	6
1002482	6
1002483	6
1002484	6
1002485	5
1002486	5
1002487	4
1002488	4
1002489	4
1002490	4
1002491	4
1002492	4
1002493	5
1002494	5
1002495	5
1002496	5
1002497	5
1002498	5
1002499	5
1002500	5
1002501	5
1002502	5
1002503	3
1002504	3
1002505	3
1002506	3
1002507	3
1002508	4
1002509	4
1002510	4
1002511	4
1002512	4
1002513	4
1002514	3
1002515	2
1002516	2
1002517	3
1002518	3
1002519	3
1002520	3
1002521	3
1002522	4
1002523	4
1002524	4
1002525	4
1002526	4
1002527	3
1002528	3
1002529	3
1002530	4
1002531	4
1002532	4
1002533	5
1002534	5
1002535	4
1002536	4
1002537	4
1002538	4
1002539	4
1002540	4
1002541	5
1002542	4
1002543	4
1002544	4
1002545	4
1002546	5
1002547	5
1002548	5
1002549	5
1002550	5
1002551	4
1002552	4
1002553	4
1002554	4
1002555	4
1002556	4
1002557	4
1002558	5
1002559	6
1002560	6
1002561	6
1002562	6
1002563	5
1002564	5
1002565	5
1002566	4
1002567	4
1002568	5
1002569	5
1002570	6
1002571	7
1002572	7
1002573	7
1002574	7
1002575	8
1002576	7
1002577	6
1002578	6
1002579	6
1002580	6
1002581	4
1002582	6
1002583	6
1002584	4
1002585	4
1002586	4
1002587	3
1002588	3
1002589	3
1002590	3
1002591	3
1002592	3
1002593	3
1002594	2
1002595	2
1002596	3
1002597	4
1002598	4
1002599	5
1002600	5
1002601	5
1002602	5
1002603	4
1002604	4
1002605	4
1002606	4
1002607	3
1002608	3
1002609	3
1002610	3
1002611	3
1002612	3
1002613	3
1002614	3
1002615	3
1002616	3
1002617	2
1002618	2
1002619	1
1002620	1
1002621	1
1002622	1
1002623	1
1002624	1
1002625	1
1002626	2
1002627	2
1002628	2
1002629	2
1002630	2
1002631	1
1002632	1
1002633	2
1002634	2
1002635	2
1002636	3
1002637	2
1002638	3
1002639	3
1002640	3
1002641	3
1002642	3
1002643	3
1002644	2
1002645	2
1002646	3
1002647	3
1002648	3
1002649	3
1002650	3
1002651	4
1002652	4
1002653	4
1002654	4
1002655	4
1002656	4
1002657	4
1002658	4
1002659	4
1002660	4
1002661	4
1002662	4
1002663	4
1002664	4
1002665	4
1002666	4
1002667	4
1002668	4
1002669	4
1002670	4
1002671	4
1002672	4
1002673	4
1002674	4
1002675	3
1002676	2
1002677	3
1002678	3
1002679	3
1002680	3
1002681	2
1002682	2
1002683	2
1002684	2
1002685	2
1002686	3
1002687	3
1002688	3
1002689	3
1002690	3
1002691	3
1002692	3
1002693	3
1002694	3
1002695	3
1002696	3
1002697	3
1002698	3
1002699	3
1002700	3
1002701	3
1002702	2
1002703	2
1002704	2
1002705	2
1002706	2
1002707	2
1002708	2
1002709	2
1002710	2
1002711	2
1002712	2
1002713	2
1002714	2
1002715	3
1002716	3
1002717	3
1002718	3
1002719	3
1002720	3
1002721	3
1002722	2
1002723	1
1002724	1
1002725	2
1002726	2
1002727	2
1002728	4
1002729	4
1002730	3
1002731	3
1002732	3
1002733	3
1002734	3
1002735	3
1002736	2
1002737	2
1002738	2
1002739	3
1002740	3
1002741	3
1002742	3
1002743	2
1002744	2
1002745	2
1002746	2
1002747	2
1002748	2
1002749	2
1002750	2
1002751	2
1002752	2
1002753	2
1002754	2
1002755	3
1002756	3
1002757	3
1002758	4
1002759	4
1002760	5
1002761	5
1002762	5
1002763	4
1002764	5
1002765	5
1002766	5
1002767	5
1002768	5
1002769	5
1002770	7
1002771	7
1002772	6
1002773	5
1002774	4
1002775	3
1002776	3
1002777	3
1002778	3
1002779	3
1002780	3
1002781	3
1002782	3
1002783	2
1002784	2
1002785	2
1002786	2
1002787	2
1002788	2
1002789	2
1002790	3
1002791	3
1002792	3
1002793	3
1002794	3
1002795	3
1002796	3
1002797	3
1002798	3
1002799	3
1002800	3
1002801	3
1002802	3
1002803	3
1002804	3
1002805	3
1002806	3
1002807	3
1002808	3
1002809	2
1002810	3
1002811	3
1002812	2
1002813	2
1002814	2
1002815	2
1002816	2
1002817	2
1002818	3
1002819	4
1002820	4
1002821	4
1002822	4
1002823	4
1002824	4
1002825	4
1002826	4
1002827	4
1002828	3
1002829	3
1002830	3
1002831	3
1002832	3
1002833	3
1002834	3
1002835	3
1002836	3
1002837	3
1002838	2
1002839	2
1002840	3
1002841	3
1002842	3
1002843	3
1002844	3
1002845	3
1002846	3
1002847	3
1002848	3
1002849	3
1002850	3
1002851	3
1002852	3
1002853	3
1002854	3
1002855	3
1002856	3
1002857	3
1002858	3
1002859	3
1002860	3
1002861	3
1002862	3
1002863	3
1002864	3
1002865	3
1002866	3
1002867	3
1002868	3
1002869	2
1002870	2
1002871	3
1002872	3
1002873	3
1002874	3
1002875	3
1002876	3
1002877	3
1002878	3
1002879	2
1002880	0
1002881	1
1002882	1
1002883	1
1002884	1
1002885	1
1002886	2
1002887	2
1002888	2
1002889	2
1002890	2
1002891	2
1002892	1
1002893	2
1002894	3
1002895	4
1002896	4
1002897	4
1002898	3
1002899	3
1002900	3
1002901	4
1002902	4
1002903	5
1002904	5
1002905	5
1002906	5
1002907	6
1002908	6
1002909	6
1002910	6
1002911	6
1002912	6
1002913	5
1002914	5
1002915	4
1002916	6
1002917	6
1002918	6
1002919	6
1002920	6
1002921	6
1002922	6
1002923	6
1002924	6
1002925	6
1002926	6
1002927	7
1002928	6
1002929	6
1002930	6
1002931	6
1002932	5
1002933	6
1002934	6
1002935	6
1002936	6
1002937	6
1002938	5
1002939	6
1002940	6
1002941	6
1002942	6
1002943	6
1002944	6
1002945	6
1002946	5
1002947	5
1002948	6
1002949	5
1002950	3
1002951	3
1002952	3
1002953	3
1002954	3
1002955	3
1002956	3
1002957	3
1002958	3
1002959	3
1002960	3
1002961	2
1002962	2
1002963	2
1002964	4
1002965	4
1002966	4
1002967	4
1002968	3
1002969	3
1002970	3
1002971	3
1002972	3
1002973	3
1002974	3
1002975	3
1002976	4
1002977	5
1002978	5
1002979	6
1002980	5
1002981	6
1002982	6
1002983	5
1002984	5
1002985	6
1002986	6
1002987	6
1002988	6
1002989	6
1002990	6
1002991	5
1002992	5
1002993	5
1002994	5
1002995	5
1002996	5
1002997	5
1002998	5
1002999	5
1003000	4
1003001	4
1003002	4
1003003	5
1003004	6
1003005	6
1003006	6
1003007	6
1003008	6
1003009	4
1003010	4
1003011	3
1003012	4
1003013	3
1003014	3
1003015	3
1003016	3
1003017	3
1003018	3
1003019	3
1003020	3
1003021	4
1003022	4
1003023	5
1003024	5
1003025	6
1003026	5
1003027	5
1003028	5
1003029	5
1003030	6
1003031	6
1003032	5
1003033	5
1003034	4
1003035	3
1003036	4
1003037	6
1003038	6
1003039	7
1003040	8
1003041	8
1003042	9
1003043	9
1003044	9
1003045	9
1003046	9
1003047	9
1003048	9
1003049	9
1003050	9
1003051	11
1003052	10
1003053	12
1003054	12
1003055	12
1003056	11
1003057	11
1003058	11
1003059	11
1003060	10
1003061	10
1003062	9
1003063	9
1003064	7
1003065	7
1003066	8
1003067	8
1003068	8
1003069	8
1003070	7
1003071	7
1003072	7
1003073	7
1003074	7
1003075	6
1003076	6
1003077	6
1003078	7
1003079	7
1003080	7
1003081	7
1003082	6
1003083	6
1003084	6
1003085	5
1003086	5
1003087	6
1003088	6
1003089	7
1003090	6
1003091	6
1003092	6
1003093	6
1003094	5
1003095	5
1003096	6
1003097	7
1003098	6
1003099	7
1003100	7
1003101	7
1003102	7
1003103	8
1003104	8
1003105	9
1003106	9
1003107	9
1003108	9
1003109	9
1003110	11
1003111	11
1003112	10
1003113	10
1003114	10
1003115	11
1003116	11
1003117	10
1003118	9
1003119	9
1003120	7
1003121	7
1003122	7
1003123	7
1003124	7
1003125	7
1003126	7
1003127	6
1003128	7
1003129	6
1003130	6
1003131	4
1003132	3
1003133	3
1003134	2
1003135	2
1003136	2
1003137	2
1003138	2
1003139	2
1003140	2
1003141	3
1003142	3
1003143	2
1003144	2
1003145	2
1003146	2
1003147	3
1003148	3
1003149	4
1003150	4
1003151	4
1003152	5
1003153	5
1003154	5
1003155	3
1003156	2
1003157	2
1003158	2
1003159	2
1003160	2
1003161	2
1003162	2
1003163	1
1003164	1
1003165	3
1003166	3
1003167	4
1003168	4
1003169	4
1003170	4
1003171	4
1003172	4
1003173	4
1003174	4
1003175	4
1003176	4
1003177	4
1003178	4
1003179	4
1003180	3
1003181	3
1003182	2
1003183	1
1003184	1
1003185	1
1003186	2
1003187	2
1003188	2
1003189	2
1003190	3
1003191	3
1003192	3
1003193	3
1003194	2
1003195	2
1003196	2
1003197	2
1003198	1
1003199	1
1003200	1
1003201	2
1003202	2
1003203	2
1003204	2
1003205	2
1003206	2
1003207	2
1003208	2
1003209	2
1003210	2
1003211	2
1003212	3
1003213	3
1003214	3
1003215	3
1003216	3
1003217	3
1003218	2
1003219	3
1003220	3
1003221	2
1003222	2
1003223	3
1003224	1
1003225	2
1003226	2
1003227	2
1003228	2
1003229	1
1003230	1
1003231	2
1003232	2
1003233	3
1003234	3
1003235	4
1003236	4
1003237	4
1003238	4
1003239	4
1003240	4
1003241	5
1003242	5
1003243	5
1003244	4
1003245	4
1003246	4
1003247	4
1003248	3
1003249	3
1003250	3
1003251	4
1003252	4
1003253	4
1003254	4
1003255	4
1003256	4
1003257	3
1003258	3
1003259	3
1003260	3
1003261	3
1003262	3
1003263	4
1003264	4
1003265	4
1003266	4
1003267	4
1003268	4
1003269	3
1003270	2
1003271	3
1003272	3
1003273	3
1003274	3
1003275	3
1003276	3
1003277	3
1003278	3
1003279	3
1003280	3
1003281	2
1003282	2
1003283	2
1003284	2
1003285	1
1003286	1
1003287	1
1003288	1
1003289	2
1003290	2
1003291	2
1003292	2
1003293	2
1003294	2
1003295	2
1003296	2
1003297	2
1003298	2
1003299	2
1003300	2
1003301	1
1003302	1
1003303	1
1003304	1
1003305	2
1003306	2
1003307	2
1003308	2
1003309	2
1003310	1
1003311	1
1003312	1
1003313	1
1003314	1
1003315	1
1003316	1
1003317	1
1003318	1
1003319	1
1003320	1
1003321	1
1003322	1
1003323	1
1003324	1
1003325	1
1003326	1
1003327	1
1003328	1
1003329	1
1003330	1
1003331	1
1003332	1
1003333	0
1003334	0
1003335	0
1003336	0
1003337	0
1003338	0
1003339	0
1003340	0
1003341	0
1003342	0
1003343	0
1003344	0
1003345	0
1003346	0
1003347	0
1003348	0
1003349	0
1003350	0
1003351	0
1003352	0
1003353	0
1003354	0
1003355	0
1003356	0
1003357	0
1003358	0
1003359	0
1003360	0
1003361	0
1003362	0
1003363	0
1003364	0
1003365	0
1003366	0
1003367	0
1003368	0
1003369	0
1003370	0
1003371	0
1003372	1
1003373	1
1003374	1
1003375	1
1003376	1
1003377	1
1003378	0
1003379	0
1003380	0
1003381	0
1003382	0
1003383	0
1003384	0
1003385	1
1003386	1
1003387	2
1003388	2
1003389	2
1003390	2
1003391	1
1003392	0
1003393	0
1003394	1
1003395	1
1003396	1
1003397	2
1003398	2
1003399	3
1003400	3
1003401	3
1003402	4
1003403	4
1003404	4
1003405	4
1003406	4
1003407	3
1003408	2
1003409	5
1003410	5
1003411	5
1003412	5
1003413	4
1003414	3
1003415	4
1003416	4
1003417	4
1003418	4
1003419	4
1003420	4
1003421	3
1003422	4
1003423	4
1003424	4
1003425	5
1003426	3
1003427	4
1003428	4
1003429	4
1003430	5
1003431	5
1003432	5
1003433	5
1003434	7
1003435	7
1003436	7
1003437	7
1003438	7
1003439	7
1003440	8
1003441	7
1003442	7
1003443	6
1003444	5
1003445	6
1003446	5
1003447	5
1003448	6
1003449	6
1003450	7
1003451	7
1003452	7
1003453	7
1003454	7
1003455	7
1003456	6
1003457	6
1003458	6
1003459	6
1003460	5
1003461	5
1003462	3
1003463	3
1003464	3
1003465	3
1003466	3
1003467	3
1003468	4
1003469	4
1003470	4
1003471	4
1003472	4
1003473	4
1003474	5
1003475	6
1003476	5
1003477	5
1003478	5
1003479	5
1003480	5
1003481	5
1003482	5
1003483	4
1003484	3
1003485	4
1003486	5
1003487	5
1003488	5
1003489	5
1003490	5
1003491	5
1003492	5
1003493	5
1003494	5
1003495	5
1003496	4
1003497	5
1003498	5
1003499	5
1003500	5
1003501	5
1003502	5
1003503	5
1003504	3
1003505	3
1003506	4
1003507	4
1003508	4
1003509	4
1003510	4
1003511	4
1003512	5
1003513	4
1003514	4
1003515	4
1003516	5
1003517	5
1003518	5
1003519	5
1003520	5
1003521	5
1003522	4
1003523	4
1003524	3
1003525	3
1003526	3
1003527	3
1003528	3
1003529	3
1003530	4
1003531	4
1003532	4
1003533	4
1003534	4
1003535	4
1003536	4
1003537	4
1003538	4
1003539	4
1003540	4
1003541	2
1003542	1
1003543	1
1003544	1
1003545	1
1003546	2
1003547	1
1003548	1
1003549	1
1003550	1
1003551	1
1003552	1
1003553	1
1003554	0
1003555	0
1003556	0
1003557	0
1003558	1
1003559	1
1003560	1
1003561	1
1003562	1
1003563	1
1003564	1
1003565	1
1003566	2
1003567	2
1003568	3
1003569	3
1003570	3
1003571	3
1003572	4
1003573	3
1003574	3
1003575	3
1003576	3
1003577	2
1003578	2
1003579	2
1003580	2
1003581	2
1003582	2
1003583	2
1003584	2
1003585	2
1003586	3
1003587	3
1003588	3
1003589	3
1003590	3
1003591	3
1003592	3
1003593	2
1003594	2
1003595	1
1003596	2
1003597	2
1003598	2
1003599	2
1003600	2
1003601	2
1003602	2
1003603	2
1003604	3
1003605	3
1003606	4
1003607	4
1003608	4
1003609	3
1003610	3
1003611	3
1003612	2
1003613	2
1003614	2
1003615	2
1003616	2
1003617	2
1003618	1
1003619	2
1003620	2
1003621	2
1003622	2
1003623	2
1003624	3
1003625	3
1003626	3
1003627	3
1003628	3
1003629	2
1003630	2
1003631	1
1003632	1
1003633	1
1003634	1
1003635	1
1003636	1
1003637	1
1003638	1
1003639	1
1003640	0
1003641	0
1003642	0
1003643	0
1003644	0
1003645	1
1003646	1
1003647	1
1003648	1
1003649	1
1003650	1
1003651	1
1003652	1
1003653	1
1003654	0
1003655	0
1003656	0
1003657	0
1003658	0
1003659	0
1003660	0
1003661	0
1003662	0
1003663	0
1003664	0
1003665	0
1003666	1
1003667	1
1003668	1
1003669	2
1003670	2
1003671	2
1003672	2
1003673	2
1003674	2
1003675	2
1003676	2
1003677	2
1003678	2
1003679	2
1003680	2
1003681	2
1003682	1
1003683	1
1003684	1
1003685	1
1003686	1
1003687	2
1003688	2
1003689	3
1003690	3
1003691	4
1003692	4
1003693	4
1003694	4
1003695	4
1003696	5
1003697	5
1003698	5
1003699	6
1003700	5
1003701	5
1003702	5
1003703	6
1003704	5
1003705	5
1003706	5
1003707	5
1003708	5
1003709	4
1003710	4
1003711	4
1003712	3
1003713	3
1003714	3
1003715	4
1003716	4
1003717	4
1003718	3
1003719	3
1003720	3
1003721	4
1003722	4
1003723	3
1003724	3
1003725	3
1003726	3
1003727	3
1003728	2
1003729	2
1003730	2
1003731	1
1003732	1
1003733	2
1003734	2
1003735	2
1003736	2
1003737	2
1003738	2
1003739	2
1003740	3
1003741	3
1003742	3
1003743	3
1003744	3
1003745	3
1003746	3
1003747	3
1003748	3
1003749	3
1003750	3
1003751	4
1003752	4
1003753	5
1003754	5
1003755	5
1003756	5
1003757	5
1003758	5
1003759	5
1003760	5
1003761	5
1003762	5
1003763	5
1003764	5
1003765	5
1003766	5
1003767	5
1003768	5
1003769	5
1003770	4
1003771	4
1003772	4
1003773	2
1003774	3
1003775	3
1003776	3
1003777	2
1003778	3
1003779	4
1003780	4
1003781	4
1003782	4
1003783	3
1003784	3
1003785	4
1003786	5
1003787	4
1003788	4
1003789	4
1003790	4
1003791	4
1003792	3
1003793	3
1003794	3
1003795	2
1003796	2
1003797	2
1003798	2
1003799	3
1003800	3
1003801	3
1003802	3
1003803	3
1003804	3
1003805	3
1003806	3
1003807	2
1003808	2
1003809	2
1003810	2
1003811	2
1003812	2
1003813	2
1003814	2
1003815	2
1003816	2
1003817	2
1003818	2
1003819	2
1003820	2
1003821	2
1003822	2
1003823	2
1003824	2
1003825	2
1003826	2
1003827	1
1003828	1
1003829	1
1003830	1
1003831	1
1003832	1
1003833	1
1003834	1
1003835	1
1003836	1
1003837	1
1003838	1
1003839	1
1003840	1
1003841	1
1003842	1
1003843	1
1003844	1
1003845	1
1003846	0
1003847	0
1003848	0
1003849	0
1003850	0
1003851	0
1003852	0
1003853	1
1003854	1
1003855	1
1003856	1
1003857	1
1003858	1
1003859	1
1003860	1
1003861	1
1003862	1
1003863	1
1003864	1
1003865	1
1003866	1
1003867	1
1003868	1
1003869	1
1003870	1
1003871	1
1003872	2
1003873	2
1003874	1
1003875	1
1003876	2
1003877	2
1003878	2
1003879	2
1003880	2
1003881	1
1003882	1
1003883	1
1003884	1
1003885	1
1003886	1
1003887	2
1003888	2
1003889	2
1003890	2
1003891	3
1003892	3
1003893	3
1003894	3
1003895	2
1003896	1
1003897	2
1003898	2
1003899	2
1003900	2
1003901	1
1003902	1
1003903	1
1003904	1
1003905	1
1003906	1
1003907	2
1003908	2
1003909	2
1003910	2
1003911	2
1003912	2
1003913	2
1003914	2
1003915	2
1003916	2
1003917	2
1003918	1
1003919	1
1003920	1
1003921	1
1003922	2
1003923	2
1003924	3
1003925	3
1003926	3
1003927	3
1003928	3
1003929	3
1003930	3
1003931	3
1003932	2
1003933	2
1003934	3
1003935	2
1003936	3
1003937	4
1003938	3
1003939	3
1003940	3
1003941	2
1003942	2
1003943	2
1003944	3
1003945	2
1003946	2
1003947	1
1003948	1
1003949	1
1003950	1
1003951	1
1003952	1
1003953	0
1003954	1
1003955	1
1003956	1
1003957	1
1003958	1
1003959	1
1003960	1
1003961	1
1003962	1
1003963	1
1003964	1
1003965	1
1003966	1
1003967	1
1003968	1
1003969	1
1003970	1
1003971	1
1003972	1
1003973	1
1003974	1
1003975	1
1003976	1
1003977	1
1003978	1
1003979	1
1003980	1
1003981	1
1003982	1
1003983	1
1003984	1
1003985	1
1003986	1
1003987	1
1003988	1
1003989	1
1003990	1
1003991	1
1003992	1
1003993	1
1003994	1
1003995	1
1003996	1
1003997	1
1003998	1
1003999	1
1004000	1
1004001	1
1004002	1
1004003	1
1004004	1
1004005	1
1004006	1
1004007	1
1004008	1
1004009	1
1004010	1
1004011	1
1004012	1
1004013	2
1004014	2
1004015	2
1004016	2
1004017	1
1004018	1
1004019	1
1004020	1
1004021	0
1004022	1
1004023	1
1004024	1
1004025	1
1004026	1
1004027	1
1004028	1
1004029	1
1004030	1
1004031	1
1004032	1
1004033	1
1004034	1
1004035	1
1004036	1
1004037	1
1004038	1
1004039	1
1004040	2
1004041	2
1004042	2
1004043	2
1004044	2
1004045	2
1004046	2
1004047	3
1004048	3
1004049	3
1004050	3
1004051	4
1004052	4
1004053	4
1004054	4
1004055	4
1004056	4
1004057	3
1004058	3
1004059	3
1004060	4
1004061	4
1004062	4
1004063	4
1004064	2
1004065	2
1004066	3
1004067	3
1004068	2
1004069	2
1004070	2
1004071	2
1004072	2
1004073	2
1004074	3
1004075	3
1004076	2
1004077	2
1004078	1
1004079	1
1004080	1
1004081	1
1004082	1
1004083	1
1004084	1
1004085	1
1004086	1
1004087	2
1004088	2
1004089	2
1004090	1
1004091	1
1004092	1
1004093	2
1004094	2
1004095	2
1004096	2
1004097	2
1004098	2
1004099	2
1004100	2
1004101	2
1004102	2
1004103	1
1004104	1
1004105	1
1004106	1
1004107	1
1004108	1
1004109	1
1004110	1
1004111	1
1004112	1
1004113	1
1004114	2
1004115	1
1004116	1
1004117	1
1004118	1
1004119	1
1004120	1
1004121	1
1004122	1
1004123	2
1004124	3
1004125	3
1004126	3
1004127	3
1004128	3
1004129	3
1004130	3
1004131	3
1004132	2
1004133	3
1004134	3
1004135	3
1004136	3
1004137	3
1004138	3
1004139	3
1004140	3
1004141	3
1004142	3
1004143	4
1004144	4
1004145	4
1004146	4
1004147	3
1004148	3
1004149	3
1004150	3
1004151	3
1004152	3
1004153	3
1004154	3
1004155	3
1004156	3
1004157	3
1004158	2
1004159	3
1004160	4
1004161	4
1004162	4
1004163	2
1004164	2
1004165	1
1004166	1
1004167	1
1004168	2
1004169	1
1004170	3
1004171	3
1004172	4
1004173	4
1004174	4
1004175	5
1004176	6
1004177	6
1004178	5
1004179	5
1004180	5
1004181	5
1004182	4
1004183	3
1004184	3
1004185	2
1004186	2
1004187	2
1004188	2
1004189	1
1004190	1
1004191	1
1004192	1
1004193	1
1004194	1
1004195	1
1004196	1
1004197	1
1004198	1
1004199	1
1004200	1
1004201	1
1004202	1
1004203	1
1004204	1
1004205	1
1004206	1
1004207	1
1004208	1
1004209	1
1004210	1
1004211	1
1004212	1
1004213	1
1004214	1
1004215	1
1004216	1
1004217	1
1004218	1
1004219	1
1004220	1
1004221	1
1004222	1
1004223	0
1004224	0
1004225	0
1004226	0
1004227	0
1004228	0
1004229	1
1004230	1
1004231	1
1004232	1
1004233	1
1004234	1
1004235	1
1004236	1
1004237	1
1004238	1
1004239	1
1004240	1
1004241	1
1004242	1
1004243	1
1004244	1
1004245	1
1004246	1
1004247	0
1004248	0
1004249	0
1004250	0
1004251	1
1004252	1
1004253	1
1004254	1
1004255	0
1004256	0
1004257	0
1004258	0
1004259	0
1004260	0
1004261	0
1004262	1
1004263	1
1004264	1
1004265	1
1004266	2
1004267	1
1004268	1
1004269	1
1004270	2
1004271	2
1004272	2
1004273	2
1004274	2
1004275	1
1004276	1
1004277	2
1004278	2
1004279	2
1004280	2
1004281	2
1004282	2
1004283	2
1004284	2
1004285	2
1004286	2
1004287	2
1004288	1
1004289	1
1004290	1
1004291	1
1004292	1
1004293	1
1004294	1
1004295	1
1004296	1
1004297	1
1004298	1
1004299	0
1004300	0
1004301	0
1004302	1
1004303	1
1004304	1
1004305	2
1004306	2
1004307	2
1004308	2
1004309	2
1004310	2
1004311	2
1004312	2
1004313	2
1004314	2
1004315	2
1004316	2
1004317	2
1004318	3
1004319	3
1004320	2
1004321	2
1004322	2
1004323	2
1004324	2
1004325	2
1004326	2
1004327	2
1004328	2
1004329	2
1004330	2
1004331	2
1004332	2
1004333	2
1004334	2
1004335	2
1004336	2
1004337	2
1004338	2
1004339	2
1004340	2
1004341	2
1004342	2
1004343	2
1004344	2
1004345	2
1004346	2
1004347	3
1004348	3
1004349	3
1004350	3
1004351	3
1004352	3
1004353	3
1004354	3
1004355	3
1004356	3
1004357	3
1004358	3
1004359	3
1004360	2
1004361	3
1004362	3
1004363	2
1004364	2
1004365	2
1004366	2
1004367	2
1004368	2
1004369	3
1004370	2
1004371	2
1004372	2
1004373	2
1004374	2
1004375	2
1004376	2
1004377	2
1004378	2
1004379	3
1004380	3
1004381	3
1004382	3
1004383	3
1004384	3
1004385	4
1004386	4
1004387	5
1004388	5
1004389	6
1004390	5
1004391	5
1004392	5
1004393	5
1004394	3
1004395	3
1004396	4
1004397	4
1004398	3
1004399	4
1004400	4
1004401	4
1004402	4
1004403	4
1004404	3
1004405	3
1004406	3
1004407	3
1004408	3
1004409	3
1004410	3
1004411	3
1004412	3
1004413	3
1004414	3
1004415	3
1004416	3
1004417	2
1004418	2
1004419	2
1004420	2
1004421	2
1004422	0
1004423	0
1004424	0
1004425	0
1004426	0
1004427	0
1004428	1
1004429	1
1004430	1
1004431	1
1004432	1
1004433	1
1004434	1
1004435	1
1004436	1
1004437	1
1004438	1
1004439	1
1004440	2
1004441	2
1004442	2
1004443	2
1004444	3
1004445	3
1004446	3
1004447	3
1004448	3
1004449	3
1004450	2
1004451	2
1004452	2
1004453	2
1004454	2
1004455	2
1004456	2
1004457	2
1004458	2
1004459	3
1004460	3
1004461	3
1004462	3
1004463	3
1004464	2
1004465	2
1004466	2
1004467	2
1004468	2
1004469	4
1004470	5
1004471	5
1004472	5
1004473	5
1004474	5
1004475	5
1004476	5
1004477	5
1004478	5
1004479	5
1004480	5
1004481	5
1004482	5
1004483	6
1004484	6
1004485	6
1004486	6
1004487	6
1004488	6
1004489	6
1004490	6
1004491	7
1004492	7
1004493	7
1004494	7
1004495	6
1004496	6
1004497	6
1004498	6
1004499	6
1004500	8
1004501	8
1004502	8
1004503	8
1004504	8
1004505	6
1004506	6
1004507	6
1004508	6
1004509	7
1004510	7
1004511	7
1004512	8
1004513	6
1004514	6
1004515	6
1004516	5
1004517	4
1004518	4
1004519	5
1004520	4
1004521	4
1004522	5
1004523	5
1004524	5
1004525	5
1004526	4
1004527	4
1004528	4
1004529	4
1004530	4
1004531	4
1004532	4
1004533	4
1004534	4
1004535	4
1004536	4
1004537	4
1004538	4
1004539	4
1004540	4
1004541	4
1004542	5
1004543	3
1004544	3
1004545	3
1004546	3
1004547	3
1004548	3
1004549	4
1004550	4
1004551	4
1004552	5
1004553	5
1004554	5
1004555	5
1004556	5
1004557	6
1004558	6
1004559	5
1004560	4
1004561	5
1004562	5
1004563	5
1004564	5
1004565	5
1004566	5
1004567	5
1004568	3
1004569	3
1004570	4
1004571	3
1004572	3
1004573	3
1004574	3
1004575	3
1004576	4
1004577	4
1004578	4
1004579	3
1004580	3
1004581	3
1004582	3
1004583	3
1004584	3
1004585	2
1004586	2
1004587	2
1004588	2
1004589	2
1004590	3
1004591	3
1004592	3
1004593	3
1004594	2
1004595	2
1004596	1
1004597	1
1004598	1
1004599	1
1004600	1
1004601	1
1004602	1
1004603	1
1004604	2
1004605	2
1004606	2
1004607	2
1004608	2
1004609	2
1004610	3
1004611	3
1004612	3
1004613	2
1004614	1
1004615	2
1004616	2
1004617	1
1004618	1
1004619	2
1004620	2
1004621	2
1004622	3
1004623	3
1004624	3
1004625	3
1004626	3
1004627	3
1004628	3
1004629	3
1004630	3
1004631	2
1004632	3
1004633	3
1004634	3
1004635	3
1004636	3
1004637	3
1004638	3
1004639	3
1004640	2
1004641	3
1004642	3
1004643	3
1004644	3
1004645	4
1004646	4
1004647	4
1004648	3
1004649	3
1004650	3
1004651	3
1004652	3
1004653	3
1004654	3
1004655	3
1004656	4
1004657	4
1004658	4
1004659	4
1004660	4
1004661	4
1004662	4
1004663	4
1004664	4
1004665	4
1004666	5
1004667	5
1004668	5
1004669	5
1004670	5
1004671	3
1004672	3
1004673	3
1004674	3
1004675	3
1004676	2
1004677	3
1004678	3
1004679	4
1004680	4
1004681	4
1004682	4
1004683	3
1004684	3
1004685	3
1004686	3
1004687	3
1004688	3
1004689	3
1004690	3
1004691	3
1004692	1
1004693	1
1004694	1
1004695	1
1004696	1
1004697	2
1004698	2
1004699	2
1004700	3
1004701	3
1004702	3
1004703	3
1004704	3
1004705	4
1004706	4
1004707	4
1004708	5
1004709	4
1004710	4
1004711	4
1004712	3
1004713	3
1004714	4
1004715	3
1004716	2
1004717	3
1004718	3
1004719	3
1004720	3
1004721	3
1004722	3
1004723	2
1004724	2
1004725	2
1004726	2
1004727	2
1004728	2
1004729	2
1004730	1
1004731	1
1004732	0
1004733	0
1004734	0
1004735	0
1004736	0
1004737	0
1004738	0
1004739	0
1004740	0
1004741	0
1004742	0
1004743	0
1004744	0
1004745	0
1004746	0
1004747	0
1004748	0
1004749	1
1004750	1
1004751	1
1004752	1
1004753	1
1004754	1
1004755	1
1004756	1
1004757	1
1004758	1
1004759	1
1004760	1
1004761	2
1004762	2
1004763	3
1004764	3
1004765	3
1004766	3
1004767	3
1004768	3
1004769	3
1004770	1
1004771	1
1004772	2
1004773	2
1004774	2
1004775	2
1004776	2
1004777	2
1004778	2
1004779	2
1004780	2
1004781	2
1004782	2
1004783	2
1004784	3
1004785	2
1004786	2
1004787	2
1004788	1
1004789	1
1004790	1
1004791	1
1004792	1
1004793	1
1004794	1
1004795	1
1004796	1
1004797	2
1004798	2
1004799	2
1004800	2
1004801	3
1004802	3
1004803	3
1004804	4
1004805	4
1004806	4
1004807	4
1004808	4
1004809	5
1004810	4
1004811	3
1004812	2
1004813	3
1004814	4
1004815	4
1004816	3
1004817	5
1004818	6
1004819	6
1004820	6
1004821	6
1004822	6
1004823	6
1004824	6
1004825	6
1004826	6
1004827	6
1004828	5
1004829	5
1004830	5
1004831	4
1004832	5
1004833	4
1004834	4
1004835	4
1004836	4
1004837	3
1004838	3
1004839	3
1004840	3
1004841	3
1004842	3
1004843	3
1004844	3
1004845	3
1004846	4
1004847	3
1004848	2
1004849	1
1004850	1
1004851	1
1004852	1
1004853	1
1004854	1
1004855	1
1004856	1
1004857	1
1004858	1
1004859	1
1004860	0
1004861	0
1004862	0
1004863	0
1004864	0
1004865	0
1004866	0
1004867	0
1004868	0
1004869	0
1004870	0
1004871	0
1004872	0
1004873	0
1004874	0
1004875	0
1004876	0
1004877	0
1004878	0
1004879	0
1004880	0
1004881	0
1004882	0
1004883	0
1004884	0
1004885	0
1004886	0
1004887	0
1004888	0
1004889	0
1004890	0
1004891	0
1004892	0
1004893	0
1004894	0
1004895	0
1004896	1
1004897	1
1004898	1
1004899	1
1004900	1
1004901	1
1004902	1
1004903	1
1004904	1
1004905	1
1004906	0
1004907	0
1004908	0
1004909	1
1004910	1
1004911	1
1004912	1
1004913	1
1004914	1
1004915	2
1004916	1
1004917	2
1004918	2
1004919	2
1004920	2
1004921	2
1004922	2
1004923	2
1004924	2
1004925	2
1004926	2
1004927	2
1004928	3
1004929	3
1004930	2
1004931	2
1004932	2
1004933	2
1004934	2
1004935	2
1004936	2
1004937	2
1004938	2
1004939	2
1004940	2
1004941	2
1004942	2
1004943	2
1004944	2
1004945	2
1004946	2
1004947	2
1004948	2
1004949	3
1004950	3
1004951	3
1004952	3
1004953	2
1004954	2
1004955	2
1004956	1
1004957	1
1004958	2
1004959	2
1004960	3
1004961	3
1004962	2
1004963	2
1004964	2
1004965	3
1004966	3
1004967	3
1004968	3
1004969	3
1004970	2
1004971	1
1004972	1
1004973	1
1004974	1
1004975	1
1004976	1
1004977	1
1004978	1
1004979	1
1004980	1
1004981	1
1004982	1
1004983	1
1004984	1
1004985	1
1004986	1
1004987	1
1004988	1
1004989	1
1004990	1
1004991	1
1004992	1
1004993	2
1004994	2
1004995	2
1004996	2
1004997	2
1004998	2
1004999	2
1005000	2
1005001	2
1005002	2
1005003	3
1005004	2
1005005	2
1005006	1
1005007	1
1005008	1
1005009	1
1005010	0
1005011	0
1005012	2
1005013	2
1005014	2
1005015	2
1005016	2
1005017	1
1005018	1
1005019	1
1005020	1
1005021	1
1005022	1
1005023	1
1005024	1
1005025	1
1005026	1
1005027	1
1005028	2
1005029	2
1005030	2
1005031	2
1005032	2
1005033	2
1005034	2
1005035	2
1005036	1
1005037	0
1005038	0
1005039	0
1005040	1
1005041	1
1005042	1
1005043	1
1005044	1
1005045	1
1005046	3
1005047	3
1005048	3
1005049	3
1005050	2
1005051	2
1005052	2
1005053	2
1005054	2
1005055	1
1005056	1
1005057	1
1005058	1
1005059	1
1005060	1
1005061	1
1005062	1
1005063	1
1005064	1
1005065	1
1005066	1
1005067	2
1005068	2
1005069	2
1005070	2
1005071	2
1005072	2
1005073	2
1005074	2
1005075	2
1005076	2
1005077	2
1005078	3
1005079	3
1005080	3
1005081	3
1005082	3
1005083	3
1005084	2
1005085	2
1005086	2
1005087	2
1005088	2
1005089	2
1005090	2
1005091	2
1005092	2
1005093	2
1005094	2
1005095	2
1005096	2
1005097	2
1005098	3
1005099	3
1005100	3
1005101	3
1005102	3
1005103	3
1005104	3
1005105	2
1005106	3
1005107	3
1005108	3
1005109	3
1005110	3
1005111	3
