1001110	0
1001111	0
1001112	0
1001113	0
1001114	0
1001115	0
1001116	0
1001117	0
1001118	0
1001119	0
1001120	0
1001121	0
1001122	0
1001123	0
1001124	0
1001125	0
1001126	0
1001127	0
1001128	0
1001129	0
1001130	1
1001131	1
1001132	0
1001133	0
1001134	0
1001135	0
1001136	0
1001137	0
1001138	0
1001139	0
1001140	0
1001141	0
1001142	0
1001143	0
1001144	0
1001145	0
1001146	0
1001147	0
1001148	0
1001149	0
1001150	0
1001151	0
1001152	0
1001153	0
1001154	0
1001155	0
1001156	0
1001157	0
1001158	0
1001159	0
1001160	0
1001161	0
1001162	0
1001163	0
1001164	0
1001165	0
1001166	0
1001167	0
1001168	0
1001169	0
1001170	0
1001171	1
1001172	0
1001173	0
1001174	0
1001175	0
1001176	0
1001177	0
1001178	0
1001179	0
1001180	0
1001181	0
1001182	0
1001183	0
1001184	0
1001185	0
1001186	0
1001187	0
1001188	0
1001189	0
1001190	0
1001191	0
1001192	0
1001193	0
1001194	0
1001195	0
1001196	0
1001197	0
1001198	0
1001199	0
1001200	0
1001201	0
1001202	0
1001203	0
1001204	0
1001205	0
1001206	0
1001207	0
1001208	0
1001209	0
1001210	0
1001211	0
1001212	0
1001213	0
1001214	0
1001215	0
1001216	0
1001217	0
1001218	0
1001219	0
1001220	0
1001221	0
1001222	0
1001223	0
1001224	0
1001225	0
1001226	0
1001227	0
1001228	0
1001229	0
1001230	0
1001231	0
1001232	0
1001233	0
1001234	0
1001235	0
1001236	0
1001237	0
1001238	0
1001239	0
1001240	0
1001241	0
1001242	0
1001243	0
1001244	0
1001245	0
1001246	0
1001247	0
1001248	0
1001249	0
1001250	0
1001251	0
1001252	0
1001253	0
1001254	0
1001255	0
1001256	0
1001257	0
1001258	0
1001259	0
1001260	0
1001261	0
1001262	0
1001263	0
1001264	0
1001265	0
1001266	0
1001267	0
1001268	0
1001269	0
1001270	0
1001271	0
1001272	0
1001273	0
1001274	0
1001275	0
1001276	0
1001277	0
1001278	0
1001279	0
1001280	0
1001281	0
1001282	0
1001283	0
1001284	0
1001285	0
1001286	0
1001287	0
1001288	0
1001289	0
1001290	0
1001291	0
1001292	0
1001293	0
1001294	0
1001295	0
1001296	0
1001297	0
1001298	0
1001299	0
1001300	0
1001301	0
1001302	0
1001303	0
1001304	0
1001305	0
1001306	0
1001307	0
1001308	0
1001309	0
1001310	0
1001311	0
1001312	0
1001313	0
1001314	0
1001315	0
1001316	0
1001317	0
1001318	0
1001319	0
1001320	0
1001321	0
1001322	0
1001323	0
1001324	0
1001325	0
1001326	0
1001327	0
1001328	0
1001329	0
1001330	0
1001331	0
1001332	0
1001333	0
1001334	0
1001335	0
1001336	0
1001337	0
1001338	0
1001339	0
1001340	0
1001341	0
1001342	0
1001343	0
1001344	0
1001345	0
1001346	0
1001347	0
1001348	0
1001349	0
1001350	0
1001351	0
1001352	0
1001353	0
1001354	0
1001355	0
1001356	0
1001357	0
1001358	0
1001359	0
1001360	0
1001361	0
1001362	0
1001363	0
1001364	0
1001365	0
1001366	0
1001367	0
1001368	0
1001369	0
1001370	0
1001371	0
1001372	0
1001373	0
1001374	0
1001375	0
1001376	0
1001377	0
1001378	0
1001379	0
1001380	0
1001381	0
1001382	0
1001383	0
1001384	0
1001385	0
1001386	0
1001387	0
1001388	0
1001389	0
1001390	0
1001391	0
1001392	0
1001393	0
1001394	0
1001395	0
1001396	0
1001397	0
1001398	0
1001399	0
1001400	0
1001401	0
1001402	0
1001403	0
1001404	0
1001405	0
1001406	0
1001407	0
1001408	0
1001409	0
1001410	0
1001411	0
1001412	0
1001413	0
1001414	0
1001415	0
1001416	0
1001417	0
1001418	0
1001419	0
1001420	0
1001421	0
1001422	0
1001423	0
1001424	0
1001425	0
1001426	0
1001427	0
1001428	0
1001429	0
1001430	0
1001431	0
1001432	0
1001433	0
1001434	1
1001435	1
1001436	1
1001437	1
1001438	1
1001439	1
1001440	1
1001441	0
1001442	0
1001443	0
1001444	0
1001445	0
1001446	1
1001447	1
1001448	1
1001449	1
1001450	1
1001451	1
1001452	1
1001453	1
1001454	1
1001455	1
1001456	1
1001457	1
1001458	1
1001459	1
1001460	1
1001461	1
1001462	1
1001463	1
1001464	1
1001465	1
1001466	1
1001467	1
1001468	1
1001469	1
1001470	0
1001471	0
1001472	0
1001473	0
1001474	0
1001475	0
1001476	0
1001477	0
1001478	0
1001479	0
1001480	0
1001481	0
1001482	0
1001483	0
1001484	0
1001485	0
1001486	0
1001487	0
1001488	0
1001489	0
1001490	0
1001491	0
1001492	0
1001493	0
1001494	0
1001495	0
1001496	0
1001497	0
1001498	0
1001499	0
1001500	0
1001501	0
1001502	0
1001503	0
1001504	0
1001505	0
1001506	1
1001507	1
1001508	1
1001509	0
1001510	0
1001511	0
1001512	0
1001513	0
1001514	0
1001515	0
1001516	0
1001517	0
1001518	0
1001519	0
1001520	0
1001521	0
1001522	0
1001523	0
1001524	0
1001525	0
1001526	0
1001527	0
1001528	0
1001529	0
1001530	0
1001531	0
1001532	0
1001533	0
1001534	0
1001535	0
1001536	0
1001537	0
1001538	0
1001539	0
1001540	0
1001541	0
1001542	0
1001543	0
1001544	0
1001545	0
1001546	0
1001547	1
1001548	0
1001549	0
1001550	0
1001551	0
1001552	0
1001553	0
1001554	0
1001555	0
1001556	0
1001557	0
1001558	0
1001559	0
1001560	0
1001561	0
1001562	0
1001563	0
1001564	0
1001565	0
1001566	0
1001567	0
1001568	0
1001569	0
1001570	0
1001571	0
1001572	0
1001573	0
1001574	0
1001575	0
1001576	0
1001577	0
1001578	0
1001579	0
1001580	0
1001581	0
1001582	0
1001583	0
1001584	0
1001585	0
1001586	0
1001587	0
1001588	0
1001589	0
1001590	0
1001591	0
1001592	0
1001593	0
1001594	0
1001595	0
1001596	0
1001597	0
1001598	0
1001599	0
1001600	0
1001601	0
1001602	0
1001603	0
1001604	0
1001605	0
1001606	0
1001607	0
1001608	0
1001609	0
1001610	0
1001611	0
1001612	0
1001613	0
1001614	0
1001615	0
1001616	0
1001617	0
1001618	0
1001619	0
1001620	0
1001621	0
1001622	0
1001623	0
1001624	0
1001625	0
1001626	0
1001627	0
1001628	0
1001629	0
1001630	0
1001631	0
1001632	0
1001633	0
1001634	0
1001635	0
1001636	0
1001637	0
1001638	0
1001639	0
1001640	0
1001641	0
1001642	0
1001643	0
1001644	0
1001645	0
1001646	0
1001647	0
1001648	0
1001649	0
1001650	0
1001651	0
1001652	0
1001653	0
1001654	0
1001655	0
1001656	0
1001657	0
1001658	0
1001659	0
1001660	0
1001661	0
1001662	0
1001663	0
1001664	0
1001665	0
1001666	0
1001667	0
1001668	0
1001669	0
1001670	0
1001671	0
1001672	0
1001673	0
1001674	0
1001675	0
1001676	0
1001677	0
1001678	0
1001679	0
1001680	0
1001681	0
1001682	0
1001683	0
1001684	0
1001685	0
1001686	0
1001687	0
1001688	0
1001689	0
1001690	0
1001691	0
1001692	0
1001693	0
1001694	0
1001695	0
1001696	0
1001697	0
1001698	0
1001699	0
1001700	0
1001701	0
1001702	0
1001703	0
1001704	0
1001705	0
1001706	0
1001707	0
1001708	0
1001709	0
1001710	0
1001711	0
1001712	0
1001713	0
1001714	0
1001715	0
1001716	0
1001717	0
1001718	0
1001719	0
1001720	0
1001721	0
1001722	0
1001723	0
1001724	0
1001725	0
1001726	0
1001727	0
1001728	0
1001729	0
1001730	0
1001731	0
1001732	0
1001733	0
1001734	0
1001735	0
1001736	0
1001737	0
1001738	0
1001739	0
1001740	0
1001741	0
1001742	0
1001743	0
1001744	0
1001745	0
1001746	0
1001747	0
1001748	1
1001749	1
1001750	1
1001751	1
1001752	1
1001753	1
1001754	1
1001755	1
1001756	1
1001757	1
1001758	1
1001759	1
1001760	1
1001761	1
1001762	1
1001763	1
1001764	1
1001765	1
1001766	1
1001767	1
1001768	1
1001769	1
1001770	1
1001771	1
1001772	1
1001773	1
1001774	1
1001775	0
1001776	0
1001777	0
1001778	0
1001779	0
1001780	1
1001781	1
1001782	1
1001783	1
1001784	1
1001785	1
1001786	1
1001787	1
1001788	1
1001789	1
1001790	1
1001791	1
1001792	1
1001793	1
1001794	1
1001795	1
1001796	1
1001797	1
1001798	1
1001799	1
1001800	1
1001801	1
1001802	1
1001803	1
1001804	1
1001805	1
1001806	1
1001807	1
1001808	1
1001809	1
1001810	1
1001811	1
1001812	0
1001813	0
1001814	0
1001815	0
1001816	0
1001817	0
1001818	0
1001819	0
1001820	0
1001821	0
1001822	0
1001823	0
1001824	0
1001825	0
1001826	0
1001827	1
1001828	0
1001829	0
1001830	0
1001831	0
1001832	0
1001833	0
1001834	0
1001835	0
1001836	0
1001837	0
1001838	0
1001839	0
1001840	0
1001841	0
1001842	0
1001843	0
1001844	0
1001845	0
1001846	0
1001847	0
1001848	0
1001849	0
1001850	0
1001851	0
1001852	0
1001853	0
1001854	0
1001855	0
1001856	0
1001857	0
1001858	0
1001859	0
1001860	0
1001861	0
1001862	0
1001863	0
1001864	0
1001865	0
1001866	0
1001867	0
1001868	0
1001869	0
1001870	0
1001871	0
1001872	0
1001873	0
1001874	0
1001875	0
1001876	0
1001877	0
1001878	0
1001879	0
1001880	0
1001881	0
1001882	0
1001883	0
1001884	0
1001885	0
1001886	0
1001887	0
1001888	0
1001889	0
1001890	0
1001891	0
1001892	0
1001893	0
1001894	0
1001895	0
1001896	0
1001897	0
1001898	0
1001899	0
1001900	0
1001901	0
1001902	0
1001903	0
1001904	0
1001905	0
1001906	0
1001907	0
1001908	0
1001909	0
1001910	0
1001911	0
1001912	0
1001913	0
1001914	0
1001915	0
1001916	0
1001917	0
1001918	0
1001919	0
1001920	0
1001921	0
1001922	0
1001923	0
1001924	0
1001925	0
1001926	1
1001927	1
1001928	1
1001929	1
1001930	1
1001931	0
1001932	0
1001933	0
1001934	0
1001935	0
1001936	0
1001937	0
1001938	1
1001939	1
1001940	1
1001941	2
1001942	2
1001943	2
1001944	2
1001945	2
1001946	2
1001947	2
1001948	2
1001949	2
1001950	2
1001951	2
1001952	2
1001953	2
1001954	2
1001955	2
1001956	2
1001957	2
1001958	2
1001959	2
1001960	2
1001961	2
1001962	2
1001963	2
1001964	2
1001965	2
1001966	2
1001967	2
1001968	2
1001969	2
1001970	2
1001971	2
1001972	2
1001973	2
1001974	2
1001975	2
1001976	2
1001977	2
1001978	2
1001979	2
1001980	2
1001981	2
1001982	2
1001983	2
1001984	2
1001985	2
1001986	2
1001987	2
1001988	2
1001989	2
1001990	2
1001991	2
1001992	2
1001993	2
1001994	2
1001995	2
1001996	2
1001997	2
1001998	2
1001999	2
1002000	2
1002001	2
1002002	2
1002003	1
1002004	1
1002005	1
1002006	2
1002007	2
1002008	2
1002009	2
1002010	2
1002011	2
1002012	2
1002013	2
1002014	2
1002015	2
1002016	2
1002017	2
1002018	2
1002019	2
1002020	2
1002021	2
1002022	2
1002023	2
1002024	2
1002025	2
1002026	2
1002027	2
1002028	2
1002029	2
1002030	2
1002031	2
1002032	2
1002033	2
1002034	2
1002035	2
1002036	2
1002037	2
1002038	2
1002039	2
1002040	2
1002041	2
1002042	2
1002043	2
1002044	2
1002045	2
1002046	2
1002047	2
1002048	2
1002049	2
1002050	2
1002051	2
1002052	2
1002053	2
1002054	2
1002055	2
1002056	2
1002057	2
1002058	2
1002059	2
1002060	2
1002061	2
1002062	2
1002063	2
1002064	2
1002065	2
1002066	2
1002067	2
1002068	2
1002069	2
1002070	1
1002071	1
1002072	1
1002073	1
1002074	1
1002075	1
1002076	2
1002077	2
1002078	2
1002079	2
1002080	2
1002081	2
1002082	2
1002083	2
1002084	2
1002085	2
1002086	2
1002087	2
1002088	2
1002089	2
1002090	2
1002091	3
1002092	3
1002093	3
1002094	3
1002095	3
1002096	3
1002097	3
1002098	3
1002099	3
1002100	3
1002101	3
1002102	2
1002103	2
1002104	2
1002105	1
1002106	1
1002107	1
1002108	1
1002109	1
1002110	1
1002111	1
1002112	1
1002113	1
1002114	1
1002115	1
1002116	1
1002117	1
1002118	2
1002119	2
1002120	1
1002121	1
1002122	0
1002123	0
1002124	0
1002125	1
1002126	1
1002127	1
1002128	1
1002129	1
1002130	1
1002131	1
1002132	1
1002133	1
1002134	1
1002135	0
1002136	0
1002137	0
1002138	0
1002139	0
1002140	0
1002141	0
1002142	0
1002143	0
1002144	0
1002145	1
1002146	1
1002147	1
1002148	0
1002149	0
1002150	0
1002151	0
1002152	0
1002153	0
1002154	0
1002155	0
1002156	0
1002157	0
1002158	0
1002159	0
1002160	0
1002161	0
1002162	0
1002163	0
1002164	0
1002165	0
1002166	0
1002167	0
1002168	0
1002169	0
1002170	0
1002171	0
1002172	0
1002173	0
1002174	0
1002175	0
1002176	0
1002177	0
1002178	0
1002179	0
1002180	0
1002181	0
1002182	0
1002183	0
1002184	0
1002185	0
1002186	0
1002187	0
1002188	0
1002189	1
1002190	1
1002191	0
1002192	0
1002193	0
1002194	0
1002195	0
1002196	0
1002197	0
1002198	0
1002199	0
1002200	0
1002201	0
1002202	0
1002203	0
1002204	0
1002205	0
1002206	0
1002207	0
1002208	0
1002209	0
1002210	0
1002211	0
1002212	0
1002213	0
1002214	0
1002215	0
1002216	0
1002217	0
1002218	0
1002219	0
1002220	0
1002221	0
1002222	0
1002223	0
1002224	0
1002225	0
1002226	0
1002227	0
1002228	0
1002229	0
1002230	0
1002231	0
1002232	0
1002233	0
1002234	0
1002235	0
1002236	0
1002237	0
1002238	0
1002239	0
1002240	0
1002241	0
1002242	0
1002243	0
1002244	0
1002245	0
1002246	0
1002247	0
1002248	0
1002249	0
1002250	0
1002251	0
1002252	0
1002253	0
1002254	0
1002255	0
1002256	0
1002257	0
1002258	0
1002259	0
1002260	0
1002261	0
1002262	0
1002263	0
1002264	0
1002265	0
1002266	0
1002267	0
1002268	0
1002269	0
1002270	0
1002271	0
1002272	0
1002273	0
1002274	0
1002275	0
1002276	0
1002277	0
1002278	0
1002279	0
1002280	0
1002281	0
1002282	0
1002283	0
1002284	0
1002285	0
1002286	0
1002287	0
1002288	0
1002289	0
1002290	0
1002291	0
1002292	0
1002293	0
1002294	0
1002295	0
1002296	0
1002297	0
1002298	0
1002299	0
1002300	0
1002301	0
1002302	0
1002303	0
1002304	0
1002305	0
1002306	0
1002307	0
1002308	0
1002309	0
1002310	0
1002311	0
1002312	0
1002313	0
1002314	0
1002315	0
1002316	0
1002317	0
1002318	0
1002319	0
1002320	0
1002321	0
1002322	0
1002323	0
1002324	0
1002325	0
1002326	0
1002327	0
1002328	0
1002329	0
1002330	0
1002331	0
1002332	0
1002333	0
1002334	0
1002335	0
1002336	0
1002337	0
1002338	0
1002339	0
1002340	0
1002341	0
1002342	0
1002343	0
1002344	0
1002345	0
1002346	0
1002347	0
1002348	0
1002349	0
1002350	0
1002351	0
1002352	0
1002353	0
1002354	0
1002355	0
1002356	0
1002357	0
1002358	0
1002359	0
1002360	0
1002361	0
1002362	0
1002363	0
1002364	0
1002365	0
1002366	0
1002367	0
1002368	0
1002369	0
1002370	0
1002371	0
1002372	0
1002373	0
1002374	0
1002375	0
1002376	0
1002377	0
1002378	0
1002379	0
1002380	0
1002381	0
1002382	0
1002383	0
1002384	0
1002385	0
1002386	0
1002387	0
1002388	0
1002389	0
1002390	0
1002391	0
1002392	0
1002393	0
1002394	0
1002395	0
1002396	0
1002397	0
1002398	0
1002399	0
1002400	0
1002401	0
1002402	0
1002403	0
1002404	0
1002405	0
1002406	0
1002407	0
1002408	0
1002409	0
1002410	0
1002411	0
1002412	0
1002413	0
1002414	0
1002415	0
1002416	0
1002417	0
1002418	0
1002419	0
1002420	0
1002421	0
1002422	0
1002423	0
1002424	0
1002425	0
1002426	0
1002427	0
1002428	0
1002429	0
1002430	0
1002431	0
1002432	0
1002433	0
1002434	0
1002435	0
1002436	0
1002437	0
1002438	0
1002439	0
1002440	0
1002441	0
1002442	0
1002443	0
1002444	0
1002445	0
1002446	0
1002447	0
1002448	0
1002449	0
1002450	0
1002451	0
1002452	0
1002453	0
1002454	0
1002455	0
1002456	0
1002457	0
1002458	0
1002459	0
1002460	0
1002461	0
1002462	0
1002463	0
1002464	0
1002465	0
1002466	0
1002467	0
1002468	0
1002469	0
1002470	0
1002471	0
1002472	0
1002473	0
1002474	0
1002475	0
1002476	0
1002477	0
1002478	0
1002479	0
1002480	0
1002481	1
1002482	1
1002483	1
1002484	1
1002485	1
1002486	1
1002487	1
1002488	1
1002489	1
1002490	1
1002491	1
1002492	1
1002493	1
1002494	1
1002495	1
1002496	1
1002497	1
1002498	0
1002499	0
1002500	0
1002501	0
1002502	0
1002503	0
1002504	0
1002505	0
1002506	0
1002507	0
1002508	0
1002509	0
1002510	0
1002511	0
1002512	0
1002513	0
1002514	0
1002515	0
1002516	0
1002517	0
1002518	0
1002519	0
1002520	0
1002521	0
1002522	0
1002523	0
1002524	0
1002525	0
1002526	0
1002527	0
1002528	0
1002529	0
1002530	0
1002531	0
1002532	0
1002533	0
1002534	1
1002535	1
1002536	0
1002537	0
1002538	0
1002539	0
1002540	0
1002541	0
1002542	0
1002543	0
1002544	0
1002545	0
1002546	0
1002547	0
1002548	0
1002549	0
1002550	0
1002551	0
1002552	0
1002553	0
1002554	0
1002555	0
1002556	0
1002557	0
1002558	0
1002559	0
1002560	0
1002561	0
1002562	0
1002563	0
1002564	0
1002565	0
1002566	0
1002567	0
1002568	0
1002569	0
1002570	0
1002571	0
1002572	0
1002573	1
1002574	1
1002575	0
1002576	0
1002577	0
1002578	0
1002579	0
1002580	0
1002581	0
1002582	0
1002583	0
1002584	0
1002585	0
1002586	0
1002587	0
1002588	0
1002589	0
1002590	0
1002591	0
1002592	0
1002593	0
1002594	0
1002595	0
1002596	0
1002597	0
1002598	0
1002599	0
1002600	0
1002601	0
1002602	0
1002603	0
1002604	0
1002605	0
1002606	0
1002607	0
1002608	0
1002609	0
1002610	0
1002611	0
1002612	0
1002613	0
1002614	0
1002615	0
1002616	0
1002617	0
1002618	0
1002619	0
1002620	0
1002621	0
1002622	0
1002623	0
1002624	0
1002625	0
1002626	0
1002627	0
1002628	0
1002629	0
1002630	0
1002631	0
1002632	0
1002633	0
1002634	0
1002635	0
1002636	0
1002637	0
1002638	0
1002639	0
1002640	0
1002641	0
1002642	0
1002643	0
1002644	0
1002645	0
1002646	0
1002647	0
1002648	0
1002649	0
1002650	0
1002651	0
1002652	0
1002653	0
1002654	0
1002655	0
1002656	0
1002657	0
1002658	0
1002659	0
1002660	0
1002661	0
1002662	0
1002663	0
1002664	0
1002665	0
1002666	0
1002667	0
1002668	0
1002669	0
1002670	0
1002671	0
1002672	0
1002673	0
1002674	0
1002675	0
1002676	0
1002677	0
1002678	0
1002679	0
1002680	0
1002681	0
1002682	0
1002683	0
1002684	0
1002685	0
1002686	0
1002687	0
1002688	0
1002689	0
1002690	0
1002691	0
1002692	0
1002693	0
1002694	0
1002695	0
1002696	0
1002697	0
1002698	0
1002699	0
1002700	0
1002701	0
1002702	0
1002703	0
1002704	0
1002705	0
1002706	0
1002707	0
1002708	0
1002709	0
1002710	0
1002711	0
1002712	0
1002713	0
1002714	0
1002715	0
1002716	0
1002717	0
1002718	0
1002719	0
1002720	0
1002721	0
1002722	0
1002723	0
1002724	0
1002725	0
1002726	0
1002727	0
1002728	0
1002729	0
1002730	0
1002731	0
1002732	0
1002733	0
1002734	0
1002735	0
1002736	0
1002737	0
1002738	0
1002739	0
1002740	0
1002741	0
1002742	0
1002743	0
1002744	0
1002745	0
1002746	0
1002747	0
1002748	0
1002749	0
1002750	0
1002751	0
1002752	0
1002753	0
1002754	0
1002755	0
1002756	0
1002757	0
1002758	0
1002759	0
1002760	0
1002761	0
1002762	0
1002763	0
1002764	0
1002765	0
1002766	0
1002767	0
1002768	0
1002769	0
1002770	0
1002771	0
1002772	0
1002773	0
1002774	0
1002775	0
1002776	0
1002777	0
1002778	0
1002779	0
1002780	0
1002781	0
1002782	0
1002783	0
1002784	0
1002785	0
1002786	0
1002787	0
1002788	0
1002789	0
1002790	0
1002791	0
1002792	0
1002793	0
1002794	0
1002795	0
1002796	0
1002797	0
1002798	0
1002799	0
1002800	0
1002801	0
1002802	0
1002803	0
1002804	0
1002805	0
1002806	0
1002807	0
1002808	0
1002809	0
1002810	0
1002811	0
1002812	0
1002813	0
1002814	0
1002815	0
1002816	0
1002817	0
1002818	0
1002819	0
1002820	0
1002821	0
1002822	0
1002823	0
1002824	0
1002825	0
1002826	0
1002827	0
1002828	0
1002829	0
1002830	0
1002831	0
1002832	0
1002833	0
1002834	0
1002835	0
1002836	0
1002837	0
1002838	0
1002839	0
1002840	0
1002841	0
1002842	0
1002843	0
1002844	0
1002845	0
1002846	0
1002847	0
1002848	0
1002849	0
1002850	0
1002851	0
1002852	0
1002853	0
1002854	0
1002855	0
1002856	0
1002857	0
1002858	0
1002859	0
1002860	0
1002861	0
1002862	0
1002863	0
1002864	0
1002865	0
1002866	0
1002867	0
1002868	0
1002869	0
1002870	0
1002871	0
1002872	0
1002873	0
1002874	0
1002875	0
1002876	0
1002877	0
1002878	0
1002879	0
1002880	0
1002881	0
1002882	0
1002883	0
1002884	0
1002885	0
1002886	0
1002887	0
1002888	0
1002889	0
1002890	0
1002891	0
1002892	0
1002893	0
1002894	0
1002895	0
1002896	0
1002897	0
1002898	0
1002899	0
1002900	0
1002901	0
1002902	0
1002903	0
1002904	0
1002905	0
1002906	0
1002907	0
1002908	0
1002909	0
1002910	0
1002911	0
1002912	0
1002913	0
1002914	0
1002915	0
1002916	0
1002917	0
1002918	0
1002919	0
1002920	0
1002921	0
1002922	0
1002923	0
1002924	0
1002925	0
1002926	0
1002927	0
1002928	0
1002929	0
1002930	0
1002931	0
1002932	0
1002933	0
1002934	0
1002935	0
1002936	0
1002937	0
1002938	0
1002939	0
1002940	0
1002941	0
1002942	0
1002943	0
1002944	0
1002945	0
1002946	1
1002947	1
1002948	1
1002949	1
1002950	1
1002951	1
1002952	1
1002953	1
1002954	1
1002955	1
1002956	0
1002957	0
1002958	0
1002959	0
1002960	0
1002961	0
1002962	0
1002963	0
1002964	0
1002965	0
1002966	0
1002967	0
1002968	0
1002969	0
1002970	0
1002971	0
1002972	0
1002973	0
1002974	1
1002975	1
1002976	1
1002977	1
1002978	0
1002979	0
1002980	0
1002981	0
1002982	0
1002983	0
1002984	0
1002985	0
1002986	0
1002987	0
1002988	0
1002989	0
1002990	0
1002991	0
1002992	0
1002993	0
1002994	0
1002995	0
1002996	0
1002997	0
1002998	0
1002999	0
1003000	0
1003001	0
1003002	0
1003003	0
1003004	0
1003005	0
1003006	0
1003007	0
1003008	0
1003009	0
1003010	0
1003011	0
1003012	0
1003013	0
1003014	0
1003015	0
1003016	0
1003017	0
1003018	0
1003019	0
1003020	0
1003021	0
1003022	0
1003023	0
1003024	0
1003025	0
1003026	0
1003027	0
1003028	0
1003029	0
1003030	0
1003031	0
1003032	0
1003033	0
1003034	0
1003035	0
1003036	0
1003037	0
1003038	0
1003039	0
1003040	0
1003041	0
1003042	0
1003043	0
1003044	0
1003045	0
1003046	0
1003047	0
1003048	0
1003049	0
1003050	0
1003051	0
1003052	0
1003053	0
1003054	0
1003055	0
1003056	0
1003057	0
1003058	0
1003059	0
1003060	0
1003061	0
1003062	0
1003063	0
1003064	0
1003065	0
1003066	0
1003067	0
1003068	0
1003069	0
1003070	0
1003071	0
1003072	0
1003073	0
1003074	0
1003075	0
1003076	0
1003077	0
1003078	0
1003079	0
1003080	0
1003081	0
1003082	0
1003083	0
1003084	0
1003085	0
1003086	0
1003087	0
1003088	0
1003089	0
1003090	0
1003091	0
1003092	0
1003093	0
1003094	0
1003095	0
1003096	0
1003097	0
1003098	0
1003099	0
1003100	0
1003101	0
1003102	0
1003103	0
1003104	0
1003105	0
1003106	0
1003107	0
1003108	0
1003109	0
1003110	0
1003111	0
1003112	0
1003113	0
1003114	0
1003115	0
1003116	0
1003117	0
1003118	0
1003119	0
1003120	0
1003121	0
1003122	0
1003123	0
1003124	0
1003125	0
1003126	0
1003127	0
1003128	0
1003129	0
1003130	0
1003131	0
1003132	0
1003133	0
1003134	0
1003135	0
1003136	0
1003137	0
1003138	0
1003139	0
1003140	0
1003141	0
1003142	0
1003143	0
1003144	0
1003145	0
1003146	0
1003147	0
1003148	0
1003149	0
1003150	0
1003151	0
1003152	0
1003153	0
1003154	0
1003155	0
1003156	0
1003157	0
1003158	0
1003159	0
1003160	0
1003161	0
1003162	0
1003163	0
1003164	0
1003165	0
1003166	0
1003167	0
1003168	0
1003169	0
1003170	0
1003171	0
1003172	0
1003173	0
1003174	0
1003175	0
1003176	0
1003177	0
1003178	0
1003179	0
1003180	0
1003181	0
1003182	0
1003183	0
1003184	0
1003185	0
1003186	0
1003187	0
1003188	0
1003189	0
1003190	0
1003191	0
1003192	0
1003193	0
1003194	0
1003195	0
1003196	0
1003197	0
1003198	0
1003199	0
1003200	0
1003201	0
1003202	0
1003203	0
1003204	0
1003205	0
1003206	0
1003207	0
1003208	0
1003209	0
1003210	0
1003211	0
1003212	0
1003213	0
1003214	0
1003215	0
1003216	0
1003217	0
1003218	0
1003219	0
1003220	0
1003221	0
1003222	0
1003223	0
1003224	0
1003225	0
1003226	0
1003227	0
1003228	0
1003229	0
1003230	0
1003231	0
1003232	0
1003233	0
1003234	0
1003235	0
1003236	0
1003237	0
1003238	0
1003239	0
1003240	0
1003241	0
1003242	0
1003243	0
1003244	0
1003245	0
1003246	0
1003247	0
1003248	0
1003249	0
1003250	0
1003251	0
1003252	0
1003253	0
1003254	0
1003255	0
1003256	0
1003257	0
1003258	0
1003259	0
1003260	0
1003261	0
1003262	0
1003263	0
1003264	0
1003265	0
1003266	0
1003267	0
1003268	0
1003269	0
1003270	0
1003271	0
1003272	0
1003273	0
1003274	0
1003275	0
1003276	0
1003277	0
1003278	0
1003279	0
1003280	0
1003281	0
1003282	0
1003283	0
1003284	0
1003285	0
1003286	0
1003287	0
1003288	0
1003289	0
1003290	0
1003291	0
1003292	0
1003293	0
1003294	0
1003295	0
1003296	0
1003297	0
1003298	0
1003299	0
1003300	0
1003301	0
1003302	0
1003303	0
1003304	0
1003305	0
1003306	0
1003307	0
1003308	0
1003309	0
1003310	0
1003311	0
1003312	0
1003313	0
1003314	1
1003315	0
1003316	0
1003317	0
1003318	0
1003319	0
1003320	0
1003321	0
1003322	0
1003323	0
1003324	0
1003325	0
1003326	0
1003327	0
1003328	0
1003329	0
1003330	0
1003331	0
1003332	0
1003333	0
1003334	0
1003335	0
1003336	0
1003337	0
1003338	0
1003339	0
1003340	0
1003341	0
1003342	0
1003343	0
1003344	0
1003345	0
1003346	0
1003347	0
1003348	0
1003349	0
1003350	0
1003351	1
1003352	1
1003353	1
1003354	1
1003355	1
1003356	2
1003357	2
1003358	2
1003359	2
1003360	2
1003361	2
1003362	2
1003363	2
1003364	2
1003365	2
1003366	2
1003367	2
1003368	2
1003369	2
1003370	2
1003371	2
1003372	2
1003373	1
1003374	1
1003375	1
1003376	1
1003377	1
1003378	1
1003379	1
1003380	1
1003381	1
1003382	1
1003383	1
1003384	1
1003385	1
1003386	1
1003387	1
1003388	1
1003389	1
1003390	1
1003391	1
1003392	1
1003393	1
1003394	1
1003395	1
1003396	0
1003397	0
1003398	0
1003399	1
1003400	1
1003401	1
1003402	1
1003403	1
1003404	1
1003405	1
1003406	1
1003407	1
1003408	1
1003409	1
1003410	1
1003411	1
1003412	1
1003413	1
1003414	1
1003415	1
1003416	1
1003417	1
1003418	1
1003419	1
1003420	1
1003421	1
1003422	1
1003423	1
1003424	1
1003425	1
1003426	1
1003427	1
1003428	1
1003429	1
1003430	1
1003431	1
1003432	1
1003433	1
1003434	1
1003435	1
1003436	1
1003437	1
1003438	1
1003439	1
1003440	1
1003441	1
1003442	1
1003443	1
1003444	1
1003445	1
1003446	1
1003447	1
1003448	1
1003449	1
1003450	1
1003451	1
1003452	1
1003453	1
1003454	1
1003455	1
1003456	1
1003457	1
1003458	1
1003459	1
1003460	1
1003461	1
1003462	1
1003463	1
1003464	1
1003465	1
1003466	1
1003467	1
1003468	1
1003469	1
1003470	1
1003471	1
1003472	1
1003473	1
1003474	1
1003475	1
1003476	1
1003477	1
1003478	1
1003479	1
1003480	1
1003481	1
1003482	1
1003483	1
1003484	1
1003485	1
1003486	1
1003487	1
1003488	1
1003489	1
1003490	1
1003491	1
1003492	1
1003493	1
1003494	1
1003495	1
1003496	1
1003497	1
1003498	1
1003499	1
1003500	1
1003501	1
1003502	1
1003503	1
1003504	1
1003505	1
1003506	1
1003507	1
1003508	1
1003509	0
1003510	0
1003511	0
1003512	0
1003513	0
1003514	0
1003515	1
1003516	1
1003517	1
1003518	1
1003519	1
1003520	1
1003521	1
1003522	1
1003523	1
1003524	0
1003525	0
1003526	0
1003527	0
1003528	0
1003529	0
1003530	0
1003531	0
1003532	0
1003533	0
1003534	0
1003535	0
1003536	0
1003537	0
1003538	0
1003539	0
1003540	0
1003541	0
1003542	0
1003543	0
1003544	0
1003545	0
1003546	0
1003547	0
1003548	0
1003549	0
1003550	0
1003551	0
1003552	0
1003553	0
1003554	0
1003555	0
1003556	0
1003557	0
1003558	0
1003559	0
1003560	0
1003561	0
1003562	0
1003563	0
1003564	0
1003565	0
1003566	0
1003567	0
1003568	0
1003569	0
1003570	0
1003571	0
1003572	0
1003573	0
1003574	0
1003575	0
1003576	0
1003577	0
1003578	0
1003579	0
1003580	0
1003581	0
1003582	0
1003583	0
1003584	0
1003585	0
1003586	0
1003587	0
1003588	0
1003589	0
1003590	0
1003591	0
1003592	0
1003593	0
1003594	0
1003595	0
1003596	0
1003597	0
1003598	0
1003599	0
1003600	0
1003601	0
1003602	0
1003603	0
1003604	0
1003605	0
1003606	0
1003607	0
1003608	0
1003609	0
1003610	0
1003611	0
1003612	0
1003613	0
1003614	0
1003615	0
1003616	0
1003617	0
1003618	0
1003619	0
1003620	0
1003621	0
1003622	0
1003623	0
1003624	0
1003625	0
1003626	0
1003627	0
1003628	0
1003629	0
1003630	0
1003631	0
1003632	0
1003633	0
1003634	0
1003635	0
1003636	0
1003637	0
1003638	0
1003639	0
1003640	0
1003641	0
1003642	0
1003643	0
1003644	0
1003645	0
1003646	0
1003647	0
1003648	0
1003649	0
1003650	0
1003651	0
1003652	0
1003653	0
1003654	0
1003655	0
1003656	0
1003657	0
1003658	0
1003659	0
1003660	0
1003661	0
1003662	0
1003663	0
1003664	0
1003665	0
1003666	0
1003667	0
1003668	0
1003669	0
1003670	0
1003671	0
1003672	0
1003673	0
1003674	0
1003675	0
1003676	0
1003677	0
1003678	0
1003679	0
1003680	0
1003681	0
1003682	0
1003683	0
1003684	0
1003685	0
1003686	0
1003687	0
1003688	0
1003689	0
1003690	0
1003691	0
1003692	0
1003693	0
1003694	0
1003695	0
1003696	0
1003697	0
1003698	0
1003699	0
1003700	0
1003701	0
1003702	0
1003703	0
1003704	0
1003705	0
1003706	0
1003707	0
1003708	0
1003709	0
1003710	0
1003711	0
1003712	0
1003713	0
1003714	0
1003715	0
1003716	0
1003717	0
1003718	0
1003719	0
1003720	0
1003721	0
1003722	0
1003723	0
1003724	0
1003725	0
1003726	0
1003727	0
1003728	0
1003729	0
1003730	0
1003731	0
1003732	0
1003733	0
1003734	0
1003735	0
1003736	0
1003737	0
1003738	0
1003739	0
1003740	0
1003741	0
1003742	0
1003743	0
1003744	0
1003745	0
1003746	0
1003747	0
1003748	0
1003749	0
1003750	0
1003751	0
1003752	0
1003753	0
1003754	0
1003755	0
1003756	0
1003757	0
1003758	0
1003759	0
1003760	0
1003761	0
1003762	0
1003763	0
1003764	0
1003765	0
1003766	0
1003767	0
1003768	0
1003769	0
1003770	0
1003771	0
1003772	0
1003773	0
1003774	0
1003775	0
1003776	0
1003777	0
1003778	0
1003779	0
1003780	0
1003781	0
1003782	0
1003783	0
1003784	0
1003785	0
1003786	0
1003787	0
1003788	0
1003789	0
1003790	0
1003791	0
1003792	0
1003793	0
1003794	0
1003795	0
1003796	0
1003797	0
1003798	0
1003799	0
1003800	0
1003801	0
1003802	0
1003803	0
1003804	0
1003805	0
1003806	0
1003807	0
1003808	0
1003809	0
1003810	0
1003811	0
1003812	0
1003813	0
1003814	0
1003815	0
1003816	0
1003817	0
1003818	0
1003819	0
1003820	0
1003821	0
1003822	0
1003823	0
1003824	0
1003825	0
1003826	0
1003827	0
1003828	0
1003829	0
1003830	0
1003831	0
1003832	0
1003833	0
1003834	0
1003835	0
1003836	0
1003837	0
1003838	0
1003839	0
1003840	0
1003841	0
1003842	0
1003843	0
1003844	0
1003845	0
1003846	0
1003847	0
1003848	0
1003849	0
1003850	0
1003851	0
1003852	0
1003853	0
1003854	0
1003855	0
1003856	0
1003857	0
1003858	0
1003859	0
1003860	0
1003861	0
1003862	0
1003863	0
1003864	0
1003865	0
1003866	0
1003867	0
1003868	0
1003869	0
1003870	0
1003871	0
1003872	0
1003873	0
1003874	0
1003875	0
1003876	0
1003877	0
1003878	0
1003879	0
1003880	0
1003881	0
1003882	0
1003883	0
1003884	0
1003885	0
1003886	0
1003887	0
1003888	0
1003889	0
1003890	0
1003891	0
1003892	0
1003893	0
1003894	0
1003895	0
1003896	0
1003897	0
1003898	0
1003899	0
1003900	0
1003901	0
1003902	0
1003903	0
1003904	0
1003905	0
1003906	0
1003907	0
1003908	0
1003909	0
1003910	0
1003911	0
1003912	0
1003913	0
1003914	0
1003915	0
1003916	0
1003917	0
1003918	0
1003919	0
1003920	0
1003921	0
1003922	0
1003923	0
1003924	0
1003925	0
1003926	0
1003927	0
1003928	0
1003929	0
1003930	1
1003931	1
1003932	1
1003933	1
1003934	1
1003935	1
1003936	1
1003937	1
1003938	1
1003939	1
1003940	1
1003941	1
1003942	1
1003943	1
1003944	1
1003945	1
1003946	1
1003947	1
1003948	1
1003949	1
1003950	1
1003951	1
1003952	1
1003953	1
1003954	1
1003955	0
1003956	0
1003957	0
1003958	0
1003959	0
1003960	1
1003961	1
1003962	1
1003963	1
1003964	1
1003965	1
1003966	1
1003967	1
1003968	1
1003969	1
1003970	1
1003971	1
1003972	1
1003973	1
1003974	1
1003975	1
1003976	1
1003977	1
1003978	1
1003979	1
1003980	1
1003981	1
1003982	1
1003983	1
1003984	1
1003985	1
1003986	1
1003987	1
1003988	1
1003989	1
1003990	1
1003991	1
1003992	1
1003993	1
1003994	1
1003995	1
1003996	1
1003997	1
1003998	1
1003999	1
1004000	1
1004001	0
1004002	0
1004003	0
1004004	0
1004005	0
1004006	0
1004007	0
1004008	0
1004009	0
1004010	0
1004011	0
1004012	0
1004013	0
1004014	0
1004015	0
1004016	0
1004017	0
1004018	0
1004019	0
1004020	0
1004021	0
1004022	0
1004023	0
1004024	0
1004025	0
1004026	0
1004027	0
1004028	0
1004029	0
1004030	0
1004031	0
1004032	0
1004033	0
1004034	0
1004035	0
1004036	0
1004037	0
1004038	0
1004039	0
1004040	0
1004041	0
1004042	0
1004043	0
1004044	0
1004045	0
1004046	0
1004047	0
1004048	0
1004049	0
1004050	0
1004051	0
1004052	0
1004053	0
1004054	0
1004055	0
1004056	0
1004057	0
1004058	0
1004059	0
1004060	0
1004061	0
1004062	0
1004063	0
1004064	0
1004065	0
1004066	0
1004067	1
1004068	1
1004069	1
1004070	1
1004071	1
1004072	1
1004073	1
1004074	1
1004075	1
1004076	1
1004077	1
1004078	1
1004079	1
1004080	1
1004081	1
1004082	1
1004083	1
1004084	1
1004085	1
1004086	1
1004087	1
1004088	1
1004089	1
1004090	1
1004091	1
1004092	1
1004093	1
1004094	1
1004095	1
1004096	1
1004097	0
1004098	0
1004099	0
1004100	0
1004101	0
1004102	0
1004103	0
1004104	0
1004105	0
1004106	0
1004107	0
1004108	0
1004109	0
1004110	0
1004111	0
1004112	0
1004113	0
1004114	0
1004115	0
1004116	0
1004117	0
1004118	0
1004119	0
1004120	0
1004121	0
1004122	0
1004123	0
1004124	0
1004125	0
1004126	0
1004127	0
1004128	0
1004129	0
1004130	0
1004131	0
1004132	0
1004133	0
1004134	0
1004135	0
1004136	0
1004137	0
1004138	0
1004139	0
1004140	0
1004141	0
1004142	0
1004143	0
1004144	0
1004145	0
1004146	0
1004147	0
1004148	0
1004149	0
1004150	0
1004151	0
1004152	0
1004153	0
1004154	0
1004155	0
1004156	0
1004157	0
1004158	0
1004159	0
1004160	0
1004161	0
1004162	0
1004163	0
1004164	0
1004165	0
1004166	0
1004167	0
1004168	0
1004169	0
1004170	0
1004171	0
1004172	0
1004173	0
1004174	0
1004175	0
1004176	0
1004177	0
1004178	0
1004179	0
1004180	0
1004181	0
1004182	0
1004183	0
1004184	0
1004185	0
1004186	0
1004187	0
1004188	0
1004189	0
1004190	0
1004191	0
1004192	0
1004193	0
1004194	0
1004195	0
1004196	0
1004197	0
1004198	0
1004199	0
1004200	0
1004201	0
1004202	0
1004203	0
1004204	0
1004205	0
1004206	0
1004207	0
1004208	0
1004209	0
1004210	0
1004211	0
1004212	0
1004213	0
1004214	0
1004215	0
1004216	0
1004217	0
1004218	0
1004219	0
1004220	0
1004221	0
1004222	0
1004223	0
1004224	0
1004225	0
1004226	0
1004227	0
1004228	0
1004229	0
1004230	0
1004231	0
1004232	0
1004233	0
1004234	0
1004235	0
1004236	0
1004237	0
1004238	0
1004239	0
1004240	0
1004241	0
1004242	0
1004243	0
1004244	0
1004245	0
1004246	0
1004247	0
1004248	0
1004249	0
1004250	0
1004251	0
1004252	0
1004253	0
1004254	0
1004255	0
1004256	0
1004257	0
1004258	0
1004259	0
1004260	0
1004261	0
1004262	0
1004263	0
1004264	0
1004265	0
1004266	0
1004267	0
1004268	0
1004269	0
1004270	0
1004271	0
1004272	0
1004273	0
1004274	0
1004275	0
1004276	0
1004277	0
1004278	0
1004279	0
1004280	0
1004281	0
1004282	0
1004283	0
1004284	0
1004285	0
1004286	0
1004287	0
1004288	0
1004289	0
1004290	0
1004291	0
1004292	0
1004293	0
1004294	0
1004295	0
1004296	0
1004297	0
1004298	0
1004299	0
1004300	0
1004301	0
1004302	0
1004303	0
1004304	0
1004305	0
1004306	0
1004307	0
1004308	0
1004309	0
1004310	0
1004311	0
1004312	0
1004313	0
1004314	0
1004315	0
1004316	0
1004317	0
1004318	0
1004319	0
1004320	0
1004321	0
1004322	0
1004323	0
1004324	0
1004325	0
1004326	0
1004327	0
1004328	0
1004329	0
1004330	0
1004331	0
1004332	0
1004333	0
1004334	0
1004335	0
1004336	0
1004337	0
1004338	0
1004339	0
1004340	0
1004341	0
1004342	0
1004343	0
1004344	0
1004345	0
1004346	0
1004347	0
1004348	0
1004349	0
1004350	0
1004351	0
1004352	0
1004353	0
1004354	0
1004355	0
1004356	0
1004357	0
1004358	0
1004359	0
1004360	0
1004361	0
1004362	0
1004363	0
1004364	0
1004365	0
1004366	0
1004367	0
1004368	0
1004369	0
1004370	0
1004371	0
1004372	0
1004373	0
1004374	0
1004375	0
1004376	0
1004377	0
1004378	0
1004379	0
1004380	0
1004381	0
1004382	0
1004383	0
1004384	0
1004385	0
1004386	0
1004387	0
1004388	0
1004389	0
1004390	0
1004391	0
1004392	0
1004393	0
1004394	0
1004395	0
1004396	0
1004397	0
1004398	0
1004399	0
1004400	0
1004401	0
1004402	0
1004403	0
1004404	0
1004405	0
1004406	0
1004407	0
1004408	0
1004409	0
1004410	0
1004411	0
1004412	0
1004413	0
1004414	0
1004415	0
1004416	0
1004417	0
1004418	0
1004419	0
1004420	0
1004421	0
1004422	0
1004423	0
1004424	0
1004425	0
1004426	0
1004427	0
1004428	0
1004429	0
1004430	0
1004431	0
1004432	0
1004433	0
1004434	0
1004435	0
1004436	0
1004437	0
1004438	0
1004439	0
1004440	0
1004441	0
1004442	0
1004443	0
1004444	0
1004445	0
1004446	0
1004447	0
1004448	0
1004449	0
1004450	0
1004451	0
1004452	0
1004453	0
1004454	0
1004455	0
1004456	0
1004457	0
1004458	0
1004459	0
1004460	0
1004461	0
1004462	0
1004463	0
1004464	0
1004465	0
1004466	0
1004467	0
1004468	0
1004469	0
1004470	0
1004471	0
1004472	0
1004473	0
1004474	0
1004475	0
1004476	0
1004477	0
1004478	0
1004479	0
1004480	0
1004481	0
1004482	0
1004483	0
1004484	0
1004485	0
1004486	0
1004487	0
1004488	0
1004489	0
1004490	0
1004491	0
1004492	0
1004493	0
1004494	0
1004495	0
1004496	0
1004497	0
1004498	0
1004499	0
1004500	0
1004501	0
1004502	0
1004503	0
1004504	0
1004505	0
1004506	0
1004507	0
1004508	0
1004509	0
1004510	0
1004511	0
1004512	0
1004513	0
1004514	0
1004515	0
1004516	0
1004517	0
1004518	0
1004519	0
1004520	0
1004521	0
1004522	0
1004523	0
1004524	0
1004525	0
1004526	0
1004527	0
1004528	0
1004529	0
1004530	0
1004531	0
1004532	0
1004533	0
1004534	0
1004535	0
1004536	0
1004537	0
1004538	0
1004539	0
1004540	0
1004541	0
1004542	0
1004543	0
1004544	0
1004545	0
1004546	0
1004547	0
1004548	0
1004549	0
1004550	0
1004551	0
1004552	0
1004553	0
1004554	0
1004555	0
1004556	0
1004557	0
1004558	0
1004559	0
1004560	0
1004561	0
1004562	0
1004563	0
1004564	0
1004565	0
1004566	0
1004567	0
1004568	0
1004569	0
1004570	0
1004571	0
1004572	0
1004573	0
1004574	0
1004575	0
1004576	0
1004577	0
1004578	0
1004579	0
1004580	0
1004581	0
1004582	0
1004583	0
1004584	0
1004585	0
1004586	0
1004587	0
1004588	0
1004589	0
1004590	0
1004591	0
1004592	0
1004593	0
1004594	0
1004595	0
1004596	0
1004597	0
1004598	0
1004599	0
1004600	0
1004601	0
1004602	0
1004603	0
1004604	0
1004605	0
1004606	0
1004607	0
1004608	0
1004609	0
1004610	0
1004611	0
1004612	0
1004613	0
1004614	0
1004615	0
1004616	0
1004617	0
1004618	0
1004619	0
1004620	0
1004621	0
1004622	0
1004623	0
1004624	0
1004625	0
1004626	0
1004627	0
1004628	0
1004629	0
1004630	0
1004631	0
1004632	0
1004633	0
1004634	0
1004635	0
1004636	0
1004637	0
1004638	0
1004639	0
1004640	0
1004641	0
1004642	0
1004643	0
1004644	0
1004645	0
1004646	0
1004647	0
1004648	0
1004649	0
1004650	0
1004651	0
1004652	0
1004653	0
1004654	0
1004655	0
1004656	0
1004657	0
1004658	0
1004659	0
1004660	0
1004661	0
1004662	0
1004663	0
1004664	0
1004665	0
1004666	0
1004667	0
1004668	0
1004669	0
1004670	0
1004671	0
1004672	0
1004673	0
1004674	0
1004675	0
1004676	0
1004677	1
1004678	1
1004679	1
1004680	1
1004681	1
1004682	1
1004683	1
1004684	1
1004685	1
1004686	1
1004687	0
1004688	0
1004689	0
1004690	0
1004691	0
1004692	0
1004693	0
1004694	0
1004695	0
1004696	0
1004697	0
1004698	0
1004699	0
1004700	0
1004701	0
1004702	0
1004703	0
1004704	0
1004705	0
1004706	0
1004707	0
1004708	0
1004709	0
1004710	0
1004711	0
1004712	0
1004713	0
1004714	0
1004715	0
1004716	0
1004717	0
1004718	0
1004719	0
1004720	0
1004721	0
1004722	0
1004723	0
1004724	0
1004725	0
1004726	0
1004727	0
1004728	0
1004729	0
1004730	0
1004731	0
1004732	1
1004733	1
1004734	0
1004735	0
1004736	0
1004737	0
1004738	0
1004739	0
1004740	0
1004741	0
1004742	0
1004743	0
1004744	0
1004745	0
1004746	0
1004747	0
1004748	0
1004749	0
1004750	0
1004751	0
1004752	0
1004753	0
1004754	0
1004755	0
1004756	0
1004757	0
1004758	0
1004759	0
1004760	0
1004761	0
1004762	0
1004763	0
1004764	0
1004765	0
1004766	0
1004767	0
1004768	0
1004769	1
1004770	1
1004771	1
1004772	1
1004773	1
1004774	1
1004775	1
1004776	1
1004777	1
1004778	1
1004779	1
1004780	1
1004781	1
1004782	1
1004783	1
1004784	1
1004785	1
1004786	1
1004787	1
1004788	1
1004789	1
1004790	1
1004791	1
1004792	1
1004793	1
1004794	0
1004795	0
1004796	0
1004797	0
1004798	0
1004799	0
1004800	1
1004801	1
1004802	1
1004803	1
1004804	1
1004805	1
1004806	1
1004807	1
1004808	1
1004809	1
1004810	1
1004811	1
1004812	1
1004813	1
1004814	1
1004815	1
1004816	1
1004817	1
1004818	1
1004819	1
1004820	1
1004821	1
1004822	1
1004823	1
1004824	2
1004825	2
1004826	2
1004827	2
1004828	2
1004829	1
1004830	1
1004831	0
1004832	0
1004833	0
1004834	0
1004835	1
1004836	1
1004837	1
1004838	1
1004839	1
1004840	1
1004841	2
1004842	2
1004843	2
1004844	2
1004845	2
1004846	2
1004847	2
1004848	2
1004849	2
1004850	2
1004851	1
1004852	1
1004853	1
1004854	1
1004855	1
1004856	1
1004857	1
1004858	1
1004859	1
1004860	1
1004861	1
1004862	1
1004863	1
1004864	1
1004865	1
1004866	1
1004867	1
1004868	1
1004869	1
1004870	1
1004871	1
1004872	1
1004873	1
1004874	1
1004875	1
1004876	1
1004877	1
1004878	1
1004879	1
1004880	1
1004881	1
1004882	1
1004883	1
1004884	1
1004885	1
1004886	1
1004887	1
1004888	1
1004889	1
1004890	1
1004891	1
1004892	1
1004893	1
1004894	1
1004895	1
1004896	1
1004897	1
1004898	1
1004899	1
1004900	1
1004901	1
1004902	1
1004903	1
1004904	1
1004905	1
1004906	1
1004907	1
1004908	1
1004909	1
1004910	1
1004911	1
1004912	1
1004913	1
1004914	1
1004915	1
1004916	1
1004917	1
1004918	1
1004919	1
1004920	1
1004921	1
1004922	1
1004923	1
1004924	1
1004925	1
1004926	1
1004927	1
1004928	1
1004929	1
1004930	1
1004931	1
1004932	1
1004933	1
1004934	1
1004935	1
1004936	1
1004937	1
1004938	1
1004939	1
1004940	1
1004941	1
1004942	1
1004943	1
1004944	0
1004945	0
1004946	0
1004947	0
1004948	0
1004949	0
1004950	0
1004951	0
1004952	0
1004953	0
1004954	0
1004955	0
1004956	0
1004957	0
1004958	0
1004959	0
1004960	0
1004961	0
1004962	0
1004963	0
1004964	0
1004965	0
1004966	0
1004967	0
1004968	0
1004969	0
1004970	0
1004971	0
1004972	0
1004973	0
1004974	0
1004975	0
1004976	0
1004977	0
1004978	0
1004979	0
1004980	0
1004981	0
1004982	0
1004983	0
1004984	0
1004985	0
1004986	0
1004987	0
1004988	0
1004989	0
1004990	0
1004991	0
1004992	0
1004993	0
1004994	0
1004995	0
1004996	0
1004997	0
1004998	0
1004999	0
1005000	0
1005001	0
1005002	0
1005003	0
1005004	0
1005005	0
1005006	0
1005007	0
1005008	0
1005009	0
1005010	0
1005011	0
1005012	0
1005013	0
1005014	0
1005015	0
1005016	0
1005017	0
1005018	0
1005019	0
1005020	0
1005021	0
1005022	0
1005023	0
1005024	0
1005025	0
1005026	0
1005027	0
1005028	0
1005029	0
1005030	0
1005031	0
1005032	0
1005033	0
1005034	0
1005035	0
1005036	0
1005037	0
1005038	0
1005039	0
1005040	0
1005041	0
1005042	0
1005043	0
1005044	0
1005045	0
1005046	0
1005047	0
1005048	0
1005049	0
1005050	0
1005051	0
1005052	0
1005053	0
1005054	0
1005055	0
1005056	0
1005057	0
1005058	0
1005059	0
1005060	0
1005061	0
1005062	0
1005063	0
1005064	0
1005065	0
1005066	0
1005067	0
1005068	0
1005069	0
1005070	0
1005071	0
1005072	0
1005073	0
1005074	0
1005075	0
1005076	0
1005077	0
1005078	0
1005079	0
1005080	0
1005081	0
1005082	0
1005083	0
1005084	0
1005085	0
1005086	0
1005087	0
1005088	0
1005089	0
1005090	0
1005091	0
1005092	0
1005093	0
1005094	0
1005095	0
1005096	0
1005097	0
1005098	0
1005099	0
1005100	0
1005101	0
1005102	0
1005103	0
1005104	0
1005105	0
1005106	0
1005107	0
1005108	0
1005109	0
1005110	0
1005111	0
